step,msd_global,n_round,n_elongated
0,0.0,500,0
100,12.252060510955161,500,0
200,13.312994948059396,492,8
300,15.331683722313475,488,12
400,17.158926420182052,483,17
500,19.721192230381348,477,23
600,22.737372965817052,470,30
700,26.206449214496693,461,39
800,29.639523058373758,454,46
900,34.80238123565373,447,53
1000,43.41156171676323,431,69
1100,53.680294502578626,421,79
1200,63.86282601182535,408,92
1300,72.15463592377812,388,112
1400,82.06665815260884,377,123
1500,99.10868398577858,369,131
1600,108.11197360643233,371,129
1700,118.60712940614059,364,136
1800,141.71970472090507,356,144
1900,160.52392880312215,351,149
2000,189.56105956508395,344,156
2100,218.3578042134994,346,154
2200,246.74402143243083,342,158
2300,271.6445001227282,345,155
2400,299.3548027974358,342,158
2500,322.10507525684557,341,159
2600,343.5407667286771,338,162
2700,363.28142957361797,333,167
2800,377.4055023107604,334,166
2900,394.3313102853043,332,168
3000,409.5799536563333,331,169
3100,430.5240889125594,336,164
3200,448.90693594537277,341,159
3300,480.4142573952462,338,162
3400,521.906908610249,340,160
3500,560.7165084742869,328,172
3600,612.8695264703495,329,171
3700,663.3454869712829,326,174
3800,680.9480671149835,333,167
3900,690.892003646317,328,172
4000,726.1799188434246,330,170
4100,735.886539553402,330,170
4200,776.0745975589011,331,169
4300,810.9618924440465,322,178
4400,831.6003584408877,324,176
4500,889.7927479193127,331,169
4600,945.4825290525414,331,169
4700,985.9945010788106,323,177
4800,1031.858989880942,315,185
4900,1070.6144376609013,310,190
5000,1116.3186839533168,311,189
5100,1167.8266412156709,311,189
5200,1219.8375542335464,308,192
5300,1263.738002947725,296,204
5400,1319.3122922632872,297,203
5500,1363.493648229485,296,204
5600,1413.5344493313944,296,204
5700,1474.5433951202062,299,201
5800,1540.9461393214485,289,211
5900,1604.5887797886985,289,211
6000,1677.8657407611577,286,214
6100,1744.3080260837032,286,214
6200,1817.3362309052977,278,222
6300,1877.4332238866998,267,233
6400,1948.7399242818174,266,234
6500,2010.7047904959397,263,237
6600,2081.714857864003,257,243
6700,2149.985074413067,250,250
6800,2238.294424147094,249,251
6900,2315.785532919465,247,253
7000,2396.6064815200557,247,253
7100,2505.2188003595434,245,255
7200,2641.0474270032273,249,251
7300,2766.003896880476,245,255
7400,2892.309553162749,245,255
7500,3036.3729035910974,236,264
7600,3153.0049729054904,234,266
7700,3245.4476959240883,230,270
7800,3387.867116393422,233,267
7900,3529.829298325641,232,268
8000,3695.2673146837587,230,270
8100,3867.2489069923386,222,278
8200,4036.9967859609533,214,286
8300,4219.451367294798,208,292
8400,4360.86535080818,202,298
8500,4549.479889577629,201,299
8600,4758.326184353505,197,303
8700,4936.456311817685,197,303
8800,5129.4508935693875,193,307
8900,5323.731224802767,192,308
9000,5531.455579690022,192,308
9100,5799.040434139116,194,306
9200,6043.8398073573935,189,311
9300,6266.298113835484,186,314
9400,6526.179615324634,176,324
9500,6763.652316311856,171,329
9600,6984.197510038076,163,337
9700,7223.274169906022,159,341
9800,7515.230879893996,152,348
9900,7803.122383625902,146,354
10000,8139.557659671523,143,357
10100,8501.648949562137,145,355
10200,8757.17979074764,147,353
10300,9070.077885625542,147,353
10400,9399.165092392801,145,355
10500,9709.856288399498,142,358
10600,9982.788918596912,141,359
10700,10289.442163814922,138,362
10800,10603.493948295963,135,365
10900,10974.033332252417,134,366
11000,11437.968386360557,131,369
11100,11900.315191171429,129,371
11200,12258.726657918125,128,372
11300,12646.876445221063,126,374
11400,13043.854178493764,124,376
11500,13398.708584794938,119,381
11600,13753.849485422048,116,384
11700,14202.680756140753,117,383
11800,14689.674360526215,117,383
11900,15247.951968742436,115,385
12000,15805.366801606393,113,387
12100,16248.442639637839,110,390
12200,16730.91208313945,106,394
12300,17188.15772854104,106,394
12400,17619.25827502582,102,398
12500,18142.707407826645,98,402
12600,18657.2720999368,96,404
12700,19223.624580008025,94,406
12800,19800.070261619778,93,407
12900,20491.84472504262,92,408
13000,21178.937598264085,92,408
13100,21761.407282722528,91,409
13200,22338.63474272217,91,409
13300,22885.337224662107,90,410
13400,23530.02238758292,89,411
13500,24165.62730519108,88,412
13600,24803.33899046924,85,415
13700,25445.663724549442,82,418
13800,26215.801069886216,82,418
13900,27083.056961518443,82,418
14000,27807.035244635663,82,418
14100,28532.7965046464,82,418
14200,29179.153331230493,82,418
14300,29796.332827982646,82,418
14400,30546.85327618116,82,418
14500,31405.368450930564,82,418
14600,32262.769428104253,82,418
14700,32965.88137264968,82,418
14800,33906.536725752456,82,418
14900,34863.433966457575,82,418
15000,35731.002859541746,82,418
15100,36519.93072108953,82,418
15200,37326.62821950821,82,418
15300,38137.79988083549,82,418
15400,38907.68399570849,82,418
15500,39896.158822109384,82,418
15600,40950.49498165742,82,418
15700,41918.3339926509,82,418
15800,42826.96067765783,82,418
15900,43810.00650729151,82,418
16000,44782.47727904827,82,418
16100,45713.99016189678,82,418
16200,46701.34286784105,82,418
16300,47694.587635627526,82,418
16400,48629.345264698895,82,418
16500,49685.10224523291,82,418
16600,50827.05370066693,82,418
16700,51989.5092010628,82,418
16800,53096.49517773574,82,418
16900,54074.0260579548,82,418
17000,55096.36197035781,82,418
17100,56170.14578421164,82,418
17200,57272.79547689776,82,418
17300,58273.23058360572,82,418
17400,59494.49412709826,82,418
17500,60742.47092717454,82,418
17600,62053.99693791349,82,418
17700,63249.41695919775,82,418
17800,64471.61912163445,82,418
17900,65605.446213481,82,418
18000,66683.87061873142,82,418
18100,67898.1086564659,82,418
18200,69152.9910467956,82,418
18300,70322.8954548733,82,418
18400,71633.09321647564,82,418
18500,73018.72775436315,82,418
18600,74398.88382172713,82,418
18700,75787.92510857632,82,418
18800,77121.26499513767,82,418
18900,78299.1389822309,82,418
19000,79576.83490757814,82,418
19100,80932.1027038798,82,418
19200,82287.10901776448,82,418
19300,83675.0364253051,82,418
19400,85046.02313690307,82,418
19500,86536.17776511771,82,418
19600,88101.0373910661,82,418
19700,89481.19236506254,82,418
19800,90886.52712504433,82,418
19900,92284.33343532901,82,418
20000,93699.99743406118,82,418
20100,95214.28826773119,82,418
20200,96682.92916195228,82,418
20300,98223.52188295823,82,418
20400,99847.6236935212,82,418
20500,101253.34517639084,82,418
20600,102848.97120026557,82,418
20700,104545.1990237698,82,418
20800,106084.93120987403,82,418
20900,107512.26618973195,82,418
21000,108947.41049386453,82,418
21100,110633.63363567635,82,418
21200,112244.02244131768,82,418
21300,114107.11175256949,82,418
21400,115769.22823607016,82,418
21500,117377.38822306645,82,418
21600,118990.4742879906,82,418
21700,120695.93244585804,82,418
21800,122386.19013491657,82,418
21900,124023.91021658463,82,418
22000,125706.00459795949,82,418
22100,127420.39067597892,82,418
22200,129247.55248827163,82,418
22300,131039.59444945106,82,418
22400,132970.40008020005,82,418
22500,134860.84313652467,82,418
22600,136491.90205311537,82,418
22700,138066.30244504593,82,418
22800,139798.4641658209,82,418
22900,141686.81583869774,82,418
23000,143583.82256950074,82,418
23100,145405.2241399599,82,418
23200,147460.96858242244,82,418
23300,149331.7074677074,82,418
23400,151277.7868922073,82,418
23500,153325.71957690894,82,418
23600,155134.6412804296,82,418
23700,157092.0018176016,82,418
23800,158878.65189666848,82,418
23900,160692.3393392316,82,418
24000,162727.09921217294,82,418
24100,164832.98992004074,82,418
24200,166903.38587692453,82,418
24300,168814.68353300256,82,418
24400,170885.83623787377,82,418
24500,172947.60762113245,82,418
24600,174824.2751730144,82,418
24700,176899.4724461828,82,418
24800,179093.55980755924,82,418
24900,181099.1040561999,82,418
25000,183192.38208766663,82,418
25100,185263.6960505758,82,418
25200,187479.1096362103,82,418
25300,189758.20092456776,82,418
25400,191840.92344154167,82,418
25500,193946.77973576213,82,418
25600,195860.9476538366,82,418
25700,198125.04087237237,82,418
25800,200409.09748411775,82,418
25900,202629.11184433638,82,418
26000,205017.1144469852,82,418
26100,207239.94256073845,82,418
26200,209347.09950762373,82,418
26300,211606.66584887973,82,418
26400,213971.0878869083,82,418
26500,216272.4745786623,82,418
26600,218392.9080702811,82,418
26700,220591.32632427302,82,418
26800,222989.08554733088,82,418
26900,225342.97440093107,82,418
27000,227902.9986296168,82,418
27100,230133.55516423754,82,418
27200,232582.05804693262,82,418
27300,234982.55861037495,82,418
27400,237391.73755014723,82,418
27500,239771.52559061607,82,418
27600,242079.70749816127,82,418
27700,244402.64074685125,82,418
27800,246957.2219555457,82,418
27900,249458.63523930602,82,418
28000,251957.34934356608,82,418
28100,254517.09749332542,82,418
28200,256973.44833972046,82,418
28300,259456.29715994143,82,418
28400,261847.06151781578,82,418
28500,264456.1187663159,82,418
28600,267142.49505414994,82,418
28700,269705.4388264349,82,418
28800,272000.9073355427,82,418
28900,274579.04286457313,82,418
29000,277372.33844195784,82,418
29100,280121.9959628066,82,418
29200,282712.6350141956,82,418
29300,285290.74042602326,82,418
29400,287663.65116555063,82,418
29500,290344.9027947042,82,418
29600,293207.0404756433,82,418
29700,295848.08388216054,82,418
29800,298679.5375970701,82,418
29900,301229.85694690776,82,418
30000,303874.7228511008,82,418
