500
 Lattice="44.590915899463575 0.0 0.0 0.0 44.590915899463575 0.0 0.0 0.0 1.0"Properties=species:S:1:pos:R:3:aspherical_shape:R:3:orientation:R:4:Color:R:1
cell 12.069532910787707 34.775128359814154 0.0 2.23606797749979 0.4472135954999579 1 0 0 0.977730205159563 -0.20986578072339201 3.5644680162725764
cell 40.77278405448444 8.022921065335407 0.0 2.23606797749979 0.4472135954999579 1 0 0 0.06994291793420451 -0.9975509953034226 6.143185165639611
cell 21.163775383065058 35.881538717112164 0.0 2.23606797749979 0.4472135954999579 1 0 0 0.9889690935914071 -0.14812201700284378 3.438930796799047
cell 39.7399568655854 21.549019727993475 0.0 2.23606797749979 0.4472135954999579 1 0 0 0.9972493275174711 0.07412002945190792 2.9932165250106797
cell 1.6780039719177913 28.90268280952795 0.0 2.23606797749979 0.4472135954999579 1 0 0 0.9949334287510337 -0.10053592568684967 3.343004776287399
cell 25.813192039162693 21.8662044578153 0.0 2.23606797749979 0.4472135954999579 1 0 0 0.9961137258361579 0.08807636005653154 2.9652113855689533
cell 10.451117038511278 25.675456717689176 0.0 2.23606797749979 0.4472135954999579 1 0 0 0.9999999807899088 0.00019601066794987154 3.1412006322513832
cell 7.4982803179174145 34.975124694091924 0.0 2.23606797749979 0.4472135954999579 1 0 0 0.9902879118339738 -0.1390318369133765 3.420560032109119
cell 26.37986469207628 28.29008859714167 0.0 2.23606797749979 0.4472135954999579 1 0 0 0.9963001718613679 -0.08594165200302376 3.3136882513708525
cell 15.94011961384105 37.07004779432645 0.0 2.23606797749979 0.4472135954999579 1 0 0 0.9646195428601319 -0.2636458562775268 3.675192336070583
cell 16.032269780023455 21.352281701049126 0.0 2.23606797749979 0.4472135954999579 1 0 0 0.9961756855689985 0.08737278455638203 2.9666239824876
cell 19.113871847118197 28.38988910653274 0.0 2.23606797749979 0.4472135954999579 1 0 0 0.9996243230704106 -0.027408260178700974 3.1964160394129046
cell 25.600219205314882 18.239295898972966 0.0 2.23606797749979 0.4472135954999579 1 0 0 0.991911509264962 0.12693131129750937 2.8870433536499553
cell 43.07392123417178 17.414167486028063 0.0 2.23606797749979 0.4472135954999579 1 0 0 0.9941042732451013 0.10842828927834698 2.9243088917299964
cell 14.349624857165843 23.031054086798925 0.0 2.23606797749979 0.4472135954999579 1 0 0 0.9969022597467102 0.07865039422598379 2.984129237947838
cell 23.069828033088363 17.251397961209932 0.0 2.23606797749979 0.4472135954999579 1 0 0 0.9914014063206178 0.1308558426112538 2.8791282613603237
cell 35.927775309314946 33.661248728181775 0.0 2.23606797749979 0.4472135954999579 1 0 0 0.9949926669531867 -0.09994795000091274 3.3418228717531653
cell 11.26698901771018 38.2178455586714 0.0 2.23606797749979 0.4472135954999579 1 0 0 0.9761073880859095 -0.21728867187247394 3.5796644798117834
cell 24.22088150168999 40.43366425136626 0.0 2.23606797749979 0.4472135954999579 1 0 0 0.9899563880316112 -0.14137308723871703 3.4252892450342127
cell 34.850517017099946 31.316350508597804 0.0 2.23606797749979 0.4472135954999579 1 0 0 0.9942492256210115 -0.10709097698694814 3.356186125034902
cell 12.233844035125337 41.509627762523806 0.0 2.23606797749979 0.4472135954999579 1 0 0 0.989092170614091 -0.14729792269379005 3.4372643281688036
cell 7.860974591292496 33.727449003680924 0.0 2.23606797749979 0.4472135954999579 1 0 0 0.9951581980759889 -0.09828611703669397 3.338482757981551
cell 19.70383555712199 17.383590813138625 0.0 2.23606797749979 0.4472135954999579 1 0 0 0.9917824350441065 0.12793592747146065 2.8850176054926937
cell 1.561235725514848 29.55623889136843 0.0 2.23606797749979 0.4472135954999579 1 0 0 0.993270727482976 -0.11581563765502377 3.37374490146817
cell 11.745323380560665 18.641379229213232 0.0 2.23606797749979 0.4472135954999579 1 0 0 0.9960936067395736 0.0883036047539835 2.964755118406895
cell 28.82662367184233 40.735480817183685 0.0 2.23606797749979 0.4472135954999579 1 0 0 0.9884391542526618 -0.1516180673280152 3.446002774346073
cell 10.530761660230826 3.490286362653416 0.0 2.23606797749979 0.4472135954999579 1 0 0 0.03155231828197002 -0.9995021016541352 6.220070195297972
cell 3.3616977816475537 39.65972881298232 0.0 2.23606797749979 0.4472135954999579 1 0 0 0.9713740551313202 -0.23755514100464095 3.621288984451117
cell 43.293557875044684 34.038588638755584 0.0 2.23606797749979 0.4472135954999579 1 0 0 0.9913035692754121 -0.13159496016880085 3.4055481754273624
cell 22.743417254948003 32.63711512960639 0.0 2.23606797749979 0.4472135954999579 1 0 0 0.9956026491562767 -0.09367691814424603 3.3292215940142733
cell 14.657195422332725 28.221299017224 0.0 2.23606797749979 0.4472135954999579 1 0 0 0.9998948677243061 -0.014500120640610282 3.170593911200874
cell 3.7887250680570883 23.137134539016877 0.0 2.23606797749979 0.4472135954999579 1 0 0 0.9983090528885783 0.05812946688823048 3.025268146222517
cell 42.971742712126435 22.139614811281838 0.0 2.23606797749979 0.4472135954999579 1 0 0 0.9990360907921273 0.04389634716903537 3.053771740309071
cell 9.706353618759831 1.0738924185706527 0.0 2.23606797749979 0.4472135954999579 1 0 0 0.9987034488419237 -0.0509060042750063 3.2434486864650984
cell 3.593285608772433 32.69830359775337 0.0 2.23606797749979 0.4472135954999579 1 0 0 0.9974406669599355 -0.07149906219328336 3.2847128962768717
cell 35.35773768728214 36.43308850160593 0.0 2.23606797749979 0.4472135954999579 1 0 0 0.9901961057930665 -0.13968418690834755 3.4218775887580435
cell 15.879024413124075 26.63366309754135 0.0 2.23606797749979 0.4472135954999579 1 0 0 0.9999651176533486 -0.00835245332369937 3.1582977544753503
cell 2.8111737183992176 16.27319173960795 0.0 2.23606797749979 0.4472135954999579 1 0 0 0.9931978355243777 0.11643908068037646 2.9081850261569784
cell 11.380455800653092 37.446261473233385 0.0 2.23606797749979 0.4472135954999579 1 0 0 0.9785693349310928 -0.20591759694722253 3.5563952680357422
cell 27.131278023173174 33.24653143714753 0.0 2.23606797749979 0.4472135954999579 1 0 0 0.9945633926046559 -0.10413288669155896 3.3502366693909984
cell 33.527304098841874 21.32342339931722 0.0 2.23606797749979 0.4472135954999579 1 0 0 0.9982629142658425 0.05891650024795533 3.023691376976214
cell 3.0800133765889712 40.48120602579176 0.0 2.23606797749979 0.4472135954999579 1 0 0 0.9695046719655943 -0.24507282802645716 3.63678227482893
cell 4.898724482922193 26.421551621514283 0.0 2.23606797749979 0.4472135954999579 1 0 0 0.9994777715454378 -0.03231383893265432 3.2062315839431292
cell 6.250640918412966 28.27554808322007 0.0 2.23606797749979 0.4472135954999579 1 0 0 0.9969493564599183 -0.07805114127387626 3.2978538675649984
cell 39.539949991590916 37.26241300467761 0.0 2.23606797749979 0.4472135954999579 1 0 0 0.9894797384082004 -0.1446715150941588 3.4319546276822503
cell 29.845138263106694 16.914267891213886 0.0 2.23606797749979 0.4472135954999579 1 0 0 0.9879598594991319 0.1547104263404882 2.830923965676813
cell 10.11413508215144 20.548288589395785 0.0 2.23606797749979 0.4472135954999579 1 0 0 0.9967028343917402 0.08113852300523634 2.97913702059306
cell 11.029327668746978 19.602401388926506 0.0 2.23606797749979 0.4472135954999579 1 0 0 -0.9963141285814001 -0.08577970149799613 2.969822157369302
cell 14.469211794936452 19.595727827864447 0.0 2.23606797749979 0.4472135954999579 1 0 0 0.995352741694057 0.0962959999279512 2.9487017564485383
cell 43.584230769867695 39.04324620314951 0.0 2.23606797749979 0.4472135954999579 1 0 0 0.9828105792392977 -0.18461680675202954 3.512956559028331
cell 39.0787181303535 33.208252513702035 0.0 2.23606797749979 0.4472135954999579 1 0 0 0.9926826080525705 -0.12075280398378628 3.3836890548764433
cell 23.636771550797924 23.59668237280268 0.0 2.23606797749979 0.4472135954999579 1 0 0 0.9998359980627234 0.01811013467420094 3.105370404046708
cell 10.359176295477281 27.82208658712588 0.0 2.23606797749979 0.4472135954999579 1 0 0 0.9969182070172956 -0.07844799881080781 3.2986500238172196
cell 10.365728415063527 31.091842337045673 0.0 2.23606797749979 0.4472135954999579 1 0 0 0.9932288577825883 -0.11617416265200678 3.374466824585093
cell 20.158579930937723 38.507715898225776 0.0 2.23606797749979 0.4472135954999579 1 0 0 0.9792029907249532 -0.2028829784760349 3.5501951271897707
cell 44.06922624205044 20.491445182140346 0.0 2.23606797749979 0.4472135954999579 1 0 0 0.9971244775627689 0.07578110744225901 2.9898849978876747
cell 11.025012866275937 10.558858608121795 0.0 2.23606797749979 0.4472135954999579 1 0 0 0.03244950463643112 -0.9994733761580897 6.218274903051167
cell 29.74742640940657 26.920247218281556 0.0 2.23606797749979 0.4472135954999579 1 0 0 0.9985734378831814 -0.05339559114912116 3.248434646301261
cell 2.6308753637325086 36.86979320088162 0.0 2.23606797749979 0.4472135954999579 1 0 0 0.9904393882066748 -0.13794860741880557 3.4183724934478263
cell 43.53236090719552 10.18634985017574 0.0 2.23606797749979 0.4472135954999579 1 0 0 0.04237760726438175 -0.9991016656990147 6.198404704022132
cell 18.189898135729997 32.6674207718191 0.0 2.23606797749979 0.4472135954999579 1 0 0 0.9950273516075708 -0.09960205596685096 3.341127614364089
cell 3.1077264868365897 20.494416707334313 0.0 2.23606797749979 0.4472135954999579 1 0 0 0.9977454818838645 0.0671114996132194 3.0072686939161706
cell 15.500866861673368 9.944209062626891 0.0 2.23606797749979 0.4472135954999579 1 0 0 -0.026940108983187973 0.999637049397417 6.229298569647495
cell 37.30193089197551 28.332563689857558 0.0 2.23606797749979 0.4472135954999579 1 0 0 0.9987243833031855 -0.0504936252973769 3.2426228664477064
cell 37.00837973890635 24.14146860766196 0.0 2.23606797749979 0.4472135954999579 1 0 0 0.9999766792733692 0.00682941501193315 3.1279337173869894
cell 16.088214601711076 17.5395029366972 0.0 2.23606797749979 0.4472135954999579 1 0 0 0.994415876547697 0.1055322911239747 2.930134321474272
cell 26.763675004418346 34.5735044078267 0.0 2.23606797749979 0.4472135954999579 1 0 0 0.9909037518826485 -0.13457248791967388 3.411556680147549
cell 6.495877917655853 38.33697911114353 0.0 2.23606797749979 0.4472135954999579 1 0 0 0.9858838001796416 -0.16743097844589144 3.478039221007351
cell 37.663141598782694 20.49088746786663 0.0 2.23606797749979 0.4472135954999579 1 0 0 0.9969746699008084 0.07772713539153525 2.9859814260237103
cell 42.56892759020341 13.106728210675701 0.0 2.23606797749979 0.4472135954999579 1 0 0 0.033856100415062734 -0.999426717906163 6.2154601639841385
cell 33.31129625687408 24.350545211181412 0.0 2.23606797749979 0.4472135954999579 1 0 0 0.9999876693275378 0.00496600371314951 3.131660605340516
cell 20.306268792363042 24.119660260793403 0.0 2.23606797749979 0.4472135954999579 1 0 0 0.9999872680290897 0.005046164852389123 3.1315002810530475
cell 2.5294534747507034 42.377646242199425 0.0 2.23606797749979 0.4472135954999579 1 0 0 0.9881282918339083 -0.15363098280425944 3.4500763308226885
cell 3.4918357466038468 30.56699889286052 0.0 2.23606797749979 0.4472135954999579 1 0 0 0.9935653919655992 -0.11325993063853197 3.368599624347622
cell 29.684418042209185 38.37960270034523 0.0 2.23606797749979 0.4472135954999579 1 0 0 0.9940439742983332 -0.10897970986002198 3.359985830842968
cell 19.84342930011475 39.25203777732057 0.0 2.23606797749979 0.4472135954999579 1 0 0 0.9712483852950434 -0.23806842306734177 3.6223458692890036
cell 33.75813719390156 40.11287945013319 0.0 2.23606797749979 0.4472135954999579 1 0 0 0.987101988080279 -0.16009267668435237 3.463161733360993
cell 18.44587015689989 31.520142873821673 0.0 2.23606797749979 0.4472135954999579 1 0 0 0.9955597778347374 -0.0941314440431488 3.3301346805306653
cell 43.99605150014081 23.949695077697957 0.0 2.23606797749979 0.4472135954999579 1 0 0 0.9995036424305519 0.031503472317501 3.078575282226642
cell 25.018625431565717 11.431109619625484 0.0 2.23606797749979 0.4472135954999579 1 0 0 -0.06818048792134043 0.997673003076062 6.146718462263769
cell 26.523659895728247 17.105077544900123 0.0 2.23606797749979 0.4472135954999579 1 0 0 0.9900510343071407 0.14070873984000032 2.8592381730209007
cell 8.564778539450472 25.156151533807808 0.0 2.23606797749979 0.4472135954999579 1 0 0 0.9998182904520201 0.019062688100054168 3.103464967973535
cell 7.342317523248372 35.536708962216956 0.0 2.23606797749979 0.4472135954999579 1 0 0 0.9863819580828201 -0.16447076569622238 3.4720355462705412
cell 10.883796676455162 9.4515729772745 0.0 2.23606797749979 0.4472135954999579 1 0 0 0.012482464345522753 -0.9999220910070258 6.258219730137518
cell 29.14577858516464 28.293510782196552 0.0 2.23606797749979 0.4472135954999579 1 0 0 0.9977921022771647 -0.06641476216411463 3.2745200223370947
cell 23.097069508392256 21.14372386923385 0.0 2.23606797749979 0.4472135954999579 1 0 0 0.9958883212702081 0.09058946714495489 2.9601649936563303
cell 30.722733238480426 15.579595700974815 0.0 2.23606797749979 0.4472135954999579 1 0 0 0.9824150794312675 0.1867099668096386 2.7659683534085837
cell 40.141530101298265 35.09890818234209 0.0 2.23606797749979 0.4472135954999579 1 0 0 0.9886885286695655 -0.1499833099955121 3.442695437194129
cell 31.24063105903391 23.024618898644782 0.0 2.23606797749979 0.4472135954999579 1 0 0 0.9987224026899285 0.05053278505343112 3.0404840211087416
cell 11.448087599700122 36.605454593022195 0.0 2.23606797749979 0.4472135954999579 1 0 0 0.9822613535442076 -0.1875170214500571 3.518860083563732
cell 27.0438667609752 36.21955324067574 0.0 2.23606797749979 0.4472135954999579 1 0 0 0.9900406728190332 -0.14078162580406597 3.424094371710907
cell 13.030850772423639 27.526301325402535 0.0 2.23606797749979 0.4472135954999579 1 0 0 0.9997736523053941 -0.021275435505134468 3.1841467353212787
cell 40.25480830974077 16.283228640436754 0.0 2.23606797749979 0.4472135954999579 1 0 0 0.9938825158496442 0.11044249493913937 2.9202561384972014
cell 23.181468364959628 42.729656458749425 0.0 2.23606797749979 0.4472135954999579 1 0 0 0.9659715676812836 -0.2586482755236607 3.66483785020621
cell 26.801756828059435 0.6889040537177974 0.0 2.23606797749979 0.4472135954999579 1 0 0 0.9835274165200201 -0.18075901347776538 3.5051088983862826
cell 20.955799336234218 25.2601257232173 0.0 2.23606797749979 0.4472135954999579 1 0 0 0.9997075711476374 -0.02418206339606923 3.1899614952888107
cell 23.198825715519764 35.329955528496434 0.0 2.23606797749979 0.4472135954999579 1 0 0 0.9851920348211459 -0.17145452611398138 3.486204390521587
cell 9.31986242676503 26.91651479548309 0.0 2.23606797749979 0.4472135954999579 1 0 0 0.9992246965313585 -0.03937011356110723 3.2203532362152276
cell 6.669484432408104 20.52212841332311 0.0 2.23606797749979 0.4472135954999579 1 0 0 0.9972441206601858 0.07419005195235273 2.9930760933627742
cell 3.632002597411407 15.048556786358082 0.0 2.23606797749979 0.4472135954999579 1 0 0 0.9954077639285528 0.09572556351758199 2.949847924243501
cell 14.657496093962841 28.686042779036022 0.0 2.23606797749979 0.4472135954999579 1 0 0 0.9999413117274583 -0.01083388668808451 3.1632608508573097
cell 16.850393776308422 16.403365857199013 0.0 2.23606797749979 0.4472135954999579 1 0 0 0.9911246399411354 0.13293587966216916 2.8749315219699683
cell 39.61000070157061 26.578715984907195 0.0 2.23606797749979 0.4472135954999579 1 0 0 0.9991459569467266 -0.04132017324515953 3.2242565342579357
cell 13.548968343900368 20.534649701642472 0.0 2.23606797749979 0.4472135954999579 1 0 0 0.9952564356214747 0.09728631637613452 2.9467117799573868
cell 24.563238453062105 14.69011221163077 0.0 2.23606797749979 0.4472135954999579 1 0 0 0.9876157066120492 0.15689237092090477 2.8265061266821547
cell 39.991872369418715 35.82552630411743 0.0 2.23606797749979 0.4472135954999579 1 0 0 0.9916560063842936 -0.12891223759579104 3.400136626005566
cell 1.7893156549947262 28.367232618194084 0.0 2.23606797749979 0.4472135954999579 1 0 0 0.9960345898083852 -0.0889668247451923 3.319761870072831
cell 34.98946296489457 30.77439609168433 0.0 2.23606797749979 0.4472135954999579 1 0 0 0.9951296491536141 -0.09857475019194782 3.3390628412165104
cell 43.41723074818417 35.65130902883329 0.0 2.23606797749979 0.4472135954999579 1 0 0 0.9906519983362325 -0.1364134091371857 3.415272791970655
cell 17.898934325588787 19.503268908499546 0.0 2.23606797749979 0.4472135954999579 1 0 0 0.9944609875340569 0.10510634744290324 2.930990973149902
cell 16.93174726301004 20.47130178541607 0.0 2.23606797749979 0.4472135954999579 1 0 0 0.9954130868152783 0.09567019701494976 2.9499591678093844
cell 4.069128550817696 25.242784624080144 0.0 2.23606797749979 0.4472135954999579 1 0 0 0.999739467892506 0.022825344203515945 3.0959380002795447
cell 44.108274199838824 37.49513718111565 0.0 2.23606797749979 0.4472135954999579 1 0 0 0.9849709867665031 -0.17271987502375383 3.488773413941325
cell 13.966290904009467 30.982237223072357 0.0 2.23606797749979 0.4472135954999579 1 0 0 0.9928449908191955 -0.11941031867150982 3.3809845140612707
cell 1.3412888152592997 22.31154999094718 0.0 2.23606797749979 0.4472135954999579 1 0 0 0.9972495742760434 0.07411670935929496 2.993223183510436
cell 6.011390589483304 0.06172013565647859 0.0 2.23606797749979 0.4472135954999579 1 0 0 0.9996922166749372 0.024808706527150545 3.0919701494379144
cell 20.388315956331976 20.366376596307127 0.0 2.23606797749979 0.4472135954999579 1 0 0 0.9947981074524237 0.10186621328525018 2.93750622558821
cell 15.342519537231704 38.53290555006356 0.0 2.23606797749979 0.4472135954999579 1 0 0 0.9713182779054106 -0.23778310075963685 3.6217583531721913
cell 26.761876462416996 30.37840918663944 0.0 2.23606797749979 0.4472135954999579 1 0 0 0.9950468252033811 -0.09940732192686855 3.340736203749088
cell 24.833022041151853 12.692720205222288 0.0 2.23606797749979 0.4472135954999579 1 0 0 -0.14364636887229323 0.9896290823888539 5.994895267928525
cell 15.320111781139856 39.496600562365195 0.0 2.23606797749979 0.4472135954999579 1 0 0 0.9682494088001949 -0.24998616433329443 3.646924585096412
cell 6.009641283706856 30.010499033157387 0.0 2.23606797749979 0.4472135954999579 1 0 0 0.992563537809239 -0.12172766083190537 3.385653258200641
cell 37.57245170656021 26.946477629119503 0.0 2.23606797749979 0.4472135954999579 1 0 0 0.9980646909739588 -0.06218418312606712 3.266041312408992
cell 42.72214558686272 41.47758454534612 0.0 2.23606797749979 0.4472135954999579 1 0 0 0.9881263075756199 -0.15364374467244463 3.450102161235812
cell 3.706603018841575 38.88764753927891 0.0 2.23606797749979 0.4472135954999579 1 0 0 0.9724371117771836 -0.23316531396940074 3.61225555641653
cell 20.348181069249158 16.24708770490705 0.0 2.23606797749979 0.4472135954999579 1 0 0 0.9910406640516967 0.13356048141562005 2.873671078693074
cell 13.029967572222441 24.964322608632248 0.0 2.23606797749979 0.4472135954999579 1 0 0 0.9995453434517134 0.030151391078959547 3.0812807307512418
cell 17.983301463794334 22.906857989594567 0.0 2.23606797749979 0.4472135954999579 1 0 0 0.9965759627312347 0.08268222606045741 2.9760392045749047
cell 37.19822303282696 6.071227653323027 0.0 2.23606797749979 0.4472135954999579 1 0 0 -0.06315289020518561 0.9980038639498005 6.156795418434836
cell 38.04025053288751 13.365656976735659 0.0 2.23606797749979 0.4472135954999579 1 0 0 0.029730426060165217 -0.9995579531804452 6.223715692016244
cell 34.69581724784007 37.80560774150272 0.0 2.23606797749979 0.4472135954999579 1 0 0 0.9874765030820869 -0.157766142948268 3.4584487626284766
cell 40.959712118487 4.354905925350507 0.0 2.23606797749979 0.4472135954999579 1 0 0 0.06006528810421659 -0.9981944505781213 6.162982378149677
cell 10.526267486329623 29.827880955478683 0.0 2.23606797749979 0.4472135954999579 1 0 0 0.9965944987949746 -0.08245850454375997 3.306697126423113
cell 38.39450502501393 40.36812307056597 0.0 2.23606797749979 0.4472135954999579 1 0 0 0.986454095839504 -0.16403754692589909 3.47115717878025
cell 2.9279123239195215 23.966596126651048 0.0 2.23606797749979 0.4472135954999579 1 0 0 0.9989016825110272 0.04685540178718947 3.0478475268643637
cell 24.743218901597075 27.45157810382526 0.0 2.23606797749979 0.4472135954999579 1 0 0 0.9986813193323438 -0.05133831334012779 3.2443144366505594
cell 22.23232214879589 18.35728835639251 0.0 2.23606797749979 0.4472135954999579 1 0 0 0.9927345622108508 0.120324930883132 2.9003582839213617
cell 19.502356257306896 29.988648650521917 0.0 2.23606797749979 0.4472135954999579 1 0 0 0.9992936720604476 -0.03757867719793479 3.2167677082330597
cell 19.555840068162404 40.087910046380166 0.0 2.23606797749979 0.4472135954999579 1 0 0 0.9635471489110274 -0.2675385800691749 3.6832678173441815
cell 8.906704559214491 26.340548625437208 0.0 2.23606797749979 0.4472135954999579 1 0 0 0.9999111154719424 -0.01333270998918903 3.1682588636440183
cell 13.330674305229707 26.177078400220243 0.0 2.23606797749979 0.4472135954999579 1 0 0 0.9998992164539072 0.01419707486993234 3.1131975499237727
cell 1.5418303858901394 44.311991515256324 0.0 2.23606797749979 0.4472135954999579 1 0 0 0.9935895235560261 -0.11304803704491677 3.3681730977770825
cell 6.54511988348302 10.596049914104672 0.0 2.23606797749979 0.4472135954999579 1 0 0 -0.1268246326738853 0.991925154710341 6.0288511028178435
cell 23.32024973168867 30.320655747009848 0.0 2.23606797749979 0.4472135954999579 1 0 0 0.9990837264842795 -0.04279845177439902 3.227215710116071
cell 22.531705491452563 33.84718297768039 0.0 2.23606797749979 0.4472135954999579 1 0 0 0.9927874190731567 -0.11988803330633284 3.3819468565839372
cell 29.084814338267172 11.271813376713691 0.0 2.23606797749979 0.4472135954999579 1 0 0 -0.24787537882323624 0.9687919263563447 5.782212156533808
cell 14.174815287811107 11.204049497315566 0.0 2.23606797749979 0.4472135954999579 1 0 0 0.0715405380530805 -0.997437692998954 6.139981899803124
cell 26.32001864274746 28.89292696949129 0.0 2.23606797749979 0.4472135954999579 1 0 0 0.9958045938798836 -0.09150525016478599 3.324859518650367
cell 33.10763506205937 26.35022817992163 0.0 2.23606797749979 0.4472135954999579 1 0 0 0.9983424726392641 -0.057552648284159784 3.256761589079556
cell 2.5511842160726217 41.282941976576204 0.0 2.23606797749979 0.4472135954999579 1 0 0 0.980942371360804 -0.19429890393165516 3.532678018846634
cell 43.47161098525659 33.55445119918718 0.0 2.23606797749979 0.4472135954999579 1 0 0 0.992623553851548 -0.12123728939201435 3.384665197313126
cell 43.87121090489068 31.50978442918564 0.0 2.23606797749979 0.4472135954999579 1 0 0 0.9973499042615263 -0.07275416461979631 3.28722965623954
cell 0.3123989996822422 30.417562902618442 0.0 2.23606797749979 0.4472135954999579 1 0 0 0.994957557461307 -0.10029685364272423 3.342524203141168
cell 39.47695610823875 34.177760723270026 0.0 2.23606797749979 0.4472135954999579 1 0 0 0.9919621487253878 -0.12653495760504918 3.3953428024635532
cell 6.047732603091357 25.742700825274643 0.0 2.23606797749979 0.4472135954999579 1 0 0 0.999996136445323 0.002779765174781146 3.13603311608037
cell 6.089135887000279 29.44153893009976 0.0 2.23606797749979 0.4472135954999579 1 0 0 0.9973496073233021 -0.07275823508067682 3.287237818794064
cell 25.49505475237377 6.472817792739063 0.0 2.23606797749979 0.4472135954999579 1 0 0 -0.03743891448011052 0.9992989180833486 6.208289974813457
cell 12.516825583949169 33.61569362174391 0.0 2.23606797749979 0.4472135954999579 1 0 0 0.9847579770805281 -0.17393023479621378 3.4912313350915682
cell 23.862018671255512 20.274572988949792 0.0 2.23606797749979 0.4472135954999579 1 0 0 0.9950268844975756 0.09960672229848962 2.9420483135100413
cell 3.7999267439409516 19.57627983572371 0.0 2.23606797749979 0.4472135954999579 1 0 0 0.9970867426724664 0.07627599613778047 2.9888923473994202
cell 34.81068352569954 32.080523068462774 0.0 2.23606797749979 0.4472135954999579 1 0 0 0.9942325819596008 -0.1072453867070542 3.3564967332973605
cell 9.572302302060546 30.3781128899117 0.0 2.23606797749979 0.4472135954999579 1 0 0 0.9956724126526958 -0.09293248453775442 3.3277262032747656
cell 29.393283034882465 39.12514642589853 0.0 2.23606797749979 0.4472135954999579 1 0 0 0.9918442387424902 -0.12745589854271258 3.397199719302463
cell 22.56863416459265 33.28816928529874 0.0 2.23606797749979 0.4472135954999579 1 0 0 0.9946122211074305 -0.10366546977534867 3.349296748542612
cell 39.60709542057676 17.44152023094121 0.0 2.23606797749979 0.4472135954999579 1 0 0 0.9934358751246068 0.1143903930205963 2.9123099676045645
cell 14.06070287831533 5.199774094508606 0.0 2.23606797749979 0.4472135954999579 1 0 0 0.08450560098711568 -0.9964230042516112 6.113972298981518
cell 16.195180861478562 36.491273555894786 0.0 2.23606797749979 0.4472135954999579 1 0 0 0.9660726818813434 -0.2582703492904067 3.6640554121672895
cell 32.479764139298126 17.832826995546025 0.0 2.23606797749979 0.4472135954999579 1 0 0 0.9900369384053473 0.14080788540762365 2.8590378878438645
cell 36.4876559864017 4.985910150085492 0.0 2.23606797749979 0.4472135954999579 1 0 0 -0.10712412487385001 0.9942456546900327 6.068525156383724
cell 38.66291824978542 39.58677335077508 0.0 2.23606797749979 0.4472135954999579 1 0 0 0.9865044907748355 -0.16373420437123828 3.4705421784364443
cell 32.46285219304498 2.5347507298031196 0.0 2.23606797749979 0.4472135954999579 1 0 0 0.010671931410977033 0.9999430533185174 0.02134426798523574
cell 41.6832949163887 19.51802826242287 0.0 2.23606797749979 0.4472135954999579 1 0 0 0.9962850666092739 0.08611658406691935 2.9691458897756453
cell 44.19527411375 25.403193482632606 0.0 2.23606797749979 0.4472135954999579 1 0 0 0.9997433199328826 0.022655998092733144 3.096276780110827
cell 37.48098048332087 15.08561176110403 0.0 2.23606797749979 0.4472135954999579 1 0 0 0.9874482805842358 0.15794268951501442 2.8243789682672205
cell 43.642095761929795 32.79156205252468 0.0 2.23606797749979 0.4472135954999579 1 0 0 0.9955423926232361 -0.09431513393937635 3.330503702067444
cell 8.267212493836984 39.68769782753898 0.0 2.23606797749979 0.4472135954999579 1 0 0 0.9863217110541413 -0.1648316787005184 3.472767360188497
cell 40.68154755926439 29.269101676442716 0.0 2.23606797749979 0.4472135954999579 1 0 0 0.9932850434608174 -0.11569279336692567 3.3734975501685223
cell 35.64029461811094 22.302520783286866 0.0 2.23606797749979 0.4472135954999579 1 0 0 0.9991565312634416 0.04106368266007338 3.0594421898546544
cell 40.94782407681714 15.002593505525502 0.0 2.23606797749979 0.4472135954999579 1 0 0 0.9899576725352458 0.14136409228866795 2.857914234550385
cell 22.366573608632127 21.992489294804844 0.0 2.23606797749979 0.4472135954999579 1 0 0 0.9973964477836532 0.07211328552042436 2.997240784915429
cell 11.358514335854526 43.53648750868258 0.0 2.23606797749979 0.4472135954999579 1 0 0 0.9844800316940048 -0.17549663015502998 3.494413063296036
cell 32.2471373717831 29.213706404261824 0.0 2.23606797749979 0.4472135954999579 1 0 0 0.9956034460059173 -0.09366844880290551 3.3292045805240855
cell 23.987591416320463 16.003437091241217 0.0 2.23606797749979 0.4472135954999579 1 0 0 0.9887118711476838 0.1498293557739804 2.8408012974965167
cell 31.071981628690025 35.37393494255421 0.0 2.23606797749979 0.4472135954999579 1 0 0 0.9921372510959956 -0.12515460434071712 3.3925599720433532
cell 13.513645246501945 16.46473444788578 0.0 2.23606797749979 0.4472135954999579 1 0 0 0.9926993251217655 0.12061529713428285 2.899773290885969
cell 29.266237826547318 25.50265809457264 0.0 2.23606797749979 0.4472135954999579 1 0 0 0.9995512380428743 -0.029955342210653376 3.201512301498774
cell 41.88637266314852 25.99416946506255 0.0 2.23606797749979 0.4472135954999579 1 0 0 0.9996805428088895 -0.025274736978333486 3.192147511032038
cell 22.86962438562398 32.16515198618888 0.0 2.23606797749979 0.4472135954999579 1 0 0 0.995755573006817 -0.09203716002716167 3.3259278466046456
cell 26.731175839936395 24.903666181791042 0.0 2.23606797749979 0.4472135954999579 1 0 0 0.9998869884652163 -0.015033638879537906 3.171661064049808
cell 14.245639914743014 25.509177786257467 0.0 2.23606797749979 0.4472135954999579 1 0 0 0.9999445806229681 -0.010527852713465992 3.1626487479900405
cell 6.359671618537991 12.672899856661708 0.0 2.23606797749979 0.4472135954999579 1 0 0 -0.011046104050519265 -0.9999389899315383 0.0220926573943796
cell 37.62022958026125 42.05706996138824 0.0 2.23606797749979 0.4472135954999579 1 0 0 0.9785239196018778 -0.20613330339122235 3.5568361390931162
cell 3.7393865766183523 31.990881682423566 0.0 2.23606797749979 0.4472135954999579 1 0 0 0.9984796520696576 -0.05512154209431607 3.251891641058504
cell 43.221864516915346 34.88585569065341 0.0 2.23606797749979 0.4472135954999579 1 0 0 0.9910684475569532 -0.1333541610038874 3.409097863091128
cell 24.350709875188514 10.374023954840949 0.0 2.23606797749979 0.4472135954999579 1 0 0 0.027850266124207556 -0.9996121061075696 6.227477571848125
cell 28.078704947304104 32.02365385721125 0.0 2.23606797749979 0.4472135954999579 1 0 0 0.9950473147167845 -0.09940242187651331 3.3407263548675563
cell 34.05112653909258 39.33508507317932 0.0 2.23606797749979 0.4472135954999579 1 0 0 0.989829701663969 -0.14225737838094088 3.4270758846878997
cell 17.48310084790673 27.73897328151466 0.0 2.23606797749979 0.4472135954999579 1 0 0 0.999855998810205 -0.01697002189884315 3.175534326616887
cell 25.403188237616636 25.404628493074995 0.0 2.23606797749979 0.4472135954999579 1 0 0 0.998593174035069 -0.053025208821526074 3.2476928307288624
cell 22.640248283227898 43.667881963264556 0.0 2.23606797749979 0.4472135954999579 1 0 0 0.9530049134927294 -0.3029548396357374 3.757176019020976
cell 18.79376132972961 18.483495210385634 0.0 2.23606797749979 0.4472135954999579 1 0 0 0.9942198432234524 0.10736341714352154 2.926451142129102
cell 7.269259318089436 23.13559506356927 0.0 2.23606797749979 0.4472135954999579 1 0 0 0.998620835722816 0.052501680547051094 3.036540993554903
cell 4.025689562455759 38.18777907020066 0.0 2.23606797749979 0.4472135954999579 1 0 0 0.9826533361955445 -0.18545193680241276 3.514656167947256
cell 15.858290190250914 24.283317520865833 0.0 2.23606797749979 0.4472135954999579 1 0 0 0.9992071314757042 0.03981341994974712 3.061944762475461
cell 3.455907133316586 10.22762668143076 0.0 2.23606797749979 0.4472135954999579 1 0 0 0.0822192731671479 -0.996614263955652 6.118560927309802
cell 31.01276062581077 19.910771417225845 0.0 2.23606797749979 0.4472135954999579 1 0 0 0.9932328926898362 0.1161396610937898 2.9087879559849683
cell 43.99490056360727 30.971681054545375 0.0 2.23606797749979 0.4472135954999579 1 0 0 0.9956054234640433 -0.09364742798914934 3.329162353283985
cell 30.581526984042853 30.154736170936047 0.0 2.23606797749979 0.4472135954999579 1 0 0 0.991893051008144 -0.12707547112545192 3.3964326269771585
cell 22.291144935866612 24.81562835442923 0.0 2.23606797749979 0.4472135954999579 1 0 0 0.9998354173571428 -0.018142166305823767 3.1778789769229485
cell 12.530865385361146 17.603405349365687 0.0 2.23606797749979 0.4472135954999579 1 0 0 0.9941459972111447 0.10804506573212273 2.9250798681954304
cell 30.518751907167545 30.724252245452746 0.0 2.23606797749979 0.4472135954999579 1 0 0 0.9951062845646491 -0.09881033559268736 3.3395363235723416
cell 5.608578066292193 7.606232418011613 0.0 2.23606797749979 0.4472135954999579 1 0 0 0.064905008476347 -0.9978914469393378 6.15328397610313
cell 42.380042526800295 42.36787740776035 0.0 2.23606797749979 0.4472135954999579 1 0 0 0.9850738876084365 -0.17213203058118356 3.4875798483880325
cell 2.905060038169241 35.337176012784056 0.0 2.23606797749979 0.4472135954999579 1 0 0 0.9890667417594333 -0.1474685740942065 3.4376093993335632
cell 44.377391805483384 6.769468063447957 0.0 2.23606797749979 0.4472135954999579 1 0 0 0.021187099084901337 -0.9997755282223938 6.240807938121209
cell 34.3082495165202 38.559451183400114 0.0 2.23606797749979 0.4472135954999579 1 0 0 0.9898670055207085 -0.1419975752661492 3.426550949504935
cell 9.84086272735703 8.320949051008387 0.0 2.23606797749979 0.4472135954999579 1 0 0 -0.009983070058043221 -0.9999501679144898 0.019966471774164773
cell 30.161017092381964 20.895204925070285 0.0 2.23606797749979 0.4472135954999579 1 0 0 0.9959593196306401 0.08980553235114468 2.9617392802377656
cell 17.460308772388487 25.409509771494566 0.0 2.23606797749979 0.4472135954999579 1 0 0 0.9991342403031216 -0.04160252220604164 3.2248217181783723
cell 2.1517783549436964 43.343146339583804 0.0 2.23606797749979 0.4472135954999579 1 0 0 0.9919335511323669 -0.12675894500165258 3.3957944136962763
cell 43.79412452128436 38.2568005086663 0.0 2.23606797749979 0.4472135954999579 1 0 0 0.9825581230908308 -0.18595573330291226 3.5156815975254982
cell 41.93544404076688 27.994961695355627 0.0 2.23606797749979 0.4472135954999579 1 0 0 0.9965839460994403 -0.08258594539549516 3.3069528804463175
cell 5.816370651055663 16.51354500187007 0.0 2.23606797749979 0.4472135954999579 1 0 0 0.9975999873989343 0.06924063215804772 3.0030004972163358
cell 41.49689817741421 44.35928438280709 0.0 2.23606797749979 0.4472135954999579 1 0 0 0.9719545328037411 -0.23516884607077818 3.6163772186297445
cell 31.222547314151637 25.0078126210959 0.0 2.23606797749979 0.4472135954999579 1 0 0 0.9999979426830891 -0.0020284549759093527 3.1456495663237307
cell 12.576111008533678 21.45701825483231 0.0 2.23606797749979 0.4472135954999579 1 0 0 0.9968024094259299 0.07990592320135427 2.981610251402216
cell 33.338714777538016 25.47950111528585 0.0 2.23606797749979 0.4472135954999579 1 0 0 0.9999992963812391 -0.0011862702166165221 3.143965194579481
cell 31.271891525968243 34.669626247854865 0.0 2.23606797749979 0.4472135954999579 1 0 0 0.992815325156203 -0.11965671788488509 3.381480871288392
cell 39.135916184332864 32.621906279945605 0.0 2.23606797749979 0.4472135954999579 1 0 0 0.9950889995567969 -0.09898425612719013 3.3398858782827716
cell 17.497286244961142 27.243071038995385 0.0 2.23606797749979 0.4472135954999579 1 0 0 0.999916507507057 -0.012921997325867076 3.1674373675253964
cell 29.421144205007987 26.301040748904867 0.0 2.23606797749979 0.4472135954999579 1 0 0 0.9988011906260414 -0.048950808001524 3.2395334101539763
cell 39.94309980918008 24.48202545539032 0.0 2.23606797749979 0.4472135954999579 1 0 0 0.9994159484110388 0.03417253373198988 3.0732342773348034
cell 23.318591077578905 34.723121549095666 0.0 2.23606797749979 0.4472135954999579 1 0 0 0.9918709774198406 -0.12724764890641388 3.3967798008911165
cell 6.621205554273108 43.111541708821306 0.0 2.23606797749979 0.4472135954999579 1 0 0 0.9744051225666011 -0.2247991483879934 3.5950664613051657
cell 21.434581814994818 22.72069111121296 0.0 2.23606797749979 0.4472135954999579 1 0 0 0.9977320367776779 0.06731108963214356 3.0068686091918035
cell 17.81250066408915 26.14097331649499 0.0 2.23606797749979 0.4472135954999579 1 0 0 0.9996720164466044 -0.02560975465676801 3.192817763356968
cell 3.1993346694116145 33.95381344316422 0.0 2.23606797749979 0.4472135954999579 1 0 0 0.992290997672641 -0.12392972176937611 3.3900909839778115
cell 20.92256599761615 36.51769329304765 0.0 2.23606797749979 0.4472135954999579 1 0 0 0.9868641237490928 -0.16155247214739635 3.4661198291219635
cell 7.223534778892996 36.31246811167167 0.0 2.23606797749979 0.4472135954999579 1 0 0 0.9844670959709207 -0.17556917995645424 3.4945604513094004
cell 41.790872397797855 28.588329219046354 0.0 2.23606797749979 0.4472135954999579 1 0 0 0.9984618741808502 -0.05544263528426499 3.2525348109920467
cell 20.311124917751737 26.907173549972335 0.0 2.23606797749979 0.4472135954999579 1 0 0 0.9985714376006612 -0.053432986142913114 3.2485095432088347
cell 33.24699875534888 16.647531444924887 0.0 2.23606797749979 0.4472135954999579 1 0 0 0.9875779618616989 0.15712978471662473 2.8260253357635405
cell 35.143185045627284 30.069901538608043 0.0 2.23606797749979 0.4472135954999579 1 0 0 0.9970584316667637 -0.07664518146768037 3.2950334982934755
cell 15.674272731975542 37.84031663089857 0.0 2.23606797749979 0.4472135954999579 1 0 0 0.9662822292452407 -0.2574852489849626 3.662430244331456
cell 43.55100694432041 11.354547297227931 0.0 2.23606797749979 0.4472135954999579 1 0 0 -0.09559999982282018 0.9954198310431015 6.091692862249911
cell 31.92932188114602 22.24575066351956 0.0 2.23606797749979 0.4472135954999579 1 0 0 0.9985149898195792 0.05447765693938846 3.0325833744039365
cell 0.9923935468744178 0.8155795092183512 0.0 2.23606797749979 0.4472135954999579 1 0 0 0.9818136380153141 -0.18984725493705149 3.5236057931800246
cell 9.158015918758865 21.467988322135696 0.0 2.23606797749979 0.4472135954999579 1 0 0 -0.9966455387783149 -0.08183929394418345 2.9777308019520845
cell 43.21570126745389 24.674553138781746 0.0 2.23606797749979 0.4472135954999579 1 0 0 0.9994131121361141 0.03425538337848682 3.073068480973154
cell 10.630073845151111 29.324595365075087 0.0 2.23606797749979 0.4472135954999579 1 0 0 0.9981139219475528 -0.061388914426584174 3.2644477302470345
cell 19.42191841530614 30.609965021114963 0.0 2.23606797749979 0.4472135954999579 1 0 0 0.9969623578162835 -0.07788489646521128 3.2975203627120213
cell 4.817024500859417 18.5723694775177 0.0 2.23606797749979 0.4472135954999579 1 0 0 -0.9958828508542082 -0.09064958562781578 2.960044259942169
cell 9.823336867661432 16.48561562682513 0.0 2.23606797749979 0.4472135954999579 1 0 0 0.9962427983382267 0.08660419596774326 2.9681670088281455
cell 14.940251324332815 30.49990318016951 0.0 2.23606797749979 0.4472135954999579 1 0 0 0.9936083723171968 -0.11288225042570178 3.3678393884486364
cell 42.22909544973572 18.536442444231138 0.0 2.23606797749979 0.4472135954999579 1 0 0 0.9965343061157014 0.08318279109586016 2.9750346138451245
cell 31.728337509387305 18.908945996346876 0.0 2.23606797749979 0.4472135954999579 1 0 0 0.9926031059819338 0.12140458803116927 2.898183022636788
cell 3.430298370936267 33.2689302043471 0.0 2.23606797749979 0.4472135954999579 1 0 0 0.9950901587189274 -0.09897260237429319 3.339862455762546
cell 35.47616102008296 35.72313566092414 0.0 2.23606797749979 0.4472135954999579 1 0 0 0.9925118398078371 -0.12214846638931792 3.386501196885195
cell 27.610356334526163 5.224188052394117 0.0 2.23606797749979 0.4472135954999579 1 0 0 -0.04326963269589822 0.9990634308623062 6.1966190149941465
cell 44.348046696604705 36.798129493129 0.0 2.23606797749979 0.4472135954999579 1 0 0 0.9875884725579068 -0.15706370959181 3.457026159654893
cell 5.869325298949963 30.68109437645539 0.0 2.23606797749979 0.4472135954999579 1 0 0 0.9919129512924598 -0.12692004198818338 3.3961192311375044
cell 29.945179809509945 37.61272249736066 0.0 2.23606797749979 0.4472135954999579 1 0 0 0.9942120610129848 -0.10743545846839 3.3568790859294615
cell 21.309955377895744 35.34751120869149 0.0 2.23606797749979 0.4472135954999579 1 0 0 0.9867954119316672 -0.16197164872474237 3.46696937092685
cell 42.982049615438456 39.717349139885464 0.0 2.23606797749979 0.4472135954999579 1 0 0 -0.9855325904554091 0.1694860264158991 3.482208907807972
cell 8.186464637134542 32.477752130746104 0.0 2.23606797749979 0.4472135954999579 1 0 0 0.9968729283511797 -0.07902129283012166 3.299800182413763
cell 35.92166412968288 34.37465269422114 0.0 2.23606797749979 0.4472135954999579 1 0 0 0.9940782049703744 -0.10866702537052518 3.3593567256698975
cell 41.78187983767352 43.219185097832764 0.0 2.23606797749979 0.4472135954999579 1 0 0 0.9838936788677779 -0.1787546605938709 3.5010338130979175
cell 40.09157571250695 25.26200640115124 0.0 2.23606797749979 0.4472135954999579 1 0 0 0.9997169958589917 -0.023789245273292965 3.1891756329478067
cell 1.8463157102056784 27.721297720597992 0.0 2.23606797749979 0.4472135954999579 1 0 0 0.9966463168416834 -0.08182981807328511 3.3054354897062748
cell 37.08054776006384 23.434399290164738 0.0 2.23606797749979 0.4472135954999579 1 0 0 0.9984483368677051 0.0556858923436954 3.0301632292951552
cell 19.112184766694064 28.938365645396914 0.0 2.23606797749979 0.4472135954999579 1 0 0 0.9984617983315168 -0.05544400123181418 3.2525375470957205
cell 22.65712331414485 2.5400526560295864 0.0 2.23606797749979 0.4472135954999579 1 0 0 -0.030969510620902783 0.9995203296641353 6.221236380600195
cell 34.11795286000914 20.514674885885334 0.0 2.23606797749979 0.4472135954999579 1 0 0 0.997356043354571 0.07266995792014183 2.9961245113170962
cell 14.658995263793308 32.26885219811158 0.0 2.23606797749979 0.4472135954999579 1 0 0 0.9922661716843029 -0.12412833895197982 3.390491309420701
cell 15.16140031889951 22.24900614588046 0.0 2.23606797749979 0.4472135954999579 1 0 0 0.9967662867630914 0.08035527096910754 2.9807086566671006
cell 10.174551505817417 23.942963645744257 0.0 2.23606797749979 0.4472135954999579 1 0 0 0.9990569539503646 0.04341892172105235 3.0547275024847185
cell 36.36796236995492 21.49635317017823 0.0 2.23606797749979 0.4472135954999579 1 0 0 0.9970500467725798 0.07675418054279758 2.987933166668424
cell 27.37145923375789 7.439337287955483 0.0 2.23606797749979 0.4472135954999579 1 0 0 -0.0479953459183899 0.9988475593253328 6.1871577238102375
cell 7.838610874314954 31.67063625701145 0.0 2.23606797749979 0.4472135954999579 1 0 0 0.994676714403006 -0.10304481464120831 3.3480487546430386
cell 28.137799540892434 23.80087918311105 0.0 2.23606797749979 0.4472135954999579 1 0 0 0.9997634662906982 0.02174882687429368 3.0980915699628953
cell 32.85130924487609 7.43661273558946 0.0 2.23606797749979 0.4472135954999579 1 0 0 -0.15570749907503617 0.9878032064798118 5.9704980115356
cell 10.253211485830379 31.763237705984555 0.0 2.23606797749979 0.4472135954999579 1 0 0 0.9919420328315026 -0.12669255503819518 3.395660554569284
cell 32.14862337209984 3.5992200773710197 0.0 2.23606797749979 0.4472135954999579 1 0 0 -0.018688408020925824 0.9998253564526374 6.245806315112475
cell 1.5220503316341256 26.597916715200302 0.0 2.23606797749979 0.4472135954999579 1 0 0 0.9989990952937309 -0.0447303879069622 3.2310832885957215
cell 25.345669615846674 26.191458906189116 0.0 2.23606797749979 0.4472135954999579 1 0 0 0.9976426451306434 -0.06862326585592603 3.2789471333571996
cell 7.689045194492543 34.24253319000205 0.0 2.23606797749979 0.4472135954999579 1 0 0 0.992909404361066 -0.11887352409747594 3.3799032231176143
cell 39.57920137841534 30.5584173094598 0.0 2.23606797749979 0.4472135954999579 1 0 0 0.9979132014553601 -0.06456967059784162 3.2708218990979163
cell 27.38167169276433 44.27824097856905 0.0 2.23606797749979 0.4472135954999579 1 0 0 0.9879277849974165 -0.15491511104504396 3.452675706569317
cell 36.71477963708041 16.41271580569378 0.0 2.23606797749979 0.4472135954999579 1 0 0 0.9896141319689125 0.1437493297633626 2.8530945330069795
cell 40.48650661601257 29.999152179483524 0.0 2.23606797749979 0.4472135954999579 1 0 0 0.9960769880569357 -0.08849086881381107 3.318806188819605
cell 28.217774762691786 42.42371006225397 0.0 2.23606797749979 0.4472135954999579 1 0 0 0.9856605656509665 -0.16874018288664025 3.4806954214378405
cell 27.480493176399204 22.48086264150593 0.0 2.23606797749979 0.4472135954999579 1 0 0 0.9987034256031521 0.0509064601846306 3.0397357077114737
cell 30.703527441865976 36.07675906232682 0.0 2.23606797749979 0.4472135954999579 1 0 0 0.9902951883472826 -0.1389799983314868 3.420455338533024
cell 6.7785815852138365 37.67957315007945 0.0 2.23606797749979 0.4472135954999579 1 0 0 0.9822111380517081 -0.18777987189038198 3.5193952917478746
cell 14.663175534923123 23.73287220892656 0.0 2.23606797749979 0.4472135954999579 1 0 0 0.999410612297831 0.03432823948987789 3.0729226830011402
cell 30.796118340497067 36.939978402308476 0.0 2.23606797749979 0.4472135954999579 1 0 0 0.9890908209436072 -0.1473069853235108 3.437282653328325
cell 31.846163967517068 0.3300634208119111 0.0 2.23606797749979 0.4472135954999579 1 0 0 0.9986545527691015 -0.051856380837326105 3.245351953660726
cell 18.637503210434055 10.774560448387929 0.0 2.23606797749979 0.4472135954999579 1 0 0 -0.033037307630707675 0.9994541191593109 6.217098666336807
cell 11.821260429586548 42.52526294972554 0.0 2.23606797749979 0.4472135954999579 1 0 0 0.9889275468606278 -0.14839914777457713 3.4394912523137626
cell 19.515776659094694 21.25177776309137 0.0 2.23606797749979 0.4472135954999579 1 0 0 0.9960864912236574 0.08838383337320524 2.9645940313259422
cell 6.99662350178092 36.926118546027276 0.0 2.23606797749979 0.4472135954999579 1 0 0 0.9829015041499153 -0.1841321078460628 3.5119702520299882
cell 24.507541502583283 39.67598812965137 0.0 2.23606797749979 0.4472135954999579 1 0 0 0.9919107540441391 -0.12693721287151133 3.3961538529303206
cell 7.165177200442772 15.091098065069028 0.0 2.23606797749979 0.4472135954999579 1 0 0 0.9905059933089968 0.13746955015187018 2.8657801443044586
cell 9.154618597703179 17.568799246789293 0.0 2.23606797749979 0.4472135954999579 1 0 0 0.9945027583444639 0.10471037983530038 2.9317873026017427
cell 37.808718361024546 25.589073226368306 0.0 2.23606797749979 0.4472135954999579 1 0 0 0.9991453118157042 -0.041335769942015016 3.224287754324998
cell 0.35866845462650676 23.116086252778487 0.0 2.23606797749979 0.4472135954999579 1 0 0 0.9988791999413997 0.04733227149027673 3.0468927280709246
cell 11.646846289295125 22.339580013667124 0.0 2.23606797749979 0.4472135954999579 1 0 0 0.9976272600053636 0.06884656922600173 3.0037905083339864
cell 35.71238241218355 24.960917625048822 0.0 2.23606797749979 0.4472135954999579 1 0 0 -0.9999611556800011 -0.008814030356006648 3.1239643646242232
cell 3.0530610643239156 34.684597212200856 0.0 2.23606797749979 0.4472135954999579 1 0 0 0.9908315763440674 -0.13510287679961006 3.4126272345444306
cell 24.7960982666289 24.29232142072141 0.0 2.23606797749979 0.4472135954999579 1 0 0 0.9999622440399873 0.008689677468859075 3.1242130799240284
cell 17.79191050535173 15.097656819128533 0.0 2.23606797749979 0.4472135954999579 1 0 0 0.9856071791460078 0.16905173295724943 2.8018577035963474
cell 42.99108667474152 40.61685079565532 0.0 2.23606797749979 0.4472135954999579 1 0 0 -0.9873016100728396 0.15885695058000637 3.460658241280346
cell 35.32926215109773 18.643549043035833 0.0 2.23606797749979 0.4472135954999579 1 0 0 0.9934656469382916 0.11413153969644668 2.9128310871866088
cell 7.812063494149389 27.90351645332602 0.0 2.23606797749979 0.4472135954999579 1 0 0 0.9977765213285364 -0.0666484319809904 3.2749883997470093
cell 29.254810637383308 24.303145627932143 0.0 2.23606797749979 0.4472135954999579 1 0 0 0.999828620729265 0.018512946027455023 3.104564646233082
cell 32.50572062347867 43.66694711707225 0.0 2.23606797749979 0.4472135954999579 1 0 0 0.9762800477193878 -0.21651158958593855 3.5780724141566784
cell 37.3802347773299 2.4937887808087567 0.0 2.23606797749979 0.4472135954999579 1 0 0 0.040767518009939774 -0.99916865917387 6.20162766917548
cell 27.34649636385112 32.613162887881586 0.0 2.23606797749979 0.4472135954999579 1 0 0 0.994623747654017 -0.10355481931169751 3.3490742501255824
cell 37.11100403412317 28.982252253039796 0.0 2.23606797749979 0.4472135954999579 1 0 0 0.9959571803040054 -0.08982925470521826 3.3214936641878063
cell 4.768680488813752 22.31696604917293 0.0 2.23606797749979 0.4472135954999579 1 0 0 -0.9976642557834132 -0.06830836502309368 3.0048694568196517
cell 15.659961066831366 12.086181259539371 0.0 2.23606797749979 0.4472135954999579 1 0 0 0.07963228680171906 -0.9968243069361464 6.12375192732537
cell 11.961093087586958 35.317261548532954 0.0 2.23606797749979 0.4472135954999579 1 0 0 0.9783686468295596 -0.2068690187072404 3.5583399830832767
cell 5.559393091272759 17.53610906817685 0.0 2.23606797749979 0.4472135954999579 1 0 0 0.9973738777595794 0.0724247745099671 2.9966161736847075
cell 15.141237478596436 2.745327186900915 0.0 2.23606797749979 0.4472135954999579 1 0 0 -0.017791656909185313 0.9998417159452919 6.247600115818611
cell 31.479675167919037 33.927218436447895 0.0 2.23606797749979 0.4472135954999579 1 0 0 0.9940801763181651 -0.1086489901068836 3.3593204403038808
cell 5.964496953910718 27.06911198167276 0.0 2.23606797749979 0.4472135954999579 1 0 0 0.9989512161914832 -0.045787199844025045 3.2331990806300426
cell 26.0307672917047 26.799399231646476 0.0 2.23606797749979 0.4472135954999579 1 0 0 0.9980145250196668 -0.06298418729942418 3.2676444634745647
cell 23.75841929055919 31.577108329263773 0.0 2.23606797749979 0.4472135954999579 1 0 0 0.9959408425192781 -0.09001021165395974 3.321857050156707
cell 36.5836102963277 3.7917071483893925 0.0 2.23606797749979 0.4472135954999579 1 0 0 0.1073577829858372 -0.994220451626482 6.068055129542091
cell 39.06243458905557 22.427775054915696 0.0 2.23606797749979 0.4472135954999579 1 0 0 0.9977340289609488 0.06728155358902439 3.006927815496785
cell 25.337158945399157 37.441346969372965 0.0 2.23606797749979 0.4472135954999579 1 0 0 0.9949627337709944 -0.10024549070631156 3.3424209569224574
cell 10.674298533531186 28.570622015094855 0.0 2.23606797749979 0.4472135954999579 1 0 0 0.9996642498682365 -0.025911146932855036 3.193420748015191
cell 18.714987412816598 22.11893337123076 0.0 2.23606797749979 0.4472135954999579 1 0 0 0.9962305415191187 0.08674507562117592 2.9678841851629456
cell 10.970668941530365 38.98707468052301 0.0 2.23606797749979 0.4472135954999579 1 0 0 0.9730685119849444 -0.23051609701581824 3.6068087146623173
cell 21.674262145013614 25.991436591557143 0.0 2.23606797749979 0.4472135954999579 1 0 0 0.9994535084580967 -0.03305577757066584 3.207716254499566
cell 0.8522620305132144 7.88715459055989 0.0 2.23606797749979 0.4472135954999579 1 0 0 -0.022972846489050923 0.9997360893376764 6.237235571922006
cell 34.46646185623808 19.642965861401112 0.0 2.23606797749979 0.4472135954999579 1 0 0 0.9949941369955135 0.09993331448797828 2.94139185373795
cell 29.023233037193833 18.075676941443803 0.0 2.23606797749979 0.4472135954999579 1 0 0 0.9911949917807176 0.1324103027291429 2.8759920510840438
cell 32.162929278030816 4.713396459026522 0.0 2.23606797749979 0.4472135954999579 1 0 0 0.011711347368895635 -0.999931419819782 6.259762076982898
cell 16.463256907225073 35.81135642943536 0.0 2.23606797749979 0.4472135954999579 1 0 0 0.9688597998548908 -0.2476099517893836 3.6420178687555227
cell 38.77204955947635 18.537909128710073 0.0 2.23606797749979 0.4472135954999579 1 0 0 0.99432260294507 0.10640752451091383 2.928373942541681
cell 27.008184129029758 33.901243919499706 0.0 2.23606797749979 0.4472135954999579 1 0 0 0.9923371680607415 -0.12355947913935143 3.389344763336339
cell 18.631395454550695 3.83961028344472 0.0 2.23606797749979 0.4472135954999579 1 0 0 0.0550477458103903 -0.9984837232930713 6.173034136711032
cell 38.15262466017688 19.541893457990625 0.0 2.23606797749979 0.4472135954999579 1 0 0 0.9966207878574112 0.08214015589511064 2.9771270453047722
cell 23.61331633337265 41.956914552434164 0.0 2.23606797749979 0.4472135954999579 1 0 0 0.9729808117464311 -0.23088598912289135 3.6075690080384573
cell 20.713851769703968 37.135344723701174 0.0 2.23606797749979 0.4472135954999579 1 0 0 0.9853949422409651 -0.17028449079679878 3.4838293922224857
cell 1.909134806019497 5.502448111134262 0.0 2.23606797749979 0.4472135954999579 1 0 0 0.061174663443742526 -0.998127076354782 6.160759539372732
cell 11.64353737785958 36.005450536398534 0.0 2.23606797749979 0.4472135954999579 1 0 0 0.9801534684939991 -0.19824020328677835 3.5407169814891435
cell 34.74295959581463 23.025156983439533 0.0 2.23606797749979 0.4472135954999579 1 0 0 0.9994012756250714 0.03459899245614007 3.0723808551958482
cell 18.907965307629826 34.04884954952067 0.0 2.23606797749979 0.4472135954999579 1 0 0 0.9904775870669871 -0.13767406988230946 3.4178181289021836
cell 1.3765286897475848 18.4969587378918 0.0 2.23606797749979 0.4472135954999579 1 0 0 -0.9970263320268038 -0.07706161979336802 2.9873164616085717
cell 0.4123420637446715 19.513269675246146 0.0 2.23606797749979 0.4472135954999579 1 0 0 0.9963561422814584 0.08529031444431488 2.9708045317259586
cell 19.06828659235434 41.997723853298545 0.0 2.23606797749979 0.4472135954999579 1 0 0 0.9551170120566834 -0.29622878536683966 3.743076235728945
cell 31.72963730507197 32.46530029002762 0.0 2.23606797749979 0.4472135954999579 1 0 0 0.9932266627099742 -0.11619292784850221 3.3745046108759036
cell 24.727293564809262 19.30079085110758 0.0 2.23606797749979 0.4472135954999579 1 0 0 0.993278596690604 0.11574812895396798 2.9095763372993377
cell 28.198024153530902 19.135165963273373 0.0 2.23606797749979 0.4472135954999579 1 0 0 0.9922213492071934 0.12448612042093962 2.891972841366987
cell 20.452563050375097 37.79402285077003 0.0 2.23606797749979 0.4472135954999579 1 0 0 0.98240901139828 -0.18674189225627488 3.5172819477758757
cell 39.36717958196452 31.286983085167282 0.0 2.23606797749979 0.4472135954999579 1 0 0 0.997977290651148 -0.06357143497353153 3.268821317312446
cell 33.480430393043015 40.955035789620695 0.0 2.23606797749979 0.4472135954999579 1 0 0 0.9819200571025356 -0.18929606826279638 3.5224830611901408
cell 40.52914254542347 23.685466027029058 0.0 2.23606797749979 0.4472135954999579 1 0 0 0.9998924934430867 0.014662931363364237 3.112265739910361
cell 9.56140017348733 4.873928251041819 0.0 2.23606797749979 0.4472135954999579 1 0 0 -0.1228849331831857 0.9924209254124804 6.036792649614971
cell 29.939008416874422 5.992047801184869 0.0 2.23606797749979 0.4472135954999579 1 0 0 0.09725850349396095 -0.9952591539383675 6.088360324357215
cell 13.066499565497214 26.937929536311948 0.0 2.23606797749979 0.4472135954999579 1 0 0 0.9984807240263655 -0.055102121082450946 3.2518527399123482
cell 8.203312690641475 22.327518492739284 0.0 2.23606797749979 0.4472135954999579 1 0 0 0.9974263030452841 0.07169916312912551 2.998071179265358
cell 31.741531237456304 33.28755603994084 0.0 2.23606797749979 0.4472135954999579 1 0 0 0.9951925555647461 -0.09793761967961913 3.3377823842351124
cell 8.057559262572052 32.98522547044992 0.0 2.23606797749979 0.4472135954999579 1 0 0 0.9967158921026759 -0.08097796261926431 3.303726105634796
cell 21.97691523694463 27.682957776677625 0.0 2.23606797749979 0.4472135954999579 1 0 0 0.9984892471248557 -0.05494746014183913 3.251542948693578
cell 33.592430149324734 28.832891042942826 0.0 2.23606797749979 0.4472135954999579 1 0 0 0.9976960955890921 -0.06784173380951587 3.2773804179108534
cell 27.44539647168128 20.096833943328004 0.0 2.23606797749979 0.4472135954999579 1 0 0 0.9944843309986652 0.10488524871561977 2.931435628363522
cell 10.972254036410657 12.583478518059326 0.0 2.23606797749979 0.4472135954999579 1 0 0 -0.07113348482489953 0.9974668051302087 6.140798085686535
cell 2.3806364618073728 21.38123577715708 0.0 2.23606797749979 0.4472135954999579 1 0 0 0.9982344039425289 0.059397599156060354 3.0227274910858495
cell 8.180707027013984 18.634298943201646 0.0 2.23606797749979 0.4472135954999579 1 0 0 0.9961413211797236 0.08776370684009803 2.965839122894724
cell 36.28252391119056 9.028136793887132 0.0 2.23606797749979 0.4472135954999579 1 0 0 -0.10058013065879133 0.9949289609397549 6.0816843241222625
cell 11.792487427462683 14.47362230997135 0.0 2.23606797749979 0.4472135954999579 1 0 0 0.9996654657543536 0.025864194905920703 3.089858494700008
cell 42.01721652215265 27.331257084978848 0.0 2.23606797749979 0.4472135954999579 1 0 0 0.9976378529777916 -0.06869289851114305 3.2790867280763476
cell 6.191046730954775 28.775909898724976 0.0 2.23606797749979 0.4472135954999579 1 0 0 0.9980437805134934 -0.06251889457063176 3.26671204037034
cell 20.5382209735998 11.665663537464303 0.0 2.23606797749979 0.4472135954999579 1 0 0 -0.08041210809529839 0.996761703152599 6.122187266959858
cell 14.747580132960815 41.36008118933687 0.0 2.23606797749979 0.4472135954999579 1 0 0 0.9602981267819936 -0.2789758192012242 3.707047493470314
cell 21.287997147014234 19.42115655087169 0.0 2.23606797749979 0.4472135954999579 1 0 0 0.9941574898381088 0.10793926717738375 2.9252927100585127
cell 0.7922766491740701 9.036539389745839 0.0 2.23606797749979 0.4472135954999579 1 0 0 0.00455417528102296 0.9999896296899832 0.00910838204764955
cell 39.226885277452276 38.02219446474641 0.0 2.23606797749979 0.4472135954999579 1 0 0 0.9911507160130691 -0.13274132041975617 3.407861187397808
cell 24.421283595096977 9.225130212228784 0.0 2.23606797749979 0.4472135954999579 1 0 0 -0.056322306071960475 -0.9984126390619944 0.11270425256638816
cell 6.362316137909214 23.936377515129124 0.0 2.23606797749979 0.4472135954999579 1 0 0 0.9981315769737387 0.0611011869599735 3.019314114166622
cell 18.281334564668246 32.17602691456461 0.0 2.23606797749979 0.4472135954999579 1 0 0 0.9960130357122355 -0.08920780622399017 3.320245757053313
cell 38.93927169711982 38.78199716675124 0.0 2.23606797749979 0.4472135954999579 1 0 0 0.9871302947939872 -0.15991804494782913 3.462807911295408
cell 43.73267672114683 32.27679185800551 0.0 2.23606797749979 0.4472135954999579 1 0 0 0.997085942961459 -0.07628644931216916 3.2943139272208777
cell 13.87476029948133 31.49805775281361 0.0 2.23606797749979 0.4472135954999579 1 0 0 0.9943905499374597 -0.10577066793339482 3.353530422628092
cell 6.923813501327787 24.586265792055766 0.0 2.23606797749979 0.4472135954999579 1 0 0 0.9996316105523293 0.02714117139248702 3.0873036441416786
cell 42.07081156445352 5.3397818745044905 0.0 2.23606797749979 0.4472135954999579 1 0 0 0.07954930825138305 -0.9968309322832666 6.123918412580505
cell 11.375670411606402 24.415337909466484 0.0 2.23606797749979 0.4472135954999579 1 0 0 0.9990609392562816 0.04332712374894541 3.0549112713651323
cell 19.13715441664386 40.87616013300992 0.0 2.23606797749979 0.4472135954999579 1 0 0 0.9620658592162984 -0.2728173061416845 3.6942330794759752
cell 39.77528165917856 36.51893012833682 0.0 2.23606797749979 0.4472135954999579 1 0 0 0.9902757187473472 -0.13911865748139174 3.4207353772818143
cell 32.569508584116456 23.74670406829829 0.0 2.23606797749979 0.4472135954999579 1 0 0 0.9999381855283049 0.011118683481474491 3.1193548284184844
cell 19.121462034513538 23.588089840677938 0.0 2.23606797749979 0.4472135954999579 1 0 0 0.9997350334116198 0.023018752561058946 3.095551081903114
cell 5.744004224870143 21.442706662636787 0.0 2.23606797749979 0.4472135954999579 1 0 0 0.997233398329321 0.07433403834417796 2.9927873232157975
cell 2.652391216926548 36.09501070388628 0.0 2.23606797749979 0.4472135954999579 1 0 0 0.9897153590975013 -0.1430507181614414 3.4286789595635403
cell 11.76018442420976 13.484640062880977 0.0 2.23606797749979 0.4472135954999579 1 0 0 0.0660619178937282 -0.9978155255377631 6.150965180200239
cell 6.846543590393316 13.80962011058599 0.0 2.23606797749979 0.4472135954999579 1 0 0 -0.001691966192326746 -0.9999985686241776 0.003383933999214328
cell 17.895114525445532 29.354901720807877 0.0 2.23606797749979 0.4472135954999579 1 0 0 0.9988315149585045 -0.0483280945796409 3.238286507457656
cell 30.707307193893783 29.460521453396854 0.0 2.23606797749979 0.4472135954999579 1 0 0 0.9911990623206591 -0.13237982797483186 3.4071317652849835
cell 35.329308456848466 32.811973625938265 0.0 2.23606797749979 0.4472135954999579 1 0 0 0.9956332090423923 -0.09335155623741957 3.328568006137998
cell 43.94720939225881 16.229636692664453 0.0 2.23606797749979 0.4472135954999579 1 0 0 0.9937493127807489 0.11163468702777592 2.9178569176183773
cell 9.683679764217734 15.51394217134816 0.0 2.23606797749979 0.4472135954999579 1 0 0 0.9980686755550673 0.06212019700350108 3.017272214905816
cell 17.83008588322627 24.757854342823414 0.0 2.23606797749979 0.4472135954999579 1 0 0 0.9999786115766642 0.006540366137073027 3.128511828056103
cell 16.654009113281784 35.268508678574015 0.0 2.23606797749979 0.4472135954999579 1 0 0 0.9792038355082009 -0.20287890113569756 3.5501867993177827
cell 23.20198707581775 4.880678143908008 0.0 2.23606797749979 0.4472135954999579 1 0 0 0.05940883971996113 -0.9982337350356018 6.1642976237775
cell 9.657267070446794 11.663519292669989 0.0 2.23606797749979 0.4472135954999579 1 0 0 -0.026475489926774974 0.9996494627783967 6.23022813936193
cell 15.015380061888079 30.03706703563405 0.0 2.23606797749979 0.4472135954999579 1 0 0 0.9963163965270659 -0.08575335568549135 3.313310263312419
cell 33.822529799866174 26.92614587677361 0.0 2.23606797749979 0.4472135954999579 1 0 0 0.9983207769934019 -0.05792776729074191 3.2575130808541206
cell 12.403057494839294 34.083907723638966 0.0 2.23606797749979 0.4472135954999579 1 0 0 0.9790637407991998 -0.2035539030632362 3.5515655729010707
cell 26.705695792666614 21.03694791315403 0.0 2.23606797749979 0.4472135954999579 1 0 0 0.9956640017253269 0.09302255462149112 2.955278180012655
cell 1.6039471020167615 25.853507365633266 0.0 2.23606797749979 0.4472135954999579 1 0 0 0.9999431854993787 0.010659539077992393 3.120273171680373
cell 10.762755162417195 23.134482760132045 0.0 2.23606797749979 0.4472135954999579 1 0 0 0.9975264017597174 0.07029280043013506 3.000891020482907
cell 13.987172159214946 4.047049216772997 0.0 2.23606797749979 0.4472135954999579 1 0 0 0.08430441651261897 -0.9964400460421424 6.114376108914737
cell 37.032633827545126 44.061650456453854 0.0 2.23606797749979 0.4472135954999579 1 0 0 0.9704138799849374 -0.24144751299729608 3.6293070933473786
cell 6.133404558098119 4.361477696670616 0.0 2.23606797749979 0.4472135954999579 1 0 0 -0.02863264773675803 0.9995900016924852 6.2259121841976075
cell 5.163854771126469 5.835019285985351 0.0 2.23606797749979 0.4472135954999579 1 0 0 -0.1568501459095994 0.987622413540791 5.9681842889726315
cell 26.73995207774693 35.31144243903763 0.0 2.23606797749979 0.4472135954999579 1 0 0 0.9876295887286763 -0.1568049599586235 3.4565021676222605
cell 15.123829204634548 40.422813093399306 0.0 2.23606797749979 0.4472135954999579 1 0 0 0.964485856843116 -0.2641344959478036 3.676205530393509
cell 7.4376233877754405 19.59754724228823 0.0 2.23606797749979 0.4472135954999579 1 0 0 0.9973330132516213 0.07298534564172027 2.9954920564130987
cell 40.76058932259089 9.205741391109319 0.0 2.23606797749979 0.4472135954999579 1 0 0 -0.09097932935638176 0.9958527811026402 6.100974689649911
cell 23.902446814246815 41.171629998474614 0.0 2.23606797749979 0.4472135954999579 1 0 0 0.9821197295264439 -0.18825736871343102 3.5203676265444717
cell 33.68505836608746 27.65067423463405 0.0 2.23606797749979 0.4472135954999579 1 0 0 0.9988221472518322 -0.04852131654478685 3.238673405283237
cell 21.928089862402295 28.22867128537664 0.0 2.23606797749979 0.4472135954999579 1 0 0 0.9978949327309761 -0.06485139343021688 3.2713865281836054
cell 40.696529366114 20.56021031299794 0.0 2.23606797749979 0.4472135954999579 1 0 0 0.9957148643350272 0.09247653184607639 2.95637495325061
cell 29.867900714148924 21.65656201834267 0.0 2.23606797749979 0.4472135954999579 1 0 0 -0.9986167275422373 -0.05257976295908007 3.0363846127348637
cell 22.709401272021257 7.883633035390039 0.0 2.23606797749979 0.4472135954999579 1 0 0 0.09245059852234433 -0.9957172725391783 6.098019696636988
cell 2.458011054350518 24.645866483310336 0.0 2.23606797749979 0.4472135954999579 1 0 0 0.9995187973241294 0.031018926411560708 3.0795448479239838
cell 23.165618923721592 3.6699834304703907 0.0 2.23606797749979 0.4472135954999579 1 0 0 0.05045754286040165 -0.998726206909827 6.182227351301942
cell 38.10236802452856 27.75754511591305 0.0 2.23606797749979 0.4472135954999579 1 0 0 0.9978477560093637 -0.0655732859255762 3.2728333929882685
cell 16.239674317577222 43.38057971104136 0.0 2.23606797749979 0.4472135954999579 1 0 0 0.99351189632087 -0.11372823690231426 3.369542328001622
cell 38.068836983690304 41.20853594016215 0.0 2.23606797749979 0.4472135954999579 1 0 0 0.9842038899033287 -0.1770387050877756 3.4975462724423942
cell 15.076297986484608 29.488242380791295 0.0 2.23606797749979 0.4472135954999579 1 0 0 0.9971426904284969 -0.07554108104216406 3.2928188765074013
cell 23.80172699798042 31.09074260112332 0.0 2.23606797749979 0.4472135954999579 1 0 0 0.9979391460082231 -0.06416744396014605 3.270015774070158
cell 28.337540523138472 9.008748892276845 0.0 2.23606797749979 0.4472135954999579 1 0 0 0.10324788306103118 0.9946556563170068 0.20686441576647563
cell 16.252717036648356 14.089570684524274 0.0 2.23606797749979 0.4472135954999579 1 0 0 0.9994882099793896 0.03198934372874292 3.0776030493461763
cell 43.39685590070102 21.36159082080361 0.0 2.23606797749979 0.4472135954999579 1 0 0 -0.9975661652835703 -0.06972622090313269 3.002026966796638
cell 32.21110062483439 6.46092542542773 0.0 2.23606797749979 0.4472135954999579 1 0 0 0.16963602893980764 -0.9855067821611035 5.9422646399178065
cell 14.609294126557065 32.919210793553546 0.0 2.23606797749979 0.4472135954999579 1 0 0 0.991752307005628 -0.12816926912881454 3.3986382589225808
cell 33.462537542842824 12.762919463538319 0.0 2.23606797749979 0.4472135954999579 1 0 0 -0.052365899302925054 0.998627965055153 6.1784055837083605
cell 17.078806865878228 34.11353068272105 0.0 2.23606797749979 0.4472135954999579 1 0 0 0.9871063714904691 -0.1600656470418307 3.4631069678295052
cell 7.132275116538416 42.089197851414546 0.0 2.23606797749979 0.4472135954999579 1 0 0 0.9664900400509892 -0.25670411465778536 3.6608136352832896
cell 43.575917154893936 26.893010232250404 0.0 2.23606797749979 0.4472135954999579 1 0 0 0.998218543793115 -0.05966354689048401 3.26099065656594
cell 39.31373289220184 31.820503419917472 0.0 2.23606797749979 0.4472135954999579 1 0 0 0.9971573638081119 -0.07534714197138896 3.292429889765408
cell 44.55838768283109 14.982280127018852 0.0 2.23606797749979 0.4472135954999579 1 0 0 0.9940947205663045 0.10851583544442174 2.9241327601329266
cell 16.866949672418322 34.66398103981299 0.0 2.23606797749979 0.4472135954999579 1 0 0 0.982318279276152 -0.18721858401328598 3.5182524473458057
cell 41.75357880539294 3.0860473277674902 0.0 2.23606797749979 0.4472135954999579 1 0 0 -0.0565165016114521 0.998401665185712 6.170092043900552
cell 34.874066443728424 37.05735677954535 0.0 2.23606797749979 0.4472135954999579 1 0 0 0.9893152881195629 -0.14579184028232237 3.43421928885926
cell 35.62627410869012 35.00419289528426 0.0 2.23606797749979 0.4472135954999579 1 0 0 0.9927254416011948 -0.1204001561365794 3.3829785755499193
cell 21.06087321000734 14.950559728877671 0.0 2.23606797749979 0.4472135954999579 1 0 0 0.9860033613204547 0.1667254373656428 2.806577285814722
cell 24.756491595039353 38.93956917699327 0.0 2.23606797749979 0.4472135954999579 1 0 0 0.9932079077982499 -0.11635313440996406 3.374827212110282
cell 20.760109221536506 12.788937188333563 0.0 2.23606797749979 0.4472135954999579 1 0 0 0.08827068954756975 -0.996096524121431 6.106413860480716
cell 19.34369340562341 31.18476625068464 0.0 2.23606797749979 0.4472135954999579 1 0 0 0.9954394609514907 -0.09539538553098724 3.3326739910304863
cell 32.84777824012657 28.066161955969847 0.0 2.23606797749979 0.4472135954999579 1 0 0 0.9991716323166885 -0.04069458408196765 3.223004302588423
cell 36.00794657218986 17.599402702741383 0.0 2.23606797749979 0.4472135954999579 1 0 0 0.9926310988990296 0.12117549875492527 2.8986446090323152
cell 16.24442515450376 13.048674239406587 0.0 2.23606797749979 0.4472135954999579 1 0 0 -0.07044018888597091 0.9975160047787247 6.142188164653783
cell 7.901640178898779 40.412101435129436 0.0 2.23606797749979 0.4472135954999579 1 0 0 0.9799980541833679 -0.19900706971565774 3.5422818939581684
cell 28.53069697775261 41.58431849630661 0.0 2.23606797749979 0.4472135954999579 1 0 0 0.9865101321250033 -0.16370021140703703 3.4704732626487895
cell 34.04929794596055 15.295995455468809 0.0 2.23606797749979 0.4472135954999579 1 0 0 0.9837700293802378 0.179433913442264 2.7807706629598385
cell 29.117864453698875 39.930849912537724 0.0 2.23606797749979 0.4472135954999579 1 0 0 0.9899650926730319 -0.14131212010608066 3.4251660742252463
cell 12.750570321742828 32.925601091554164 0.0 2.23606797749979 0.4472135954999579 1 0 0 0.9894741071768928 -0.14471002462335114 3.432032465837543
cell 18.204164681074054 8.158106990108687 0.0 2.23606797749979 0.4472135954999579 1 0 0 -0.07855426414473879 0.9969098392455953 6.125914748389526
cell 31.086133871330343 31.64185073844981 0.0 2.23606797749979 0.4472135954999579 1 0 0 0.9946357675494014 -0.10343930544726722 3.3488419750233795
cell 41.4899371187192 22.940140014492542 0.0 2.23606797749979 0.4472135954999579 1 0 0 0.9995006623939524 0.031597877682693634 3.07838637745061
cell 27.463290993614454 31.303567853985736 0.0 2.23606797749979 0.4472135954999579 1 0 0 0.9958004909742159 -0.09154988899780607 3.32494917263519
cell 35.964016384425626 26.16214526327381 0.0 2.23606797749979 0.4472135954999579 1 0 0 0.9990952958967169 -0.042527517174786963 3.226673347104715
cell 5.556769126419307 8.95580068954426 0.0 2.23606797749979 0.4472135954999579 1 0 0 -0.025036450003644295 -0.9996865389566947 0.05007813263121008
cell 3.85107265371283 31.449569439059793 0.0 2.23606797749979 0.4472135954999579 1 0 0 0.9971841532548488 -0.07499176286373306 3.291717114945541
cell 27.322595773319964 15.876956417714679 0.0 2.23606797749979 0.4472135954999579 1 0 0 0.9887591696422054 0.14951690355426858 2.8414333213505536
cell 27.542624550117747 23.019246348610206 0.0 2.23606797749979 0.4472135954999579 1 0 0 0.9985195667371345 0.054393702237346596 3.032751533140533
cell 27.856462169246768 43.30027093498814 0.0 2.23606797749979 0.4472135954999579 1 0 0 0.9875989337299304 -0.15699791748779562 3.456892922466805
cell 7.550405962312513 41.20928215447574 0.0 2.23606797749979 0.4472135954999579 1 0 0 0.9750566058524618 -0.22195633665988676 3.589233446639464
cell 43.805173786557916 29.541970791038448 0.0 2.23606797749979 0.4472135954999579 1 0 0 0.9952598361058368 -0.09725152253092456 3.33640360798426
cell 23.305512114137727 29.059219461983773 0.0 2.23606797749979 0.4472135954999579 1 0 0 0.998595572906935 -0.052980012935730285 3.247602311721368
cell 31.26414392017469 1.3567901805516076 0.0 2.23606797749979 0.4472135954999579 1 0 0 0.9989732393843267 -0.045304160890417146 3.232231999131344
cell 15.38940298548631 18.549827380727265 0.0 2.23606797749979 0.4472135954999579 1 0 0 0.994481912046362 0.10490818181920733 2.931389507714332
cell 33.181567371481606 41.779640752068275 0.0 2.23606797749979 0.4472135954999579 1 0 0 0.9793038556454052 -0.2023955491557146 3.549199615101243
cell 10.704898021436174 39.784241378925316 0.0 2.23606797749979 0.4472135954999579 1 0 0 0.9721381122881942 -0.23440881091961183 3.614813434898832
cell 1.741190906847443 17.501353927564423 0.0 2.23606797749979 0.4472135954999579 1 0 0 0.9969478215362987 0.0780707444183054 2.9852921133250585
cell 20.03652557841914 9.623270871217711 0.0 2.23606797749979 0.4472135954999579 1 0 0 -0.025449140419663435 -0.9996761181762323 0.05090377656066103
cell 14.103196980331473 15.29180850129522 0.0 2.23606797749979 0.4472135954999579 1 0 0 0.9955544410470049 0.0941878702996604 2.9529372705069954
cell 25.55759664331801 36.721782871985845 0.0 2.23606797749979 0.4472135954999579 1 0 0 0.9943261687990032 -0.10637419819437538 3.3547443315508993
cell 29.22486136854021 27.57758978297902 0.0 2.23606797749979 0.4472135954999579 1 0 0 0.9995819893506043 -0.02891101115299088 3.199422733983502
cell 22.25525255619795 26.544254578920047 0.0 2.23606797749979 0.4472135954999579 1 0 0 0.9986789311541224 -0.05138474938013889 3.2444074314720823
cell 5.430170893213146 1.2797047475193675 0.0 2.23606797749979 0.4472135954999579 1 0 0 0.9962776242625774 -0.08620264145439349 3.3142121746031297
cell 10.265884385676337 2.3577397083135017 0.0 2.23606797749979 0.4472135954999579 1 0 0 0.028035160521252156 -0.9996069376382637 6.22710763860425
cell 25.01637404209421 38.17712648144416 0.0 2.23606797749979 0.4472135954999579 1 0 0 0.9944772714874892 -0.10495216288766414 3.3518842498845767
cell 2.314589944257127 13.582054834867316 0.0 2.23606797749979 0.4472135954999579 1 0 0 -0.03168959710996379 0.9994977585942892 6.21979550027571
cell 18.780246353253865 43.05433853185841 0.0 2.23606797749979 0.4472135954999579 1 0 0 0.957185530790114 -0.2894751451265682 3.7289495753071518
cell 22.35268325095991 29.637551046289584 0.0 2.23606797749979 0.4472135954999579 1 0 0 0.9989395807061046 -0.04604035293861384 3.2337059213315005
cell 19.021856370673394 33.4984340159935 0.0 2.23606797749979 0.4472135954999579 1 0 0 0.9940559744897359 -0.10887019601921134 3.3597654921406477
cell 26.805713938179878 29.751814158033085 0.0 2.23606797749979 0.4472135954999579 1 0 0 0.9980127651074211 -0.06301206775403857 3.2677003353651957
cell 32.85796130156145 42.71235825365783 0.0 2.23606797749979 0.4472135954999579 1 0 0 0.9738786583159307 -0.22706906191016565 3.599726793680503
cell 37.406648034804164 43.06399650346909 0.0 2.23606797749979 0.4472135954999579 1 0 0 0.9686582078636125 -0.24839741612676758 3.6436435863816565
cell 27.683960445930417 4.075672403680968 0.0 2.23606797749979 0.4472135954999579 1 0 0 0.0032009948417179085 -0.9999948768028881 6.276783306563243
cell 28.26395067513551 14.556399138157838 0.0 2.23606797749979 0.4472135954999579 1 0 0 0.9920963281660583 0.12547858637801368 2.88997222244264
cell 3.403543245374696 27.365152408350546 0.0 2.23606797749979 0.4472135954999579 1 0 0 0.9978345652944988 -0.06577370525931062 3.27323509887286
cell 36.634726904111915 29.723224949283168 0.0 2.23606797749979 0.4472135954999579 1 0 0 0.9969673434548514 -0.077821051679969 3.2973922844047876
cell 2.176513271588384 11.646305218169468 0.0 2.23606797749979 0.4472135954999579 1 0 0 0.11619230884941588 -0.9932267351235778 6.050274596334167
cell 23.570666185012936 23.04706242038542 0.0 2.23606797749979 0.4472135954999579 1 0 0 0.9979093773557427 0.06462874426657146 3.012245013452128
