500
 Lattice="44.590915899463575 0.0 0.0 0.0 44.590915899463575 0.0 0.0 0.0 1.0"Properties=species:S:1:pos:R:3:aspherical_shape:R:3:orientation:R:4:Color:R:1
cell 42.643849310525546 16.145097260552134 0.0 2.23606797749979 0.4472135954999579 1 0 0 0.05416853505673381 0.9985318071097221 0.1083901211758168
cell 42.62832207233222 40.68285978341581 0.0 2.23606797749979 0.4472135954999579 1 0 0 -0.9999185445806719 -0.012763393109630894 3.1160651742495897
cell 44.284374057845234 7.378712009848195 0.0 2.23606797749979 0.4472135954999579 1 0 0 0.998654031529886 -0.05186641793208408 3.245372054900638
cell 0.13929090791654883 6.03276291241739 0.0 2.23606797749979 0.4472135954999579 1 0 0 0.9822130705945868 -0.18776976314932375 3.5193747081264477
cell 27.028625033443834 39.460307414920194 0.0 2.23606797749979 0.4472135954999579 1 0 0 0.9995307199740991 -0.03063233304955629 3.2028669049162235
cell 34.025288330869614 0.7372753782716363 0.0 2.23606797749979 0.4472135954999579 1 0 0 0.9917439623844 -0.1282338218805393 3.3987684386515737
cell 24.41157701705756 23.597798557013952 0.0 2.23606797749979 0.4472135954999579 1 0 0 0.12802142275301145 0.9917714027518109 0.25674745638744945
cell 10.240973383130257 36.095531636655394 0.0 1.0 1.0 1 0 0 0.0 1.0 0
cell 1.604505249769063 27.590900070261192 0.0 2.23606797749979 0.4472135954999579 1 0 0 -0.12265233165916137 -0.992449699248567 0.2459239085790248
cell 29.746912950996222 44.05440058732243 0.0 2.23606797749979 0.4472135954999579 1 0 0 0.9926249706499286 -0.12122568887091707 3.3846418238745786
cell 7.622950766410427 0.27752861630476644 0.0 2.23606797749979 0.4472135954999579 1 0 0 0.9956267346283769 -0.09342058281361508 3.3287066652344905
cell 20.547804511706513 36.58153189214251 0.0 1.0 1.0 1 0 0 0.0 1.0 0
cell 14.04261917413857 3.806617061120091 0.0 2.23606797749979 0.4472135954999579 1 0 0 0.9888689826181006 -0.14878889480012508 3.4402794972412742
cell 31.356673450953647 33.425728169405275 0.0 2.23606797749979 0.4472135954999579 1 0 0 -0.10919176010160239 0.9940207037712615 6.064365483362815
cell 40.4020221922183 38.798898399327726 0.0 2.23606797749979 0.4472135954999579 1 0 0 0.9990464356623437 0.04366027244952194 3.0542443428473334
cell 10.592036838948559 39.95249531473537 0.0 2.23606797749979 0.4472135954999579 1 0 0 0.9999271373989793 0.012071449502137364 3.1174491681969556
cell 38.12689399000275 23.18603045475005 0.0 2.23606797749979 0.4472135954999579 1 0 0 0.03109269952436777 0.9995165051345012 0.062195423094441864
cell 17.001762598448803 8.633965996128339 0.0 2.23606797749979 0.4472135954999579 1 0 0 0.9788826394350841 -0.20442303738229484 3.553341176708704
cell 34.813413381617956 26.948196588490475 0.0 2.23606797749979 0.4472135954999579 1 0 0 0.11144632034298645 0.9937704552269646 0.22335663698129257
cell 2.201770680945833 0.31609341844610805 0.0 2.23606797749979 0.4472135954999579 1 0 0 0.9967252477872282 -0.08086272579803813 3.30349487368359
cell 21.617139273584854 25.920541715065756 0.0 2.23606797749979 0.4472135954999579 1 0 0 0.1421225285757133 0.9898490727738475 0.28521076304569265
cell 43.76575078684229 41.37752659765876 0.0 2.23606797749979 0.4472135954999579 1 0 0 0.9997845830586558 -0.020755420454181134 3.1831064754678113
cell 3.5357330366025495 32.09991106115121 0.0 2.23606797749979 0.4472135954999579 1 0 0 0.058605636080505195 0.9982812125947275 0.11727847211703761
cell 42.06009301429323 12.423136122243301 0.0 2.23606797749979 0.4472135954999579 1 0 0 0.9999622519168739 -0.008688770991020865 3.1589704142314363
cell 33.41647363161285 29.91197414924511 0.0 2.23606797749979 0.4472135954999579 1 0 0 0.08158370685266507 0.996666493254478 0.16334896236395682
cell 9.680746224024203 43.13908555489951 0.0 2.23606797749979 0.4472135954999579 1 0 0 0.9982304820258873 -0.05946347411953572 3.260589799308497
cell 3.833397449362115 19.394097942744022 0.0 2.23606797749979 0.4472135954999579 1 0 0 0.0920899312532398 0.9957506939800612 0.18444118560335798
cell 30.600709599473383 26.366251392831057 0.0 2.23606797749979 0.4472135954999579 1 0 0 0.10243969095427907 0.9947392169393905 0.20523941497220283
cell 27.67464576638059 0.24684102139391983 0.0 2.23606797749979 0.4472135954999579 1 0 0 0.9911250656738947 -0.1329327055051461 3.4082473800488273
cell 9.198942518626394 44.40712158544223 0.0 2.23606797749979 0.4472135954999579 1 0 0 0.9969128308730861 -0.07851628901450732 3.2987870268076938
cell 0.24298006215023737 37.38038193851637 0.0 1.0 1.0 1 0 0 0.0 1.0 0
cell 33.50018968325569 43.699666216437166 0.0 2.23606797749979 0.4472135954999579 1 0 0 -0.9958004785841833 0.09155002376576105 3.3249494433077933
cell 5.35139994547205 2.2151828328795196 0.0 2.23606797749979 0.4472135954999579 1 0 0 0.9933777649605116 -0.11489393405249353 3.37188910555882
cell 32.30383353449053 30.4506829133881 0.0 2.23606797749979 0.4472135954999579 1 0 0 -0.06088594476983669 -0.9981447298510795 0.12184725205364888
cell 34.29066372530937 23.70441503261027 0.0 2.23606797749979 0.4472135954999579 1 0 0 0.21979410882728065 0.9755462827179556 0.443206826587998
cell 22.87914498248069 1.146119880786542 0.0 2.23606797749979 0.4472135954999579 1 0 0 0.9917376500109701 -0.1282826315239848 3.39886687090954
cell 37.87524630960498 24.43860999164909 0.0 2.23606797749979 0.4472135954999579 1 0 0 0.18876768212786732 0.9820217727647755 0.3798142329109663
cell 0.01841910996976992 32.50214627586394 0.0 2.23606797749979 0.4472135954999579 1 0 0 0.04928795913211866 0.9987846099558155 0.09861587375273147
cell 7.978703006257201 35.00941506054185 0.0 2.23606797749979 0.4472135954999579 1 0 0 0.03477080531514536 0.9993953127255182 0.06955563099718934
cell 14.68552475908372 3.0862551232049986 0.0 2.23606797749979 0.4472135954999579 1 0 0 0.9918134923508345 -0.12769493486760264 3.397681730528465
cell 41.42137088977199 1.3439704640467574 0.0 2.23606797749979 0.4472135954999579 1 0 0 0.9949180282170134 -0.10068821742771154 3.3433109131902943
cell 11.12361770359632 37.69978081043561 0.0 2.23606797749979 0.4472135954999579 1 0 0 0.9963016572508528 0.08592443051428486 2.9695316266667686
cell 9.180145432539348 5.679827545681538 0.0 2.23606797749979 0.4472135954999579 1 0 0 0.9833638153281434 -0.18164692869211138 3.5069146213254117
cell 2.67902884148611 33.367149296896976 0.0 2.23606797749979 0.4472135954999579 1 0 0 0.03883548172242517 0.9992456181336935 0.0776905005291334
cell 21.575991975137285 14.18714973628497 0.0 2.23606797749979 0.4472135954999579 1 0 0 -0.022355655024320853 0.9997500811144922 6.238470272024959
cell 43.91733189374931 18.66137669538748 0.0 2.23606797749979 0.4472135954999579 1 0 0 0.07789527152683648 0.9969615472392906 0.15594852247743948
cell 2.2159084379756133 28.53672919739821 0.0 2.23606797749979 0.4472135954999579 1 0 0 -0.12525167851888622 -0.9921250007071698 0.2511630066555677
cell 24.600763361618835 28.8686484207659 0.0 2.23606797749979 0.4472135954999579 1 0 0 0.09847217081140658 0.9951398050403215 0.19726402583242494
cell 37.926933027561766 44.13051180901827 0.0 2.23606797749979 0.4472135954999579 1 0 0 0.9963844695804854 -0.08495874751204018 3.3117152258537628
cell 16.759901504032637 19.09587032127786 0.0 2.23606797749979 0.4472135954999579 1 0 0 0.064829999275807 0.9978963228682121 0.1297509960525839
cell 11.086133177436931 33.83335463848979 0.0 2.23606797749979 0.4472135954999579 1 0 0 -0.018722104220051525 -0.9998247260463073 0.03744639625830981
cell 43.364106029654046 43.88747223028375 0.0 2.23606797749979 0.4472135954999579 1 0 0 0.9979118166577007 -0.06459106884800436 3.270864785122428
cell 33.82409874159099 27.591014687513262 0.0 2.23606797749979 0.4472135954999579 1 0 0 -0.09501872378863847 -0.9954754854488274 0.19032457635748212
cell 17.945936146750196 1.4173082637848868 0.0 2.23606797749979 0.4472135954999579 1 0 0 0.9930005608207352 -0.11810963639646625 3.37836460822222
cell 26.082080688671446 30.433096648200298 0.0 2.23606797749979 0.4472135954999579 1 0 0 0.061423477855888205 0.9981117955259757 0.12292433421463676
cell 14.640093643692476 41.8529248945346 0.0 2.23606797749979 0.4472135954999579 1 0 0 0.9985868009727965 -0.053145093121721484 3.247932937883053
cell 32.738981423807886 32.53267598778994 0.0 2.23606797749979 0.4472135954999579 1 0 0 0.06182797456583168 -0.9980868206529364 6.159450438980748
cell 7.715055036639521 16.512481829758674 0.0 2.23606797749979 0.4472135954999579 1 0 0 0.06233876512174273 0.998055047761944 0.12475842379444915
cell 10.316388410301226 2.1911214037243623 0.0 2.23606797749979 0.4472135954999579 1 0 0 0.9928330996363877 -0.11950914720808117 3.381183596756426
cell 43.197137389427084 37.587127745417376 0.0 1.0 1.0 1 0 0 0.0 1.0 0
cell 8.114658477528753 31.468541075999685 0.0 2.23606797749979 0.4472135954999579 1 0 0 -0.06548033927296745 -0.9978538596250941 0.13105444571245872
cell 3.529434553087011 25.847202629986803 0.0 2.23606797749979 0.4472135954999579 1 0 0 -0.1417030609060702 -0.9899092092358018 0.2843632501605535
cell 19.156957586965156 30.046288832421386 0.0 2.23606797749979 0.4472135954999579 1 0 0 0.09173776471620418 0.9957832005636942 0.1837338583832092
cell 31.824523728024054 18.653260953643347 0.0 2.23606797749979 0.4472135954999579 1 0 0 -0.003476762227716206 -0.9999939560439413 0.006953538464398612
cell 24.83534926399749 40.43167996068738 0.0 2.23606797749979 0.4472135954999579 1 0 0 0.9955859079362617 -0.09385467446392584 3.3295786798735194
cell 28.381692941313272 24.208344847165527 0.0 2.23606797749979 0.4472135954999579 1 0 0 0.139246933625114 0.9902576894303842 0.27940179762233347
cell 39.85321814180193 7.887677462192171 0.0 2.23606797749979 0.4472135954999579 1 0 0 0.9999439620770729 0.010586439703951518 3.1204193786782968
cell 35.78645482062133 16.798213751040045 0.0 2.23606797749979 0.4472135954999579 1 0 0 -0.0896224556307535 -0.9959758106734891 0.17948573744443141
cell 13.090992801312677 27.72741354065362 0.0 2.23606797749979 0.4472135954999579 1 0 0 0.15294401889228967 0.9882348542148647 0.30709331760050257
cell 4.914801036555535 2.98476775155875 0.0 2.23606797749979 0.4472135954999579 1 0 0 0.9919346380253113 -0.12675043939014383 3.3957772641466133
cell 27.18228822601858 2.3860964587789675 0.0 2.23606797749979 0.4472135954999579 1 0 0 0.9909138400504441 -0.13449818436128724 3.4114067096181637
cell 34.98562303680773 17.83558599918714 0.0 2.23606797749979 0.4472135954999579 1 0 0 0.03835001906137424 0.9992643674413655 0.07671885134047492
cell 11.60064824118455 33.101588223830646 0.0 2.23606797749979 0.4472135954999579 1 0 0 0.01955589263269864 0.9998087652463037 0.0391142786336664
cell 20.18862846951436 28.121432222816026 0.0 2.23606797749979 0.4472135954999579 1 0 0 -0.12242718528639586 -0.9924774981342652 0.2454701964789603
cell 31.918452895885725 4.040009819918922 0.0 2.23606797749979 0.4472135954999579 1 0 0 0.9820250562378908 -0.18875059978968922 3.521372096417498
cell 41.31794187183794 25.036215907470442 0.0 2.23606797749979 0.4472135954999579 1 0 0 0.18172803863784956 0.9833488292426245 0.365486933260025
cell 17.561869858772223 24.131688468632532 0.0 2.23606797749979 0.4472135954999579 1 0 0 0.16066832073672488 0.9870084552381712 0.32273546646046636
cell 13.575164801290125 0.5452839901113895 0.0 2.23606797749979 0.4472135954999579 1 0 0 -0.9951576829004992 0.098291333107805 3.3384932408826034
cell 37.92982307840284 15.587538349639033 0.0 2.23606797749979 0.4472135954999579 1 0 0 0.05797662917011609 0.9983179405730775 0.1160183155381238
cell 25.02326354068616 3.8749412315063108 0.0 2.23606797749979 0.4472135954999579 1 0 0 0.990352001090299 -0.13857457896901787 3.4196365771524633
cell 21.383449017955407 0.04012932019528078 0.0 2.23606797749979 0.4472135954999579 1 0 0 -0.9939228412425969 0.11007899734392361 3.3621977135831878
cell 40.463719134924865 33.60180378790185 0.0 2.23606797749979 0.4472135954999579 1 0 0 -0.016523863409964642 0.9998634716490091 6.250136076293636
cell 18.744503213842442 34.96348241057485 0.0 2.23606797749979 0.4472135954999579 1 0 0 -0.11560730540871741 0.9932949969350171 6.051452541512106
cell 22.1605103581599 6.811239256944381 0.0 2.23606797749979 0.4472135954999579 1 0 0 0.9867894111475458 -0.1620082036412966 3.467043459288541
cell 43.86975888820934 8.604763036165956 0.0 2.23606797749979 0.4472135954999579 1 0 0 0.9999247567994664 0.012267059123037006 3.117057919983339
cell 38.01756059927483 37.827467304735165 0.0 1.0 1.0 1 0 0 0.0 1.0 0
cell 21.676730794483017 7.684254863149835 0.0 2.23606797749979 0.4472135954999579 1 0 0 0.9850666773414071 -0.17217328826377307 3.487663614355431
cell 32.98612391330778 2.714841766274849 0.0 2.23606797749979 0.4472135954999579 1 0 0 0.9876445801869332 -0.15671050771207537 3.45631089848512
cell 5.681388381920252 5.1631255472570095 0.0 2.23606797749979 0.4472135954999579 1 0 0 0.9847045683144666 -0.17423235388589572 3.4918449422668223
cell 34.19168027482923 40.02479390338732 0.0 2.23606797749979 0.4472135954999579 1 0 0 0.999957437466108 0.00922622654257015 3.123139938705809
cell 12.495737067899752 31.95809901095568 0.0 2.23606797749979 0.4472135954999579 1 0 0 -0.055465816514958 -0.9984605867025143 0.1109885913147286
cell 4.1949519278534995 32.78111335380293 0.0 2.23606797749979 0.4472135954999579 1 0 0 0.06416859892617305 0.9979390717432863 0.12842543518276847
cell 12.015407884087608 0.9674208510723735 0.0 2.23606797749979 0.4472135954999579 1 0 0 0.9932416690202237 -0.11606458082430011 3.374246168247902
cell 19.17169069557431 23.68257526797841 0.0 2.23606797749979 0.4472135954999579 1 0 0 0.11595674206747561 0.993254264510904 0.23243637098336323
cell 28.079879785827583 36.072867465305244 0.0 1.0 1.0 1 0 0 0.0 1.0 0
cell 11.963085168685655 36.31707118725808 0.0 1.0 1.0 1 0 0 0.0 1.0 0
cell 36.782097786717046 30.87199389613135 0.0 2.23606797749979 0.4472135954999579 1 0 0 0.05848040537335062 0.9982885565743848 0.1170275803947965
cell 42.683024757384 42.55612921585 0.0 2.23606797749979 0.4472135954999579 1 0 0 0.9993104374426816 -0.03713017126430193 3.2158700698784273
cell 17.116898979687594 7.485656868576048 0.0 2.23606797749979 0.4472135954999579 1 0 0 0.9756540562307434 -0.2193152127885737 3.5838177336712302
cell 24.027233370975765 4.489590955160445 0.0 2.23606797749979 0.4472135954999579 1 0 0 0.9905423551343708 -0.13720729822008026 3.416875641360998
cell 23.57479342787234 30.766561407163604 0.0 2.23606797749979 0.4472135954999579 1 0 0 0.05663561320248822 0.9983949155104799 0.11333186863732919
cell 12.325872874235673 14.827638408608758 0.0 2.23606797749979 0.4472135954999579 1 0 0 0.0003522697776815243 -0.9999999379529999 6.282480767609652
cell 13.152874162020463 7.773033572979331 0.0 2.23606797749979 0.4472135954999579 1 0 0 0.9731997071875123 -0.2299615835963487 3.60566907029264
cell 37.70738639737993 11.594479705459603 0.0 2.23606797749979 0.4472135954999579 1 0 0 0.9999531487681944 -0.009679889905012909 3.1609527357486624
cell 8.283120873158152 20.1081701347688 0.0 2.23606797749979 0.4472135954999579 1 0 0 0.1344479273329501 0.990920660212448 0.2697126206596357
cell 0.3782859376367093 33.75286432639106 0.0 2.23606797749979 0.4472135954999579 1 0 0 -0.0266973118964667 -0.9996435632451713 0.05340096863303323
cell 39.327590303352984 41.07854859313763 0.0 2.23606797749979 0.4472135954999579 1 0 0 0.9998876782149566 -0.014987693415043168 3.171569162766624
cell 41.40200229125507 5.762837633239057 0.0 2.23606797749979 0.4472135954999579 1 0 0 0.9885470641118306 -0.15091289552546644 3.4445760132162433
cell 43.79090014441326 22.53130631432536 0.0 2.23606797749979 0.4472135954999579 1 0 0 -0.06010488376983465 -0.9981920671629356 0.1202822636983436
cell 38.22595588222875 28.226164098380504 0.0 2.23606797749979 0.4472135954999579 1 0 0 -0.1052423549957815 -0.994446603249738 0.2108752126106097
cell 36.56148947095687 20.08241319245508 0.0 2.23606797749979 0.4472135954999579 1 0 0 0.04588819721456258 -0.9989465818332817 6.191376672858161
cell 2.1441464636608782 24.661029469001818 0.0 2.23606797749979 0.4472135954999579 1 0 0 -0.09614309573459695 -0.995367522648076 0.1925836632304092
cell 8.133029350107996 42.28295965113486 0.0 2.23606797749979 0.4472135954999579 1 0 0 0.998833704445724 -0.048282821616306947 3.238195855705027
cell 33.40326193412885 44.400572491372515 0.0 2.23606797749979 0.4472135954999579 1 0 0 0.9938694387489085 -0.11056011360761818 3.3631658554944783
cell 40.241119259951645 17.051940153463914 0.0 2.23606797749979 0.4472135954999579 1 0 0 -0.11228703249234136 -0.9936758134995859 0.22504868191843386
cell 14.473875008687523 32.77604497255138 0.0 2.23606797749979 0.4472135954999579 1 0 0 0.032782208478100254 0.9994625189607154 0.0655761660258554
cell 17.095548997837444 36.46601039726736 0.0 1.0 1.0 1 0 0 0.0 1.0 0
cell 31.516579794051104 7.434928443580242 0.0 2.23606797749979 0.4472135954999579 1 0 0 0.9993397057550614 -0.0363339029198265 3.214276457699615
cell 37.880567132644316 39.67756831957473 0.0 2.23606797749979 0.4472135954999579 1 0 0 0.9990133724068275 0.04441037888081237 3.0527426732916543
cell 17.74624322102654 26.061445109148128 0.0 2.23606797749979 0.4472135954999579 1 0 0 0.15528703497380722 0.9878693925661649 0.31183601270351513
cell 0.7548753543081093 42.16055594212061 0.0 2.23606797749979 0.4472135954999579 1 0 0 0.9994235013276525 -0.03395092037008607 3.209507545780018
cell 6.391479937707709 25.97361342314826 0.0 2.23606797749979 0.4472135954999579 1 0 0 0.14768491153452049 0.9890344619400483 0.2964542105995556
cell 17.878367754367964 41.75886360942097 0.0 2.23606797749979 0.4472135954999579 1 0 0 0.9972973860808997 -0.07347056360342481 3.2886662991112754
cell 5.035374486536412 35.72070332225757 0.0 1.0 1.0 1 0 0 0.0 1.0 0
cell 3.721265251137641 30.864925740182542 0.0 2.23606797749979 0.4472135954999579 1 0 0 0.0738696535955701 0.9972679049672011 0.14787400034287718
cell 0.09129513055222964 17.673098934679743 0.0 2.23606797749979 0.4472135954999579 1 0 0 0.14054894703048987 0.9900737313395506 0.28203168715317284
cell 0.4115835700662462 34.54606096309927 0.0 2.23606797749979 0.4472135954999579 1 0 0 0.052415952267567845 -0.9986253391276851 6.17830534010976
cell 21.377041609110563 35.05457584934595 0.0 2.23606797749979 0.4472135954999579 1 0 0 -0.10841471204966055 0.9941057540378635 6.065928860801554
cell 9.830538572429177 38.582484096086155 0.0 2.23606797749979 0.4472135954999579 1 0 0 0.9973881984890255 0.0722272906512228 2.9970121785224784
cell 9.737582629932065 7.1323666790975215 0.0 2.23606797749979 0.4472135954999579 1 0 0 0.9767051439883583 -0.21458579101767256 3.574128097625743
cell 40.62642814760572 36.13683310687142 0.0 1.0 1.0 1 0 0 0.0 1.0 0
cell 42.45732452168089 35.93422254269168 0.0 1.0 1.0 1 0 0 0.0 1.0 0
cell 25.455992829402962 27.400753308350392 0.0 2.23606797749979 0.4472135954999579 1 0 0 0.12131787473824605 0.9926137079795923 0.24323491292269597
cell 15.410718604099584 36.19718216902493 0.0 1.0 1.0 1 0 0 0.0 1.0 0
cell 40.98128150769022 20.348916241357976 0.0 2.23606797749979 0.4472135954999579 1 0 0 0.005576346104340111 -0.9999844520611931 6.272032557170088
cell 32.19107750153929 21.13294274550394 0.0 2.23606797749979 0.4472135954999579 1 0 0 0.18353286269787178 -0.9830135748350193 5.914026978352891
cell 32.479803945223296 37.6790792331396 0.0 1.0 1.0 1 0 0 0.0 1.0 0
cell 26.30316641718918 25.775801971983274 0.0 2.23606797749979 0.4472135954999579 1 0 0 -0.10219405351224084 -0.9947644823910519 0.20474554820357582
cell 17.24087510502714 24.991611550593067 0.0 2.23606797749979 0.4472135954999579 1 0 0 0.14855215872187216 0.9889045738285731 0.2982080505634641
cell 31.96823631474989 1.5761592118748282 0.0 2.23606797749979 0.4472135954999579 1 0 0 0.9895766762823959 -0.14400695038048114 3.4306114326449273
cell 39.00523760091785 26.698690824941302 0.0 2.23606797749979 0.4472135954999579 1 0 0 -0.15401234192919788 -0.9880689239792353 0.3092555822171814
cell 24.584625045009606 2.4396722181068182 0.0 2.23606797749979 0.4472135954999579 1 0 0 0.9878995288934284 -0.15509519919114936 3.4530402893328827
cell 29.151109188519822 31.972392927999703 0.0 2.23606797749979 0.4472135954999579 1 0 0 -0.005434234750006078 0.99998523443733 6.272316784186236
cell 35.423800059388846 8.47634539584615 0.0 2.23606797749979 0.4472135954999579 1 0 0 0.9999173530239981 -0.012856403909382934 3.1673061697939144
cell 9.306337965461495 23.142282685424522 0.0 2.23606797749979 0.4472135954999579 1 0 0 0.1969691210833716 0.980409692597765 0.39653102807500873
cell 1.0429967722835551 29.849319830575816 0.0 2.23606797749979 0.4472135954999579 1 0 0 0.07792115622289424 0.9969595244606911 0.15600044970048493
cell 14.223288360627686 37.69796167891961 0.0 2.23606797749979 0.4472135954999579 1 0 0 0.9974948178562987 0.07073958121044768 2.9999952289625953
cell 9.411847437014089 29.41023268989731 0.0 2.23606797749979 0.4472135954999579 1 0 0 0.12909013539235586 0.9916328639896841 0.2589027659304141
cell 17.229209427945953 30.94711892572665 0.0 2.23606797749979 0.4472135954999579 1 0 0 -0.08060595976171289 -0.9967460455155531 0.16138700618373392
cell 36.21396510379745 3.0001322903914103 0.0 2.23606797749979 0.4472135954999579 1 0 0 0.9881521119467661 -0.15347769758224095 3.4497660808775534
cell 24.754473191400425 21.05459163844644 0.0 2.23606797749979 0.4472135954999579 1 0 0 -0.15319482659125733 -0.9881960054086814 0.3076009148106964
cell 27.432982701760377 40.30156799078715 0.0 2.23606797749979 0.4472135954999579 1 0 0 0.9970215304906315 -0.07712371709220774 3.2959934108835873
cell 15.89839931280102 0.2702142319446002 0.0 2.23606797749979 0.4472135954999579 1 0 0 0.9955235443882329 -0.09451387500621349 3.3309029677320967
cell 15.577602431994496 22.558200002243595 0.0 2.23606797749979 0.4472135954999579 1 0 0 0.0019739048947308535 0.9999980518478356 0.003947812353108433
cell 33.521195755194206 34.861136894725256 0.0 2.23606797749979 0.4472135954999579 1 0 0 -0.09375302219981488 0.995595485540388 6.095403485825367
cell 2.427052607570475 41.07848870743386 0.0 2.23606797749979 0.4472135954999579 1 0 0 0.999937025677341 -0.011222507721213963 3.1640381401973046
cell 41.832223302991125 2.2816245557664536 0.0 2.23606797749979 0.4472135954999579 1 0 0 0.993415357820174 -0.11456843739449185 3.3712337848787604
cell 15.84845866573089 27.052483058566395 0.0 2.23606797749979 0.4472135954999579 1 0 0 0.17048020418781126 0.9853611013126519 0.34263397377706106
cell 6.3222646112337895 25.097626485898758 0.0 2.23606797749979 0.4472135954999579 1 0 0 -0.12971927867200633 -0.9915507595382167 0.26017172206958517
cell 5.45767418517452 39.43453755183388 0.0 2.23606797749979 0.4472135954999579 1 0 0 0.9964905895314787 0.083704868288565 2.973986805196264
cell 31.5535684349406 42.16579151266798 0.0 2.23606797749979 0.4472135954999579 1 0 0 0.9974947474574875 -0.07074057389308752 3.283192068568534
cell 6.902646156625667 36.33668275859122 0.0 1.0 1.0 1 0 0 0.0 1.0 0
cell 39.47746053440086 18.140393793928602 0.0 2.23606797749979 0.4472135954999579 1 0 0 0.04070989243227699 0.9991710087158016 0.08144229109172192
cell 16.381582236135323 1.8464781421672676 0.0 2.23606797749979 0.4472135954999579 1 0 0 0.9911058421438677 -0.13307595450829873 3.40853644627686
cell 11.30294638802028 42.04454102978405 0.0 2.23606797749979 0.4472135954999579 1 0 0 0.9992009263142052 -0.03996884853025343 3.2215516494949354
cell 27.3359353039 18.64788487518571 0.0 2.23606797749979 0.4472135954999579 1 0 0 0.0069881712605365095 0.9999755824331079 0.013976456278276895
cell 22.72756551651135 40.67656794312598 0.0 2.23606797749979 0.4472135954999579 1 0 0 0.995268695925225 -0.09716080954429021 3.336221318737737
cell 20.791737832580207 20.713902478608475 0.0 2.23606797749979 0.4472135954999579 1 0 0 -0.14001548773867326 -0.9901493135852296 0.2809541130278159
cell 27.999889795860387 4.176836431450008 0.0 2.23606797749979 0.4472135954999579 1 0 0 -0.9863862581420988 0.16444497483483272 3.4719832525217345
cell 36.01052289758103 7.291052434216581 0.0 2.23606797749979 0.4472135954999579 1 0 0 0.9989912066817785 0.04490622420649479 3.0517499922523963
cell 1.6929385402189445 11.566371658790143 0.0 2.23606797749979 0.4472135954999579 1 0 0 0.9996787370029228 0.025346060527056756 3.0908951033370804
cell 35.94130806801804 39.13534909243862 0.0 2.23606797749979 0.4472135954999579 1 0 0 0.998850609663732 0.04793182214761919 3.045692264151411
cell 21.358666481220716 26.728694912639792 0.0 2.23606797749979 0.4472135954999579 1 0 0 0.15674716538672606 0.9876387629812969 0.3147924776372232
cell 8.417242507365406 18.962100637814878 0.0 2.23606797749979 0.4472135954999579 1 0 0 -0.11522090367315935 -0.9933398931668558 0.23095476316161356
cell 1.5194281955104965 3.610482850926711 0.0 2.23606797749979 0.4472135954999579 1 0 0 0.9905792206905198 -0.1369408906651417 3.4163377489740117
cell 38.31716246031151 2.0587719848034665 0.0 2.23606797749979 0.4472135954999579 1 0 0 0.9911159921682288 -0.13300033860252927 3.4083838580964176
cell 29.96249032419392 36.15586846407388 0.0 1.0 1.0 1 0 0 0.0 1.0 0
cell 12.615290956574363 21.306560189688724 0.0 2.23606797749979 0.4472135954999579 1 0 0 -0.09610649764203148 -0.9953710569988371 0.1925101265180844
cell 7.687908646975084 32.767348000592506 0.0 2.23606797749979 0.4472135954999579 1 0 0 0.05439313963232073 0.9985195973845175 0.10883999357095785
cell 28.692452650541757 11.161064285114634 0.0 2.23606797749979 0.4472135954999579 1 0 0 0.9964646814937728 -0.08401272841369878 3.3098163986860953
cell 29.173135284712238 43.15070738066345 0.0 2.23606797749979 0.4472135954999579 1 0 0 0.9943075610163604 -0.10654798968397623 3.355093901180646
cell 32.43519717381235 31.708958063220624 0.0 2.23606797749979 0.4472135954999579 1 0 0 0.03278095069962407 0.999462560214853 0.06557364911616372
cell 5.240135896573748 42.58398103361209 0.0 2.23606797749979 0.4472135954999579 1 0 0 0.9989672914399319 -0.04543512554363807 3.2324941984331006
cell 12.987074457360752 39.30884193836432 0.0 2.23606797749979 0.4472135954999579 1 0 0 -0.9998722402966188 -0.01598446383900539 3.109622364395298
cell 21.083546368493256 37.98496175364782 0.0 2.23606797749979 0.4472135954999579 1 0 0 0.9995680765154902 0.029388099821582105 3.0828079902106844
cell 29.65750723374149 10.268343028537616 0.0 2.23606797749979 0.4472135954999579 1 0 0 0.9974572371982409 -0.07126752388607534 3.2842486353125673
cell 21.599004142036904 31.839821830679615 0.0 2.23606797749979 0.4472135954999579 1 0 0 0.052049954708744975 0.998644482393418 0.10414697135581263
cell 12.702004101512514 20.258552610578278 0.0 2.23606797749979 0.4472135954999579 1 0 0 0.06421948496387114 0.9979357984113884 0.12852741760350636
cell 35.99513552931411 42.64794001822041 0.0 2.23606797749979 0.4472135954999579 1 0 0 0.9984772003148461 -0.055165935607281266 3.251980563386305
cell 23.98052386238653 38.6801284954885 0.0 2.23606797749979 0.4472135954999579 1 0 0 0.9995891991388192 -0.028660651859547043 3.198921807812544
cell 6.353059805479421 6.557460397654802 0.0 2.23606797749979 0.4472135954999579 1 0 0 0.9781059086320436 -0.2081077401229571 3.560872540936868
cell 28.73028326872375 1.3154112218558478 0.0 2.23606797749979 0.4472135954999579 1 0 0 -0.9904653687363122 0.13776194443329082 3.4179955687434798
cell 30.479881544333523 9.353830028754617 0.0 2.23606797749979 0.4472135954999579 1 0 0 0.9972088086191411 -0.07466319047826206 3.2910581226831743
cell 41.631664203023576 39.37333043370408 0.0 2.23606797749979 0.4472135954999579 1 0 0 0.9968218538399303 0.07966298831405132 2.982097675016739
cell 8.301864307498535 23.864266992559322 0.0 2.23606797749979 0.4472135954999579 1 0 0 0.15054832585961148 0.9886026510084162 0.3022457935050074
cell 0.6752260014147309 19.820566345097728 0.0 2.23606797749979 0.4472135954999579 1 0 0 0.057860511361439854 0.9983246772593537 0.11578568941363213
cell 14.128212756392335 43.81975377275068 0.0 2.23606797749979 0.4472135954999579 1 0 0 0.996881728219548 -0.07891020176128778 3.299577304301147
cell 32.11194941827358 19.71479199546633 0.0 2.23606797749979 0.4472135954999579 1 0 0 -0.005073792840867516 0.9999871282302627 6.273037677958499
cell 42.96386430161191 13.56767252084123 0.0 2.23606797749979 0.4472135954999579 1 0 0 0.9998878968867936 0.014973097852646867 3.1116453388137297
cell 17.533771435507607 37.85964969081489 0.0 2.23606797749979 0.4472135954999579 1 0 0 0.9987052885196694 0.050869899575718906 3.0398089237911856
cell 31.48358456650559 39.50620526512951 0.0 2.23606797749979 0.4472135954999579 1 0 0 0.999998873858806 0.0015007601806521428 3.1385911321017765
cell 32.82488063234632 38.83429635573063 0.0 2.23606797749979 0.4472135954999579 1 0 0 0.999829038574469 0.018490365687375866 3.104609814644731
cell 8.509373070513746 36.32274818810122 0.0 1.0 1.0 1 0 0 0.0 1.0 0
cell 9.186493592875873 3.6701174639862826 0.0 2.23606797749979 0.4472135954999579 1 0 0 0.9905257889628603 -0.1373268415114217 3.4171170127475454
cell 20.096729790877017 43.590638043407836 0.0 2.23606797749979 0.4472135954999579 1 0 0 0.9954437857904177 -0.09535024557514751 3.3325832977044847
cell 16.868998056101486 20.347680040752664 0.0 2.23606797749979 0.4472135954999579 1 0 0 -0.1428830544615839 -0.9897395782465851 0.28674749816096323
cell 40.22852295644759 32.41538083509358 0.0 2.23606797749979 0.4472135954999579 1 0 0 0.004753067504717246 -0.9999887041108493 6.2736791363765745
cell 38.41260099666085 40.315150228226294 0.0 2.23606797749979 0.4472135954999579 1 0 0 0.9998308589764854 0.018391667633559653 3.1048072443253623
cell 37.60852130545923 12.736243933253151 0.0 2.23606797749979 0.4472135954999579 1 0 0 0.9969674903160833 -0.0778191702143513 3.297388510027439
cell 13.170307766791812 23.403757762323018 0.0 2.23606797749979 0.4472135954999579 1 0 0 0.09747076723595036 0.9952383882941992 0.19525153696108577
cell 34.93994464410666 14.289510661984968 0.0 2.23606797749979 0.4472135954999579 1 0 0 0.9998579167673209 0.016856638980327063 3.1078777788412157
cell 15.870219542053462 17.80459002406802 0.0 2.23606797749979 0.4472135954999579 1 0 0 0.0975831150421805 0.995227378873122 0.19547730885420547
cell 20.679978518113764 2.8561326049275624 0.0 2.23606797749979 0.4472135954999579 1 0 0 0.9893019075478544 -0.1458826093891132 3.4344027889459388
cell 42.1073649537719 34.21443443671565 0.0 2.23606797749979 0.4472135954999579 1 0 0 -0.019428629759232156 0.9998112463588709 6.244325602660114
cell 12.569127650434991 25.14774519561918 0.0 2.23606797749979 0.4472135954999579 1 0 0 0.15648162883522826 0.9876808694295308 0.3142547691154398
cell 31.31424254591273 16.54990607810217 0.0 2.23606797749979 0.4472135954999579 1 0 0 -0.06568659404947141 -0.9978403035366832 0.13146784527954036
cell 28.85501090417804 37.64587747393244 0.0 1.0 1.0 1 0 0 0.0 1.0 0
cell 22.277534295227184 2.483491535262852 0.0 2.23606797749979 0.4472135954999579 1 0 0 0.9910586474365507 -0.13342697381427307 3.4092448018228305
cell 14.13995355303571 31.50925034184269 0.0 2.23606797749979 0.4472135954999579 1 0 0 -0.07412935138530302 -0.9972486346258862 0.1483948238770223
cell 30.85076943315857 0.4662814753693343 0.0 2.23606797749979 0.4472135954999579 1 0 0 0.9912793267909799 -0.13177744980390904 3.4059163610602656
cell 17.37996094109628 6.4799907954484235 0.0 2.23606797749979 0.4472135954999579 1 0 0 0.9817980469837025 -0.18992786772611153 3.5237700064807105
cell 1.255469628786717 35.83087198679865 0.0 1.0 1.0 1 0 0 0.0 1.0 0
cell 5.157479846317416 27.98725264205271 0.0 2.23606797749979 0.4472135954999579 1 0 0 -0.13012930692255145 -0.9914970315033003 0.2609987888635459
cell 13.082066880455189 6.49299207103528 0.0 2.23606797749979 0.4472135954999579 1 0 0 0.9817532746013192 -0.19015916441125522 3.524241186798803
cell 10.188066339258045 41.305909142503246 0.0 2.23606797749979 0.4472135954999579 1 0 0 -0.9997080060906179 0.024164075780401785 3.1899255095420322
cell 25.256554398440976 33.09821236554202 0.0 2.23606797749979 0.4472135954999579 1 0 0 0.042116892056117176 -0.9991126900422862 6.198926600396335
cell 17.5342910157186 33.89096246096928 0.0 2.23606797749979 0.4472135954999579 1 0 0 -0.04593119005494508 0.9989446059617803 6.191290596417885
cell 41.64891226741339 0.5624599945765762 0.0 2.23606797749979 0.4472135954999579 1 0 0 0.9961331425385357 -0.08785648716117246 3.317532464484096
cell 16.78627188219914 34.76106519096193 0.0 2.23606797749979 0.4472135954999579 1 0 0 -0.0903974067779797 0.9959057730768591 6.1021433505011435
cell 0.719782273299374 39.19523839955284 0.0 2.23606797749979 0.4472135954999579 1 0 0 0.996597465322256 0.08242264320715986 2.9765601484088458
cell 27.034339774709625 34.736516537828166 0.0 2.23606797749979 0.4472135954999579 1 0 0 -0.1622354804719911 0.9867520706216036 5.957273853793847
cell 29.676690964386495 28.791123437770878 0.0 2.23606797749979 0.4472135954999579 1 0 0 0.10831812468080028 0.9941162828691795 0.21706212729899282
cell 40.877039569725596 41.78767624926942 0.0 2.23606797749979 0.4472135954999579 1 0 0 0.9995036666209175 -0.03150270482580487 3.204608489207292
cell 37.16214514722202 28.766268578535602 0.0 2.23606797749979 0.4472135954999579 1 0 0 0.10379022219589117 0.994599210625329 0.20795495299312342
cell 34.460019930072505 43.137075552171304 0.0 2.23606797749979 0.4472135954999579 1 0 0 0.9974410112949423 -0.07149425841927935 3.2847032640785185
cell 44.20803537277182 30.349634247757898 0.0 2.23606797749979 0.4472135954999579 1 0 0 0.08129983698429703 0.9966896891742819 0.1627793303655185
cell 21.120733279652313 41.788948709890334 0.0 2.23606797749979 0.4472135954999579 1 0 0 0.9963795308901647 -0.08501664791730719 3.311831447152897
cell 4.141120301694009 18.27089943026312 0.0 2.23606797749979 0.4472135954999579 1 0 0 0.1983254229181213 0.9801362286051609 0.39929821981219427
cell 2.084595327329949 37.25944595474288 0.0 1.0 1.0 1 0 0 0.0 1.0 0
cell 13.730938049511366 34.402948377706444 0.0 2.23606797749979 0.4472135954999579 1 0 0 0.00445113730957489 -0.9999900936392576 6.274283003163939
cell 37.11222310461651 29.517812734780005 0.0 2.23606797749979 0.4472135954999579 1 0 0 0.08518136543867147 0.9963654625597996 0.17056942798252142
cell 21.202694740034648 8.793741086566179 0.0 2.23606797749979 0.4472135954999579 1 0 0 0.9684382785595836 -0.24925348667681732 3.6454113258831584
cell 29.44557978236232 27.90542398492336 0.0 2.23606797749979 0.4472135954999579 1 0 0 0.11285901902853492 0.9936110113238061 0.22619997324337773
cell 18.503837952519216 0.07176893454952427 0.0 2.23606797749979 0.4472135954999579 1 0 0 0.9949313393369229 -0.10055660100280232 3.343046337535748
cell 0.9681172202994317 2.5522863040709445 0.0 2.23606797749979 0.4472135954999579 1 0 0 0.9935783993713367 -0.11314576573028509 3.368369817307751
cell 27.97347236177492 12.795349478976668 0.0 2.23606797749979 0.4472135954999579 1 0 0 0.9767283033443883 -0.21448035212110367 3.573912192862547
cell 22.698558779716553 5.982396630080691 0.0 2.23606797749979 0.4472135954999579 1 0 0 0.989171844722894 -0.14676192151749334 3.436180547320494
cell 8.656505864367166 28.408753973710613 0.0 2.23606797749979 0.4472135954999579 1 0 0 0.139723533908613 0.9901905544247979 0.2803644085378718
cell 29.59915946083472 27.059976818599115 0.0 2.23606797749979 0.4472135954999579 1 0 0 -0.10327104263439431 -0.9946532520196197 0.20691098384499806
cell 24.161404849101906 35.02738980300695 0.0 2.23606797749979 0.4472135954999579 1 0 0 0.13156422158010728 -0.9913076493198367 6.019291801713967
cell 36.28148894400462 37.85055888745109 0.0 1.0 1.0 1 0 0 0.0 1.0 0
cell 27.59658512577362 19.834334074559848 0.0 2.23606797749979 0.4472135954999579 1 0 0 -0.07708661690849074 0.9970243996480747 6.128858971809885
cell 40.47348632230137 4.454568363069543 0.0 2.23606797749979 0.4472135954999579 1 0 0 0.987560253561004 -0.15724104294529992 3.457385288768905
cell 26.032179410536262 8.714427896812262 0.0 2.23606797749979 0.4472135954999579 1 0 0 0.9927674220598941 -0.12005351180432837 3.382280221332539
cell 36.92787203095273 31.954557604209988 0.0 2.23606797749979 0.4472135954999579 1 0 0 0.0018454329322238894 0.9999982971871966 0.0036908679594004224
cell 18.02623300403004 31.763481050801666 0.0 2.23606797749979 0.4472135954999579 1 0 0 -0.0751774025900424 -0.9971701751154688 0.15049679183510634
cell 1.1561440866215773 31.200770279539135 0.0 2.23606797749979 0.4472135954999579 1 0 0 0.04867218135189672 0.9988148070400479 0.09738283822923592
cell 12.56909768715312 19.132396950897174 0.0 2.23606797749979 0.4472135954999579 1 0 0 -0.11305174993188215 -0.9935891011063573 0.22658791787268306
cell 3.6588616617989107 41.83558039819486 0.0 2.23606797749979 0.4472135954999579 1 0 0 0.9995504153924682 -0.029982779870189526 3.2015672014774466
cell 3.213551373887344 44.321197640122996 0.0 2.23606797749979 0.4472135954999579 1 0 0 0.9972251676740624 -0.0744443749213999 3.2906192702396537
cell 14.727810408333287 27.497963285523376 0.0 2.23606797749979 0.4472135954999579 1 0 0 0.16544994718205985 0.9862181883221651 0.33242845758541895
cell 10.58017902116154 27.517628684407235 0.0 2.23606797749979 0.4472135954999579 1 0 0 0.18543413576398393 0.9826566955419702 0.3730272838632592
cell 23.357443128495433 10.932288672683997 0.0 2.23606797749979 0.4472135954999579 1 0 0 0.9891600144233106 -0.1468416353289352 3.436341721111494
cell 9.286838670355632 34.36894531443127 0.0 2.23606797749979 0.4472135954999579 1 0 0 0.02185133965635582 0.999761230972287 0.043706157927030705
cell 21.407305290685365 32.594806313481314 0.0 2.23606797749979 0.4472135954999579 1 0 0 -0.027997694958700272 -0.9996079877016788 0.05600270802542795
cell 5.72427726161165 40.784312600729216 0.0 2.23606797749979 0.4472135954999579 1 0 0 0.9998998419053919 -0.014152955789242685 3.1698995102281975
cell 29.027114295248985 29.413318838830996 0.0 2.23606797749979 0.4472135954999579 1 0 0 0.09442594868494825 0.9955318880954781 0.18913367150388452
cell 42.54309183179631 27.20455840194739 0.0 2.23606797749979 0.4472135954999579 1 0 0 0.14739079958783805 0.9890783347120984 0.2958594781959982
cell 23.4333949794292 29.389874722678258 0.0 2.23606797749979 0.4472135954999579 1 0 0 -0.09569848671841627 -0.9954103674564602 0.1916903259857099
cell 34.87232665060192 31.30250019870492 0.0 2.23606797749979 0.4472135954999579 1 0 0 0.03539901426863311 0.9993732584919456 0.07081282293396188
cell 9.409310214762533 40.54966430210441 0.0 2.23606797749979 0.4472135954999579 1 0 0 0.9999092969602349 -0.013468402002045484 3.1685302720401016
cell 37.63842965200184 1.0587600914535176 0.0 2.23606797749979 0.4472135954999579 1 0 0 0.9939816511598928 -0.10954668939522139 3.361126620000948
cell 36.65209497706198 21.167267555863646 0.0 2.23606797749979 0.4472135954999579 1 0 0 0.0036822388686665944 -0.9999932205354765 6.275820812799803
cell 19.678006619342504 3.435437317760555 0.0 2.23606797749979 0.4472135954999579 1 0 0 0.987908615821825 -0.15503730771980595 3.452923088740342
cell 39.661208593615605 37.659448429721444 0.0 1.0 1.0 1 0 0 0.0 1.0 0
cell 21.7035735716965 29.82334275158555 0.0 2.23606797749979 0.4472135954999579 1 0 0 0.08707885189952969 0.9962014221791996 0.17437855660313223
cell 23.09749741189851 15.248853622801073 0.0 2.23606797749979 0.4472135954999579 1 0 0 -0.028315129402876876 0.9995990463415311 6.226547478456594
cell 30.142584115656092 2.5709587543549617 0.0 2.23606797749979 0.4472135954999579 1 0 0 0.9875662253919979 -0.1572035319736855 3.4573093220457416
cell 27.79542608708164 6.147272143267567 0.0 2.23606797749979 0.4472135954999579 1 0 0 0.9962391666109172 -0.08664596303570746 3.315102147678447
cell 37.846717393454604 30.316466836064432 0.0 2.23606797749979 0.4472135954999579 1 0 0 0.06646201374216656 0.9977889560068983 0.1330220811677205
cell 29.048685141108933 32.79439226104005 0.0 2.23606797749979 0.4472135954999579 1 0 0 0.05429089586210996 -0.9985251617392972 6.174550103750971
cell 2.560666837677761 42.93839163630124 0.0 2.23606797749979 0.4472135954999579 1 0 0 0.998992424880858 -0.04487911575179652 3.231381043302001
cell 34.423972226492076 4.10797948767078 0.0 2.23606797749979 0.4472135954999579 1 0 0 0.9838644171860601 -0.17891564659116374 3.5013610606335908
cell 42.46877488157516 28.83430672958764 0.0 2.23606797749979 0.4472135954999579 1 0 0 0.0854131415719524 0.9963456203781946 0.17103467582345583
cell 30.450671759661944 40.180080957612226 0.0 2.23606797749979 0.4472135954999579 1 0 0 0.9991040702540982 -0.04232087902789949 3.2262596983974814
cell 31.60347479684546 25.643933382772776 0.0 2.23606797749979 0.4472135954999579 1 0 0 -0.1173026510437142 -0.9930962128908339 0.23514668577539233
cell 17.850791391614358 5.624816418770425 0.0 2.23606797749979 0.4472135954999579 1 0 0 0.9845578576992561 -0.17505948943902314 3.493525034251639
cell 21.33263152745542 41.13106887998091 0.0 2.23606797749979 0.4472135954999579 1 0 0 0.9957322645518013 -0.09228898813261328 3.3264336555769325
cell 7.16942669006926 33.55422589536114 0.0 2.23606797749979 0.4472135954999579 1 0 0 0.021657847612304614 0.9997654413095115 0.043319082233308784
cell 31.871560336495232 24.649370599777154 0.0 2.23606797749979 0.4472135954999579 1 0 0 -0.16311425080450245 -0.9866071868704819 0.3276927210815961
cell 29.21753430518172 41.24727475590496 0.0 2.23606797749979 0.4472135954999579 1 0 0 0.9971921617281791 -0.07488519605289888 3.2915033803360148
cell 22.269721178050652 36.58278730342321 0.0 1.0 1.0 1 0 0 0.0 1.0 0
cell 20.415504000691087 39.70717226909525 0.0 2.23606797749979 0.4472135954999579 1 0 0 0.9982192123810429 -0.05965235983069167 3.2609682425242146
cell 27.055615478197783 6.94109383016891 0.0 2.23606797749979 0.4472135954999579 1 0 0 0.9943367892606799 -0.10627487719476414 3.354544557126327
cell 9.067489553865892 4.61169859128664 0.0 2.23606797749979 0.4472135954999579 1 0 0 0.9876894144269353 -0.15642768498247916 3.455738189812187
cell 43.64809750708639 4.612530854793711 0.0 2.23606797749979 0.4472135954999579 1 0 0 0.9871141258157959 -0.16001781967930004 3.4630100640386945
cell 1.475064026430588 0.9721894780132191 0.0 2.23606797749979 0.4472135954999579 1 0 0 0.995493560345018 -0.09482916909685522 3.3315364009401924
cell 4.77105226648565 43.8312048267439 0.0 2.23606797749979 0.4472135954999579 1 0 0 0.9979871487542623 -0.06341648777201381 3.268510796346947
cell 20.866995612814947 18.02744246090742 0.0 2.23606797749979 0.4472135954999579 1 0 0 -0.01931682415581673 -0.9998134127448648 0.03863605133978254
cell 10.092796788916235 30.307041639365167 0.0 2.23606797749979 0.4472135954999579 1 0 0 0.1188450429571134 0.9929128137779882 0.23825320056477806
cell 40.81322237962369 19.28102124514072 0.0 2.23606797749979 0.4472135954999579 1 0 0 -0.03583619509495194 -0.9993576772713144 0.07168773973546738
cell 29.99228528082563 42.59877513505828 0.0 2.23606797749979 0.4472135954999579 1 0 0 0.9964037462751482 -0.08473236930978656 3.31126083095223
cell 16.782995306870824 26.57421293809789 0.0 2.23606797749979 0.4472135954999579 1 0 0 0.17184017043874658 0.985124842760339 0.34539464515174256
cell 31.85901416504618 40.97585315359044 0.0 2.23606797749979 0.4472135954999579 1 0 0 0.9985610580410264 -0.05362661059572963 3.2488973481294043
cell 5.670443249204514 31.75916260557949 0.0 2.23606797749979 0.4472135954999579 1 0 0 -0.07737689261482648 -0.9970019139847595 0.1549086259890391
cell 25.556138885832073 41.963459752403026 0.0 2.23606797749979 0.4472135954999579 1 0 0 0.9957261513894287 -0.09235492103400114 3.3265660869665834
cell 21.042030773315357 21.987849511056965 0.0 2.23606797749979 0.4472135954999579 1 0 0 0.15019689319938773 0.9886561046558362 0.3015348442566779
cell 24.954961175532247 37.975064457130166 0.0 2.23606797749979 0.4472135954999579 1 0 0 -0.9991011480175036 0.04238981045140909 3.2263976850724276
cell 25.45120150590706 42.72564825818462 0.0 2.23606797749979 0.4472135954999579 1 0 0 0.9928171237659563 -0.11964179352171989 3.381450806583974
cell 5.433840500107599 30.432079230355676 0.0 2.23606797749979 0.4472135954999579 1 0 0 0.09218521425382709 0.9957418773321608 0.18463256568056668
cell 27.86470823861711 29.9758388356146 0.0 2.23606797749979 0.4472135954999579 1 0 0 -0.07411557118194467 -0.9972496588660104 0.14836718744654132
cell 23.110873744530476 39.41256715571794 0.0 2.23606797749979 0.4472135954999579 1 0 0 0.9987377108770245 -0.050229322831599206 3.2420935898922107
cell 8.824128145215695 37.47699338403422 0.0 2.23606797749979 0.4472135954999579 1 0 0 0.9967576213045902 0.08046268931135174 2.9804931220718935
cell 23.346739894101308 43.65552331521929 0.0 2.23606797749979 0.4472135954999579 1 0 0 0.9944099340955831 -0.1055882709964423 3.353163574494445
cell 14.786317491444159 28.973901579620055 0.0 2.23606797749979 0.4472135954999579 1 0 0 -0.12896980961518134 -0.991648520498984 0.2586600857379455
cell 40.23258585641497 31.693559790622377 0.0 2.23606797749979 0.4472135954999579 1 0 0 0.0536198879349073 0.9985614190513511 0.10729122984548359
cell 4.850905299561861 34.028865545262185 0.0 2.23606797749979 0.4472135954999579 1 0 0 0.02136854459882157 0.9997716665827894 0.04274034226329789
cell 25.699425015234617 1.1788188832383457 0.0 2.23606797749979 0.4472135954999579 1 0 0 0.9914819404257957 -0.13024423906453164 3.402823279791966
cell 25.247863101722654 17.437086792067426 0.0 2.23606797749979 0.4472135954999579 1 0 0 -0.021667451926524042 -0.999765233205782 0.04333829537035516
cell 12.893144023658861 29.810378286795522 0.0 2.23606797749979 0.4472135954999579 1 0 0 0.11452645960379726 0.993420198128979 0.22955661943178265
cell 0.8288463137047993 20.842590129164016 0.0 2.23606797749979 0.4472135954999579 1 0 0 0.05305467118323253 0.998591609150427 0.1061591849223296
cell 11.115974596420184 22.19960272874758 0.0 2.23606797749979 0.4472135954999579 1 0 0 -0.017899764157026574 -0.9998397863873606 0.03580144029383803
cell 30.677004583088692 37.81407642747168 0.0 1.0 1.0 1 0 0 0.0 1.0 0
cell 33.52645179922983 36.27172590576346 0.0 1.0 1.0 1 0 0 0.0 1.0 0
cell 36.0734806554959 35.09897111695727 0.0 2.23606797749979 0.4472135954999579 1 0 0 -0.04728463470764288 0.9988814560900431 6.188580762020684
cell 37.376921663345016 0.19749737479049878 0.0 2.23606797749979 0.4472135954999579 1 0 0 0.9953675555751612 -0.09614275484054037 3.334175631859033
cell 13.675046320423473 30.705979375294277 0.0 2.23606797749979 0.4472135954999579 1 0 0 -0.10835836141434686 -0.994111897882526 0.21714307723005355
cell 2.874279324444446 23.7738161099106 0.0 2.23606797749979 0.4472135954999579 1 0 0 0.059496180008860665 0.9982285332349268 0.11906267351380917
cell 13.74792282401118 36.22781358113456 0.0 1.0 1.0 1 0 0 0.0 1.0 0
cell 33.54251974722824 12.821431155189158 0.0 2.23606797749979 0.4472135954999579 1 0 0 0.9920809789823299 -0.12559988511723133 3.3934576167928863
cell 4.485937231697173 26.970597235918397 0.0 2.23606797749979 0.4472135954999579 1 0 0 0.13156438249789124 0.9913076279631609 0.2638938301232285
cell 34.862094888149436 40.66784847316941 0.0 2.23606797749979 0.4472135954999579 1 0 0 0.9998689677314513 -0.016187877181461634 3.1739698221163506
cell 27.99963538744667 31.314749283823353 0.0 2.23606797749979 0.4472135954999579 1 0 0 -0.04089285355067267 -0.9991635374294257 0.08180851829474456
cell 17.13504776840822 40.92103163001794 0.0 2.23606797749979 0.4472135954999579 1 0 0 0.9988809964000506 -0.04729434459681261 3.236216640277707
cell 16.961578351377142 32.38057128113836 0.0 2.23606797749979 0.4472135954999579 1 0 0 -0.03821951274013379 -0.9992693675110365 0.07645764720111536
cell 39.15536353286577 27.627145829684753 0.0 2.23606797749979 0.4472135954999579 1 0 0 -0.11439752678569776 -0.9934350536725164 0.22929704779403703
cell 10.436885270412242 26.337381157144904 0.0 2.23606797749979 0.4472135954999579 1 0 0 0.11844188035125558 0.9929609866348521 0.23744113969719383
cell 18.82867894190315 36.542535622116205 0.0 1.0 1.0 1 0 0 0.0 1.0 0
cell 37.245645549396926 36.1602975211779 0.0 1.0 1.0 1 0 0 0.0 1.0 0
cell 12.587097069850952 42.88052852973745 0.0 2.23606797749979 0.4472135954999579 1 0 0 0.9981608899010364 -0.06062044104071887 3.2629079155014007
cell 5.909015341962235 1.5169984968072159 0.0 2.23606797749979 0.4472135954999579 1 0 0 0.9940996311410043 -0.10847084108330296 3.35896202398271
cell 9.688043345812988 2.908078711060154 0.0 2.23606797749979 0.4472135954999579 1 0 0 0.9913622327992623 -0.13115229078922477 3.4046550962775486
cell 8.127353022435527 21.41675027783106 0.0 2.23606797749979 0.4472135954999579 1 0 0 -0.0018186250630408604 0.9999983463000727 6.279548055048529
cell 22.60061237009111 34.034847446451295 0.0 2.23606797749979 0.4472135954999579 1 0 0 0.09740913939197521 -0.9952444220204978 6.088057615234667
cell 38.720733830168264 10.474902829105353 0.0 2.23606797749979 0.4472135954999579 1 0 0 0.9999906629968983 -0.004321333014668508 3.1502353465180972
cell 5.543783598986178 37.074664092069966 0.0 1.0 1.0 1 0 0 0.0 1.0 0
cell 43.15249751369431 28.19511493084013 0.0 2.23606797749979 0.4472135954999579 1 0 0 -0.1205354888322594 -0.9927090187622798 0.241658573005874
cell 32.286636077051156 6.47161475090508 0.0 2.23606797749979 0.4472135954999579 1 0 0 0.9996340163452996 -0.027052418845000793 3.1957040927416274
cell 3.220295209584843 6.2683474728070046 0.0 2.23606797749979 0.4472135954999579 1 0 0 0.979618091267786 -0.20086909981592402 3.546082698608999
cell 42.493152108208136 40.01035578192265 0.0 2.23606797749979 0.4472135954999579 1 0 0 0.9995370295590256 0.03042575455629058 3.0807317519211295
cell 36.35407124010847 41.464532467778525 0.0 2.23606797749979 0.4472135954999579 1 0 0 0.9995807810919978 -0.02895275585348781 3.1995062583490177
cell 11.45833407886683 44.05411951318537 0.0 2.23606797749979 0.4472135954999579 1 0 0 -0.9970620106113568 0.07659860961948672 3.294940079967886
cell 38.88547275124201 43.529604618268614 0.0 2.23606797749979 0.4472135954999579 1 0 0 0.9976464772366593 -0.06856753209270204 3.27883540265595
cell 34.11495951163529 10.576074098463573 0.0 2.23606797749979 0.4472135954999579 1 0 0 0.9998243741292091 -0.018740888376364458 3.1790766247532414
cell 41.51405283801568 37.55382996770095 0.0 1.0 1.0 1 0 0 0.0 1.0 0
cell 33.724470280286425 41.793247485481714 0.0 2.23606797749979 0.4472135954999579 1 0 0 0.9988394112764908 -0.04816461855795377 3.2379591742233873
cell 40.54910199165772 34.90175892784991 0.0 2.23606797749979 0.4472135954999579 1 0 0 0.016963420066886926 -0.9998561108377717 6.249256839717282
cell 13.827894788680874 40.27147889132829 0.0 2.23606797749979 0.4472135954999579 1 0 0 0.9999999108923452 -0.0004221555420657387 3.142436964699003
cell 23.271620413977814 19.497398569585126 0.0 2.23606797749979 0.4472135954999579 1 0 0 0.017678450231627344 -0.9998437239876079 6.247826564789387
cell 42.16396807741465 11.179908815002607 0.0 2.23606797749979 0.4472135954999579 1 0 0 0.9967598370220476 0.08043523668008415 2.980548205875953
cell 16.751447839130787 21.50786965649584 0.0 2.23606797749979 0.4472135954999579 1 0 0 -0.09277394335848335 -0.995687197584521 0.18581509152579123
cell 38.33148567568923 33.105609766438924 0.0 2.23606797749979 0.4472135954999579 1 0 0 -0.022802604580089186 0.9997399868087522 6.237576144956275
cell 42.83760022274973 33.08677136247393 0.0 2.23606797749979 0.4472135954999579 1 0 0 0.022363878316116952 0.9997498971976251 0.04473148585107103
cell 44.1057871314595 35.832561712535075 0.0 1.0 1.0 1 0 0 0.0 1.0 0
cell 15.391023932333681 2.421057313176906 0.0 2.23606797749979 0.4472135954999579 1 0 0 0.9900539934456818 -0.14068791725751667 3.4239050705667227
cell 13.566563234695048 24.554808524274428 0.0 2.23606797749979 0.4472135954999579 1 0 0 0.15548441499520652 0.9878383454258082 0.3122356265066037
cell 11.034396241309118 1.5787604360344887 0.0 2.23606797749979 0.4472135954999579 1 0 0 0.9930095996530127 -0.11803361807961102 3.3782115006131432
cell 24.90009268797321 31.609994006044296 0.0 2.23606797749979 0.4472135954999579 1 0 0 -0.028718872430148527 -0.9995875281166432 0.057445643315068295
cell 26.988979597364356 37.19659065178235 0.0 1.0 1.0 1 0 0 0.0 1.0 0
cell 32.332459352045554 5.336036209773693 0.0 2.23606797749979 0.4472135954999579 1 0 0 0.9917559633550478 -0.12814097373479416 3.3985811976147127
cell 25.44673459078833 28.2373719788188 0.0 2.23606797749979 0.4472135954999579 1 0 0 -0.11275101794757643 -0.9936232726500448 0.22598258351389688
cell 2.3095723472166325 29.353809013027266 0.0 2.23606797749979 0.4472135954999579 1 0 0 0.09092613106256944 0.9958576397708623 0.18210377811518583
cell 16.73843694050413 38.71681340188769 0.0 2.23606797749979 0.4472135954999579 1 0 0 0.9991252701365275 0.04181739559813456 3.0579334679080485
cell 16.991691701409323 43.67212911364927 0.0 2.23606797749979 0.4472135954999579 1 0 0 0.9964332257265512 -0.08438499077549136 3.3105635766646846
cell 6.8751766985053155 41.576708923185834 0.0 2.23606797749979 0.4472135954999579 1 0 0 0.9996440500880707 -0.026679076511734047 3.194957138458088
cell 38.63320447599239 5.809465492830998 0.0 2.23606797749979 0.4472135954999579 1 0 0 0.9806343345791555 -0.19584764957613582 3.535836183027467
cell 18.284540241296913 40.24744851834329 0.0 2.23606797749979 0.4472135954999579 1 0 0 0.9996426794368696 -0.02673038436453996 3.19505979077311
cell 7.76480369195462 27.27917991323746 0.0 2.23606797749979 0.4472135954999579 1 0 0 0.14968971664274092 0.9887330219687294 0.30050889233108835
cell 34.888332395236674 25.010352308303695 0.0 2.23606797749979 0.4472135954999579 1 0 0 0.18964822911414994 0.9818521014867091 0.38160772268405163
cell 18.913888546455887 33.10689532072713 0.0 2.23606797749979 0.4472135954999579 1 0 0 -0.002260927798510294 0.9999974440994787 6.278663447730091
cell 13.54603212227423 41.01929625185141 0.0 2.23606797749979 0.4472135954999579 1 0 0 0.9991069145613694 -0.04225367765840778 3.2261251753266404
cell 28.332500686165098 38.82629802296234 0.0 2.23606797749979 0.4472135954999579 1 0 0 0.9995139921028942 -0.031173379517396863 3.203949514927617
cell 39.118177410868554 22.233223870694367 0.0 2.23606797749979 0.4472135954999579 1 0 0 -0.027836461093036825 -0.999612490635154 0.055680114560503036
cell 19.053614656344013 4.119308084271238 0.0 2.23606797749979 0.4472135954999579 1 0 0 0.9899090127377258 -0.14170443359549845 3.425958677114917
cell 28.88780071384447 3.6313640042246877 0.0 2.23606797749979 0.4472135954999579 1 0 0 0.9873886493443182 -0.15831505028266543 3.4595605495666133
cell 13.35321539706017 38.56946218636777 0.0 2.23606797749979 0.4472135954999579 1 0 0 0.9984010520755723 0.056527331569695534 3.02847769571239
cell 3.8596607771988283 37.36263566206534 0.0 1.0 1.0 1 0 0 0.0 1.0 0
cell 7.33083900928899 24.52563279273356 0.0 2.23606797749979 0.4472135954999579 1 0 0 0.15061621112122628 0.9885923107871547 0.3023831300103088
cell 34.355612646320886 22.160209218568916 0.0 2.23606797749979 0.4472135954999579 1 0 0 -0.01305129777657165 -0.9999148281860547 0.026103336646862374
cell 30.47051576894114 30.8983922895723 0.0 2.23606797749979 0.4472135954999579 1 0 0 -0.05738759568059453 -0.9983519739360466 0.11483828378995486
cell 0.9165755064364 26.55104290668265 0.0 2.23606797749979 0.4472135954999579 1 0 0 0.13778892052977534 0.9904616163078906 0.27645738681606813
cell 44.401031974402 31.88243280871118 0.0 2.23606797749979 0.4472135954999579 1 0 0 0.06867009573574841 0.9976394228134948 0.1374483609896478
cell 39.46153795740594 9.340702785651962 0.0 2.23606797749979 0.4472135954999579 1 0 0 0.9999507085745803 -0.009928767355250053 3.161450514575457
cell 9.847478185982748 31.03672845721697 0.0 2.23606797749979 0.4472135954999579 1 0 0 -0.07923892267994817 -0.9968556531075706 0.15864415766299267
cell 43.01371057437136 23.386454226201103 0.0 2.23606797749979 0.4472135954999579 1 0 0 -0.06070321456136584 -0.9981558594437628 0.12148111439093334
cell 17.755527985834956 15.759167750051361 0.0 2.23606797749979 0.4472135954999579 1 0 0 0.007551836844393885 0.9999714844735702 0.015103817253494054
cell 0.2973719600474385 43.375352004138335 0.0 2.23606797749979 0.4472135954999579 1 0 0 0.9985533190548446 -0.05377052170617054 3.2491855862230103
cell 22.25309292546722 42.70564691711908 0.0 2.23606797749979 0.4472135954999579 1 0 0 0.9960834622619651 -0.08841796315351458 3.318659803702378
cell 0.2681062711273074 25.511909452338784 0.0 2.23606797749979 0.4472135954999579 1 0 0 0.13237764612610434 0.9911993537155439 0.26553470925275513
cell 38.358877086679556 25.587847076915892 0.0 2.23606797749979 0.4472135954999579 1 0 0 0.1793728076504462 0.9837811727592656 0.3606977635364351
cell 13.511288179339186 4.5685511785846895 0.0 2.23606797749979 0.4472135954999579 1 0 0 0.9875829743528423 -0.15709827742019764 3.457096164369548
cell 7.005133622606097 43.427953297796606 0.0 2.23606797749979 0.4472135954999579 1 0 0 -0.9982072777170711 0.059851739428977396 3.261367715479741
cell 26.521183678428038 7.793466829802259 0.0 2.23606797749979 0.4472135954999579 1 0 0 0.9920948825695387 -0.12549001545674124 3.3932361250138423
cell 29.36348257854987 34.60637922397152 0.0 2.23606797749979 0.4472135954999579 1 0 0 -0.14745386310807423 0.9890689350366361 5.987198308608985
cell 25.338370314900985 32.30546749532386 0.0 2.23606797749979 0.4472135954999579 1 0 0 -0.012998735444399133 0.9999155128693856 6.257187104115471
cell 38.880536239497154 36.07553086312763 0.0 1.0 1.0 1 0 0 0.0 1.0 0
cell 19.868753392958222 16.855631038216845 0.0 2.23606797749979 0.4472135954999579 1 0 0 0.01422780600581177 -0.9998987796453503 6.254728735033376
cell 33.30511663912968 15.450346130775065 0.0 2.23606797749979 0.4472135954999579 1 0 0 -0.005928018815480336 -0.9999824291420941 0.011856107071699817
cell 0.9420791686149901 1.6932539663785167 0.0 2.23606797749979 0.4472135954999579 1 0 0 0.9949653451481928 -0.10021956871857729 3.3423688505413125
cell 27.084225988068063 41.520580657103444 0.0 2.23606797749979 0.4472135954999579 1 0 0 0.9959870318816157 -0.08949766658214789 3.3208278059414176
cell 10.049162204286162 32.363344333581786 0.0 2.23606797749979 0.4472135954999579 1 0 0 0.04312574536404623 0.9990696522699484 0.08627824864556181
cell 20.547949185186024 30.98429138830985 0.0 2.23606797749979 0.4472135954999579 1 0 0 -0.06414257667543792 -0.9979407446624452 0.12837328324351915
cell 18.374886719681495 4.840345036279971 0.0 2.23606797749979 0.4472135954999579 1 0 0 0.9859957300074838 -0.16677056217153308 3.4766995524534554
cell 34.93866950103223 9.524582509909742 0.0 2.23606797749979 0.4472135954999579 1 0 0 0.9998614541419916 -0.016645495518670218 3.1748851821553137
cell 1.8859355842415702 40.382838482464855 0.0 2.23606797749979 0.4472135954999579 1 0 0 0.999554102228022 0.029859616861790242 3.081864542058334
cell 36.33622238813837 18.975854082199014 0.0 2.23606797749979 0.4472135954999579 1 0 0 -0.010694333774458241 -0.9999428139774397 0.021389075269184765
cell 23.397143673066513 5.225230415710391 0.0 2.23606797749979 0.4472135954999579 1 0 0 0.9916556222906155 -0.12891519219786315 3.4001425849320994
cell 19.029064434095126 28.606373838242106 0.0 2.23606797749979 0.4472135954999579 1 0 0 0.12543189873467825 0.9921022320203767 0.2515263122534827
cell 34.45910727817653 37.74075394955637 0.0 1.0 1.0 1 0 0 0.0 1.0 0
cell 2.2521569051720634 4.800303252010362 0.0 2.23606797749979 0.4472135954999579 1 0 0 0.986055816870291 -0.16641492125486565 3.475978190147536
cell 30.87946032493577 23.049135563209987 0.0 2.23606797749979 0.4472135954999579 1 0 0 0.22029286192198128 0.975433777857945 0.444229395898498
cell 0.9231881756515307 38.49207768452498 0.0 2.23606797749979 0.4472135954999579 1 0 0 0.9987280371517492 0.050421303107063734 3.0407072695939665
cell 21.116174548131056 33.65268776034822 0.0 2.23606797749979 0.4472135954999579 1 0 0 -0.10873377910875441 0.9940709055599246 6.065286931816392
cell 30.94436615360662 8.386064345024229 0.0 2.23606797749979 0.4472135954999579 1 0 0 0.9982079101405732 -0.05984119093725764 3.2613465806140405
cell 5.1272301836505445 22.074401085912122 0.0 2.23606797749979 0.4472135954999579 1 0 0 0.15342135582612293 0.9881608611842883 0.3080593932114398
cell 35.41244099942978 36.3630910782125 0.0 1.0 1.0 1 0 0 0.0 1.0 0
cell 41.341243483050036 30.328292741592687 0.0 2.23606797749979 0.4472135954999579 1 0 0 0.10732780589239281 0.994223688151879 0.21506987502633845
cell 31.58494807931116 34.59598480820418 0.0 2.23606797749979 0.4472135954999579 1 0 0 -0.12466507950682583 0.9921988802410315 6.033204766754668
cell 16.159114096993292 39.5784640052155 0.0 2.23606797749979 0.4472135954999579 1 0 0 0.9997691127892154 0.021487696774320157 3.098613952246077
cell 15.727750652408217 42.722863372434574 0.0 2.23606797749979 0.4472135954999579 1 0 0 0.9975887317738144 -0.06940260973416429 3.2805095463136604
cell 23.96903230695307 36.54346226364674 0.0 1.0 1.0 1 0 0 0.0 1.0 0
cell 8.977563154131845 39.31891843535791 0.0 2.23606797749979 0.4472135954999579 1 0 0 0.9982006807353607 0.05996166258087291 3.021597349837316
cell 28.41879937038777 5.334374628972571 0.0 2.23606797749979 0.4472135954999579 1 0 0 0.9965409158421531 -0.08310356822954568 3.307991697095083
cell 24.44617362984272 0.07664478289280376 0.0 2.23606797749979 0.4472135954999579 1 0 0 0.9933340217300876 -0.11527151110977094 3.3726493105473057
cell 6.632459242636746 0.8686418629666584 0.0 2.23606797749979 0.4472135954999579 1 0 0 0.9958437306911968 -0.0910783401420952 3.324002118253147
cell 15.049087739617129 33.53942944222701 0.0 2.23606797749979 0.4472135954999579 1 0 0 -0.027051428374754823 0.9996340431492344 6.229075849693475
cell 3.166796750596468 35.91069683146379 0.0 1.0 1.0 1 0 0 0.0 1.0 0
cell 16.17863928650461 30.03429190277371 0.0 2.23606797749979 0.4472135954999579 1 0 0 -0.0994501869189964 -0.995042541965808 0.19922970707833265
cell 23.327395909186144 24.366180526195343 0.0 2.23606797749979 0.4472135954999579 1 0 0 -0.13022926522112804 -0.9914839073227387 0.2612004212575538
cell 33.23911650111251 11.64699174442192 0.0 2.23606797749979 0.4472135954999579 1 0 0 0.997690585329758 -0.06792272038401319 3.277542765540468
cell 12.172727958755333 17.889723476755957 0.0 2.23606797749979 0.4472135954999579 1 0 0 -0.1170766158784311 -0.9931228856563795 0.23469147886599817
cell 42.27709743537642 24.198984420378853 0.0 2.23606797749979 0.4472135954999579 1 0 0 -0.08341118937980625 -0.9965152148794548 0.16701642932413563
cell 25.668326318702597 36.370462575124066 0.0 1.0 1.0 1 0 0 0.0 1.0 0
cell 18.982268886195463 42.71101006548221 0.0 2.23606797749979 0.4472135954999579 1 0 0 0.9966156253763689 -0.08220276914842345 3.306183913308586
cell 35.77059008819336 32.66915722303219 0.0 2.23606797749979 0.4472135954999579 1 0 0 0.03993326779882673 -0.9992023489378451 6.203297529595318
cell 27.610140482253716 14.535660219575071 0.0 2.23606797749979 0.4472135954999579 1 0 0 -0.028444958506878667 0.999595360301128 6.226287715617348
cell 24.77814329243348 22.544267992349912 0.0 2.23606797749979 0.4472135954999579 1 0 0 0.16248463487462073 0.986711073936875 0.3264164628701937
cell 5.081278102313963 20.610896916733665 0.0 2.23606797749979 0.4472135954999579 1 0 0 0.0234942219037923 0.999723972673025 0.046992767649835454
cell 28.120756204070982 22.91748284443364 0.0 2.23606797749979 0.4472135954999579 1 0 0 -0.16440736725367194 -0.9863925271375064 0.33031434591982123
cell 25.23165534674879 9.58447839008227 0.0 2.23606797749979 0.4472135954999579 1 0 0 0.9922781782234144 -0.12403232248741412 3.3902977809374595
cell 31.688260894389337 36.23551681857905 0.0 1.0 1.0 1 0 0 0.0 1.0 0
cell 20.02060530277197 22.854673418586916 0.0 2.23606797749979 0.4472135954999579 1 0 0 0.1019249867268999 0.9947920873633451 0.20420458990605148
cell 6.1403057460467885 40.16060643500652 0.0 2.23606797749979 0.4472135954999579 1 0 0 0.999594237308914 0.028484394654101033 3.0846161577610167
cell 17.369615013185314 28.956446351820386 0.0 2.23606797749979 0.4472135954999579 1 0 0 -0.12220611971463698 -0.9925047427112335 0.24502472031036593
cell 3.5801711006152415 34.734138378348845 0.0 2.23606797749979 0.4472135954999579 1 0 0 0.023788257063428225 -0.9997170193739248 6.2356043048007725
cell 40.45672950338982 43.01785785855095 0.0 2.23606797749979 0.4472135954999579 1 0 0 0.9987268108354697 -0.05044558770013533 3.2425266686584973
cell 38.18769699470848 42.19574387801012 0.0 2.23606797749979 0.4472135954999579 1 0 0 0.9992502243699156 -0.03871678055667047 3.219045573108067
cell 29.759765848511748 17.584456348114216 0.0 2.23606797749979 0.4472135954999579 1 0 0 0.007101385223978064 0.9999747848460483 0.014202889824174628
cell 37.94176753060676 34.35503070664704 0.0 2.23606797749979 0.4472135954999579 1 0 0 -0.031954526696854973 0.9994893237166568 6.219265372617189
cell 29.121026263758143 20.773107580703975 0.0 2.23606797749979 0.4472135954999579 1 0 0 0.042477119134953376 -0.9990974398676012 6.198205500909265
cell 6.909629263934659 17.570628737426908 0.0 2.23606797749979 0.4472135954999579 1 0 0 0.05474056520295575 0.9985006111772096 0.10953588150567263
cell 5.078822328886341 3.9562191328032066 0.0 2.23606797749979 0.4472135954999579 1 0 0 0.9899159228593453 -0.14165615295330697 3.425861131839446
cell 33.84378145986917 33.54334481395879 0.0 2.23606797749979 0.4472135954999579 1 0 0 -0.08036849928797664 0.9967652202611197 6.122274767774225
cell 35.12339640353319 1.8069237014755795 0.0 2.23606797749979 0.4472135954999579 1 0 0 0.9898376057470706 -0.14220237075698453 3.4269647394995415
cell 29.58922867581933 12.441435660601327 0.0 2.23606797749979 0.4472135954999579 1 0 0 0.9847657987666515 -0.17388594416881079 3.49114138313884
cell 41.26474706384508 31.051847703168317 0.0 2.23606797749979 0.4472135954999579 1 0 0 0.03776446081603392 0.9992866683286004 0.07554688581524292
cell 41.99202526314567 26.166171875526427 0.0 2.23606797749979 0.4472135954999579 1 0 0 -0.1543576255531794 -0.9880150421089673 0.30995450721509243
cell 6.763727022540535 38.61165107921833 0.0 2.23606797749979 0.4472135954999579 1 0 0 0.9944658665783132 0.10506017423669516 2.9310838336914635
cell 37.210691634781384 4.218007371231832 0.0 2.23606797749979 0.4472135954999579 1 0 0 0.9863651928216501 -0.16457128057443327 3.4722393531863496
cell 5.81190599255244 28.97464617689979 0.0 2.23606797749979 0.4472135954999579 1 0 0 0.12436651578696614 0.9922363477271987 0.249378729464502
cell 0.9975880884175201 21.84548167293818 0.0 2.23606797749979 0.4472135954999579 1 0 0 0.06253205946519444 0.9980429557584389 0.12514576818837495
cell 41.120669881766496 21.34758796087105 0.0 2.23606797749979 0.4472135954999579 1 0 0 0.017566446081685165 0.9998456980814886 0.03513469929912985
cell 26.06285968535879 13.342142079073037 0.0 2.23606797749979 0.4472135954999579 1 0 0 0.08521682824332483 0.9963624301348117 0.1706406124222628
cell 3.9080175298443645 22.956677805723643 0.0 2.23606797749979 0.4472135954999579 1 0 0 -0.05582862173188309 -0.9984403662690718 0.11171532783592308
cell 12.388624039073179 35.0428639316335 0.0 2.23606797749979 0.4472135954999579 1 0 0 0.023745989616127606 0.9997180242334089 0.04749644359821346
cell 25.48268019957386 33.89912490401411 0.0 2.23606797749979 0.4472135954999579 1 0 0 -0.12019473201415963 0.9927503343721644 6.042213238914726
cell 21.920397978121716 25.059408809739953 0.0 2.23606797749979 0.4472135954999579 1 0 0 0.10123282241454615 0.9948627622270244 0.20281306356252718
cell 19.97718400534568 38.82057154925703 0.0 2.23606797749979 0.4472135954999579 1 0 0 0.9996415408311731 0.026772931193241555 3.088040392284025
cell 39.39875836838694 3.1884337956000866 0.0 2.23606797749979 0.4472135954999579 1 0 0 0.9889628338511398 -0.14816380550297317 3.4390153062799715
cell 5.011106580879218 38.34978268061355 0.0 2.23606797749979 0.4472135954999579 1 0 0 0.9922095885228757 0.12457982358016767 2.8917839647326296
cell 41.21577669711282 29.406946404619788 0.0 2.23606797749979 0.4472135954999579 1 0 0 0.06786199703878476 0.9976947175152868 0.13582838439234673
cell 33.222575251355394 28.310661985494562 0.0 2.23606797749979 0.4472135954999579 1 0 0 0.10223334735892023 0.9947604448749409 0.20482454966997748
cell 36.012708088705224 33.85995676496984 0.0 2.23606797749979 0.4472135954999579 1 0 0 -0.059628934415125956 0.9982206119793944 6.163856652623609
cell 6.456664267345867 29.90071627209177 0.0 2.23606797749979 0.4472135954999579 1 0 0 0.11097718938551383 0.9938229537679696 0.22241251843745402
cell 21.137672731188797 27.56417921477603 0.0 2.23606797749979 0.4472135954999579 1 0 0 0.12501707381684254 0.992154590401251 0.25069007995309717
cell 35.523516573343315 26.253215989636168 0.0 2.23606797749979 0.4472135954999579 1 0 0 0.14194994826873478 0.9898738364996337 0.28486206716359125
cell 2.585154133679508 16.428124659330596 0.0 2.23606797749979 0.4472135954999579 1 0 0 0.01909178808601387 -0.9998177352036114 6.244999410997837
cell 26.574153075998385 43.783553392293555 0.0 2.23606797749979 0.4472135954999579 1 0 0 0.9929530868923512 -0.11850808930596636 3.3791671504257854
cell 20.281439988665824 1.2164610824122348 0.0 2.23606797749979 0.4472135954999579 1 0 0 0.9931468109233665 -0.11687348695382886 3.375875066306831
cell 11.619713582573576 25.75138301420415 0.0 2.23606797749979 0.4472135954999579 1 0 0 0.1466790719115056 0.9891841334469429 0.29442038170181717
cell 36.07285983604425 5.781876954147074 0.0 2.23606797749979 0.4472135954999579 1 0 0 0.9813656930377518 -0.1921493599482787 3.528296355921014
cell 25.51087075428848 26.511119744745105 0.0 2.23606797749979 0.4472135954999579 1 0 0 0.12722397332993027 0.9918740144847757 0.2551394081481981
cell 11.922131360654602 28.793321081128926 0.0 2.23606797749979 0.4472135954999579 1 0 0 0.1393531820418068 0.9902427432982395 0.2796163866521263
cell 42.34690450821975 44.51646723595878 0.0 2.23606797749979 0.4472135954999579 1 0 0 0.9966869396770079 -0.08133353722346244 3.3044396083844827
cell 42.60192237491531 3.357106758853682 0.0 2.23606797749979 0.4472135954999579 1 0 0 0.9902168389672137 -0.13953713421802524 3.421580574561199
cell 2.3542270487389976 39.53802333496005 0.0 2.23606797749979 0.4472135954999579 1 0 0 0.9955333338687378 0.09441070466952557 2.952489606929845
cell 28.417045724006478 33.61738244871954 0.0 2.23606797749979 0.4472135954999579 1 0 0 0.1300936972610294 -0.9915017044528747 6.022258348238819
cell 33.58013153251493 29.17921451167731 0.0 2.23606797749979 0.4472135954999579 1 0 0 0.10676904045407717 0.9942838488080331 0.21394588547493193
cell 13.1455518773869 5.424310746894416 0.0 2.23606797749979 0.4472135954999579 1 0 0 0.9845511042643692 -0.17509746740547463 3.493602181767963
cell 27.43261871228968 25.03165340896149 0.0 2.23606797749979 0.4472135954999579 1 0 0 -0.11508430918077005 -0.9933557277130811 0.23067974470234187
