500
 Lattice="46.38723736255475 0.0 0.0 0.0 46.38723736255475 0.0 0.0 0.0 1.0"Properties=species:S:1:pos:R:3:aspherical_shape:R:3:orientation:R:4:Color:R:1
cell 30.427944068967346 13.32117650496425 0.0 2.23606797749979 0.4472135954999579 1 0 0 0.8975221970692269 0.4409692798461451 2.2282359774267304
cell 42.306715179748295 16.784985330945688 0.0 2.23606797749979 0.4472135954999579 1 0 0 0.9246491458352195 0.3808201112155174 2.360226498005504
cell 38.08281666709295 42.37552999204055 0.0 2.23606797749979 0.4472135954999579 1 0 0 0.9336357104329259 0.35822389675230437 2.4088629614706223
cell 22.630616489898394 21.37682434162456 0.0 2.23606797749979 0.4472135954999579 1 0 0 0.8481029200227955 0.5298315176061233 2.024788863479731
cell 22.631643333773358 33.894573036246264 0.0 2.23606797749979 0.4472135954999579 1 0 0 0.9030125267318003 0.4296142182999181 2.253461619259429
cell 31.642672127895416 44.32214214319313 0.0 2.23606797749979 0.4472135954999579 1 0 0 0.9417529225591301 0.33630556470468503 2.4556102516504983
cell 15.319854558472608 16.60407042166919 0.0 2.23606797749979 0.4472135954999579 1 0 0 0.9473666641918366 0.3201505951548926 2.489815763843679
cell 45.754892221954854 20.061101756163275 0.0 2.23606797749979 0.4472135954999579 1 0 0 0.9531253791827876 0.30257562948404726 2.5268050577828474
cell 5.068015825616781 7.8747642811437695 0.0 2.23606797749979 0.4472135954999579 1 0 0 0.9197406173375589 0.3925266829395503 2.3348383403439055
cell 30.41678850648896 29.537700252230064 0.0 2.23606797749979 0.4472135954999579 1 0 0 0.9426017590016241 0.333919037982329 2.460676230937106
cell 41.90890833192956 0.4583261087431323 0.0 2.23606797749979 0.4472135954999579 1 0 0 0.90297593243403 0.4296911279569247 2.253291275630554
cell 27.820662751451398 0.26753110675074954 0.0 2.23606797749979 0.4472135954999579 1 0 0 0.960459045385236 0.2784213033115124 2.5772925997120875
cell 4.147736631438022 18.850388648953114 0.0 2.23606797749979 0.4472135954999579 1 0 0 0.9603413041950477 0.2788271497845122 2.5764474385436213
cell 30.38360383263685 43.96317951728251 0.0 2.23606797749979 0.4472135954999579 1 0 0 0.9484021790822161 0.31706987670244563 2.496315956631511
cell 37.77933566217132 41.162257977161126 0.0 2.23606797749979 0.4472135954999579 1 0 0 0.9416419362180019 0.33661619681116434 2.4549505236020437
cell 37.471592525671475 29.611169295841147 0.0 2.23606797749979 0.4472135954999579 1 0 0 0.9625120275887104 0.2712390029974849 2.5922325372222925
cell 10.745766128961916 38.81910697092547 0.0 2.23606797749979 0.4472135954999579 1 0 0 0.9009109700051793 0.43400394482576654 2.2437279074493834
cell 30.30187867442472 23.280261096101924 0.0 2.23606797749979 0.4472135954999579 1 0 0 0.9032615642882315 0.42909037099377695 2.2546216808338237
cell 20.19643886109551 37.418538250586224 0.0 2.23606797749979 0.4472135954999579 1 0 0 0.9244618898605459 0.381274460455284 2.3592436490108204
cell 18.906676381399016 9.590196392140713 0.0 2.23606797749979 0.4472135954999579 1 0 0 0.954075387086723 0.2995666132186958 2.5331159062722386
cell 21.590086461693858 37.2026228976474 0.0 2.23606797749979 0.4472135954999579 1 0 0 0.92658063040419 0.3760961783371026 2.3704335996536186
cell 14.219860828482975 38.794750411136704 0.0 2.23606797749979 0.4472135954999579 1 0 0 0.915624063110628 0.4020355395394598 2.3141148914854717
cell 4.654891865026048 41.86557078982711 0.0 2.23606797749979 0.4472135954999579 1 0 0 0.896942427596634 0.4421473527875713 2.2256099623891883
cell 22.880496616713103 39.82754331912267 0.0 2.23606797749979 0.4472135954999579 1 0 0 0.9341290858235866 0.3569353597199224 2.4116224884314983
cell 17.34249033310029 35.6508420285676 0.0 2.23606797749979 0.4472135954999579 1 0 0 0.9159292966257357 0.4013396611134826 2.3156346471372387
cell 0.8936302281379757 10.63526487408519 0.0 2.23606797749979 0.4472135954999579 1 0 0 0.9224136224729884 0.3862034555467613 2.3485683579993557
cell 16.46560231844172 1.4297760025799169 0.0 2.23606797749979 0.4472135954999579 1 0 0 0.9556647202601503 0.29445702988736533 2.5438180350475568
cell 44.03707412131798 26.83776001618163 0.0 2.23606797749979 0.4472135954999579 1 0 0 0.972065952331247 0.2347078701670352 2.667756588627136
cell 21.343828900889662 39.58316390546849 0.0 2.23606797749979 0.4472135954999579 1 0 0 0.9555320604286702 0.294887235215328 2.5429176456684126
cell 43.10990887698311 0.7260410267969514 0.0 2.23606797749979 0.4472135954999579 1 0 0 0.8891133488619007 0.45768706872226134 2.1908085322473707
cell 44.47564235766963 8.481001739455316 0.0 2.23606797749979 0.4472135954999579 1 0 0 0.864152563684675 0.5032299143306207 2.0869278692199758
cell 15.936639702756255 34.3848616630505 0.0 2.23606797749979 0.4472135954999579 1 0 0 0.8938380965254368 0.44838984957265027 2.211666385460973
cell 32.457646935896456 33.57853081051814 0.0 2.23606797749979 0.4472135954999579 1 0 0 0.9597025816671392 0.28101771250479585 2.571883872500206
cell 8.5918524329737 5.632811500631894 0.0 2.23606797749979 0.4472135954999579 1 0 0 0.9205441244421807 0.3906385989056623 2.338942234330621
cell 0.871323841438146 28.043251473840364 0.0 2.23606797749979 0.4472135954999579 1 0 0 0.9716292446013199 0.23650921976842318 2.664049527790626
cell 44.043224148534904 25.082363258232824 0.0 2.23606797749979 0.4472135954999579 1 0 0 0.9658000883023141 0.25928785053535036 2.617023128631899
cell 20.057344855047713 45.89323976224675 0.0 2.23606797749979 0.4472135954999579 1 0 0 0.9588784821671595 0.2838169417719886 2.5660478359965384
cell 31.886323685246808 7.33855152810721 0.0 2.23606797749979 0.4472135954999579 1 0 0 0.9230911879998156 0.38458114701203056 2.352084595091012
cell 5.454104791636823 22.16938316808272 0.0 2.23606797749979 0.4472135954999579 1 0 0 0.9487103942668733 0.3161464657559749 2.4982629383478683
cell 0.2843936857088312 21.107109697509756 0.0 2.23606797749979 0.4472135954999579 1 0 0 0.963149105017575 0.2689680306353233 2.596949818515222
cell 36.23482141380251 31.21848024718168 0.0 2.23606797749979 0.4472135954999579 1 0 0 0.9680058404872499 0.2509276644425099 2.634315730511717
cell 30.621374064222074 9.968419765233506 0.0 2.23606797749979 0.4472135954999579 1 0 0 0.9268392119162244 0.3754584867259123 2.371809848189361
cell 26.322482511830636 37.02105786366599 0.0 2.23606797749979 0.4472135954999579 1 0 0 0.9455916479230436 0.32535585960326985 2.478816575334584
cell 13.788000531073537 23.26497083802092 0.0 2.23606797749979 0.4472135954999579 1 0 0 0.948376246465383 0.3171474343901132 2.496152399968108
cell 33.068495285264845 19.8015025359965 0.0 2.23606797749979 0.4472135954999579 1 0 0 0.8825355067433067 0.47024576482657965 2.1624541871662633
cell 2.162743673186432 36.798998079660095 0.0 2.23606797749979 0.4472135954999579 1 0 0 0.38422240915243305 -0.9232405646986599 5.494454439138715
cell 11.548506884989896 7.398450892604575 0.0 2.23606797749979 0.4472135954999579 1 0 0 0.9514125609151715 0.30791904607028636 2.515582592840503
cell 32.09231216107393 25.44091119202021 0.0 2.23606797749979 0.4472135954999579 1 0 0 0.9293523481410148 0.3691940045623468 2.385309442766393
cell 2.5995580386685697 30.56093705223966 0.0 2.23606797749979 0.4472135954999579 1 0 0 0.9716405216113846 0.2364628866498009 2.6641448992504597
cell 36.50369659404493 16.852930934311825 0.0 2.23606797749979 0.4472135954999579 1 0 0 0.8723212777212019 0.4889331124344614 2.1198600759170847
cell 26.679705314342876 14.37717490341028 0.0 2.23606797749979 0.4472135954999579 1 0 0 0.39342809621031677 -0.9193553899947102 5.474470436801306
cell 37.20470582676136 12.655148283857992 0.0 2.23606797749979 0.4472135954999579 1 0 0 0.8950617062413934 0.4459423079505304 2.2171391125329585
cell 20.813492241637658 38.95147849194185 0.0 2.23606797749979 0.4472135954999579 1 0 0 0.94622792493655 0.32350071726392005 2.4827390249620827
cell 10.768939990321346 1.5824339306996478 0.0 2.23606797749979 0.4472135954999579 1 0 0 0.9337779177934379 0.3578530428001858 2.4096573306272733
cell 45.25019043355097 25.308160052193482 0.0 2.23606797749979 0.4472135954999579 1 0 0 0.9672867330831811 0.2536855849299814 2.628615468632565
cell 32.31550835545779 31.86884635803981 0.0 2.23606797749979 0.4472135954999579 1 0 0 0.9533869157731412 0.30175054073286656 2.5285361532535715
cell 18.143802575792588 40.04454436609364 0.0 2.23606797749979 0.4472135954999579 1 0 0 0.9378224397672598 0.3471153575815747 2.432605749859878
cell 21.015716761780237 4.541982647748626 0.0 2.23606797749979 0.4472135954999579 1 0 0 0.922058776957241 0.38704988287831443 2.3467327604108017
cell 26.573460345303552 41.25175028276915 0.0 2.23606797749979 0.4472135954999579 1 0 0 0.9669391554099374 0.255007195457534 2.625882364232002
cell 2.0601328911644825 7.293452771210388 0.0 2.23606797749979 0.4472135954999579 1 0 0 0.9123304013826923 0.4094548066794377 2.297879855999511
cell 33.05390728958322 25.5527136027125 0.0 2.23606797749979 0.4472135954999579 1 0 0 0.9351936024491793 0.35413687458118 2.4176107173566845
cell 2.2975472757696265 34.757468987524256 0.0 2.23606797749979 0.4472135954999579 1 0 0 0.9275822283860303 0.37361907015355383 2.375777481283168
cell 28.25095652769957 10.273552030585295 0.0 2.23606797749979 0.4472135954999579 1 0 0 0.965220538759982 0.2614370125974705 2.6125712628266027
cell 5.091943286986924 20.179157237104842 0.0 2.23606797749979 0.4472135954999579 1 0 0 0.9627815083723208 0.270280904128129 2.594223088319819
cell 31.82731007637193 31.295323659867837 0.0 2.23606797749979 0.4472135954999579 1 0 0 0.9557917247719533 0.2940445184958473 2.544681274984174
cell 29.563504841722498 28.366478425860816 0.0 2.23606797749979 0.4472135954999579 1 0 0 0.9348491534333169 0.3550451525158608 2.4156679214277643
cell 8.491987335394457 43.4593154819302 0.0 2.23606797749979 0.4472135954999579 1 0 0 0.9181603117352146 0.3962090886820916 2.326823978401385
cell 0.8350868289978047 27.02371335636596 0.0 2.23606797749979 0.4472135954999579 1 0 0 0.9763329966419423 0.21627269746356123 2.7056022723638384
cell 3.1788676497658015 17.672642158079785 0.0 2.23606797749979 0.4472135954999579 1 0 0 0.9624042659874685 0.27162111259826965 2.591438508729644
cell 24.114833207127493 2.7554240474829035 0.0 2.23606797749979 0.4472135954999579 1 0 0 0.9433320093447898 0.33185044846364375 2.4650636356781277
cell 35.84000809611753 16.341300180165323 0.0 2.23606797749979 0.4472135954999579 1 0 0 0.8597152786060975 0.510773569922368 2.0694239579455465
cell 44.16622626833163 18.5877539082066 0.0 2.23606797749979 0.4472135954999579 1 0 0 0.9340921093088728 0.35703211525981926 2.4114153276519024
cell 19.873016589947675 36.57621596989545 0.0 2.23606797749979 0.4472135954999579 1 0 0 0.9068858225454013 0.4213764408057847 2.2716675491399996
cell 20.806691323724642 26.877688182460098 0.0 2.23606797749979 0.4472135954999579 1 0 0 0.8774596095088116 0.47965053286809106 2.1410798584756425
cell 29.750646012161603 22.765182652410303 0.0 2.23606797749979 0.4472135954999579 1 0 0 0.8910145518823952 0.45397474415854283 2.1991502231574374
cell 3.961805002922081 36.598732875256445 0.0 2.23606797749979 0.4472135954999579 1 0 0 0.9091494488249036 0.4164700225723023 2.2824744015686838
cell 23.697875207234436 29.296728517304533 0.0 2.23606797749979 0.4472135954999579 1 0 0 0.920419182379457 0.39093289540269177 2.3383027941127046
cell 21.67859621091619 46.161840189362884 0.0 2.23606797749979 0.4472135954999579 1 0 0 0.9668728776635401 0.2552583758442119 2.6253628093197987
cell 40.59809320144688 16.201216948652295 0.0 2.23606797749979 0.4472135954999579 1 0 0 0.8947932916282827 0.4464806437652399 2.2159360300505964
cell 29.42135023415866 41.635066790608434 0.0 2.23606797749979 0.4472135954999579 1 0 0 0.9385830434487528 0.34505343144283707 2.4370012290401415
cell 41.60132968316315 22.23265672162967 0.0 2.23606797749979 0.4472135954999579 1 0 0 0.9556895525608975 0.29437642420199267 2.5439867231583295
cell 12.144214243332874 8.056447949628973 0.0 2.23606797749979 0.4472135954999579 1 0 0 0.9495047605747505 0.313752624922702 2.5033073392591834
cell 5.946839878355572 14.149839596931367 0.0 2.23606797749979 0.4472135954999579 1 0 0 0.9541256225361159 0.29940657377564256 2.5334513833878485
cell 10.109445814074096 6.456452533885459 0.0 2.23606797749979 0.4472135954999579 1 0 0 0.9452487583604761 0.3263507083154231 2.476712011423113
cell 39.986095172040194 19.83960843006434 0.0 2.23606797749979 0.4472135954999579 1 0 0 0.9277957725013019 0.373088467429258 2.3769214049678875
cell 12.42856807226941 16.55424525145942 0.0 2.23606797749979 0.4472135954999579 1 0 0 0.9427001171233488 0.33364125820351503 2.461265589660654
cell 35.299836234815864 6.9075807790683745 0.0 2.23606797749979 0.4472135954999579 1 0 0 0.920165127717165 0.3915305067721461 2.33700405143588
cell 28.383180290784914 37.46721078003109 0.0 2.23606797749979 0.4472135954999579 1 0 0 0.9610890420854131 0.27623876118919827 2.5818358972709285
cell 14.596456212236184 10.776604646542722 0.0 2.23606797749979 0.4472135954999579 1 0 0 0.9533717453755942 0.3017984677222421 2.528435611973037
cell 42.61027209102896 23.316928769463765 0.0 2.23606797749979 0.4472135954999579 1 0 0 0.9550314935190072 0.2965043783603447 2.5395319582245475
cell 43.12483513028511 13.105589212262885 0.0 2.23606797749979 0.4472135954999579 1 0 0 0.8918574476754485 0.45231658495553156 2.2028704200651785
cell 36.9837666313462 35.75295450271688 0.0 2.23606797749979 0.4472135954999579 1 0 0 0.9776062589802492 0.21044239687534888 2.7175377166581436
cell 22.225026878237 41.63735625495155 0.0 2.23606797749979 0.4472135954999579 1 0 0 0.9485602021868272 0.3165968143037536 2.497313472224981
cell 43.33134157611661 16.929093336035894 0.0 2.23606797749979 0.4472135954999579 1 0 0 0.9325077581465898 0.3611499425396895 2.402591110589381
cell 35.57296612001451 34.513219457066654 0.0 2.23606797749979 0.4472135954999579 1 0 0 0.9732820959193056 0.2296126341535317 2.6782333243799235
cell 21.10138000820677 15.628617457037441 0.0 2.23606797749979 0.4472135954999579 1 0 0 0.9447300818753886 0.3278491610477622 2.4735406480481075
cell 16.292415786025376 35.46310859821743 0.0 2.23606797749979 0.4472135954999579 1 0 0 0.9031956443480297 0.42922910902075073 2.2543144761548803
cell 25.67677727700156 30.851188378181167 0.0 2.23606797749979 0.4472135954999579 1 0 0 0.9175431829207717 0.39763614960868343 2.3237144116477766
cell 16.728322479730835 23.523854970462736 0.0 2.23606797749979 0.4472135954999579 1 0 0 0.45097012195970226 -0.892539046260527 5.3474813775910155
cell 25.526335967237618 6.241279688324105 0.0 2.23606797749979 0.4472135954999579 1 0 0 0.9215257490679418 0.3883172592156685 2.3439829518290676
cell 34.271186704062636 20.726046639608423 0.0 2.23606797749979 0.4472135954999579 1 0 0 0.8997691276970591 0.4363662645568209 2.238480293775387
cell 8.040359999328519 1.7771387575072857 0.0 2.23606797749979 0.4472135954999579 1 0 0 0.9104643157607003 0.41358763246306063 2.2888106642513417
cell 22.195812907086356 10.85615101064376 0.0 2.23606797749979 0.4472135954999579 1 0 0 0.949492753753552 0.3137889586481598 2.5032308068252456
cell 18.397184355710163 30.675965887240256 0.0 2.23606797749979 0.4472135954999579 1 0 0 0.892779667591619 0.45049357946034957 2.206956415689743
cell 6.153020604961598 0.06830931823696558 0.0 2.23606797749979 0.4472135954999579 1 0 0 0.9226346513389918 0.3856751225430246 2.349713765405319
cell 2.2658372183029254 45.65755005115719 0.0 2.23606797749979 0.4472135954999579 1 0 0 0.8917782385056989 0.45247273213716727 2.202520242767322
cell 41.87862763497049 40.329588763815934 0.0 2.23606797749979 0.4472135954999579 1 0 0 0.9520348489686847 0.3059896180414846 2.5196371884294626
cell 10.805459627440387 40.25734074920839 0.0 2.23606797749979 0.4472135954999579 1 0 0 0.9104016890335674 0.4137254700943943 2.288507868481181
cell 38.09762138130458 24.947150979262297 0.0 2.23606797749979 0.4472135954999579 1 0 0 0.9649294231307568 0.2625094443568553 2.6103487792471904
cell 33.93469658148136 36.15401041412188 0.0 2.23606797749979 0.4472135954999579 1 0 0 0.9810123809095643 0.19394511724234711 2.751228582613698
cell 13.88838614513796 0.9296643325746639 0.0 2.23606797749979 0.4472135954999579 1 0 0 0.9450701969788627 0.32686743915895566 2.4756185857253974
cell 36.212731420158256 12.052167852134625 0.0 2.23606797749979 0.4472135954999579 1 0 0 -0.9192676798359651 -0.39363299253111594 2.3324320228524424
cell 27.167070226345025 32.643769826927596 0.0 2.23606797749979 0.4472135954999579 1 0 0 0.9293880721300133 0.36910406578965943 2.3855029905509815
cell 26.059892351711156 21.05628925945745 0.0 2.23606797749979 0.4472135954999579 1 0 0 0.8813059343891729 0.47254613532482387 2.157237461579995
cell 16.146691864221616 18.83461697521661 0.0 2.23606797749979 0.4472135954999579 1 0 0 0.965657438608924 0.25981861222639957 2.6159239345356395
cell 25.258082362999602 38.86697596021565 0.0 2.23606797749979 0.4472135954999579 1 0 0 0.9504649146675488 0.31083186127874524 2.509456408649588
cell 38.00672856184975 38.13927066948522 0.0 2.23606797749979 0.4472135954999579 1 0 0 0.9216954358881913 0.3879143249003278 2.3448573651923925
cell 22.946886286162268 23.0042856932904 0.0 2.23606797749979 0.4472135954999579 1 0 0 0.8627771175998089 0.5055844591620332 2.0814741593255937
cell 26.391011586829155 44.851332044863895 0.0 2.23606797749979 0.4472135954999579 1 0 0 0.9493862877130441 0.31411093056823886 2.502552571066227
cell 41.57844308922223 10.315061963065398 0.0 2.23606797749979 0.4472135954999579 1 0 0 0.8701839536699599 0.49272699010234566 2.1111510709633565
cell 25.023966827309458 30.34424794406802 0.0 2.23606797749979 0.4472135954999579 1 0 0 0.9257847335338758 0.378051090668458 2.36621216117581
cell 13.266710184641406 35.14868278622221 0.0 2.23606797749979 0.4472135954999579 1 0 0 0.889163407897067 0.457589809826305 2.1910273033593244
cell 41.828166584193205 32.06439265270322 0.0 2.23606797749979 0.4472135954999579 1 0 0 0.9707260945471705 0.24018919493848537 2.6564711600371536
cell 24.710442050809448 34.03267524169643 0.0 2.23606797749979 0.4472135954999579 1 0 0 0.9225905375837986 0.38578063709942395 2.349485035477031
cell 2.747025974640789 0.23443783391039746 0.0 2.23606797749979 0.4472135954999579 1 0 0 0.894364582402902 0.4473387907875672 2.2140174806168615
cell 33.84390025387612 26.657732759332948 0.0 2.23606797749979 0.4472135954999579 1 0 0 0.9500804250061304 0.3120051057597784 2.5069871293169523
cell 0.5965155812883346 6.337368130810409 0.0 2.23606797749979 0.4472135954999579 1 0 0 0.908169859322566 0.4186018473657644 2.2777821632678883
cell 24.504837808231006 36.41548944019311 0.0 2.23606797749979 0.4472135954999579 1 0 0 0.9318263540783681 0.3629044582875992 2.398826731193141
cell 15.815703134759044 32.93762152670892 0.0 2.23606797749979 0.4472135954999579 1 0 0 0.8897286557298082 0.4564897799219917 2.1935008199634876
cell 11.902979423325723 19.472231955003817 0.0 2.23606797749979 0.4472135954999579 1 0 0 0.9542475637284735 0.2990177036870441 2.5342664652303624
cell 31.976400758891298 10.231108021803507 0.0 2.23606797749979 0.4472135954999579 1 0 0 0.9241136072648926 0.3821178363644753 2.357418728466352
cell 45.567441652712446 2.484649647044965 0.0 2.23606797749979 0.4472135954999579 1 0 0 0.8821669540309814 0.47093679535124483 2.1608878483534495
cell 4.623881245994584 19.489765574293326 0.0 2.23606797749979 0.4472135954999579 1 0 0 0.9606914662545115 0.2776182750932595 2.5789645731813593
cell 31.950262863645495 2.554554898266575 0.0 2.23606797749979 0.4472135954999579 1 0 0 0.921280748242164 0.3888981652288405 2.3427220359493406
cell 6.1799985802342166 1.3002018404975388 0.0 2.23606797749979 0.4472135954999579 1 0 0 0.9110259194479293 0.41234909251028434 2.291530502629738
cell 33.624274205945056 31.913475500363262 0.0 2.23606797749979 0.4472135954999579 1 0 0 0.956629145024471 0.29130856302166863 2.5504037676652445
cell 28.08032428211322 22.59448939750733 0.0 2.23606797749979 0.4472135954999579 1 0 0 0.8742841291804188 0.4854145253937473 2.1279181805512826
cell 25.961982874050197 10.522899001317898 0.0 2.23606797749979 0.4472135954999579 1 0 0 0.9157858004195395 0.40166698613396573 2.3149198525329315
cell 31.625292704055866 18.885116996844562 0.0 2.23606797749979 0.4472135954999579 1 0 0 0.8645522969357938 0.5025428597274495 2.08851762484026
cell 19.682391604758482 4.153466027114109 0.0 2.23606797749979 0.4472135954999579 1 0 0 0.9583164715193436 0.28570883853096846 2.5621006189621034
cell 17.74585908057133 24.079752332214788 0.0 2.23606797749979 0.4472135954999579 1 0 0 0.9019328054825928 0.43187638786381854 2.248448351901019
cell 22.53834347811286 7.745836456703644 0.0 2.23606797749979 0.4472135954999579 1 0 0 0.9353057148807683 0.3538406699510034 2.418244141009837
cell 9.08133296975242 18.146506014175287 0.0 2.23606797749979 0.4472135954999579 1 0 0 0.9562490754866201 0.29255376536798205 2.5477999381959586
cell 27.412334927748244 16.381428198888084 0.0 2.23606797749979 0.4472135954999579 1 0 0 0.8942604923135471 0.44754683764622044 2.213552214059536
cell 33.69950987227094 20.22214105117302 0.0 2.23606797749979 0.4472135954999579 1 0 0 0.8844959271734048 0.4665479126667046 2.1708249420738177
cell 28.158500780634903 33.82256903091867 0.0 2.23606797749979 0.4472135954999579 1 0 0 0.9359000711136878 0.35226560560093595 2.4216110907913464
cell 18.118794812744596 27.621547818106027 0.0 2.23606797749979 0.4472135954999579 1 0 0 0.8665586846167638 0.49907519084328783 2.0965302000777988
cell 17.28026201666195 6.996399005888891 0.0 2.23606797749979 0.4472135954999579 1 0 0 0.9449583749233831 0.3271905708637689 2.474934719446403
cell 1.614664841010279 24.71618230476788 0.0 2.23606797749979 0.4472135954999579 1 0 0 0.9702686671358677 0.24203039803790508 2.652676811729744
cell 13.855268559965014 42.879658472134615 0.0 2.23606797749979 0.4472135954999579 1 0 0 0.9131989113596154 0.4075141080890492 2.3021322070206534
cell 6.1885441623196815 37.57135972445884 0.0 2.23606797749979 0.4472135954999579 1 0 0 0.9199428367661913 0.3920525182709234 2.3358693104427437
cell 31.363778161880525 13.989660258252076 0.0 2.23606797749979 0.4472135954999579 1 0 0 0.9037791416830542 0.4279991390863326 2.257037192053228
cell 38.636734647183495 8.416898217543842 0.0 2.23606797749979 0.4472135954999579 1 0 0 0.9065006570520712 0.42220440400848874 2.2698412133765324
cell 28.221828716480175 17.169171452209433 0.0 2.23606797749979 0.4472135954999579 1 0 0 0.8924268638180071 0.45119207964674674 2.2053913303319153
cell 33.06393041906935 39.225805575271245 0.0 2.23606797749979 0.4472135954999579 1 0 0 0.9276132161126373 0.3735421278693606 2.3759433770854184
cell 8.414236627222202 10.471719324405235 0.0 2.23606797749979 0.4472135954999579 1 0 0 0.944151625392445 0.3295113173607305 2.470020775146494
cell 23.960336279204608 24.981220109845367 0.0 2.23606797749979 0.4472135954999579 1 0 0 0.8815424686081371 0.4721047299490565 2.158239034638216
cell 19.64336013552319 42.91035627332917 0.0 2.23606797749979 0.4472135954999579 1 0 0 0.941535248189509 0.33691449422178293 2.4543169190520446
cell 12.274715697921707 15.386598516454653 0.0 2.23606797749979 0.4472135954999579 1 0 0 0.9536980568430333 0.3007657167527948 2.5306017641868466
cell 40.11890398153053 28.984006167509293 0.0 2.23606797749979 0.4472135954999579 1 0 0 0.9703550718606013 0.24168374896630376 2.653391322350115
cell 14.678734732953663 45.51418577468359 0.0 2.23606797749979 0.4472135954999579 1 0 0 0.9289752336087047 0.37014188541916254 2.3832691549637035
cell 39.121263584925934 13.391016610081913 0.0 2.23606797749979 0.4472135954999579 1 0 0 0.8680632271242318 0.49645365716717643 2.1025753945088974
cell 2.4479821606123813 29.38764833202364 0.0 2.23606797749979 0.4472135954999579 1 0 0 0.976258687211241 0.21660788453928528 2.704915621744145
cell 44.936261365033246 31.576751648461176 0.0 2.23606797749979 0.4472135954999579 1 0 0 0.9787388538228506 0.20511035082982212 2.7284397457690326
cell 28.582807379269962 2.9544464225522935 0.0 2.23606797749979 0.4472135954999579 1 0 0 0.9107384623216781 0.41298359924813627 2.2901373329782846
cell 15.327993372351742 5.0469766614475 0.0 2.23606797749979 0.4472135954999579 1 0 0 0.959633204389174 0.28125453424570024 2.5713903231350077
cell 6.984051166878388 15.303257443271724 0.0 2.23606797749979 0.4472135954999579 1 0 0 0.9551055819755577 0.29626563634537684 2.5400319056195015
cell 43.313015162112976 29.162412619168506 0.0 2.23606797749979 0.4472135954999579 1 0 0 0.9778466823610055 0.20932239678442155 2.7198287459021135
cell 29.445248243386217 6.798111097445643 0.0 2.23606797749979 0.4472135954999579 1 0 0 0.9346755169398745 0.3555020084798092 2.4146904409759804
cell 0.3284336512264627 4.005382694823131 0.0 2.23606797749979 0.4472135954999579 1 0 0 0.8789530954278775 0.47690822601183197 2.1473250982652528
cell 44.74345012872598 19.04929843473762 0.0 2.23606797749979 0.4472135954999579 1 0 0 0.9417734228266506 0.3362481524965972 2.4557321765881786
cell 8.466136651423332 23.248121576858598 0.0 2.23606797749979 0.4472135954999579 1 0 0 0.9589013776144598 0.28373957779818304 2.566209197527934
cell 31.615081050170332 1.2921466911405495 0.0 2.23606797749979 0.4472135954999579 1 0 0 0.9391445439803382 0.3435222343778677 2.4402630370592053
cell 14.72185245317451 4.408140783772816 0.0 2.23606797749979 0.4472135954999579 1 0 0 0.9560041362660904 0.2933531854985155 2.546127732697127
cell 35.63287953912836 33.48624769907212 0.0 2.23606797749979 0.4472135954999579 1 0 0 0.9731625911004576 0.23011860264360115 2.6771935445556165
cell 17.71610872930255 1.770874611917467 0.0 2.23606797749979 0.4472135954999579 1 0 0 0.9642841796637096 0.26486981868511683 2.605454820077355
cell 12.092409943053342 41.93148968568103 0.0 2.23606797749979 0.4472135954999579 1 0 0 0.9151035327160693 0.4032189534366782 2.31152922284731
cell 39.30291714000294 46.002333603655636 0.0 2.23606797749979 0.4472135954999579 1 0 0 0.9274305435290415 0.37399543704359084 2.374965914073344
cell 26.787490220411243 21.54222452523619 0.0 2.23606797749979 0.4472135954999579 1 0 0 0.8822832934569732 0.47071880150118983 2.1613820393327785
cell 36.89818737971713 36.90162985810687 0.0 2.23606797749979 0.4472135954999579 1 0 0 0.9783277174477524 0.20706249605727908 2.7244498057053312
cell 1.939524832495172 40.15957638422308 0.0 2.23606797749979 0.4472135954999579 1 0 0 0.9157246400006466 0.40180640076495316 2.3146153724106426
cell 39.4119570517676 32.34306691824142 0.0 2.23606797749979 0.4472135954999579 1 0 0 0.9737535371377796 0.22760502830926874 2.682357758671093
cell 35.1595263732603 28.322681944836024 0.0 2.23606797749979 0.4472135954999579 1 0 0 0.9656969100741529 0.25967186577146434 2.6162278589910413
cell 22.672503831507065 0.34160755385669617 0.0 2.23606797749979 0.4472135954999579 1 0 0 0.957134137929426 0.28964502759428556 2.553880759878891
cell 4.285825681796903 4.180460865962659 0.0 2.23606797749979 0.4472135954999579 1 0 0 -0.9181559134629218 -0.3962192809203859 2.3268017769130918
cell 5.3880335247488125 13.603723311099582 0.0 2.23606797749979 0.4472135954999579 1 0 0 0.9455858706118915 0.32537264989416564 2.4787810624528355
cell 44.17092411856015 7.14772481176327 0.0 2.23606797749979 0.4472135954999579 1 0 0 0.8597825211356996 0.510660372801278 2.0696872839490887
cell 8.038761164280846 16.667302673963196 0.0 2.23606797749979 0.4472135954999579 1 0 0 0.9544352919196122 0.2984179510993344 2.5355233583096832
cell 40.089375158663394 27.215195556662586 0.0 2.23606797749979 0.4472135954999579 1 0 0 0.9642532065519934 0.2649825534902228 2.605220995613731
cell 41.27747125364052 37.854344726429275 0.0 2.23606797749979 0.4472135954999579 1 0 0 0.9304271284046128 0.36647695524922985 2.391153248259058
cell 42.165357788905276 11.157716028561074 0.0 2.23606797749979 0.4472135954999579 1 0 0 0.861656207165772 0.5074924439365539 2.0770483947140512
cell 5.657320819954183 45.598867295397476 0.0 2.23606797749979 0.4472135954999579 1 0 0 0.9113410140414557 0.411652227160125 2.29306008551096
cell 10.95151734420826 45.48981021116357 0.0 2.23606797749979 0.4472135954999579 1 0 0 0.9139251374380032 0.4058827948545331 2.30570353060347
cell 11.212041318778672 41.38533236343521 0.0 2.23606797749979 0.4472135954999579 1 0 0 0.9141402633187022 0.4053980500441681 2.306764203375468
cell 41.12465356693233 21.684356693285928 0.0 2.23606797749979 0.4472135954999579 1 0 0 0.9465957875064821 0.32242272729288646 2.485017081491911
cell 28.775932861565995 39.22693911626554 0.0 2.23606797749979 0.4472135954999579 1 0 0 0.9799995437174245 0.1989997344562045 2.740918383157016
cell 37.99347370963882 39.58889902971937 0.0 2.23606797749979 0.4472135954999579 1 0 0 0.937106064346917 0.3490447308930932 2.428489597961247
cell 41.31258449387865 27.442550201594596 0.0 2.23606797749979 0.4472135954999579 1 0 0 0.9650299530336005 0.26213963788020855 2.611115233664186
cell 12.021095375918827 45.77199780332382 0.0 2.23606797749979 0.4472135954999579 1 0 0 0.920857854950625 0.38989846239211273 2.340550001633957
cell 40.97775321273249 33.69237945075954 0.0 2.23606797749979 0.4472135954999579 1 0 0 0.9752593591820928 0.22106375172726433 2.6957825072380035
cell 3.8151377306407186 12.121061250953613 0.0 2.23606797749979 0.4472135954999579 1 0 0 0.9287353315193306 0.3707434206937179 2.3819739365054065
cell 19.41451594944294 32.34971543249582 0.0 2.23606797749979 0.4472135954999579 1 0 0 0.9071165469099732 0.4208795199604351 2.2727632937570674
cell 38.33584641920672 12.80276402762914 0.0 2.23606797749979 0.4472135954999579 1 0 0 0.8557352400889707 0.5174139531070568 2.0539403285526676
cell 39.05940917712952 26.04068842497367 0.0 2.23606797749979 0.4472135954999579 1 0 0 0.9620112042392177 0.2730099685326711 2.588551698236259
cell 9.307667391398333 6.076649761756432 0.0 2.23606797749979 0.4472135954999579 1 0 0 0.9410987582044134 0.33813181942270837 2.4517304895556347
cell 35.696210545726544 32.44737725978481 0.0 2.23606797749979 0.4472135954999579 1 0 0 0.9709397383186809 0.23932409940006377 2.658253331750814
cell 12.471814412739864 32.58053528054115 0.0 2.23606797749979 0.4472135954999579 1 0 0 0.8497977344844281 0.5271089170798892 2.031202897623649
cell 15.52800448930578 17.77703880693997 0.0 2.23606797749979 0.4472135954999579 1 0 0 0.9389591739452418 0.34402858844007317 2.4391846002399737
cell 27.459768222116526 22.087719056935722 0.0 2.23606797749979 0.4472135954999579 1 0 0 -0.88168280043007 -0.4718426002660097 2.1588336941765487
cell 3.3454115778026927 27.81522711784287 0.0 2.23606797749979 0.4472135954999579 1 0 0 0.9732056303039589 0.22993651546606075 2.67756775365954
cell 36.05388353331854 1.5221183875991156 0.0 2.23606797749979 0.4472135954999579 1 0 0 0.9170437023121596 0.39878672000156573 2.321205791857033
cell 44.79561759137591 1.9335440572047944 0.0 2.23606797749979 0.4472135954999579 1 0 0 0.8943817120158333 0.4473045419081133 2.214094068067092
cell 14.048252222994012 10.036653249795677 0.0 2.23606797749979 0.4472135954999579 1 0 0 0.9558422660547924 0.29388018378795056 2.545025137268022
cell 22.99766037930491 16.907438144960327 0.0 2.23606797749979 0.4472135954999579 1 0 0 0.3501620795386472 -0.9366891256191513 5.567697042070083
cell 18.34500122234242 8.702100526899388 0.0 2.23606797749979 0.4472135954999579 1 0 0 0.9511870975803403 0.3086148172021043 2.514119813011451
cell 21.12876362264837 28.112306610587336 0.0 2.23606797749979 0.4472135954999579 1 0 0 0.8906945779450142 0.4546022094307869 2.1977415414915034
cell 0.7905478038498023 39.80629735495783 0.0 2.23606797749979 0.4472135954999579 1 0 0 0.9060986904785048 0.4230663814499314 2.2679390227404395
cell 25.37912320039978 25.98038645870276 0.0 2.23606797749979 0.4472135954999579 1 0 0 0.8843439474596311 0.4668359268431655 2.1701736356937524
cell 39.58597608121867 30.216638685066293 0.0 2.23606797749979 0.4472135954999579 1 0 0 0.971869280875892 0.23552091391164506 2.6660836034714324
cell 1.4710268322505669 45.030322061819845 0.0 2.23606797749979 0.4472135954999579 1 0 0 0.9056177587253736 0.4240948892420549 2.2656682310123277
cell 22.674998402193502 43.44867529445351 0.0 2.23606797749979 0.4472135954999579 1 0 0 0.9596398030444856 0.2812320188256324 2.5714372480278804
cell 41.83406898256946 5.294945540569142 0.0 2.23606797749979 0.4472135954999579 1 0 0 0.8924012146445833 0.45124280836471214 2.2052776415826987
cell 7.43857076684689 4.554262587043486 0.0 2.23606797749979 0.4472135954999579 1 0 0 0.9222755190344883 0.38653313828139635 2.347853478242747
cell 32.70085820527594 40.95433147453687 0.0 2.23606797749979 0.4472135954999579 1 0 0 0.9223176368232222 0.38643262906336817 2.348071432467741
cell 12.691330601269907 8.698732846975464 0.0 2.23606797749979 0.4472135954999579 1 0 0 0.9454236193674808 0.3258437968445816 2.4777844583783164
cell 45.51697253656806 40.14910957370026 0.0 2.23606797749979 0.4472135954999579 1 0 0 0.4460005403962443 -0.8950326910042214 5.358601644614561
cell 25.768857409350133 39.72726994456632 0.0 2.23606797749979 0.4472135954999579 1 0 0 0.9669778099060945 0.2548605798259375 2.6261856153724494
cell 24.01317973087162 35.83820575153902 0.0 2.23606797749979 0.4472135954999579 1 0 0 0.9297947832549681 0.36807833545571106 2.3877098315336323
cell 39.110979074378754 44.62542714149872 0.0 2.23606797749979 0.4472135954999579 1 0 0 0.9269080618963902 0.37528848209274646 2.372176682730597
cell 5.667410716605553 8.453037447262279 0.0 2.23606797749979 0.4472135954999579 1 0 0 0.9158932968369168 0.40142180908516106 2.3154552673830713
cell 22.508140685535633 29.28819700472895 0.0 2.23606797749979 0.4472135954999579 1 0 0 0.9050101550885248 0.42538996131390344 2.262807186308188
cell 12.019411269947955 18.132548282820697 0.0 2.23606797749979 0.4472135954999579 1 0 0 0.9436798365404997 0.33086004005756847 2.467163057189002
cell 15.119922869270306 39.14932904241697 0.0 2.23606797749979 0.4472135954999579 1 0 0 0.9056835018421366 0.42395447219125376 2.265978322002881
cell 43.1737764956092 23.860524762678217 0.0 2.23606797749979 0.4472135954999579 1 0 0 0.961520248433765 0.2747340747920991 2.5849664055802553
cell 33.981258013525824 6.69172904129932 0.0 2.23606797749979 0.4472135954999579 1 0 0 0.9082673932129294 0.4183901796483636 2.2782482794877517
cell 42.65377608606836 5.868454715654047 0.0 2.23606797749979 0.4472135954999579 1 0 0 0.8854277763118401 0.4647769926916241 2.1748271922965188
cell 21.14319858445573 32.957041904342674 0.0 2.23606797749979 0.4472135954999579 1 0 0 0.9204927465639413 0.3907596493027034 2.3386792295016074
cell 31.364187926070635 30.714938442713915 0.0 2.23606797749979 0.4472135954999579 1 0 0 0.9531094787337431 0.30262571197420196 2.5266999658212033
cell 0.5181678658794963 15.077241479105016 0.0 2.23606797749979 0.4472135954999579 1 0 0 0.9241993495630487 0.3819104113103459 2.357867624423051
cell 29.041562813603218 17.70899433213003 0.0 2.23606797749979 0.4472135954999579 1 0 0 0.906655988314249 0.4218707371386554 2.2705773149525754
cell 18.292396971298693 29.196057984604266 0.0 2.23606797749979 0.4472135954999579 1 0 0 0.88592608086926 0.46382645379024406 2.1769736607873584
cell 43.927937591050394 13.438953747859886 0.0 2.23606797749979 0.4472135954999579 1 0 0 0.917137962419869 0.39856989084517025 2.3216786548444994
cell 44.85827110165163 43.413809670850874 0.0 2.23606797749979 0.4472135954999579 1 0 0 0.9274231619222817 0.37401374136531046 2.3749264407247663
cell 25.498752497634566 7.822291247893566 0.0 2.23606797749979 0.4472135954999579 1 0 0 0.9332709917530715 0.3591730167373912 2.4068293946036654
cell 25.686021801057223 4.542314214931613 0.0 2.23606797749979 0.4472135954999579 1 0 0 0.9326892592177272 0.36068094729260014 2.403596892247488
cell 4.916127526910866 23.631132425455693 0.0 2.23606797749979 0.4472135954999579 1 0 0 0.955330056415965 0.2955410010612219 2.5415491203004708
cell 41.14916728152509 36.42943746114767 0.0 2.23606797749979 0.4472135954999579 1 0 0 0.934867811049946 0.354996022319522 2.4157730286654067
cell 41.38105832600216 39.2444185006908 0.0 2.23606797749979 0.4472135954999579 1 0 0 0.9384106629063749 0.34552196419854136 2.4360027542037335
cell 3.1481653673810674 2.6884703371864584 0.0 2.23606797749979 0.4472135954999579 1 0 0 0.899870303557778 0.4361575825029671 2.2389441245834796
cell 23.324959789462877 34.35382080136109 0.0 2.23606797749979 0.4472135954999579 1 0 0 0.908376655113034 0.41815290558078877 2.278770724303387
cell 5.172010651120774 36.984820329159035 0.0 2.23606797749979 0.4472135954999579 1 0 0 0.9158654040703503 0.40148544385451124 2.3153163085359414
cell 13.486365480814534 9.324898276055762 0.0 2.23606797749979 0.4472135954999579 1 0 0 -0.9576095345684587 -0.28806940015138716 2.5571723275385914
cell 39.44131917761201 31.306019734917385 0.0 2.23606797749979 0.4472135954999579 1 0 0 0.9772792852721807 0.21195565238486969 2.7144413610444547
cell 42.41466590850791 41.40891804613293 0.0 2.23606797749979 0.4472135954999579 1 0 0 0.9372063194692352 0.34877545032144963 2.4290642739269313
cell 10.959808888834147 6.81050892974925 0.0 2.23606797749979 0.4472135954999579 1 0 0 0.9500564414024206 0.312078128278431 2.506833408772064
cell 11.390695244066233 23.806260166732372 0.0 2.23606797749979 0.4472135954999579 1 0 0 0.9393651600699608 0.3429184976736264 2.441548602275403
cell 19.943440366855242 20.1638119807532 0.0 2.23606797749979 0.4472135954999579 1 0 0 0.38288557805196144 -0.9237957751147249 5.497349522117269
cell 7.598251297695659 37.72280702146764 0.0 2.23606797749979 0.4472135954999579 1 0 0 0.8952999107800386 0.44546388154064176 2.218208005864791
cell 15.038291828158332 42.937319120332546 0.0 2.23606797749979 0.4472135954999579 1 0 0 0.9203541183941306 0.391086047763101 2.337969994066134
cell 29.681369922850507 42.98547134390173 0.0 2.23606797749979 0.4472135954999579 1 0 0 0.9158543635200987 0.40151062852830527 2.3152613117526166
cell 2.1657717515259223 16.59930930138101 0.0 2.23606797749979 0.4472135954999579 1 0 0 0.9548796573789667 0.29699299642218335 2.538508626744549
cell 35.53605854877453 0.3183970227036923 0.0 2.23606797749979 0.4472135954999579 1 0 0 0.942279803359623 0.3348264807038866 2.4587505021919798
cell 41.51514828282631 19.407975282302367 0.0 2.23606797749979 0.4472135954999579 1 0 0 0.9267898583928972 0.3755802955162499 2.371546993463756
cell 36.16280727400544 3.0111986080471125 0.0 2.23606797749979 0.4472135954999579 1 0 0 0.916503371101519 0.4000269625407159 2.318500123989586
cell 44.51519198781935 36.03936464800065 0.0 2.23606797749979 0.4472135954999579 1 0 0 0.9276841939070142 0.37336582111260974 2.376323492435697
cell 28.316569008400663 27.3549297336145 0.0 2.23606797749979 0.4472135954999579 1 0 0 0.9320158174628003 0.3624175989092531 2.3998715822534007
cell 45.64994724677784 14.029846358018334 0.0 2.23606797749979 0.4472135954999579 1 0 0 0.9248714302535196 0.3802799462248951 2.36139472502011
cell 36.12578659563595 29.490512493374144 0.0 2.23606797749979 0.4472135954999579 1 0 0 0.9631448828637893 0.268983149311063 2.596918424188428
cell 27.623892504182997 33.20288603308157 0.0 2.23606797749979 0.4472135954999579 1 0 0 0.9306514318515542 0.36590697232035896 2.3923783075837353
cell 11.064136741253748 36.68113087146673 0.0 2.23606797749979 0.4472135954999579 1 0 0 0.8638326918711736 0.5037788011167222 2.0856572871571344
cell 16.075919862229803 6.760840442161888 0.0 2.23606797749979 0.4472135954999579 1 0 0 0.9526710179430593 0.30400317690993806 2.5238088360226376
cell 12.988915739347576 42.41433179922424 0.0 2.23606797749979 0.4472135954999579 1 0 0 0.9112355767888729 0.4118855709954526 2.2925479669306457
cell 20.51401539163884 32.45564237125386 0.0 2.23606797749979 0.4472135954999579 1 0 0 0.9199878382511204 0.39194690644273533 2.3360989100238716
cell 15.00644645817426 1.3013759202465074 0.0 2.23606797749979 0.4472135954999579 1 0 0 0.9541367878406808 0.2993709907273377 2.533525970715267
cell 32.00583302218402 34.86953239443373 0.0 2.23606797749979 0.4472135954999579 1 0 0 0.9648707310258904 0.2627250890371225 2.6099018009859334
cell 6.396401133571532 8.883485101533598 0.0 2.23606797749979 0.4472135954999579 1 0 0 0.9346776324865225 0.35549644629642824 2.414702342811399
cell 5.95027670253326 4.901636514029706 0.0 2.23606797749979 0.4472135954999579 1 0 0 0.9154649847567677 0.40239764125090377 2.3133238830806198
cell 18.672723026901902 2.2983799218266814 0.0 2.23606797749979 0.4472135954999579 1 0 0 0.9626603537003067 0.27071210429827575 2.5933272936008365
cell 14.938893495231671 28.852809316536685 0.0 2.23606797749979 0.4472135954999579 1 0 0 0.8725151169650854 0.48858711676363636 2.1206532635588458
cell 43.50212357803605 28.059909825204752 0.0 2.23606797749979 0.4472135954999579 1 0 0 0.9735133186328222 0.2286303095490822 2.6802516659349487
cell 34.510648804263695 10.812033138665335 0.0 2.23606797749979 0.4472135954999579 1 0 0 0.9063028549865402 0.4226288383951649 2.2689046874351337
cell 37.24763082916688 23.80558854207018 0.0 2.23606797749979 0.4472135954999579 1 0 0 0.951082817636081 0.3089360354465193 2.5134443710275507
cell 45.248777543445506 19.61519262221332 0.0 2.23606797749979 0.4472135954999579 1 0 0 0.9478676385099721 0.31866430591694583 2.492952661336796
cell 31.22651050179425 27.906988214957508 0.0 2.23606797749979 0.4472135954999579 1 0 0 0.9398646428107138 0.34154714637116995 2.444467566325312
cell 40.55652310768312 21.205641569783776 0.0 2.23606797749979 0.4472135954999579 1 0 0 0.9412980474284759 0.33757663708754887 2.4529102244922867
cell 31.418072630132563 24.117289257582513 0.0 2.23606797749979 0.4472135954999579 1 0 0 0.9204179981305552 0.3909356836070881 2.338296735555379
cell 34.70847932954069 42.67111450412558 0.0 2.23606797749979 0.4472135954999579 1 0 0 0.9163832905363599 0.40030196705206594 2.3178999679296566
cell 9.12405810752513 44.412524902953685 0.0 2.23606797749979 0.4472135954999579 1 0 0 0.9180379095471521 0.3964926186378441 2.3262063327676774
cell 18.69490555608921 13.640824823599784 0.0 2.23606797749979 0.4472135954999579 1 0 0 0.9487045154470143 0.31616410670796546 2.498225748902587
cell 28.6177556442677 34.398008256245966 0.0 2.23606797749979 0.4472135954999579 1 0 0 0.9437374209301373 0.33069575191727624 2.4675112327484383
cell 10.063462926926759 36.11648323402648 0.0 2.23606797749979 0.4472135954999579 1 0 0 0.8305413258730793 0.5569570055372206 1.9601578319135036
cell 37.77728952783621 18.92282339231421 0.0 2.23606797749979 0.4472135954999579 1 0 0 0.9069991968740737 0.4211323507756028 2.2722058192642804
cell 11.822734753804424 14.542574018398907 0.0 2.23606797749979 0.4472135954999579 1 0 0 0.9523152378868794 0.30511585945089165 2.5214724781386604
cell 5.00484970241081 4.635726191108281 0.0 2.23606797749979 0.4472135954999579 1 0 0 0.9112446888033713 0.4118654114242262 2.292592213382267
cell 38.643415101086156 3.7040529497124104 0.0 2.23606797749979 0.4472135954999579 1 0 0 0.9313293682320611 0.36417798926962874 2.3960925941192714
cell 13.361044295032363 36.62677612067138 0.0 2.23606797749979 0.4472135954999579 1 0 0 0.8959043906831388 0.44424691642674774 2.2209256521447815
cell 34.617407090815604 44.354657845155046 0.0 2.23606797749979 0.4472135954999579 1 0 0 0.9353509755707115 0.3537210094112567 2.4185000095295806
cell 42.09016101400008 22.783581428308462 0.0 2.23606797749979 0.4472135954999579 1 0 0 0.9540597022346906 0.29961656257932984 2.533011198045023
cell 1.2307546004770435 6.875861166241648 0.0 2.23606797749979 0.4472135954999579 1 0 0 0.9126135922256313 0.40882322742846827 2.2992641817168287
cell 18.070205416311424 36.17118667769694 0.0 2.23606797749979 0.4472135954999579 1 0 0 0.9066024203354249 0.4219858427032232 2.270323395127659
cell 23.35386727458224 15.276427782263132 0.0 2.23606797749979 0.4472135954999579 1 0 0 0.953296920702148 0.3020347347240092 2.5279399474566766
cell 37.124174401325405 17.37752048242318 0.0 2.23606797749979 0.4472135954999579 1 0 0 0.8774983893403231 0.47957958328638084 2.1412415707940413
cell 37.418793475632036 3.320074998408997 0.0 2.23606797749979 0.4472135954999579 1 0 0 0.9042156371249793 0.42707620113823674 2.259079095887787
cell 28.863853910741273 5.814423768366835 0.0 2.23606797749979 0.4472135954999579 1 0 0 0.9302969130293587 0.36680737943510056 2.3904429351227954
cell 28.601687080668967 4.574043306924226 0.0 2.23606797749979 0.4472135954999579 1 0 0 0.9362081242786384 0.3514460812623658 2.4233621098579556
cell 33.09084485860188 15.248844333825945 0.0 2.23606797749979 0.4472135954999579 1 0 0 0.9081616855413945 0.41861958018541506 2.277743111323434
cell 34.97573322745181 45.63367969456167 0.0 2.23606797749979 0.4472135954999579 1 0 0 0.9192578063456018 0.39365604970922524 2.332381858352072
cell 42.43468261045955 12.455401403111185 0.0 2.23606797749979 0.4472135954999579 1 0 0 0.8642292544945318 0.5030981968520913 2.087232703434011
cell 28.643974135699537 1.2380232415279042 0.0 2.23606797749979 0.4472135954999579 1 0 0 0.9374541265838401 0.3481088343477216 2.430486645529286
cell 32.946495791145075 4.82598323722159 0.0 2.23606797749979 0.4472135954999579 1 0 0 0.9307975260334438 0.36553517687087306 2.3931772452993614
cell 23.702454256525257 43.92628862837435 0.0 2.23606797749979 0.4472135954999579 1 0 0 0.9538445355027124 0.3003008526321807 2.531576555760627
cell 17.871089024566924 42.394070030319384 0.0 2.23606797749979 0.4472135954999579 1 0 0 0.9334450005399303 0.35872054717706026 2.4077989465940868
cell 24.372493312006256 29.839473002647935 0.0 2.23606797749979 0.4472135954999579 1 0 0 0.9284269888561881 0.3715149073232883 2.380312290505531
cell 46.28982661038511 3.0918731669344135 0.0 2.23606797749979 0.4472135954999579 1 0 0 0.87393061420867 0.4860506985375669 2.126462585652214
cell 28.7242718996033 13.489883243878317 0.0 2.23606797749979 0.4472135954999579 1 0 0 0.9133907291616179 0.40708399118806915 2.3030741085479334
cell 23.348462801835474 24.249684143540588 0.0 2.23606797749979 0.4472135954999579 1 0 0 0.8796587647774836 0.47560535904271695 2.1502884962957878
cell 7.267468164563825 9.295335338150185 0.0 2.23606797749979 0.4472135954999579 1 0 0 0.9465262896312818 0.32262669300111985 2.4845861199392307
cell 29.793043804448 37.795819749688505 0.0 2.23606797749979 0.4472135954999579 1 0 0 0.9758317725199593 0.21852311488845802 2.70099115251661
cell 15.921259627632667 39.635441219846165 0.0 2.23606797749979 0.4472135954999579 1 0 0 0.90434945980621 0.42679275362664765 2.2597059962072708
cell 46.11446785833086 43.799090017432924 0.0 2.23606797749979 0.4472135954999579 1 0 0 0.9091069866561224 0.4165627045392143 2.282270509609281
cell 44.789956118071075 13.725902380553148 0.0 2.23606797749979 0.4472135954999579 1 0 0 0.922982111937473 0.3848428524000958 2.35151754201393
cell 25.03403555127374 37.04554391897994 0.0 2.23606797749979 0.4472135954999579 1 0 0 0.9379318980537371 0.3468194841892739 2.4332366925881046
cell 22.473369983000442 12.03125998870095 0.0 2.23606797749979 0.4472135954999579 1 0 0 0.9622803873333368 0.2720596555051912 2.5905271014534947
cell 20.362526092352496 23.703178613282134 0.0 2.23606797749979 0.4472135954999579 1 0 0 0.8596385938401356 0.5109026208393869 2.0691237267509224
cell 8.614211247614428 34.057359550102184 0.0 2.23606797749979 0.4472135954999579 1 0 0 0.932723850579308 0.3605914843150194 2.403788727454483
cell 12.511287004781344 21.474064532371663 0.0 2.23606797749979 0.4472135954999579 1 0 0 0.9603140504732279 0.27892100039922185 2.5762519831446986
cell 34.83843819041067 22.265704379941507 0.0 2.23606797749979 0.4472135954999579 1 0 0 0.9177866748787438 0.39707382111519146 2.3249399754852655
cell 43.604082613553615 24.430620534903184 0.0 2.23606797749979 0.4472135954999579 1 0 0 0.9668902522430677 0.2551925549802286 2.625498960150146
cell 26.487952644262013 25.834423941363074 0.0 2.23606797749979 0.4472135954999579 1 0 0 0.9059512742660017 0.42338196543524115 2.2672423885675212
cell 1.5852466292153609 22.964451375580605 0.0 2.23606797749979 0.4472135954999579 1 0 0 0.9641437216384645 0.26538063988379224 2.604395260243393
cell 29.8394221241743 18.288154306692224 0.0 2.23606797749979 0.4472135954999579 1 0 0 0.9017884121226063 0.432177810352855 2.247779906060745
cell 21.479332552634784 5.712191261428344 0.0 2.23606797749979 0.4472135954999579 1 0 0 0.9447207254365372 0.32787612131819366 2.47348357268986
cell 37.73870678584704 17.83388147942908 0.0 2.23606797749979 0.4472135954999579 1 0 0 0.896146303404036 0.4437587214864418 2.22201534214036
cell 32.56699420160106 3.6090677254369883 0.0 2.23606797749979 0.4472135954999579 1 0 0 0.9427006837256199 0.33363965727000855 2.4612689861448516
cell 35.63823343133477 28.930646161777712 0.0 2.23606797749979 0.4472135954999579 1 0 0 0.965249932280899 0.2613284680851282 2.612796170721038
cell 46.287030470289665 14.593187437312936 0.0 2.23606797749979 0.4472135954999579 1 0 0 0.917221633223557 0.398377303001452 2.3220986114189204
cell 10.757214058207323 12.988772621854096 0.0 2.23606797749979 0.4472135954999579 1 0 0 -0.949607421669884 -0.3134417724386383 2.5039620714739392
cell 40.91997451659913 34.93872249858984 0.0 2.23606797749979 0.4472135954999579 1 0 0 0.9793733166388734 0.20205916622557127 2.7346726514846122
cell 45.65749922701668 38.20207468649124 0.0 2.23606797749979 0.4472135954999579 1 0 0 0.9217981925052936 0.3876700817627971 2.345387322296317
cell 15.677056231229454 31.382433943469344 0.0 2.23606797749979 0.4472135954999579 1 0 0 0.891299220812433 0.45341559190123787 2.2004051138450973
cell 3.0307006660786797 11.80101345475456 0.0 2.23606797749979 0.4472135954999579 1 0 0 0.9245600969487319 0.3810362543514088 2.3597589616555736
cell 2.754558970361594 23.194251900759227 0.0 2.23606797749979 0.4472135954999579 1 0 0 0.9629993857158216 0.2695035864528529 2.5958376388337387
cell 4.338926812673884 12.592974003297932 0.0 2.23606797749979 0.4472135954999579 1 0 0 0.9335647764404825 0.3584087166764111 2.4084670320033745
cell 22.322362480073647 9.370279285938112 0.0 2.23606797749979 0.4472135954999579 1 0 0 0.939193483471857 0.34338841070134946 2.4405480202184364
cell 9.008921903177896 11.07171401710109 0.0 2.23606797749979 0.4472135954999579 1 0 0 0.9453198816024005 0.32614463271257943 2.477148019082759
cell 14.912858767040083 21.046298174335305 0.0 2.23606797749979 0.4472135954999579 1 0 0 0.9429446107867715 0.33294963731499083 2.462732718324443
cell 29.935773033520153 34.41758296451188 0.0 2.23606797749979 0.4472135954999579 1 0 0 0.949620686036829 0.3134015836765063 2.504046713780912
cell 8.480030639439764 40.28293436633641 0.0 2.23606797749979 0.4472135954999579 1 0 0 0.8807285475598718 0.47362139469525516 2.154796512216121
cell 25.19104814209473 3.3335235177715243 0.0 2.23606797749979 0.4472135954999579 1 0 0 0.9330516524802194 0.359742427027911 2.4056090048181984
cell 40.958081041347874 4.6610686817194225 0.0 2.23606797749979 0.4472135954999579 1 0 0 0.8980811014415947 0.43982989351958807 2.230774146463465
cell 27.007603974256483 12.686727019708444 0.0 2.23606797749979 0.4472135954999579 1 0 0 0.9413779104908779 0.33735386412464385 2.4533835358147758
cell 17.365176372788905 20.520326902346298 0.0 2.23606797749979 0.4472135954999579 1 0 0 0.9534568350070103 0.30152954047392244 2.5289997471014978
cell 18.95211004753076 14.795710848048838 0.0 2.23606797749979 0.4472135954999579 1 0 0 0.9469383282636916 0.32141531149770236 2.4871451988397686
cell 34.08764093514222 41.44919659157044 0.0 2.23606797749979 0.4472135954999579 1 0 0 0.9640801708766042 0.2656114156480054 2.6039165279467813
cell 16.035988149172784 29.273891414266302 0.0 2.23606797749979 0.4472135954999579 1 0 0 0.8810168125802301 0.4730849563777859 2.1560144823337724
cell 8.903719572165043 24.10166911268119 0.0 2.23606797749979 0.4472135954999579 1 0 0 0.9714604996074295 0.2372013863839826 2.6626246495247705
cell 38.14590967099653 19.633406951436502 0.0 2.23606797749979 0.4472135954999579 1 0 0 0.9175868943684942 0.39753527048952764 2.323934296047913
cell 40.67939365884896 0.22838576253471818 0.0 2.23606797749979 0.4472135954999579 1 0 0 0.8965051370036843 0.44303333884258117 2.2236339113455488
cell 3.2065821256175666 1.1195759820013742 0.0 2.23606797749979 0.4472135954999579 1 0 0 0.8896541670965024 0.45663493402041483 2.1931745178406636
cell 45.02007443280648 37.136427551228515 0.0 2.23606797749979 0.4472135954999579 1 0 0 0.9314915290146445 0.3637630154014556 2.396983659625187
cell 1.0491675907167153 15.60133081737711 0.0 2.23606797749979 0.4472135954999579 1 0 0 0.9333152439222759 0.359058011277151 2.4070758454943806
cell 22.170545238320884 6.543865214415287 0.0 2.23606797749979 0.4472135954999579 1 0 0 0.9453474536191349 0.3260647051365997 2.4773171182668263
cell 29.64327971184709 8.030073752006528 0.0 2.23606797749979 0.4472135954999579 1 0 0 0.9379720988731095 0.34671074649565403 2.433468554546235
cell 36.50710473755478 22.69159555647457 0.0 2.23606797749979 0.4472135954999579 1 0 0 0.9348100178506966 0.35514818108217905 2.4154474992935135
cell 39.762773262745924 14.186274891109798 0.0 2.23606797749979 0.4472135954999579 1 0 0 0.8745096332796488 0.48500814560282807 2.1288476893185893
cell 18.921163950207244 16.108853333240152 0.0 2.23606797749979 0.4472135954999579 1 0 0 0.9485976829606854 0.31648449548377416 2.4975502871379147
cell 29.18401108973974 22.262300093023885 0.0 2.23606797749979 0.4472135954999579 1 0 0 0.8718725607761745 0.48973282283873526 2.1180260817116605
cell 14.095354585545195 44.95503295061835 0.0 2.23606797749979 0.4472135954999579 1 0 0 0.9295408495250906 0.368719146592868 2.3863312507104877
cell 22.458284011662105 13.350718610652509 0.0 2.23606797749979 0.4472135954999579 1 0 0 0.9554265966832857 0.2952287559676295 2.5422027777723555
cell 24.6457269622457 25.48191627694745 0.0 2.23606797749979 0.4472135954999579 1 0 0 0.8825897212787673 0.470144003357554 2.162684791697426
cell 0.596386580805849 44.46349030617858 0.0 2.23606797749979 0.4472135954999579 1 0 0 0.9080496695949415 0.41886250434780814 2.2772080983465415
cell 1.0836479122700935 25.951123493269797 0.0 2.23606797749979 0.4472135954999579 1 0 0 0.9742062440579669 0.2256594647659811 2.686352836834703
cell 1.6422337702076797 16.065944313563715 0.0 2.23606797749979 0.4472135954999579 1 0 0 0.9441027210676468 0.3296514099358065 2.4697240088235004
cell 17.896068191090897 7.753499441703166 0.0 2.23606797749979 0.4472135954999579 1 0 0 0.9458898298133966 0.3244879502471294 2.480651981719357
cell 19.343115720209276 3.074697661201425 0.0 2.23606797749979 0.4472135954999579 1 0 0 0.9646731389987697 0.2634496819019911 2.608399699184436
cell 31.894445076789086 24.64571121070547 0.0 2.23606797749979 0.4472135954999579 1 0 0 0.9218870541851454 0.3874587195119434 2.3458458870113237
cell 18.7656952246285 36.66920117618736 0.0 2.23606797749979 0.4472135954999579 1 0 0 0.8972746013026612 0.44147286423646737 2.2271136567772527
cell 8.477855468346124 20.888556208221267 0.0 2.23606797749979 0.4472135954999579 1 0 0 0.9480496939722344 0.3181222685684746 2.4940962498771113
cell 11.381434011069016 13.699953602298889 0.0 2.23606797749979 0.4472135954999579 1 0 0 0.9498057905020717 0.3128401514012142 2.5052290333197336
cell 35.5544092368673 22.60797516619367 0.0 2.23606797749979 0.4472135954999579 1 0 0 0.9255067994365405 0.3787309918619431 2.3647431301759734
cell 41.40687543547635 16.57232991472699 0.0 2.23606797749979 0.4472135954999579 1 0 0 0.9144778397456201 0.4046359853178951 2.308431177317985
cell 15.928156655692563 5.724073185174768 0.0 2.23606797749979 0.4472135954999579 1 0 0 0.9624352787249815 0.27151120467775774 2.5916669078618093
cell 25.629362482508345 44.018936839568894 0.0 2.23606797749979 0.4472135954999579 1 0 0 0.9676705059959817 0.252217746848791 2.6316498257128886
cell 25.37936658683528 20.31479314339303 0.0 2.23606797749979 0.4472135954999579 1 0 0 0.8744916068535843 0.4850406473097241 2.12877335728006
cell 32.362850878070184 19.32058543726879 0.0 2.23606797749979 0.4472135954999579 1 0 0 0.8654211917433297 0.5010450687129403 2.091980777657498
cell 20.064347970180872 41.46933134961149 0.0 2.23606797749979 0.4472135954999579 1 0 0 0.9415560079781045 0.33685647365062715 2.4544401644251987
cell 26.28502826456993 31.40329048762178 0.0 2.23606797749979 0.4472135954999579 1 0 0 0.9177446021772622 0.3971710527902289 2.3247280876767342
cell 5.158522825934719 42.863888873296276 0.0 2.23606797749979 0.4472135954999579 1 0 0 0.8768663407762183 0.48073425134238673 2.1386088961410334
cell 13.526739660244543 32.94253521063333 0.0 2.23606797749979 0.4472135954999579 1 0 0 0.8561721430997111 0.5166906824978054 2.0556303044785134
cell 45.672734557872026 9.980517907008053 0.0 2.23606797749979 0.4472135954999579 1 0 0 0.8944604559579725 0.4471470593970801 2.2144462120705057
cell 25.790941782784735 9.026757315574148 0.0 2.23606797749979 0.4472135954999579 1 0 0 0.9386858089875042 0.34477376931181236 2.4375971205206675
cell 8.484996837037038 17.422411340073026 0.0 2.23606797749979 0.4472135954999579 1 0 0 0.9544780684678634 0.29828110368217525 2.5358101128995236
cell 4.7353000410355905 24.81306591933265 0.0 2.23606797749979 0.4472135954999579 1 0 0 0.9591849428514301 0.28277949962311416 2.5682113557929624
cell 44.88375940904119 32.84033126164796 0.0 2.23606797749979 0.4472135954999579 1 0 0 0.9774739981881506 0.21105587617043794 2.716282567622282
cell 45.7744866633347 29.929023390741914 0.0 2.23606797749979 0.4472135954999579 1 0 0 0.9689744444951268 0.24716093120750368 2.6420942887471046
cell 2.5797630675290173 11.179286257578422 0.0 2.23606797749979 0.4472135954999579 1 0 0 0.9193333865874854 0.3934795093846503 2.332765935736345
cell 9.056697729896657 1.997569644054485 0.0 2.23606797749979 0.4472135954999579 1 0 0 0.9191962874564948 0.3937996763916864 2.33206936388696
cell 19.429335076251515 18.025532230818577 0.0 2.23606797749979 0.4472135954999579 1 0 0 0.9652868958934917 0.26119189998219183 2.6130791347147118
cell 37.73023578759213 7.713894715157024 0.0 2.23606797749979 0.4472135954999579 1 0 0 0.9085719212840465 0.4177284570797354 2.279705144790232
cell 19.202586557870802 10.718270192962946 0.0 2.23606797749979 0.4472135954999579 1 0 0 0.9447019204656937 0.32793029971082305 2.473368874387218
cell 38.61112194910716 43.45025895813593 0.0 2.23606797749979 0.4472135954999579 1 0 0 0.9485044700021079 0.3167637453781925 2.4969614946114493
cell 17.308577942240525 45.3577171796961 0.0 2.23606797749979 0.4472135954999579 1 0 0 0.9546039041175247 0.29787813992231726 2.5366544218598723
cell 5.335361522010082 33.40861407366696 0.0 2.23606797749979 0.4472135954999579 1 0 0 -0.4107603033616746 0.9117433702430883 5.436609694543907
cell 15.037741647710702 11.645381767056806 0.0 2.23606797749979 0.4472135954999579 1 0 0 0.9531864779827277 0.3023830983882581 2.527209044348657
cell 15.7822722115475 13.595859169072211 0.0 2.23606797749979 0.4472135954999579 1 0 0 0.9422584777012204 0.3348864900233791 2.458623130262048
cell 17.32079630547518 41.82524016641593 0.0 2.23606797749979 0.4472135954999579 1 0 0 0.9331828641635391 0.3594019226875863 2.4063388259280525
cell 1.77810459366464 10.870731617246546 0.0 2.23606797749979 0.4472135954999579 1 0 0 0.9192708069306903 0.3936256896151439 2.332447911376995
cell 0.7130982766892634 4.848652292442347 0.0 2.23606797749979 0.4472135954999579 1 0 0 0.8931383399695885 0.44978206464505427 2.208550026985755
cell 8.32454665012263 22.181132954266584 0.0 2.23606797749979 0.4472135954999579 1 0 0 0.9509908216727999 0.3092191085526458 2.512849077347671
cell 39.536612782874485 26.656962627685736 0.0 2.23606797749979 0.4472135954999579 1 0 0 0.9624753060010386 0.2713692785453192 2.5919618330044263
cell 46.385144117091684 10.373946407119735 0.0 2.23606797749979 0.4472135954999579 1 0 0 0.9147220477842679 0.40408362413905796 2.309639052227258
cell 7.6428779070686685 39.78232708762702 0.0 2.23606797749979 0.4472135954999579 1 0 0 0.8520989321008112 0.5233807504223451 2.0399652643813946
cell 43.68145146012531 18.000692404294764 0.0 2.23606797749979 0.4472135954999579 1 0 0 -0.9149531244124667 -0.4035601319851421 2.3107835004825246
cell 8.975104084831614 19.408178001393203 0.0 2.23606797749979 0.4472135954999579 1 0 0 0.9498006621199833 0.3128557211182837 2.505196248177216
cell 12.025160147832956 20.553214725941633 0.0 2.23606797749979 0.4472135954999579 1 0 0 0.956296148644951 0.2923998565095984 2.5481218314638605
cell 5.5734530693411015 20.875812788721937 0.0 2.23606797749979 0.4472135954999579 1 0 0 0.9646263063425646 0.2636211090028656 2.6080442808467854
cell 3.5578112938672795 3.5863679853212576 0.0 2.23606797749979 0.4472135954999579 1 0 0 0.9050157776443841 0.4253779992133239 2.262833621510829
cell 15.419240824705632 15.181508689637042 0.0 2.23606797749979 0.4472135954999579 1 0 0 0.9393033250616664 0.3430878364618857 2.4411880516212756
cell 39.02042551070279 19.804123679269445 0.0 2.23606797749979 0.4472135954999579 1 0 0 0.9228101774319741 0.3852549499071601 2.35062448919842
cell 16.937761700426833 39.90206786306127 0.0 2.23606797749979 0.4472135954999579 1 0 0 0.9148192339814942 0.40386355262329887 2.3101202034685904
cell 18.87711384124705 12.271526643443211 0.0 2.23606797749979 0.4472135954999579 1 0 0 0.9456343880357039 0.32523161618197544 2.479079353910499
cell 28.862650420325203 27.87155443722819 0.0 2.23606797749979 0.4472135954999579 1 0 0 0.9227857120027597 0.38531354728786776 2.350497489824346
cell 3.7957928301332866 41.27574325949618 0.0 2.23606797749979 0.4472135954999579 1 0 0 0.9128333955743989 0.40833220779668244 2.3003401255776477
cell 4.859278073689194 13.085619252778086 0.0 2.23606797749979 0.4472135954999579 1 0 0 0.9413924423879837 0.33731331046193064 2.453469693242621
cell 24.763221715890182 41.223659680443575 0.0 2.23606797749979 0.4472135954999579 1 0 0 0.9708143597141959 0.23983218919218469 2.657206670320225
cell 24.834590038179318 18.92033302568898 0.0 2.23606797749979 0.4472135954999579 1 0 0 0.8469249346537361 0.5317124740513098 2.0203501029769595
cell 10.246600431841452 26.060238841011305 0.0 2.23606797749979 0.4472135954999579 1 0 0 0.9458041534150756 0.324737591576325 2.4801241134067022
cell 21.735712449103346 28.846749879965863 0.0 2.23606797749979 0.4472135954999579 1 0 0 0.9026499745067353 0.4303754448420472 2.2517753096716513
cell 34.81118238430454 21.21046363056857 0.0 2.23606797749979 0.4472135954999579 1 0 0 0.9116182379486231 0.41103794014597683 2.2944079751913833
cell 27.07401339632059 26.368397265556307 0.0 2.23606797749979 0.4472135954999579 1 0 0 0.9213791078036522 0.3886650739427791 2.343228024689592
cell 34.680759836229555 25.078942129229688 0.0 2.23606797749979 0.4472135954999579 1 0 0 0.9411968310377318 0.3378587356344828 2.4523108102828792
cell 34.24602936001739 27.195057869599292 0.0 2.23606797749979 0.4472135954999579 1 0 0 0.9607318177083191 0.2774786017747481 2.5792553437147054
cell 8.044385086020414 42.37031188885399 0.0 2.23606797749979 0.4472135954999579 1 0 0 0.913243049490331 0.4074151844956209 2.3023488546786726
cell 17.9665718766576 25.503090959093697 0.0 2.23606797749979 0.4472135954999579 1 0 0 0.9011594662211099 0.43348773505150556 2.2448737222849515
cell 28.788208212406055 36.175761593506344 0.0 2.23606797749979 0.4472135954999579 1 0 0 0.955576756244687 0.29474236703413065 2.543220858504136
cell 7.518383969107552 15.953354490921457 0.0 2.23606797749979 0.4472135954999579 1 0 0 0.9567818518669197 0.29080661604940805 2.551453091540903
cell 7.45947004875771 1.1023074023164792 0.0 2.23606797749979 0.4472135954999579 1 0 0 0.899804521795158 0.436293275855802 2.2386425293160097
cell 7.357497021872472 25.82143297193492 0.0 2.23606797749979 0.4472135954999579 1 0 0 0.9812185031043104 0.19289958311447064 2.7533598996517683
cell 13.502695252973426 38.07066396763984 0.0 2.23606797749979 0.4472135954999579 1 0 0 0.9043116366850459 0.4268728894600987 2.259528769343589
cell 24.760079645509084 13.055669891515723 0.0 2.23606797749979 0.4472135954999579 1 0 0 0.9570863917948198 0.28980275816695183 2.5535511623850597
cell 15.554342025653309 12.51100329580957 0.0 2.23606797749979 0.4472135954999579 1 0 0 0.9528833512507577 0.3033369725389983 2.525207283329242
cell 32.242615140097776 14.608214188992038 0.0 2.23606797749979 0.4472135954999579 1 0 0 0.90751043926899 0.42002952588812703 2.274636943860623
cell 20.996621081045706 43.42079428986182 0.0 2.23606797749979 0.4472135954999579 1 0 0 0.9651236438523377 0.2617944844285034 2.6118305206726045
cell 27.863230885877158 30.889591970854752 0.0 2.23606797749979 0.4472135954999579 1 0 0 0.9268292157648749 0.3754831618124401 2.371756602234134
cell 6.451480209609767 14.722066511610318 0.0 2.23606797749979 0.4472135954999579 1 0 0 0.9553762003086008 0.29539180063756026 2.541861466424493
cell 37.93745824131503 34.22718923826802 0.0 2.23606797749979 0.4472135954999579 1 0 0 0.9716178701793734 0.23655594337935865 2.663953351425673
cell 18.80122793521397 45.51214967720601 0.0 2.23606797749979 0.4472135954999579 1 0 0 0.9624588900289727 0.27142749493041024 2.5918408597572506
cell 16.887573820782425 44.42813322930631 0.0 2.23606797749979 0.4472135954999579 1 0 0 0.933887383520067 0.35756727325364024 2.410269366507823
cell 38.15519207239291 22.25556887711912 0.0 2.23606797749979 0.4472135954999579 1 0 0 0.9417095902141961 0.33642688313898284 2.455352601852199
cell 39.57197833633458 9.099644693536787 0.0 2.23606797749979 0.4472135954999579 1 0 0 0.9168603725311141 0.39920803759707374 2.320286839565307
cell 30.67317965029138 39.43658322017337 0.0 2.23606797749979 0.4472135954999579 1 0 0 0.9739720677225004 0.22666806412981289 2.6842819806556317
cell 11.582882186247845 3.402896544299746 0.0 2.23606797749979 0.4472135954999579 1 0 0 0.9422809399476982 0.33482328206276557 2.4587572913414033
cell 30.839480271651986 23.68370629193786 0.0 2.23606797749979 0.4472135954999579 1 0 0 0.9126769472656054 0.4086817709782701 2.29957417390022
cell 6.473034565069941 27.368390059727794 0.0 2.23606797749979 0.4472135954999579 1 0 0 0.9757250920047408 0.21899896080196377 2.700015837038541
cell 40.760752312432324 9.64662061371014 0.0 2.23606797749979 0.4472135954999579 1 0 0 0.8731685440678839 0.4874183969141623 2.123331227959724
cell 31.951079477689213 35.89535977108664 0.0 2.23606797749979 0.4472135954999579 1 0 0 0.9687297727130041 0.2481181723683523 2.640118257370431
cell 27.404999986100904 41.944559293508036 0.0 2.23606797749979 0.4472135954999579 1 0 0 0.9590642027158608 0.2831887269454598 2.5673580207252353
cell 23.152349122484008 1.396445367851777 0.0 2.23606797749979 0.4472135954999579 1 0 0 -0.9552058678482259 -0.295942139663005 2.540709275122384
cell 12.788180557587884 3.6504406610030498 0.0 2.23606797749979 0.4472135954999579 1 0 0 0.9497789547880207 0.3129216148523062 2.505057493826707
cell 4.190336220794217 7.640515267772099 0.0 2.23606797749979 0.4472135954999579 1 0 0 0.9230830714137134 0.38460062827487085 2.352042386154905
cell 40.029702382429214 3.9814024947150974 0.0 2.23606797749979 0.4472135954999579 1 0 0 0.9080339605755584 0.41889655816378485 2.2771330933954324
cell 30.884881206890483 30.132013102658764 0.0 2.23606797749979 0.4472135954999579 1 0 0 0.9516755183983049 0.30710536902066304 2.5172928174147344
cell 34.31982766203451 15.358175860881175 0.0 2.23606797749979 0.4472135954999579 1 0 0 0.8939880510553331 0.44809079947069574 2.2123354663994528
cell 43.48703914877349 6.418669078337338 0.0 2.23606797749979 0.4472135954999579 1 0 0 0.8775826551191281 0.47942536795007135 2.141593042508466
cell 8.292380518805796 4.830170322787018 0.0 2.23606797749979 0.4472135954999579 1 0 0 0.9163142025284212 0.40046008820443446 2.317554856633167
cell 34.72435590771697 27.79070770604655 0.0 2.23606797749979 0.4472135954999579 1 0 0 0.9644890600466955 0.264122799186745 2.6070040316604275
cell 32.92762752275726 37.52103437156351 0.0 2.23606797749979 0.4472135954999579 1 0 0 0.9877680293773363 0.15593049778671786 2.8284538455797894
cell 43.975666384299984 1.3749398483511903 0.0 2.23606797749979 0.4472135954999579 1 0 0 0.8773392563752288 0.47987063800878726 2.140578136839457
cell 37.6944916587692 24.397026139287394 0.0 2.23606797749979 0.4472135954999579 1 0 0 0.9593674196537431 0.2821598024292596 2.5695033657154736
cell 27.694128009688082 26.85112270579171 0.0 2.23606797749979 0.4472135954999579 1 0 0 0.9316288126667334 0.3634112758420858 2.3977388219135736
cell 31.62498085879804 45.992099973740764 0.0 2.23606797749979 0.4472135954999579 1 0 0 0.9093178949113015 0.41610211005722997 2.2832836820021645
cell 36.74572448362002 7.052576546505058 0.0 2.23606797749979 0.4472135954999579 1 0 0 0.9067410790444439 0.42168781767240754 2.27098079959236
cell 10.134204039678675 44.944061284710656 0.0 2.23606797749979 0.4472135954999579 1 0 0 0.9085845073380591 0.4177010809481542 2.279765406265024
cell 34.78074302849991 16.378989186894607 0.0 2.23606797749979 0.4472135954999579 1 0 0 0.8793864710293786 0.47610863736178516 2.1491440611326866
cell 7.838171527918681 9.859103493692878 0.0 2.23606797749979 0.4472135954999579 1 0 0 0.9472702589330836 0.3204357291889416 2.489213782475289
cell 38.53186966260347 25.524317639953335 0.0 2.23606797749979 0.4472135954999579 1 0 0 0.963122508461096 0.2690632522207484 2.5967520860985034
cell 35.66921532634901 39.08833652015214 0.0 2.23606797749979 0.4472135954999579 1 0 0 0.9351650239387925 0.3542123346265027 2.4174493364445597
cell 10.193522687318056 12.312825403540732 0.0 2.23606797749979 0.4472135954999579 1 0 0 -0.9517693368675767 -0.30681448694390767 2.517904092437883
cell 4.808686901782759 25.90394644801329 0.0 2.23606797749979 0.4472135954999579 1 0 0 0.9668437785295368 0.25536857269195823 2.625134861037357
cell 33.56911599593917 10.192928803059104 0.0 2.23606797749979 0.4472135954999579 1 0 0 0.902021657986811 0.43169077882521956 2.2488599122628856
cell 2.864709215833816 7.75140253456758 0.0 2.23606797749979 0.4472135954999579 1 0 0 0.915131643427906 0.40315515027956655 2.31166866537998
cell 35.4047191930975 11.437637605256306 0.0 2.23606797749979 0.4472135954999579 1 0 0 0.9056651140458826 0.423993751369355 2.265891581818798
cell 5.721828788807654 43.808653693993314 0.0 2.23606797749979 0.4472135954999579 1 0 0 0.8850815571785312 0.4654359645992415 2.173338418722217
cell 2.686610633632482 17.122455805329864 0.0 2.23606797749979 0.4472135954999579 1 0 0 0.9592109589433166 0.28269123835563575 2.5683953871857184
cell 2.9347572510528424 40.64481269274259 0.0 2.23606797749979 0.4472135954999579 1 0 0 0.9109515581972767 0.4125133435635188 2.291169903105749
cell 3.6761728383134313 18.265376102991482 0.0 2.23606797749979 0.4472135954999579 1 0 0 0.9631812900639511 0.26885275239569856 2.5971891922795183
cell 46.25110494678067 20.633714370009194 0.0 2.23606797749979 0.4472135954999579 1 0 0 -0.9573590152443252 -0.2889008756137923 2.5554355357563256
cell 18.676970349432338 31.844567524105113 0.0 2.23606797749979 0.4472135954999579 1 0 0 0.8987956822858291 0.43836779250345376 2.2340289065153365
cell 40.22169815162267 15.201128876265852 0.0 2.23606797749979 0.4472135954999579 1 0 0 0.8688764899991157 0.49502893362592115 2.105856390867465
cell 26.54922015855413 46.168544201853905 0.0 2.23606797749979 0.4472135954999579 1 0 0 0.9419268651148421 0.33581807690314414 2.456645433519195
cell 20.58222217814825 25.35476841371424 0.0 2.23606797749979 0.4472135954999579 1 0 0 0.8727293821443112 0.48820428668950544 2.1215306880530895
cell 44.730224154832825 9.79787428796208 0.0 2.23606797749979 0.4472135954999579 1 0 0 0.8823123766270026 0.4706642859308643 2.1615056156766004
cell 9.643769506821393 11.647862557997477 0.0 2.23606797749979 0.4472135954999579 1 0 0 0.9519453483658628 0.3062679443307709 2.5190524632570193
cell 11.41848928751277 2.1788035681100664 0.0 2.23606797749979 0.4472135954999579 1 0 0 0.9187507143063032 0.3948380996834749 2.3298094006120684
cell 30.55316655768849 18.87955426766713 0.0 2.23606797749979 0.4472135954999579 1 0 0 0.8921445256692292 0.45175009166399294 2.20414058294832
cell 43.32947544892904 30.19588437347948 0.0 2.23606797749979 0.4472135954999579 1 0 0 0.9719476519295789 0.23519728295322223 2.6667495735017797
cell 1.1577904176495055 22.316028080526984 0.0 2.23606797749979 0.4472135954999579 1 0 0 0.9638820055372974 0.26632964424073685 2.6024263979674847
cell 21.860301270081163 33.456550744304664 0.0 2.23606797749979 0.4472135954999579 1 0 0 0.9155854104797061 0.4021235582712209 2.313922627884911
cell 13.822816567350772 3.971574103835729 0.0 2.23606797749979 0.4472135954999579 1 0 0 0.9535627742222764 0.3011943485816357 2.5297028167232525
cell 0.7471882084107747 21.730405547876792 0.0 2.23606797749979 0.4472135954999579 1 0 0 0.9653234061168285 0.26105693172755334 2.6133587732399555
