step,msd_global,msd_round,msd_elongated,n_round,n_elongated
0,0.0,0.0,,500,0
100,13.690377916079402,13.690377916079402,,500,0
200,22.431502189207006,15.619493063255149,51.09870726092108,404,96
300,35.85122540223217,15.705548533487478,81.97422244383183,348,152
400,54.430130467099396,19.141331905666533,109.16377721544424,304,196
500,76.05932147946368,30.578101093158633,130.7570006224649,273,227
600,98.16184743867107,47.97495606248404,153.40960181077608,262,238
700,121.04894546992942,61.82669657231326,177.04507964160538,243,257
800,148.59944790995144,82.23593869545692,201.59476821792904,222,278
900,178.36314363478212,93.61778976735987,239.22836342272458,209,291
1000,218.96975110165496,112.02172507352176,286.7734015900793,194,306
1100,256.16938457233204,119.95047971259164,332.1294592448975,179,321
1200,283.44075917976414,140.5125488315035,364.53795690087753,181,319
1300,313.2377056202811,162.4777871080953,390.21180298752995,169,331
1400,346.4415224373929,169.53202550336954,428.9301148494448,159,341
1500,379.34675238279635,168.96826125157196,476.5391547182743,158,342
1600,413.23686007572053,183.89962407412813,513.4071470649218,152,348
1700,449.860314874016,205.49762281427797,552.6037194900423,148,352
1800,494.1460316116592,238.78297470451253,597.4389535066848,144,356
1900,544.9441164677222,262.3821071871032,661.4809903518194,146,354
2000,603.2545933476575,358.41906570221374,714.2846582101264,156,344
2100,659.9958046407786,447.4473435593209,754.5982988793463,154,346
2200,726.1002146614,511.6231666675533,827.9609955670322,161,339
2300,780.2600001046582,540.3031766736726,897.3817829697821,164,336
2400,831.8651629728985,566.1308950354183,951.2530224810419,155,345
2500,874.2197185826278,609.4728260064054,992.055040711929,154,346
2600,939.0309998144322,614.3239881617267,1079.5202799277804,151,349
2700,992.6042853119499,630.7386215405011,1137.5532766825863,143,357
2800,1049.3531982953775,665.8010809885157,1195.5691988156727,138,362
2900,1121.6337109636484,706.8744739913191,1264.3465666960624,128,372
3000,1197.8982362900679,727.6970411775939,1349.6562939718715,122,378
3100,1270.2528375573531,811.3227878076805,1418.3731181643902,122,378
3200,1360.9089969595707,892.1158962978536,1499.3608453415288,114,386
3300,1446.0903626532295,1020.4015070351567,1566.15645013525,110,390
3400,1561.801353416144,1157.0255091798629,1677.3029439308666,111,389
3500,1708.6999401651017,1235.7064504730179,1832.9204526094873,104,396
3600,1873.9553959109649,1279.2291201740463,2039.7486543644795,109,391
3700,2035.3754227597003,1355.7532412218168,2207.410110316909,101,399
3800,2187.1614443254934,1588.283025304049,2320.4082319317326,91,409
3900,2300.7618855814985,1849.9457144432968,2391.7920739844044,84,416
4000,2384.011698609802,1916.5508287988325,2467.801854519316,76,424
4100,2443.462582165381,1907.9695263921938,2523.4787859016046,65,435
4200,2505.1876193586804,1909.3158681958228,2587.9852886546587,61,439
4300,2546.5431782378682,1745.901875855439,2649.5602306888804,57,443
4400,2584.5457146382046,1775.1635620013208,2672.4830216874448,49,451
4500,2663.7556774685295,1733.252056214757,2753.541114607051,44,456
4600,2734.5767463358297,1136.5816217990273,2854.8559492579543,35,465
4700,2864.2362803012393,1209.9129543347801,2962.3741047229782,28,472
4800,3003.0251052481344,1348.0621111895161,3090.1284207249046,25,475
4900,3218.323151919864,1522.4966049424168,3296.3737461322153,22,478
5000,3405.152824197853,2077.3974532485026,3475.034685826766,25,475
5100,3612.814502249939,1897.9925099864872,3691.739363818549,22,478
5200,3808.0134915132344,1957.1452123428023,3930.352332993583,31,469
5300,4014.275585095142,1896.8733716884947,4135.1420962198345,27,473
5400,4189.860349949146,1586.7969336437732,4356.013333968638,30,470
5500,4349.934034351773,1832.1517259388954,4533.634889472026,34,466
5600,4545.165212858083,1829.7076159483124,4749.554494345915,35,465
5700,4764.712740264138,2182.356302511141,5001.522719272054,42,458
5800,5014.100365381595,2500.539611033217,5244.601569928826,42,458
5900,5318.571898059478,2438.30046674519,5631.506044698946,49,451
6000,5617.733093997279,2461.580079421552,5968.41676228347,50,450
6100,5939.336892173713,2632.4440513506997,6364.828747539202,57,443
6200,6312.644316182703,2805.5969149150683,6702.316249656884,50,450
6300,6614.0123063452575,2950.348067205551,6949.981516048026,42,458
6400,6900.710116531793,3093.8215129958194,7222.767937655227,39,461
6500,7151.0338699707245,3204.9598069197345,7385.123009304258,28,472
6600,7401.1957405256235,3757.1966377810168,7617.365178824032,28,472
6700,7663.047667142743,3090.1209774380873,7934.322979243867,28,472
6800,7950.961145886475,3340.7330991893446,8153.07970325733,21,479
6900,8280.972408356916,4380.970554649947,8426.615631109458,18,482
7000,8647.567034427151,3687.728054102767,8854.226991940668,20,480
7100,9029.775894155822,5332.935436377947,9151.985496065836,16,484
7200,9488.192710829948,5645.197734649172,9550.680434019876,8,492
7300,9895.169726856984,4419.650520527019,9984.202559480236,8,492
7400,10375.204629027161,3955.4668489073633,10492.878030292084,9,491
7500,10865.735558010905,4342.912446156568,11095.317323852569,17,483
7600,11237.193107771784,4456.506321856513,11461.348042843363,16,484
7700,11623.028752649494,4815.38961712168,11877.255940283312,18,482
7800,12000.608997905423,5043.130788826054,12230.60827754441,16,484
7900,12352.83253921531,8089.248589516149,12439.84445655611,10,490
8000,12812.541772104896,7177.318396947184,12846.557204952933,3,497
8100,13227.412289389555,7111.64111330761,13301.6929109614,6,494
8200,13661.979625967233,8070.31908995441,13729.894531262935,6,494
8300,14184.315696883126,9208.548903311157,14214.350506502273,3,497
8400,14693.880674942051,19712.242314898118,14683.823837988228,1,499
8500,15208.520036125843,20953.19702257883,15197.007657395476,1,499
8600,15803.809054588715,22232.73666394229,15790.925432125081,1,499
8700,16340.237579860082,11449.772729256363,16369.757488415034,3,497
8800,16778.32944161433,14065.315507546053,16805.733622766533,5,495
8900,17200.68189642073,12916.637074003367,17252.714829486526,6,494
9000,17662.639728551283,14490.176349262445,17694.68481319056,5,495
9100,18220.705695966113,17455.674451458453,18225.323590802174,3,497
9200,18787.923932028338,24180.169638376577,18777.117828408398,1,499
9300,19389.459487650773,25649.83874601147,19376.91363743362,1,499
9400,20030.298468425084,16272.082607464261,20045.391704814487,2,498
9500,20654.656880174607,28702.252867416635,20638.52943330639,1,499
9600,21358.948903054512,30279.37515934299,21341.07229733049,1,499
9700,22053.714841641133,31913.32085761987,22033.956112150194,1,499
9800,22726.465230294092,33596.32198821934,22704.681950218095,1,499
9900,23331.421121356696,35281.723191289624,23307.472620214547,1,499
10000,23947.59695998947,37031.89830385576,23921.375915212182,1,499
10100,24513.786075864085,31024.017074014308,24500.73952075757,1,499
10200,25259.111464291193,32600.80798090685,25244.39864562062,1,499
10300,25931.24140979397,34148.537229874404,25914.77388310042,1,499
10400,26649.09498450544,35547.5152976938,26631.262478867786,1,499
10500,27421.280838045128,36826.69030415494,27402.432322080986,1,499
10600,28257.99510698001,35768.869535838494,28242.943254417172,1,499
10700,29088.710975561797,37526.351507067324,29071.801876300262,1,499
10800,29991.78084785178,25375.18864512331,30010.32137878643,2,498
10900,30786.550415584145,19016.37589124474,30857.597746716972,3,497
11000,31506.295041246787,42885.62988825366,31483.490762996276,1,499
11100,32367.893304296707,44313.30148893167,32343.95461053992,1,499
11200,33233.42805581048,46000.461506602056,33207.84281843415,1,499
11300,34074.05467110058,38902.174903447296,34064.379079452585,1,499
11400,34894.49114153096,40643.11132664211,34882.97086059887,1,499
11500,35805.88619792234,42469.321513232826,35792.53262013614,1,499
11600,36715.91464478906,28762.132021604684,36763.925405089976,3,497
11700,37736.51137662052,29303.833710214818,37787.412851468034,3,497
11800,38661.33361319801,31792.485032257548,38688.91935047086,2,498
11900,39678.580120423125,30125.939909257206,39716.94413733544,2,498
12000,40629.5907470558,30635.342669817044,40669.72828953467,2,498
12100,41561.90044843257,31111.266574114023,41603.87086559851,2,498
12200,42533.86042254729,31757.899196132457,42577.13737526381,2,498
12300,43710.04065030035,56929.949106673565,43683.54784778256,1,499
12400,44828.17467901702,58961.840900880256,44799.85069861248,1,499
12500,45939.9823693374,61077.21941704461,45909.647224953216,1,499
12600,46945.88990831405,52685.93140833204,46934.386819135645,1,499
12700,48027.29951225457,54194.44725784736,48014.94049873634,1,499
12800,49084.89851565338,55851.19446021106,49071.338804341634,1,499
12900,50269.959353007296,57805.18622452063,50254.85869795416,1,499
13000,51351.81115041211,59893.77860295827,51334.69297916452,1,499
13100,52589.20246461442,61803.49374114137,52570.73695103421,1,499
13200,53646.50397015998,63605.77368142784,53626.54551382478,1,499
13300,54791.472342322704,65364.566392351604,54770.28377709218,1,499
13400,55994.87239525339,67193.40677950579,55972.43044257954,1,499
13500,57285.75628080795,68929.02568028649,57262.42307559858,1,499
13600,58536.78523394218,69902.22438676962,58514.008802774195,1,499
13700,59628.81690361253,,59628.81690361253,0,500
13800,60888.54193096499,,60888.54193096499,0,500
13900,62075.64032739301,,62075.64032739301,0,500
14000,63296.55755510727,,63296.55755510727,0,500
14100,64474.82918930699,,64474.82918930699,0,500
14200,65709.77719047546,,65709.77719047546,0,500
14300,66944.79542324496,,66944.79542324496,0,500
14400,68133.28205797759,,68133.28205797759,0,500
14500,69459.09981065211,,69459.09981065211,0,500
14600,70888.74580697482,,70888.74580697482,0,500
14700,72128.62310062113,,72128.62310062113,0,500
14800,73363.9724369347,,73363.9724369347,0,500
14900,74643.25580622237,,74643.25580622237,0,500
15000,75777.14515973319,,75777.14515973319,0,500
15100,77132.09243067053,,77132.09243067053,0,500
15200,78467.12186609366,,78467.12186609366,0,500
15300,79853.17620669723,,79853.17620669723,0,500
15400,81231.64883544043,,81231.64883544043,0,500
15500,82678.46412383195,,82678.46412383195,0,500
15600,83949.97431744072,,83949.97431744072,0,500
15700,85534.61413929221,,85534.61413929221,0,500
15800,86912.41510383836,,86912.41510383836,0,500
15900,88543.83994040414,,88543.83994040414,0,500
16000,90037.59104920136,57914.42950869509,90101.96612242884,1,499
16100,91508.0852954579,68359.01776972054,91694.77132389125,4,496
16200,92949.12852425902,59938.259436136796,93282.57164636128,5,495
16300,94517.00375493518,,94517.00375493518,0,500
16400,96077.63677438315,,96077.63677438315,0,500
16500,97538.62374478814,,97538.62374478814,0,500
16600,99150.54099062955,,99150.54099062955,0,500
16700,100806.07753490779,,100806.07753490779,0,500
16800,102483.21796787989,,102483.21796787989,0,500
16900,104045.72224140716,,104045.72224140716,0,500
17000,105803.37124716942,,105803.37124716942,0,500
17100,107589.64419795612,,107589.64419795612,0,500
17200,109312.10578197846,,109312.10578197846,0,500
17300,110951.15841830816,,110951.15841830816,0,500
17400,112591.71768051478,,112591.71768051478,0,500
17500,114367.43133472998,,114367.43133472998,0,500
17600,115936.64005009356,,115936.64005009356,0,500
17700,117572.65384537556,,117572.65384537556,0,500
17800,119306.43552895937,,119306.43552895937,0,500
17900,120942.86760347747,,120942.86760347747,0,500
18000,122698.59634318674,,122698.59634318674,0,500
18100,124432.73343381696,,124432.73343381696,0,500
18200,126257.07868101868,,126257.07868101868,0,500
18300,128099.97942164648,,128099.97942164648,0,500
18400,129638.37319992878,,129638.37319992878,0,500
18500,131267.96825638655,,131267.96825638655,0,500
18600,133002.763029128,,133002.763029128,0,500
18700,134703.93158395917,,134703.93158395917,0,500
18800,136508.40325327395,,136508.40325327395,0,500
18900,138127.65563018445,,138127.65563018445,0,500
19000,139734.04500068878,,139734.04500068878,0,500
19100,141431.34161519448,,141431.34161519448,0,500
19200,143304.33036780072,,143304.33036780072,0,500
19300,145076.8239439473,,145076.8239439473,0,500
19400,147001.49751858957,,147001.49751858957,0,500
19500,148874.2141213969,,148874.2141213969,0,500
19600,150642.17866330702,,150642.17866330702,0,500
19700,152256.08929681114,,152256.08929681114,0,500
19800,153938.223098019,,153938.223098019,0,500
19900,156120.07156382312,,156120.07156382312,0,500
20000,158089.44923564213,,158089.44923564213,0,500
20100,159946.97430322273,,159946.97430322273,0,500
20200,162092.39656465134,,162092.39656465134,0,500
20300,164198.41735179105,,164198.41735179105,0,500
20400,166298.48776734207,,166298.48776734207,0,500
20500,168428.0174492712,,168428.0174492712,0,500
20600,170408.65641894125,,170408.65641894125,0,500
20700,172351.51154067353,,172351.51154067353,0,500
20800,174460.33329632084,,174460.33329632084,0,500
20900,176665.86189583124,,176665.86189583124,0,500
21000,179012.2245625805,,179012.2245625805,0,500
21100,181195.2362128391,165273.4239529583,181227.14365223766,1,499
21200,183534.02731475158,,183534.02731475158,0,500
21300,185866.8736260384,,185866.8736260384,0,500
21400,188007.01451419014,,188007.01451419014,0,500
21500,190438.83584802155,,190438.83584802155,0,500
21600,192628.61533795256,,192628.61533795256,0,500
21700,194970.44190097673,,194970.44190097673,0,500
21800,197326.36792825005,,197326.36792825005,0,500
21900,199672.9019481386,,199672.9019481386,0,500
22000,201895.291223912,,201895.291223912,0,500
22100,204229.67323548894,,204229.67323548894,0,500
22200,206440.97667214138,,206440.97667214138,0,500
22300,208632.70919220106,,208632.70919220106,0,500
22400,211013.97934848885,,211013.97934848885,0,500
22500,213286.48892415283,,213286.48892415283,0,500
22600,215794.30428830965,,215794.30428830965,0,500
22700,218399.46379143215,,218399.46379143215,0,500
22800,220720.32368343402,,220720.32368343402,0,500
22900,222880.02611345047,,222880.02611345047,0,500
23000,225021.85971203435,,225021.85971203435,0,500
23100,227168.48403773134,,227168.48403773134,0,500
23200,229092.40093978023,,229092.40093978023,0,500
23300,231503.64254095047,,231503.64254095047,0,500
23400,234107.04415376091,,234107.04415376091,0,500
23500,236675.931868798,,236675.931868798,0,500
23600,239215.59478038648,,239215.59478038648,0,500
23700,241865.42758319824,,241865.42758319824,0,500
23800,244496.67341239107,,244496.67341239107,0,500
23900,246255.70379663788,,246255.70379663788,0,500
24000,248495.90867041456,,248495.90867041456,0,500
24100,250955.06723743622,,250955.06723743622,0,500
24200,253267.91882379603,,253267.91882379603,0,500
24300,255714.1268476684,,255714.1268476684,0,500
24400,258353.42238066287,,258353.42238066287,0,500
24500,260612.2325785184,,260612.2325785184,0,500
24600,263560.0579323546,,263560.0579323546,0,500
24700,266327.0543938158,,266327.0543938158,0,500
24800,269051.6765940617,,269051.6765940617,0,500
24900,271855.9400386632,,271855.9400386632,0,500
25000,274568.1631185293,,274568.1631185293,0,500
25100,277170.69454518723,,277170.69454518723,0,500
25200,279722.0604872575,,279722.0604872575,0,500
25300,282209.3994160227,,282209.3994160227,0,500
25400,284709.2847526336,,284709.2847526336,0,500
25500,287579.1079326159,,287579.1079326159,0,500
25600,290384.1640018881,,290384.1640018881,0,500
25700,293616.7535733069,,293616.7535733069,0,500
25800,296805.9875249286,,296805.9875249286,0,500
25900,300125.67806885636,,300125.67806885636,0,500
26000,302646.0232870592,,302646.0232870592,0,500
26100,305618.0013507662,,305618.0013507662,0,500
26200,308406.5228862482,,308406.5228862482,0,500
26300,311399.39742901025,,311399.39742901025,0,500
26400,314214.94258192077,,314214.94258192077,0,500
26500,317185.05734720983,,317185.05734720983,0,500
26600,320068.2620131476,,320068.2620131476,0,500
26700,323342.8345417909,,323342.8345417909,0,500
26800,326699.92869724904,,326699.92869724904,0,500
26900,329864.60584638524,,329864.60584638524,0,500
27000,332981.9660867808,,332981.9660867808,0,500
27100,336041.73809102987,,336041.73809102987,0,500
27200,339239.23429603194,,339239.23429603194,0,500
27300,342267.80442691804,,342267.80442691804,0,500
27400,345181.05438547564,,345181.05438547564,0,500
27500,348048.07634729514,,348048.07634729514,0,500
27600,350823.421915287,,350823.421915287,0,500
27700,353669.06519748044,,353669.06519748044,0,500
27800,356733.41586062097,,356733.41586062097,0,500
27900,359915.7057956114,,359915.7057956114,0,500
28000,362851.7605587809,,362851.7605587809,0,500
28100,365921.7780290633,,365921.7780290633,0,500
28200,369030.338448231,,369030.338448231,0,500
28300,372483.78186955355,,372483.78186955355,0,500
28400,375690.4311311349,,375690.4311311349,0,500
28500,378778.45612512087,,378778.45612512087,0,500
28600,381813.30061642785,,381813.30061642785,0,500
28700,384911.8094296594,,384911.8094296594,0,500
28800,387828.7486396355,,387828.7486396355,0,500
28900,390456.6923365632,,390456.6923365632,0,500
29000,393522.5291226281,,393522.5291226281,0,500
29100,396715.96386828856,,396715.96386828856,0,500
29200,399954.4853563053,,399954.4853563053,0,500
29300,403575.1601206467,,403575.1601206467,0,500
29400,407077.0502483944,,407077.0502483944,0,500
29500,410641.86783123575,,410641.86783123575,0,500
29600,413824.64885809924,,413824.64885809924,0,500
29700,417227.2064606198,,417227.2064606198,0,500
29800,420024.4535291526,,420024.4535291526,0,500
29900,423189.8619412272,,423189.8619412272,0,500
30000,426562.48236700345,,426562.48236700345,0,500
