500
 Lattice="45.76456164318845 0.0 0.0 0.0 45.76456164318845 0.0 0.0 0.0 1.0"Properties=species:S:1:pos:R:3:aspherical_shape:R:3:orientation:R:4:Color:R:1
cell 27.06010900712658 38.72535287056227 0.0 2.23606797749979 0.4472135954999579 1 0 0 0.6480726109575211 0.7615785520395788 1.4101018426309593
cell 44.89179110207786 34.48889246431818 0.0 2.23606797749979 0.4472135954999579 1 0 0 0.6412464969221569 0.7673349530583514 1.3922432295510867
cell 21.692194854886008 3.07346894617898 0.0 2.23606797749979 0.4472135954999579 1 0 0 0.7295487986263082 -0.6839287612192593 4.647861310282971
cell 13.231475176144482 34.45205453553112 0.0 2.23606797749979 0.4472135954999579 1 0 0 -0.7039917060940776 0.7102081932438895 4.721180449134408
cell 23.654353133350835 34.26006260765207 0.0 2.23606797749979 0.4472135954999579 1 0 0 0.6162483207868701 0.7875519075764865 1.3279401003696099
cell 2.3942409449418407 28.404559383184722 0.0 2.23606797749979 0.4472135954999579 1 0 0 -0.7305240099971992 -0.6828870117505618 1.638177962221551
cell 28.510019643055426 31.11222011340042 0.0 2.23606797749979 0.4472135954999579 1 0 0 0.6913601975129191 0.722510261030871 1.5267399215845703
cell 33.589605562350926 24.332077165662 0.0 2.23606797749979 0.4472135954999579 1 0 0 0.6896721381203259 -0.7241217728397193 4.761112940541677
cell 10.018156110187778 37.32414812041157 0.0 2.23606797749979 0.4472135954999579 1 0 0 0.7743979452278705 0.632698840228787 1.7715259479363137
cell 36.87724687406874 34.184067376044226 0.0 2.23606797749979 0.4472135954999579 1 0 0 0.7958253663102914 -0.6055262061522114 4.442446472183246
cell 24.528897255862983 6.205317297201087 0.0 2.23606797749979 0.4472135954999579 1 0 0 0.6391649112404281 0.7690697083093416 1.3868238645610682
cell 27.131138914478388 5.879935940793275 0.0 2.23606797749979 0.4472135954999579 1 0 0 0.6369307629615955 0.7709210096975954 1.3810208511134787
cell 39.00894350680671 21.229378573473532 0.0 2.23606797749979 0.4472135954999579 1 0 0 0.7758594713195794 -0.6309057621893326 4.507032831491886
cell 28.08465173047197 10.218916697158457 0.0 2.23606797749979 0.4472135954999579 1 0 0 0.6819669988471773 0.7313829451685171 1.5008973963278787
cell 37.95830773501501 42.48547216303479 0.0 2.23606797749979 0.4472135954999579 1 0 0 0.789849565679269 -0.6133006306830852 4.46205796273442
cell 26.33872314877271 19.361378682365615 0.0 2.23606797749979 0.4472135954999579 1 0 0 0.6964200936384664 0.7176343450369344 1.5407937194709032
cell 20.293953905204216 13.512138162623573 0.0 2.23606797749979 0.4472135954999579 1 0 0 0.7138971674833223 -0.7002505510596112 4.693089450837031
cell 20.13562037895699 22.484792734335567 0.0 2.23606797749979 0.4472135954999579 1 0 0 0.7096520510812363 -0.7045523162946769 4.705176850654309
cell 3.5722288276043415 21.135739184075735 0.0 2.23606797749979 0.4472135954999579 1 0 0 0.7458571311949856 0.6661059524171706 1.683641389656252
cell 13.241288830689605 21.771850062546054 0.0 2.23606797749979 0.4472135954999579 1 0 0 0.7007739675414295 -0.7133833796888203 4.730221618340807
cell 40.703135290140175 13.618735068334091 0.0 2.23606797749979 0.4472135954999579 1 0 0 0.6649755608562387 0.746865117316327 1.4549221904512293
cell 4.474567468025666 12.535012527144742 0.0 2.23606797749979 0.4472135954999579 1 0 0 0.751897885551781 0.6592795838661779 1.701872198319479
cell 2.193955376227774 12.4375457140012 0.0 2.23606797749979 0.4472135954999579 1 0 0 0.6943275398974317 0.7196591327427037 1.5349701286875328
cell 28.136859658969037 19.201191654078105 0.0 2.23606797749979 0.4472135954999579 1 0 0 0.7128616580697893 0.7013046816141975 1.5871405415580198
cell 6.281380683142766 15.348346739611054 0.0 2.23606797749979 0.4472135954999579 1 0 0 0.7858074650929423 0.6184712020815556 1.8080012573896478
cell 23.181591260228867 1.932545864307138 0.0 2.23606797749979 0.4472135954999579 1 0 0 0.5769570491581744 0.8167744874974315 1.2299963928154383
cell 0.6531400041420454 7.79196642259189 0.0 2.23606797749979 0.4472135954999579 1 0 0 0.6407991467252995 0.7677085733246231 1.3910775292266218
cell 10.339448146945886 32.98388703184501 0.0 2.23606797749979 0.4472135954999579 1 0 0 0.7684628714210305 0.6398943781963902 1.7528710291741474
cell 0.5195683293232976 15.920664054087414 0.0 2.23606797749979 0.4472135954999579 1 0 0 0.6628403294507091 0.7487607746494707 1.4492115913867585
cell 25.690268176090743 22.24086432311184 0.0 2.23606797749979 0.4472135954999579 1 0 0 0.6395630926117227 0.7687386100417547 1.3878595758591399
cell 29.7472229475682 23.46423568037224 0.0 2.23606797749979 0.4472135954999579 1 0 0 0.6541333046474407 0.7563792829996195 1.4260724087299743
cell 42.154881292514276 3.1792466832463933 0.0 2.23606797749979 0.4472135954999579 1 0 0 0.5944023216488776 0.8041678183180575 1.2730444369413045
cell 22.256679440828744 16.64201460153689 0.0 2.23606797749979 0.4472135954999579 1 0 0 0.7227578941992987 -0.691101314115807 4.6676160759049194
cell 35.54614811740782 38.92569471102539 0.0 2.23606797749979 0.4472135954999579 1 0 0 0.7600190852209422 -0.6499007540385857 4.556500345432525
cell 4.313294814235499 31.132981317495435 0.0 2.23606797749979 0.4472135954999579 1 0 0 0.7935177905534992 0.6085470532958753 1.8331360879296603
cell 42.56003283518313 13.34961358825081 0.0 2.23606797749979 0.4472135954999579 1 0 0 0.6481148154743105 0.7615426356827965 1.41021267955482
cell 26.350899075106607 42.780450095257706 0.0 2.23606797749979 0.4472135954999579 1 0 0 0.614840787162542 0.7886512578074961 1.3243681414214157
cell 38.24430818344441 25.756875803612704 0.0 2.23606797749979 0.4472135954999579 1 0 0 0.777425942271506 -0.6289744861942026 4.502059437721404
cell 1.6298074295413727 28.45484635604776 0.0 2.23606797749979 0.4472135954999579 1 0 0 0.6997917271624747 0.7143469315360432 1.5502117959462205
cell 16.32539754948907 7.55326960845593 0.0 2.23606797749979 0.4472135954999579 1 0 0 0.6309602235098477 -0.7758151818238691 4.917604735618598
cell 42.20332018005286 41.07038695329062 0.0 2.23606797749979 0.4472135954999579 1 0 0 0.6105304693168826 0.791992768928926 1.31346041750968
cell 18.455323236627887 5.928153105279321 0.0 2.23606797749979 0.4472135954999579 1 0 0 0.7046175661849281 -0.7095872641357287 4.7194172090928665
cell 39.50374370760612 4.798764277343734 0.0 2.23606797749979 0.4472135954999579 1 0 0 0.6805764442552253 0.732677079977881 1.497098223753189
cell 3.114971436119962 33.81194025791697 0.0 2.23606797749979 0.4472135954999579 1 0 0 0.738723066899733 0.674009072958408 1.6623477043539254
cell 35.83333809055191 34.147153677251545 0.0 2.23606797749979 0.4472135954999579 1 0 0 0.7959991262429705 -0.6052977705397795 4.441872450079848
cell 9.552344235724622 41.67833674718058 0.0 2.23606797749979 0.4472135954999579 1 0 0 0.7931753907825649 0.6089932671687966 1.8320111978339395
cell 5.36690468994972 33.44590099800716 0.0 2.23606797749979 0.4472135954999579 1 0 0 0.7665801348639003 0.6421486563343759 1.746996857549726
cell 42.45540137332689 26.577415321837986 0.0 2.23606797749979 0.4472135954999579 1 0 0 0.6337220117284305 0.7735608649943914 1.3727106296232399
cell 37.13833578468887 21.433424610479193 0.0 2.23606797749979 0.4472135954999579 1 0 0 0.7685602388682218 -0.63977742944779 4.530009926697794
cell 43.34557869922033 38.54730278301774 0.0 2.23606797749979 0.4472135954999579 1 0 0 0.6241668458646096 0.7812910779750558 1.3481293937732897
cell 6.429485974886717 36.53855064710657 0.0 2.23606797749979 0.4472135954999579 1 0 0 0.7552086805590695 0.6554844382654933 1.7119448439151488
cell 14.897225379666839 25.081002274294296 0.0 2.23606797749979 0.4472135954999579 1 0 0 0.6844869741371251 -0.7290250902654878 4.775385804788804
cell 42.07455418988831 34.25069873528911 0.0 2.23606797749979 0.4472135954999579 1 0 0 0.6136001122343255 0.7896169338774487 1.3212237463707037
cell 1.3645838541780002 16.24559785473163 0.0 2.23606797749979 0.4472135954999579 1 0 0 0.6622816304636729 0.749254991274919 1.447719754054094
cell 2.144265861792178 41.273898013237 0.0 2.23606797749979 0.4472135954999579 1 0 0 0.7037349843531604 0.7104625759302576 1.5612820396591218
cell 26.412708312443304 10.427661849717136 0.0 2.23606797749979 0.4472135954999579 1 0 0 0.6531613745434436 0.7572187390738025 1.4235038800817161
cell 19.43912771574595 6.0153885972498715 0.0 2.23606797749979 0.4472135954999579 1 0 0 0.7346108773439813 -0.6784886578918663 4.632999329357577
cell 30.527857939855924 32.21653429785491 0.0 2.23606797749979 0.4472135954999579 1 0 0 0.7141764659450067 0.6999656959382372 1.5908937286957119
cell 2.522856793175966 24.20146594519246 0.0 2.23606797749979 0.4472135954999579 1 0 0 0.7385218211603963 0.6742295749000718 1.661750641695436
cell 9.48831630752547 28.609745453884045 0.0 2.23606797749979 0.4472135954999579 1 0 0 0.7550591655375601 0.6556566605607873 1.711488706826638
cell 23.65818484723893 6.393512559082368 0.0 2.23606797749979 0.4472135954999579 1 0 0 0.6613988991320641 0.7500343300322284 1.4453646883117706
cell 43.44984085612763 17.7080101143988 0.0 2.23606797749979 0.4472135954999579 1 0 0 0.6303612178037922 0.7763019612811243 1.3640368590158942
cell 27.247741940521713 19.29100330644494 0.0 2.23606797749979 0.4472135954999579 1 0 0 0.7034648118669701 0.7107300883352051 1.5605216290836128
cell 2.1416194819152463 16.56141098733201 0.0 2.23606797749979 0.4472135954999579 1 0 0 0.6812575866633515 0.7320437832627404 1.4989583525357313
cell 19.2289859676327 40.395493221731805 0.0 2.23606797749979 0.4472135954999579 1 0 0 -0.7176873112420739 0.6963655098309527 4.6822342571715545
cell 14.898639240174225 16.215497196386377 0.0 2.23606797749979 0.4472135954999579 1 0 0 0.6804758055141255 -0.7327705494286068 4.7863617810380275
cell 38.04940489516862 21.361548281654628 0.0 2.23606797749979 0.4472135954999579 1 0 0 0.7744558462190169 -0.6326279651242004 4.511476320392405
cell 39.39405286323795 0.31956129685085927 0.0 2.23606797749979 0.4472135954999579 1 0 0 0.6920878990792554 0.7218132306546219 1.5287552637401183
cell 23.251356342165817 9.169826236915972 0.0 2.23606797749979 0.4472135954999579 1 0 0 0.6500370585377773 0.7599025085677467 1.4152664063958593
cell 15.45378516255418 29.458865876749243 0.0 2.23606797749979 0.4472135954999579 1 0 0 0.6971985636053523 -0.7168780669727828 4.740220899232375
cell 15.297355048764217 20.624931073130085 0.0 2.23606797749979 0.4472135954999579 1 0 0 0.6901334189343937 -0.7236821567994643 4.759838511624843
cell 16.221522572447917 37.64795265301618 0.0 2.23606797749979 0.4472135954999579 1 0 0 0.6878967839246567 -0.7258085247957027 4.766010702348099
cell 34.562298497643944 30.05254612448204 0.0 2.23606797749979 0.4472135954999579 1 0 0 0.7221520358178296 -0.6917343689337433 4.66936858591064
cell 14.233479885602975 34.082394699476765 0.0 2.23606797749979 0.4472135954999579 1 0 0 0.720835477772791 -0.6931062068572695 4.673171356197449
cell 26.922128992736152 34.64104894841914 0.0 2.23606797749979 0.4472135954999579 1 0 0 0.6535790802364975 0.7568582336720755 1.4246074057015508
cell 5.949990586330976 4.1727135705638645 0.0 2.23606797749979 0.4472135954999579 1 0 0 0.7717857449830257 0.6358826651521459 1.7632893575658042
cell 21.154207250260164 21.7308879789149 0.0 2.23606797749979 0.4472135954999579 1 0 0 -0.7165816179500673 0.6975032507566282 4.685407276300328
cell 6.690054695164773 21.58940143284029 0.0 2.23606797749979 0.4472135954999579 1 0 0 0.8057363070321188 0.5922744326156947 1.8738352092352462
cell 35.855326670560515 12.677690279657794 0.0 2.23606797749979 0.4472135954999579 1 0 0 0.7826677893690545 -0.6224396609183555 4.4853045801773535
cell 27.991320156462226 5.754043830958004 0.0 2.23606797749979 0.4472135954999579 1 0 0 0.659002790294192 0.752140493780563 1.4389843209464444
cell 3.9471463118116787 34.29631349284124 0.0 2.23606797749979 0.4472135954999579 1 0 0 0.8110432391692359 0.5849862085535636 1.8918665474278313
cell 43.245796981344164 3.3946275176366916 0.0 2.23606797749979 0.4472135954999579 1 0 0 0.5804999623766741 0.8142602739177934 1.2386851288989036
cell 17.085246962702954 40.273958571213065 0.0 2.23606797749979 0.4472135954999579 1 0 0 0.6810064270473025 -0.7322774380794939 4.784913032561529
cell 8.483799299713684 28.538684229982223 0.0 2.23606797749979 0.4472135954999579 1 0 0 0.7436534370424359 0.6685653038970627 1.6770369403895906
cell 41.4541731783197 4.589716122023157 0.0 2.23606797749979 0.4472135954999579 1 0 0 0.6481004105160095 0.7615548948624649 1.4101748488630577
cell 18.186937130500194 40.15680008503718 0.0 2.23606797749979 0.4472135954999579 1 0 0 0.6968043873098576 -0.7172612117114197 4.741320307892126
cell 43.34894070649714 26.450362447451997 0.0 2.23606797749979 0.4472135954999579 1 0 0 0.6390437497400326 0.7691703880923905 1.3865087993110379
cell 45.505076426561224 42.68711393455742 0.0 2.23606797749979 0.4472135954999579 1 0 0 0.6506696338224147 0.7593609336945144 1.416931885154804
cell 13.94081301115048 25.19111195820658 0.0 2.23606797749979 0.4472135954999579 1 0 0 0.6740813750331403 -0.7386570921838028 4.803744600408382
cell 16.21789142202767 33.17472415576603 0.0 2.23606797749979 0.4472135954999579 1 0 0 0.7235349870388992 -0.6902877099663733 4.665365898021409
cell 19.50162144824988 44.85620278026231 0.0 2.23606797749979 0.4472135954999579 1 0 0 0.7630324597189687 -0.6463601669465874 4.5472016956897345
cell 28.16472680894441 14.700134890643545 0.0 2.23606797749979 0.4472135954999579 1 0 0 0.6984791906766914 0.7156303656159612 1.5465403079588287
cell 33.349872972527656 16.688387925754174 0.0 2.23606797749979 0.4472135954999579 1 0 0 0.7625658045975153 -0.646910653536131 4.548645028652358
cell 41.785725288626004 30.596377419374335 0.0 2.23606797749979 0.4472135954999579 1 0 0 0.6058267933161681 0.7955965664206005 1.3016093370494946
cell 38.756632956648915 16.901446213326246 0.0 2.23606797749979 0.4472135954999579 1 0 0 0.7770661375619233 -0.629418952570221 4.503203133130786
cell 11.492078036098334 2.173185713987368 0.0 2.23606797749979 0.4472135954999579 1 0 0 0.810133172418551 0.5862458894926721 1.8887584817624496
cell 41.13005719931238 22.455155192694615 0.0 2.23606797749979 0.4472135954999579 1 0 0 0.6279217972771252 0.7782764396435659 1.3577601256636462
cell 31.616635423371253 7.95969183707451 0.0 2.23606797749979 0.4472135954999579 1 0 0 0.7167355544188322 -0.6973450688374653 4.684965833410868
cell 26.832664276718457 1.4568648137881801 0.0 2.23606797749979 0.4472135954999579 1 0 0 0.6155124861238723 0.7881271340498371 1.3260721194164662
cell 28.117497674962515 42.40304200221229 0.0 2.23606797749979 0.4472135954999579 1 0 0 0.683261646849922 0.7301736245194923 1.5044405986670368
cell 44.26676712455362 11.52353947386059 0.0 2.23606797749979 0.4472135954999579 1 0 0 0.630664345117863 0.7760557220954286 1.3648179349585434
cell 26.463957103977975 14.897195895730858 0.0 2.23606797749979 0.4472135954999579 1 0 0 0.6686899158561885 0.7435413885132713 1.4648908729430767
cell 16.359496549872308 20.552781036681957 0.0 2.23606797749979 0.4472135954999579 1 0 0 0.6948394460053239 -0.7191648936614013 4.746792054949775
cell 45.16844952843925 11.573243510033745 0.0 2.23606797749979 0.4472135954999579 1 0 0 0.6091348104834627 0.7930666949615751 1.3099383831518987
cell 7.227363886675695 22.746984469503932 0.0 2.23606797749979 0.4472135954999579 1 0 0 0.840022170214029 0.5425520745042939 1.9946481678216195
cell 32.39354177092336 45.10859913554967 0.0 2.23606797749979 0.4472135954999579 1 0 0 0.6698442071069892 -0.7425016755571727 4.815187415209773
cell 8.623636431124162 10.5879570839206 0.0 2.23606797749979 0.4472135954999579 1 0 0 0.7800949610634786 0.6256611317025932 1.7896351600527836
cell 11.27763999174092 19.83974788547337 0.0 2.23606797749979 0.4472135954999579 1 0 0 0.7836922847675764 0.6211492596757852 1.8011760126059795
cell 30.772200903895587 44.45169930843324 0.0 2.23606797749979 0.4472135954999579 1 0 0 0.7327782600641886 0.6804675022198345 1.644791790069191
cell 0.7819596718083894 24.055531307843324 0.0 2.23606797749979 0.4472135954999579 1 0 0 -0.665244428489387 -0.7466256427178408 1.4556422956904145
cell 6.522653792378345 32.47075033942475 0.0 2.23606797749979 0.4472135954999579 1 0 0 0.7824218751623135 0.6227487529232708 1.7970907607583773
cell 45.65276996382637 7.969330588884504 0.0 2.23606797749979 0.4472135954999579 1 0 0 0.6216930148744683 0.7832610007247227 1.3418046981311236
cell 33.95455665603812 3.959072564198985 0.0 2.23606797749979 0.4472135954999579 1 0 0 0.7319628109373331 -0.6813445849236038 4.640788705219216
cell 7.350389792424652 14.86055267811689 0.0 2.23606797749979 0.4472135954999579 1 0 0 0.7839752426025366 0.6207920899836706 1.802087353001053
cell 32.31955328053496 20.70072185346383 0.0 2.23606797749979 0.4472135954999579 1 0 0 0.7071231760610382 -0.7070903859319189 4.712342608139373
cell 30.83675631567988 18.987245645303293 0.0 2.23606797749979 0.4472135954999579 1 0 0 0.715869199121889 0.6982344088832814 1.5957363326807799
cell 15.2647399367781 33.94585220794623 0.0 2.23606797749979 0.4472135954999579 1 0 0 0.7366778892858651 -0.6762438076887083 4.626896248814618
cell 29.711025941824875 36.1081995262847 0.0 2.23606797749979 0.4472135954999579 1 0 0 0.7358643876309272 0.6771289412043769 1.6538846902923072
cell 0.3642482029711936 11.870864543757184 0.0 2.23606797749979 0.4472135954999579 1 0 0 0.6175425870526553 0.7865374455016835 1.3312290266852218
cell 29.04611529103097 19.009657259333785 0.0 2.23606797749979 0.4472135954999579 1 0 0 0.6880201746618515 0.7256915593130978 1.5175146412896272
cell 35.06418631180532 45.22448751919975 0.0 2.23606797749979 0.4472135954999579 1 0 0 0.7389973335184133 -0.6737083501432019 4.6200235846637145
cell 15.922720712341926 24.998141243420253 0.0 2.23606797749979 0.4472135954999579 1 0 0 0.7042266753420873 -0.7099752036068798 4.7205186494080165
cell 38.25568225478752 29.962895306914035 0.0 2.23606797749979 0.4472135954999579 1 0 0 0.7552722360000718 -0.6554112064402408 4.571046533438798
cell 34.89835690466744 34.50270952151415 0.0 2.23606797749979 0.4472135954999579 1 0 0 0.7652481743154211 -0.6437353739751412 4.540331778392669
cell 19.276888783057885 10.060705845548176 0.0 2.23606797749979 0.4472135954999579 1 0 0 0.7426669942352639 -0.6696609109643167 4.6090968746507865
cell 26.76603667831525 30.454415960384434 0.0 2.23606797749979 0.4472135954999579 1 0 0 0.6538895050138589 0.7565900575825264 1.4254278493858232
cell 11.203287399794963 16.067359777150113 0.0 2.23606797749979 0.4472135954999579 1 0 0 0.7588441840093597 0.6512722198859467 1.7230731409797464
cell 40.92064739992352 41.32441766247677 0.0 2.23606797749979 0.4472135954999579 1 0 0 -0.49519252498404676 -0.8687832659529787 1.0361128412949334
cell 44.60977055573155 42.811669510432765 0.0 2.23606797749979 0.4472135954999579 1 0 0 0.6158560170104861 0.7878587223049446 1.3269440330311415
cell 0.5370709982134744 4.592113530011037 0.0 2.23606797749979 0.4472135954999579 1 0 0 0.6105450162408711 0.7919815548000056 1.3134971527616857
cell 0.34398304140769376 19.63086019973941 0.0 2.23606797749979 0.4472135954999579 1 0 0 0.6691492033553846 0.7431280802451581 1.4661266216935176
cell 28.9900308458447 14.522776309879255 0.0 2.23606797749979 0.4472135954999579 1 0 0 0.7131203291654081 0.7010416507819061 1.5878783652659285
cell 9.3574578584868 32.916384168382194 0.0 2.23606797749979 0.4472135954999579 1 0 0 0.7624816710229431 0.6470098155005536 1.7342801896687026
cell 3.6842238225414077 3.6380398185436005 0.0 2.23606797749979 0.4472135954999579 1 0 0 -0.7255361024429579 -0.6881841062185916 1.6236261698763679
cell 2.306078957901243 8.053348421392345 0.0 2.23606797749979 0.4472135954999579 1 0 0 0.683841097495971 0.7296309706800458 1.5060283471027438
cell 17.788324677631827 3.4111390850593755 0.0 2.23606797749979 0.4472135954999579 1 0 0 0.661512009080864 -0.7499345717072915 4.837518986084751
cell 29.99063441874851 19.558734657992098 0.0 2.23606797749979 0.4472135954999579 1 0 0 0.7131625786979676 0.7009986707154766 1.5879989025483414
cell 28.86625117597826 39.75978836241963 0.0 2.23606797749979 0.4472135954999579 1 0 0 0.7157302676897271 0.6983768208587621 1.5953384225716678
cell 9.063738940796881 37.23011697012107 0.0 2.23606797749979 0.4472135954999579 1 0 0 0.775245466164851 0.6316600883314085 1.774207214437143
cell 4.634453540877959 45.02743197509285 0.0 2.23606797749979 0.4472135954999579 1 0 0 0.743649647677825 0.6685695188300516 1.677025604615377
cell 35.10893866731581 16.877074437322918 0.0 2.23606797749979 0.4472135954999579 1 0 0 0.7655752468407367 -0.6433463619425737 4.539315300544688
cell 4.042411592222406 26.32100394649523 0.0 2.23606797749979 0.4472135954999579 1 0 0 -0.778282597803214 -0.6279141644816436 1.7838521424612797
cell 17.179105579339083 12.377327770371425 0.0 2.23606797749979 0.4472135954999579 1 0 0 0.6961572999173968 -0.7178892768190088 4.74312384655593
cell 43.35258764737764 11.994483150368234 0.0 2.23606797749979 0.4472135954999579 1 0 0 0.6680972572165979 0.7440739579501887 1.463297292694945
cell 32.54339960709453 8.139538747508258 0.0 2.23606797749979 0.4472135954999579 1 0 0 0.7358596498480396 -0.677134089915373 4.629314610573228
cell 6.140182608149733 40.903127782223194 0.0 2.23606797749979 0.4472135954999579 1 0 0 0.7628902382468312 0.6465280228943623 1.7355435998239357
cell 8.05234004896385 0.05141065552695891 0.0 2.23606797749979 0.4472135954999579 1 0 0 0.7845657659179843 0.6200456103784032 1.8039909807541215
cell 24.590721803722044 22.347254683285442 0.0 2.23606797749979 0.4472135954999579 1 0 0 0.653849418902781 0.7566247004958901 1.4253218866046529
cell 24.278264429792106 13.538376480091499 0.0 2.23606797749979 0.4472135954999579 1 0 0 0.6521483058831783 0.7580914108032754 1.420829659205121
cell 2.0102651753058316 20.65566479787991 0.0 2.23606797749979 0.4472135954999579 1 0 0 0.6877075837642707 0.7259877955125063 1.516653319147901
cell 34.21370557405298 41.20190715852564 0.0 2.23606797749979 0.4472135954999579 1 0 0 0.730069832589582 -0.6833725481336075 4.646337040732464
cell 31.68728133828205 24.995512632420457 0.0 2.23606797749979 0.4472135954999579 1 0 0 0.6725413892541997 -0.740059510944918 4.807910334989123
cell 10.025346738430786 6.397065916660876 0.0 2.23606797749979 0.4472135954999579 1 0 0 0.7854787329136492 0.618888649225665 1.806938568403217
cell 21.19581181610154 8.071061563621473 0.0 2.23606797749979 0.4472135954999579 1 0 0 0.7426761222793397 -0.6696507876469073 4.609069612754739
cell 7.7182055293523355 41.47977538315656 0.0 2.23606797749979 0.4472135954999579 1 0 0 0.7843070759979773 0.6203727996451028 1.8031567786359777
cell 36.119235219200974 21.234489789655562 0.0 2.23606797749979 0.4472135954999579 1 0 0 0.780481626044418 -0.6251787195731004 4.492313650006157
cell 23.384683588413875 18.087899707855325 0.0 2.23606797749979 0.4472135954999579 1 0 0 0.651463653845688 0.7586798453353203 1.4190241081354529
cell 3.785066320944112 45.143965193122774 0.0 2.23606797749979 0.4472135954999579 1 0 0 -0.7179971794474854 -0.6960460116295871 1.6018412127092754
cell 1.5768625790772168 45.71058614017026 0.0 2.23606797749979 0.4472135954999579 1 0 0 0.688589248263754 0.7251516028911184 1.5190835870931254
cell 1.1951422847536868 20.291511771973923 0.0 2.23606797749979 0.4472135954999579 1 0 0 0.694080838188772 0.7198970690724972 1.5342846349056756
cell 29.847921294767573 27.82208862305697 0.0 2.23606797749979 0.4472135954999579 1 0 0 0.670645134195517 0.7417783388451547 1.4701563176119279
cell 18.178565226796184 44.70120671041832 0.0 2.23606797749979 0.4472135954999579 1 0 0 0.6480652750687446 -0.7615847945239403 4.8731027294260105
cell 14.936545724370713 11.753586526695424 0.0 2.23606797749979 0.4472135954999579 1 0 0 0.6398943714130059 -0.7684628770695133 4.894463700418363
cell 31.448267452092278 21.320342302737107 0.0 2.23606797749979 0.4472135954999579 1 0 0 0.6901666326227879 -0.7236504813887169 4.759746718798476
cell 37.263347022502465 1.0662783166763379 0.0 2.23606797749979 0.4472135954999579 1 0 0 0.7648865292040214 -0.6441650389785413 4.541454986672616
cell 8.626169498979571 41.5177213027815 0.0 2.23606797749979 0.4472135954999579 1 0 0 0.7868304703582365 0.6171691914830457 1.811312916791153
cell 14.203325029680943 20.59213331761007 0.0 2.23606797749979 0.4472135954999579 1 0 0 0.7253784670882208 -0.6883502593046239 4.660017201723537
cell 34.225881733312946 21.102479349260467 0.0 2.23606797749979 0.4472135954999579 1 0 0 0.7558572319056627 -0.6547364698685337 4.5692604878584655
cell 34.114798019841054 45.49987682500861 0.0 2.23606797749979 0.4472135954999579 1 0 0 0.7317140086014261 -0.6816117733845507 4.64151888951786
cell 32.77017707834491 32.28740518118845 0.0 2.23606797749979 0.4472135954999579 1 0 0 0.6623830648018199 -0.7491653191811191 4.835194776395401
cell 36.40291513826331 29.784534173923813 0.0 2.23606797749979 0.4472135954999579 1 0 0 0.7739307498502043 -0.6332702380787373 4.513135525966338
cell 4.516258478127411 41.17133795094522 0.0 2.23606797749979 0.4472135954999579 1 0 0 -0.757017781905161 -0.6533942744464403 1.717473546235631
cell 4.127724426043967 36.27306862165427 0.0 2.23606797749979 0.4472135954999579 1 0 0 0.7826813237695595 0.6224226421189464 1.797924215829781
cell 19.142389102385422 30.952224129086844 0.0 2.23606797749979 0.4472135954999579 1 0 0 0.7352218077560125 -0.6778265953767091 4.631197593752992
cell 0.21107198840438815 1.297291131256325 0.0 2.23606797749979 0.4472135954999579 1 0 0 0.615724025783425 0.7879618798349652 1.3266089917794326
cell 20.322231478437693 9.041633426983037 0.0 2.23606797749979 0.4472135954999579 1 0 0 0.7174076471257733 -0.6966536211385553 4.683037301742374
cell 34.59536178330148 8.377461640202652 0.0 2.23606797749979 0.4472135954999579 1 0 0 0.7460339682813308 -0.6659078901547948 4.599012880743822
cell 44.95615805239158 25.255184461448273 0.0 2.23606797749979 0.4472135954999579 1 0 0 0.6685099960001919 0.7437031566746396 1.4644069717428305
cell 34.17301428081291 16.714418457609213 0.0 2.23606797749979 0.4472135954999579 1 0 0 0.7631080665297383 -0.6462709020196132 4.546967733153947
cell 20.250228938785085 18.018476874720093 0.0 2.23606797749979 0.4472135954999579 1 0 0 0.7071885188377659 -0.7070250340858143 4.712157778030724
cell 31.71031802879552 36.32256525809185 0.0 2.23606797749979 0.4472135954999579 1 0 0 0.6544916727553711 -0.7560692099893211 4.856165115823268
cell 3.670025678070148 40.7117842247895 0.0 2.23606797749979 0.4472135954999579 1 0 0 0.722271390358568 0.6916097444870922 1.6141618401422164
cell 45.33296357798016 19.77122122772626 0.0 2.23606797749979 0.4472135954999579 1 0 0 0.6474468431414827 0.7621106122513505 1.408459072450475
cell 5.221261960194321 3.7542590931094235 0.0 2.23606797749979 0.4472135954999579 1 0 0 0.7597150091382633 0.650256184045987 1.7257494559839412
cell 3.9853616649772077 29.43917664224034 0.0 2.23606797749979 0.4472135954999579 1 0 0 0.7864391085888911 0.6176678140245858 1.8100451810349485
cell 20.821131140818657 3.476183555682715 0.0 2.23606797749979 0.4472135954999579 1 0 0 0.7474021707925304 -0.6643718801203233 4.594898852824789
cell 2.2366479770584506 3.8656445946789133 0.0 2.23606797749979 0.4472135954999579 1 0 0 0.6861723315031159 0.7274390225163743 1.5124281275631106
cell 29.520039164199254 31.877524796774306 0.0 2.23606797749979 0.4472135954999579 1 0 0 0.7054671054262304 0.7087426635680513 1.5661639839045765
cell 41.42639019696344 9.036296974243744 0.0 2.23606797749979 0.4472135954999579 1 0 0 0.6601625109915529 0.7511227989359182 1.442070195451344
cell 35.74190991039253 3.8658469458711666 0.0 2.23606797749979 0.4472135954999579 1 0 0 0.7200733062747195 -0.6938979994138864 4.675369392563627
cell 3.6388206468607787 16.722877130079848 0.0 2.23606797749979 0.4472135954999579 1 0 0 0.7349505545906999 0.6781206989222661 1.6511875255053243
cell 6.800136644647679 25.8520691326555 0.0 2.23606797749979 0.4472135954999579 1 0 0 0.813910133375136 0.5809907871810606 1.9017016931948258
cell 35.18944315261645 41.46082515590865 0.0 2.23606797749979 0.4472135954999579 1 0 0 0.7547489827679679 -0.6560136987980645 4.572642517172969
cell 21.46227860085759 44.20330397262755 0.0 2.23606797749979 0.4472135954999579 1 0 0 0.747636504577093 -0.664108166659428 4.594193283229822
cell 40.50907812873343 0.17780918952560665 0.0 2.23606797749979 0.4472135954999579 1 0 0 0.6674781916996161 0.7446293464572898 1.4616339243677168
cell 29.821697758251453 11.34439590051629 0.0 2.23606797749979 0.4472135954999579 1 0 0 0.7310978301611688 0.6822726454531435 1.6398592897560926
cell 37.46340186959507 38.31441487294197 0.0 2.23606797749979 0.4472135954999579 1 0 0 0.8168258189302124 -0.5768843744884999 4.3714110967088695
cell 27.942571332152383 37.93612915542981 0.0 2.23606797749979 0.4472135954999579 1 0 0 0.6933504924355967 0.7206005097412266 1.5322565976459497
cell 10.064499793971358 19.988074787811488 0.0 2.23606797749979 0.4472135954999579 1 0 0 -0.7371925372594379 -0.6756827384275791 1.6578117681606779
cell 7.282946429348781 36.866779791745095 0.0 2.23606797749979 0.4472135954999579 1 0 0 0.7614236417747849 0.6482546087351975 1.731012813546751
cell 37.23523932734197 29.273651398913305 0.0 2.23606797749979 0.4472135954999579 1 0 0 0.7578365814295493 -0.6524444159061935 4.563203642833719
cell 16.054508732808138 16.22737702969356 0.0 2.23606797749979 0.4472135954999579 1 0 0 0.6598910725176418 -0.7513612795529967 4.841837750922479
cell 25.679448360961278 26.281441556292766 0.0 2.23606797749979 0.4472135954999579 1 0 0 0.6602564904112953 0.7510401899164646 1.4423204463770216
cell 39.60972761592323 9.300164819496041 0.0 2.23606797749979 0.4472135954999579 1 0 0 0.6670826716029562 0.7449836973028755 1.4605718496523485
cell 30.68062088756749 40.371721462626 0.0 2.23606797749979 0.4472135954999579 1 0 0 0.7450881178780944 0.6669660385633432 1.6813338976774552
cell 33.326460613220796 12.327857430487754 0.0 2.23606797749979 0.4472135954999579 1 0 0 0.7438824748255152 -0.6683104545400039 4.60546307414588
cell 31.733471979140923 28.825972701259335 0.0 2.23606797749979 0.4472135954999579 1 0 0 0.6432188877199113 -0.7656823509003979 4.885795652459456
cell 5.320384313978201 12.391656376469777 0.0 2.23606797749979 0.4472135954999579 1 0 0 0.7752733398914263 0.6316258769664151 1.7742954722895579
cell 22.24431180227795 21.179723408099893 0.0 2.23606797749979 0.4472135954999579 1 0 0 0.7184938714906158 -0.6955332893761639 4.679916387054201
cell 40.84842774338436 18.08299992850911 0.0 2.23606797749979 0.4472135954999579 1 0 0 0.6465054236378669 0.7629093899060505 1.4059898080927646
cell 30.643590777093653 7.199942035775549 0.0 2.23606797749979 0.4472135954999579 1 0 0 0.7287276596478013 0.6848036200723813 1.6329242907415837
cell 5.796995919957081 18.987182596239304 0.0 2.23606797749979 0.4472135954999579 1 0 0 0.8053409423616531 0.5928119149916308 1.8725007422351125
cell 33.20115388683037 20.21622402400446 0.0 2.23606797749979 0.4472135954999579 1 0 0 0.7278895880382152 -0.6856943543777777 4.652707051443516
cell 39.00420889947276 34.39492681285042 0.0 2.23606797749979 0.4472135954999579 1 0 0 0.7339884823399051 -0.6791619157405417 4.634833070594277
cell 12.220280709761498 24.234260343791636 0.0 2.23606797749979 0.4472135954999579 1 0 0 0.7464789987035069 0.6654089753637306 1.685509539837168
cell 20.82344302843807 30.93489539313704 0.0 2.23606797749979 0.4472135954999579 1 0 0 0.6619135336504293 -0.749580198491397 4.836447907445318
cell 5.429312391787858 22.239048263016446 0.0 2.23606797749979 0.4472135954999579 1 0 0 0.8064709431672528 0.5912737249590259 1.8763180352565996
cell 44.86204304195602 0.3821768084840517 0.0 2.23606797749979 0.4472135954999579 1 0 0 0.6034043590468863 0.7974353763680266 1.295526766230819
cell 26.017229054717184 38.515425273151706 0.0 2.23606797749979 0.4472135954999579 1 0 0 0.6217883641813736 0.7831853102354841 1.3420481774157194
cell 31.58383897281609 16.908956956302863 0.0 2.23606797749979 0.4472135954999579 1 0 0 0.7292141461228295 -0.6842855610739953 4.648839673077022
cell 8.278003848941488 24.22926847553578 0.0 2.23606797749979 0.4472135954999579 1 0 0 0.719176230202769 0.6948277123944712 1.6052320323142322
cell 27.304983677987135 10.34090885986515 0.0 2.23606797749979 0.4472135954999579 1 0 0 0.6763794298974101 0.7365533699682967 1.4856718258266852
cell 32.4012394843415 16.2390477290354 0.0 2.23606797749979 0.4472135954999579 1 0 0 0.7409455727318947 -0.6715650811715902 4.614230746401664
cell 0.7969733540648769 0.1786918267266869 0.0 2.23606797749979 0.4472135954999579 1 0 0 -0.6442727605573043 -0.7647957962775884 1.4001440166109402
cell 25.878438057971167 34.59383569217328 0.0 2.23606797749979 0.4472135954999579 1 0 0 0.6392240860144149 0.769020524992042 1.3869777561148315
cell 28.841888490250966 5.567639183738793 0.0 2.23606797749979 0.4472135954999579 1 0 0 0.6836338419999295 0.7298251640443864 1.5054603122308017
cell 12.348299197188918 19.876308251616397 0.0 2.23606797749979 0.4472135954999579 1 0 0 0.7930438691307332 0.6091645275573393 1.8315793271784626
cell 17.722776353289188 29.393399388386374 0.0 2.23606797749979 0.4472135954999579 1 0 0 0.785653888429962 -0.6186662812816623 4.475680604665227
cell 9.17469360014798 45.39835686716536 0.0 2.23606797749979 0.4472135954999579 1 0 0 0.8038778891621797 0.59479436725322 1.8675730065664593
cell 25.04572993033894 38.51646680170091 0.0 2.23606797749979 0.4472135954999579 1 0 0 0.6101195185256784 0.7923093922919218 1.3124228609322885
cell 11.290703670843673 24.27767381461399 0.0 2.23606797749979 0.4472135954999579 1 0 0 0.7473396951323643 0.6644421570606915 1.688098389935332
cell 23.338453836197136 29.95648311955268 0.0 2.23606797749979 0.4472135954999579 1 0 0 0.6067306243272187 0.7949075100308862 1.3038824048828737
cell 16.072613209625782 11.963710755617276 0.0 2.23606797749979 0.4472135954999579 1 0 0 0.6463714425120176 -0.7630229081128125 4.877546710279295
cell 8.882964554137438 3.430287621302355 0.0 2.23606797749979 0.4472135954999579 1 0 0 0.7791903650697791 0.6267873443062043 1.7867461123874158
cell 27.80825508659288 33.4499344600377 0.0 2.23606797749979 0.4472135954999579 1 0 0 0.6860275349125485 0.7275755777524504 1.5120300653304357
cell 44.58395448569459 15.366342878564419 0.0 2.23606797749979 0.4472135954999579 1 0 0 -0.6245013199678533 -0.7810237521089924 1.3489857489500903
cell 22.580397350829955 43.37393658683659 0.0 2.23606797749979 0.4472135954999579 1 0 0 0.6339894406644259 0.7733417026942285 1.373402150702633
cell 15.191156379757063 7.348722511901951 0.0 2.23606797749979 0.4472135954999579 1 0 0 0.6096343472645933 -0.7926827629230203 4.971986859237193
cell 30.646345516888697 36.338474306640066 0.0 2.23606797749979 0.4472135954999579 1 0 0 0.7441501887686165 0.6680123476071624 1.6785235781550787
cell 24.05098638603718 38.7057818298299 0.0 2.23606797749979 0.4472135954999579 1 0 0 0.6099158270127933 0.7924662036701 1.3119087401639415
cell 43.99669808468742 16.43131136996356 0.0 2.23606797749979 0.4472135954999579 1 0 0 0.621444387106208 0.7834582782345142 1.341169925151657
cell 41.57822619457596 44.96858382089321 0.0 2.23606797749979 0.4472135954999579 1 0 0 0.5777462760835108 0.8162164176685223 1.2319295985948227
cell 8.807461480578588 6.799336981409262 0.0 2.23606797749979 0.4472135954999579 1 0 0 0.7942945647794526 0.607532833978395 1.835691098101079
cell 44.71990316122732 7.636249465984597 0.0 2.23606797749979 0.4472135954999579 1 0 0 0.6025152494410244 0.798107370089401 1.2932977829815608
cell 5.441644994544674 15.224672584797974 0.0 2.23606797749979 0.4472135954999579 1 0 0 0.7655121540942356 0.6434214341580512 1.743673878796941
cell 42.819114264782286 30.800137455367448 0.0 2.23606797749979 0.4472135954999579 1 0 0 0.6295571997405721 0.7769541378066078 1.3619663234696147
cell 3.0314676511314484 6.356645891198671 0.0 2.23606797749979 0.4472135954999579 1 0 0 0.6988094921903321 0.715307831373801 1.5474636224904252
cell 1.5893444292540149 8.866985523145246 0.0 2.23606797749979 0.4472135954999579 1 0 0 -0.6786428450030583 -0.734468439707354 1.4918264954707396
cell 32.73351490256277 28.412845422480743 0.0 2.23606797749979 0.4472135954999579 1 0 0 0.6598744682818979 -0.7513758620754879 4.841881948234925
cell 44.2711289948547 3.7399182837202583 0.0 2.23606797749979 0.4472135954999579 1 0 0 -0.6091538958958597 -0.7930520355656974 1.3099865142584264
cell 45.68493513783139 33.956676895399305 0.0 2.23606797749979 0.4472135954999579 1 0 0 -0.6623645131289001 -0.7491817214451479 1.447941005080418
cell 13.44412665816756 29.87346307842844 0.0 2.23606797749979 0.4472135954999579 1 0 0 0.6940972858949762 -0.7198812108349736 4.748854977165343
cell 3.02830682203666 29.932601265655535 0.0 2.23606797749979 0.4472135954999579 1 0 0 0.7430672558560506 0.6692167461103754 1.675284244877292
cell 36.924363607201656 17.0432907187802 0.0 2.23606797749979 0.4472135954999579 1 0 0 0.7747174456681807 -0.6323075828877665 4.510649086322352
cell 38.528845199227014 12.59325172863114 0.0 2.23606797749979 0.4472135954999579 1 0 0 0.7880518760033617 -0.615608837434602 4.467909291706217
cell 41.637384219894464 13.473428931708108 0.0 2.23606797749979 0.4472135954999579 1 0 0 0.6524434603880247 0.7578374040629692 1.4216084675455185
cell 0.8661871274757168 36.83819042058585 0.0 2.23606797749979 0.4472135954999579 1 0 0 -0.6802454374462443 -0.7329844096797473 1.496194858806538
cell 24.719604709312225 34.229566484636294 0.0 2.23606797749979 0.4472135954999579 1 0 0 0.6164874002452699 0.7873647727316916 1.32854731841372
cell 28.863805750818916 23.46794167994447 0.0 2.23606797749979 0.4472135954999579 1 0 0 0.6690305827826013 0.7432348749228422 1.4658073979881123
cell 38.63966340395071 38.14862080285477 0.0 2.23606797749979 0.4472135954999579 1 0 0 0.7792319723282557 -0.6267356167487345 4.496306425757206
cell 29.751934838614496 40.39098634916356 0.0 2.23606797749979 0.4472135954999579 1 0 0 0.732042627767916 0.6812588282955637 1.6426309088165467
cell 22.96343850710647 38.89569344485538 0.0 2.23606797749979 0.4472135954999579 1 0 0 0.5752588147425561 0.817971451861854 1.225841046681634
cell 34.188873649768524 12.487311381180339 0.0 2.23606797749979 0.4472135954999579 1 0 0 0.7339381823997161 -0.6792162721959781 4.634981188226355
cell 39.24392814149495 25.690498439930153 0.0 2.23606797749979 0.4472135954999579 1 0 0 0.7718258807073294 -0.6358339483468584 4.5197697085192985
cell 7.792352821693528 3.8737986693836937 0.0 2.23606797749979 0.4472135954999579 1 0 0 0.7846428460922574 0.6199480656282766 1.8042396277453612
cell 8.393426113066102 32.79614822012934 0.0 2.23606797749979 0.4472135954999579 1 0 0 0.7598242682517921 0.6501285114311084 1.7260855384175522
cell 16.945399743063113 24.995782155675077 0.0 2.23606797749979 0.4472135954999579 1 0 0 0.7247059377504297 -0.689058273144783 4.661970229510152
cell 24.580005256641165 26.480068513746687 0.0 2.23606797749979 0.4472135954999579 1 0 0 0.6509602213105383 0.7591118430582776 1.4176973581722332
cell 3.708473637141223 12.244256038119584 0.0 2.23606797749979 0.4472135954999579 1 0 0 0.7398707050176848 0.6727490913086647 1.6657562980290574
cell 13.970554938657653 38.537650114841675 0.0 2.23606797749979 0.4472135954999579 1 0 0 0.700382949637154 -0.7137672756981507 4.731317558402959
cell 10.812322695344749 11.890068719608069 0.0 2.23606797749979 0.4472135954999579 1 0 0 0.723145464211996 0.6906957634078965 1.6166911615749637
cell 14.79141871213164 1.5551739927900081 0.0 2.23606797749979 0.4472135954999579 1 0 0 0.6783276087469711 -0.7347595900780174 4.792217048129223
cell 38.63077613481582 9.362148212250998 0.0 2.23606797749979 0.4472135954999579 1 0 0 0.7576800456828365 -0.6526261934477152 4.563683419927281
cell 27.624254400177303 1.3175747204996706 0.0 2.23606797749979 0.4472135954999579 1 0 0 0.635196088466074 0.7723509106600441 1.3765247574773718
cell 11.525828758835097 28.649222164076416 0.0 2.23606797749979 0.4472135954999579 1 0 0 0.7499338028346406 0.6615128807256699 1.6959240079048252
cell 43.754605935368986 7.340475149369268 0.0 2.23606797749979 0.4472135954999579 1 0 0 0.6057674036607176 0.7956417866490882 1.301460045385406
cell 45.20427864223264 38.66264091834844 0.0 2.23606797749979 0.4472135954999579 1 0 0 -0.6424806800632404 -0.7663018829061273 1.395462199898481
cell 7.470671963779198 32.5623550412335 0.0 2.23606797749979 0.4472135954999579 1 0 0 0.7576779886672215 0.6526285815754577 1.7194955834542904
cell 7.5252104623912475 11.071285786899114 0.0 2.23606797749979 0.4472135954999579 1 0 0 0.7812137972128966 0.6242635685703654 1.793215650462656
cell 6.470803436732554 11.433950105850572 0.0 2.23606797749979 0.4472135954999579 1 0 0 0.7650176759611199 0.6440092821280194 1.7421375534551713
cell 5.418619903099739 30.10409709559427 0.0 2.23606797749979 0.4472135954999579 1 0 0 0.7824836263710644 0.6226711607752431 1.7972890913230999
cell 33.736401378675524 32.97794085492287 0.0 2.23606797749979 0.4472135954999579 1 0 0 0.6982603632925986 -0.7158438831578351 4.737256473391741
cell 41.52631168271415 26.71744660614132 0.0 2.23606797749979 0.4472135954999579 1 0 0 0.6279142161410867 0.7782825561246537 1.3577406438809216
cell 17.33000614833788 35.786038006626434 0.0 2.23606797749979 0.4472135954999579 1 0 0 0.7367611318207118 -0.6761531147885542 4.626650041408026
cell 0.24771496711440139 38.333029836711596 0.0 2.23606797749979 0.4472135954999579 1 0 0 0.6441755491183233 0.7648776777486102 1.3998898148077428
cell 7.520432060963788 28.095609130630784 0.0 2.23606797749979 0.4472135954999579 1 0 0 0.7345044853895666 0.6786038321013285 1.6498723898978813
cell 5.51729428784031 8.41477351974396 0.0 2.23606797749979 0.4472135954999579 1 0 0 0.7665321309315525 0.6422059578122374 1.7468473538790208
cell 11.32369309971387 5.740226647407188 0.0 2.23606797749979 0.4472135954999579 1 0 0 0.8041317924964438 0.5944510579488073 1.8684270046564269
cell 28.832344355682643 27.584661322614487 0.0 2.23606797749979 0.4472135954999579 1 0 0 0.6705399392618139 0.7418734325036603 1.4698727067658837
cell 20.89928072569741 35.40060247313836 0.0 2.23606797749979 0.4472135954999579 1 0 0 0.6252156413816696 -0.7804520496300253 4.932369696087052
cell 34.43918294528831 25.56793965979412 0.0 2.23606797749979 0.4472135954999579 1 0 0 0.7232499180851842 -0.6905863856099208 4.666191661791121
cell 24.57861291563777 30.306386152524333 0.0 2.23606797749979 0.4472135954999579 1 0 0 0.6343159276619055 0.7730739317260777 1.374246650681453
cell 12.179974172669617 35.35373315244464 0.0 2.23606797749979 0.4472135954999579 1 0 0 0.6904796618396571 -0.723351806927855 4.758881400990719
cell 40.49230335569943 9.159928641564909 0.0 2.23606797749979 0.4472135954999579 1 0 0 0.6719060439744162 0.740636393968491 1.473558629925497
cell 18.211775405724364 26.565836195539156 0.0 2.23606797749979 0.4472135954999579 1 0 0 0.760253888143451 -0.6496260659508399 4.555777611845678
cell 6.917533099552924 41.20808686887897 0.0 2.23606797749979 0.4472135954999579 1 0 0 0.7767235050533873 0.629841723528682 1.7788938132142766
cell 8.162113778867326 37.088800203540536 0.0 2.23606797749979 0.4472135954999579 1 0 0 0.767354489343041 0.6412231184892516 1.7494103573643878
cell 5.524082200985634 26.84352648710858 0.0 2.23606797749979 0.4472135954999579 1 0 0 -0.8034807912219802 -0.595330679654006 1.8662383638698952
cell 15.69965339998707 42.10430642950642 0.0 2.23606797749979 0.4472135954999579 1 0 0 0.6368747704007434 -0.7709672670269474 4.902309713181484
cell 27.25586509444763 42.781830341505994 0.0 2.23606797749979 0.4472135954999579 1 0 0 0.63298423217056 0.7741646864998729 1.3708038845901134
cell 15.806813640233159 3.041547289411983 0.0 2.23606797749979 0.4472135954999579 1 0 0 0.5729968531723554 -0.819557567382901 5.062869561374981
cell 25.96268904314673 1.5507450169567698 0.0 2.23606797749979 0.4472135954999579 1 0 0 -0.6107107667317954 -0.7918537487426972 1.3139157581304346
cell 34.428809880895216 37.06238258127293 0.0 2.23606797749979 0.4472135954999579 1 0 0 0.7330147809004787 -0.6802127100998799 4.637698215358326
cell 36.02679706556808 17.112316585759572 0.0 2.23606797749979 0.4472135954999579 1 0 0 0.7588816381585053 -0.6512285768191254 4.559997143931201
cell 38.19009303140226 0.5118198511255687 0.0 2.23606797749979 0.4472135954999579 1 0 0 0.7789801415015924 -0.6270485939272641 4.497109852123984
cell 12.831477886070875 38.91993676367934 0.0 2.23606797749979 0.4472135954999579 1 0 0 0.6730427415293685 -0.739603588467925 4.806555020374109
cell 25.31327073556682 17.789386516942706 0.0 2.23606797749979 0.4472135954999579 1 0 0 0.6502742984621542 0.7596995042512225 1.4158908854909071
cell 24.526567403191304 43.07524341944053 0.0 2.23606797749979 0.4472135954999579 1 0 0 0.6061756492659675 0.7953308005081802 1.3024864504902711
cell 26.71427522982538 26.58141020942915 0.0 2.23606797749979 0.4472135954999579 1 0 0 0.6548247135824494 0.7557807846734813 1.4279013391497288
cell 40.414331731051185 26.353898157738417 0.0 2.23606797749979 0.4472135954999579 1 0 0 0.6032742255068931 0.7975338292756353 1.2952004062252616
cell 32.458594386094646 12.291172856091288 0.0 2.23606797749979 0.4472135954999579 1 0 0 0.7453079437413962 -0.6667203829162356 4.601192106512251
cell 35.48870046938436 8.295541110456684 0.0 2.23606797749979 0.4472135954999579 1 0 0 0.759074452912102 -0.6510038209843265 4.5594048848152005
cell 44.06412063441569 34.88567086112676 0.0 2.23606797749979 0.4472135954999579 1 0 0 0.6382018785487069 0.769869055240501 1.384320756344357
cell 0.6281656033510288 32.650440775609816 0.0 2.23606797749979 0.4472135954999579 1 0 0 0.6722880024522833 0.7402897012377782 1.4745903045529718
cell 23.42645199067147 22.186735250434396 0.0 2.23606797749979 0.4472135954999579 1 0 0 0.6454721041624331 0.7637838455663495 1.4032824683505425
cell 36.11253788142934 45.187342993229116 0.0 2.23606797749979 0.4472135954999579 1 0 0 0.7252556967695688 -0.6884796106663489 4.660373877071754
cell 24.388350054892282 17.98040606555582 0.0 2.23606797749979 0.4472135954999579 1 0 0 0.6459835472192011 0.7633513324296344 1.40462208266895
cell 18.190565888096433 14.846735461338438 0.0 2.23606797749979 0.4472135954999579 1 0 0 -0.7271364444672522 0.6864929650968921 4.654902505328406
cell 43.69594584615052 30.63840406859828 0.0 2.23606797749979 0.4472135954999579 1 0 0 0.6376956362611951 0.7702884365570014 1.3830059758184008
cell 28.98172671589269 10.028314651374098 0.0 2.23606797749979 0.4472135954999579 1 0 0 0.7016975145667196 0.712474980649067 1.5555545405582127
cell 9.529416927578223 14.153477257615181 0.0 2.23606797749979 0.4472135954999579 1 0 0 0.7777759119267817 0.6285416699205097 1.7822390786826963
cell 27.058985411458686 23.745019011342567 0.0 2.23606797749979 0.4472135954999579 1 0 0 0.6535095415353739 0.7569182777038915 1.4244236567781077
cell 45.16087827053566 3.7347165547649825 0.0 2.23606797749979 0.4472135954999579 1 0 0 0.6119471772518312 0.7908986358905393 1.317040467416709
cell 29.729778358084605 7.116464072452561 0.0 2.23606797749979 0.4472135954999579 1 0 0 0.7198066981539519 0.6941745582292004 1.607047631672763
cell 2.932881468776624 15.30446306174507 0.0 2.23606797749979 0.4472135954999579 1 0 0 0.7105866418435135 0.7036097103036301 1.5806632380273993
cell 10.355278964589452 24.250768279981898 0.0 2.23606797749979 0.4472135954999579 1 0 0 0.7499416172980897 0.6615040216388148 1.6959476340986708
cell 19.846786184904822 26.966283375294722 0.0 2.23606797749979 0.4472135954999579 1 0 0 0.7102251620950997 -0.7039745869894661 4.703549303517226
cell 14.428546711303937 29.539292039545764 0.0 2.23606797749979 0.4472135954999579 1 0 0 0.6971185227519061 -0.7169559018769566 4.74044419106421
cell 35.05274544896159 12.82363455359195 0.0 2.23606797749979 0.4472135954999579 1 0 0 0.7561477576583002 -0.6544009234317479 4.568372801816175
cell 22.653323545500736 4.677925976274594 0.0 2.23606797749979 0.4472135954999579 1 0 0 0.6795015514042405 0.7336740704422028 1.494166067541774
cell 1.3374159758604138 41.26039456334135 0.0 2.23606797749979 0.4472135954999579 1 0 0 0.6803030293005548 0.7329309574062817 1.4963520079996597
cell 37.34668101494743 8.287028167903532 0.0 2.23606797749979 0.4472135954999579 1 0 0 0.7879126339821549 -0.6157870420943451 4.468361597980513
cell 38.52191260852312 4.933593509403578 0.0 2.23606797749979 0.4472135954999579 1 0 0 0.7518065316550545 -0.659383756973735 4.581590219457638
cell 31.57067401172143 12.434044301547436 0.0 2.23606797749979 0.4472135954999579 1 0 0 0.7119230584676929 -0.7022574733116095 4.698719672347685
cell 3.2530910959461456 25.494839130959267 0.0 2.23606797749979 0.4472135954999579 1 0 0 0.7383733417428217 0.6743921768552318 1.661310253078594
cell 29.48998886762096 2.8744513369550613 0.0 2.23606797749979 0.4472135954999579 1 0 0 0.6992151708567771 0.7149112845967169 1.5485982141093884
cell 32.659281208902854 36.36811659046658 0.0 2.23606797749979 0.4472135954999579 1 0 0 0.654621027509604 -0.7559572146241281 4.855822913460104
cell 13.666735841809079 1.5005839763486037 0.0 2.23606797749979 0.4472135954999579 1 0 0 0.6731380812333968 -0.7395168176542173 4.806297192266264
cell 8.216252485812166 18.40246010130767 0.0 2.23606797749979 0.4472135954999579 1 0 0 0.7764914908224132 0.6301277367965848 1.7781572422555116
cell 39.28849561305147 30.11388496022342 0.0 2.23606797749979 0.4472135954999579 1 0 0 0.7569026302644284 -0.6535276645244561 4.566064197113251
cell 40.95500721056156 36.71795736310215 0.0 2.23606797749979 0.4472135954999579 1 0 0 0.5799462614005659 0.8146547329313851 1.2373254484921197
cell 40.440781030968125 4.68599836974866 0.0 2.23606797749979 0.4472135954999579 1 0 0 0.6708785861343344 0.7415672071136886 1.4707858457418395
cell 39.93311526176988 18.169463390301633 0.0 2.23606797749979 0.4472135954999579 1 0 0 0.6312032391585961 0.7756174771597764 1.3662071295887668
cell 18.23014840953069 10.39174805392663 0.0 2.23606797749979 0.4472135954999579 1 0 0 0.7142940121400023 -0.6998457431612614 4.691955686973244
cell 37.63641427729615 5.4732824393366935 0.0 2.23606797749979 0.4472135954999579 1 0 0 0.751956732491429 -0.659212463823928 4.581134580852413
cell 36.68888487872932 12.583895513146713 0.0 2.23606797749979 0.4472135954999579 1 0 0 0.7812079666222436 -0.6242708649984714 4.4899883365082
cell 6.2880285512543415 45.57535675178941 0.0 2.23606797749979 0.4472135954999579 1 0 0 0.7610657782499793 0.6486747113744711 1.7299090879691905
cell 25.490235324799293 42.92579426581886 0.0 2.23606797749979 0.4472135954999579 1 0 0 0.6125019929327475 0.7904690434504139 1.3184438492244948
cell 43.868068421860286 21.852762579477467 0.0 2.23606797749979 0.4472135954999579 1 0 0 0.6403747469169175 0.7680626169207129 1.389972156758967
cell 0.8366773788079065 28.364903920379774 0.0 2.23606797749979 0.4472135954999579 1 0 0 -0.6881760063298367 -0.7255437852479454 1.5179441558214233
cell 8.507806506896232 14.261577768631149 0.0 2.23606797749979 0.4472135954999579 1 0 0 0.7854204446674504 0.6189626201139972 1.806750215415748
cell 19.149923442025585 18.777371823921385 0.0 2.23606797749979 0.4472135954999579 1 0 0 0.7287137363400578 -0.6848184361342156 4.650301679649229
cell 33.62557515376272 8.34798717423178 0.0 2.23606797749979 0.4472135954999579 1 0 0 0.7115144595481537 -0.702671455129564 4.699883002106927
cell 18.863547039432657 1.6001487940420807 0.0 2.23606797749979 0.4472135954999579 1 0 0 0.7134445708969693 -0.7007116698454787 4.694381695735156
cell 44.18538476667916 26.097297767991353 0.0 2.23606797749979 0.4472135954999579 1 0 0 -0.6491700584749198 -0.7606433035133282 1.412985646521319
cell 37.24000076700551 25.57960321232437 0.0 2.23606797749979 0.4472135954999579 1 0 0 0.7852936225726228 -0.6191235146130109 4.47684482769683
cell 45.40954354214074 15.38779626918309 0.0 2.23606797749979 0.4472135954999579 1 0 0 0.6561988757088386 0.7545879905739662 1.431540613927508
cell 11.327342050400038 33.12815547205355 0.0 2.23606797749979 0.4472135954999579 1 0 0 0.7509050152637973 0.6604102195239534 1.698862793842454
cell 1.2737243772863995 12.1971526294167 0.0 2.23606797749979 0.4472135954999579 1 0 0 0.6485230475903537 0.7611950188644956 1.4112850431495438
cell 13.723578444187128 15.894241930144046 0.0 2.23606797749979 0.4472135954999579 1 0 0 0.7074577117031607 -0.7067556764198838 4.7113961525250385
cell 7.025378239320861 18.368722815225965 0.0 2.23606797749979 0.4472135954999579 1 0 0 0.8083926834929985 0.5886435842468587 1.8828328600209971
cell 27.31389613649752 14.798683025722436 0.0 2.23606797749979 0.4472135954999579 1 0 0 0.6877636616571089 0.7259346704105032 1.5168078119507233
cell 30.77778552545536 27.79107029343909 0.0 2.23606797749979 0.4472135954999579 1 0 0 0.6948362124698841 0.7191680178098203 1.5363842597763573
cell 9.00294825790837 20.632403486242747 0.0 2.23606797749979 0.4472135954999579 1 0 0 0.725681750215976 0.6880305206918351 1.6240494985334721
cell 43.01239700551236 22.14581745233118 0.0 2.23606797749979 0.4472135954999579 1 0 0 0.6373997954466563 0.7705332574033134 1.3822379679118062
cell 42.20371118331559 37.60586517830063 0.0 2.23606797749979 0.4472135954999579 1 0 0 -0.6108836019344044 -0.7917204209110993 1.3143523280246265
cell 37.62909795343229 12.588985901958255 0.0 2.23606797749979 0.4472135954999579 1 0 0 0.7801048005109134 -0.6256488633569377 4.493518693857914
cell 2.998971084125914 38.65858729968937 0.0 2.23606797749979 0.4472135954999579 1 0 0 0.7341440125361289 0.6789937914718751 1.6488102995149665
cell 10.311324488074069 45.16759552497504 0.0 2.23606797749979 0.4472135954999579 1 0 0 0.7922099708722977 0.6102486067583548 1.8288439191203507
cell 44.562237441911186 30.466374791030717 0.0 2.23606797749979 0.4472135954999579 1 0 0 0.6374982161635007 0.7704518313226042 1.3824934427179691
cell 33.484145973763454 37.446848123412416 0.0 2.23606797749979 0.4472135954999579 1 0 0 0.6962752573669388 -0.7177748713758396 4.742795197409332
cell 2.847939327374074 19.761402989740333 0.0 2.23606797749979 0.4472135954999579 1 0 0 0.7165174986251385 0.6975691178399276 1.5975941857216103
cell 28.48737602708255 1.1088177442711582 0.0 2.23606797749979 0.4472135954999579 1 0 0 0.6651446074774492 0.7467145714017305 1.4553749192122472
cell 17.145391476449696 16.863040384246375 0.0 2.23606797749979 0.4472135954999579 1 0 0 0.7085973999951806 -0.7056130134287987 4.708168417294585
cell 31.674744981935888 32.58565993724769 0.0 2.23606797749979 0.4472135954999579 1 0 0 -0.6534598739431825 0.7569611569599592 4.8588928830241995
cell 37.87494310605695 33.713995597749665 0.0 2.23606797749979 0.4472135954999579 1 0 0 0.756891353485033 -0.6535407248363294 4.566098707256674
cell 9.368178334364986 24.399920319139486 0.0 2.23606797749979 0.4472135954999579 1 0 0 0.7431835374591635 0.6690876098461874 1.6756317939301
cell 16.15206823824965 44.65848054954238 0.0 2.23606797749979 0.4472135954999579 1 0 0 0.6339369396883967 -0.7733847402803536 4.909918929615759
cell 25.53984559160505 10.57404664465153 0.0 2.23606797749979 0.4472135954999579 1 0 0 0.6653606300625124 0.7465220907399971 1.4559535885927495
cell 21.30797257446567 12.681180163306228 0.0 2.23606797749979 0.4472135954999579 1 0 0 0.7174668641682818 -0.6965926347733891 4.6828672900384944
cell 35.27546015432128 25.466691780065233 0.0 2.23606797749979 0.4472135954999579 1 0 0 0.7484613887104773 -0.6631783693770356 4.591707357230311
cell 40.76292549888014 33.38298049348271 0.0 2.23606797749979 0.4472135954999579 1 0 0 0.6021428405503536 0.7983883764020813 1.2923647172098929
cell 21.317205922946005 39.737440433107075 0.0 2.23606797749979 0.4472135954999579 1 0 0 0.7171167938868863 -0.6969530141447076 4.683872123355016
cell 30.73426744280566 11.169244728833638 0.0 2.23606797749979 0.4472135954999579 1 0 0 0.7423803762673278 0.6699786391618623 1.6732326263127597
cell 10.468001896020983 28.6736740664005 0.0 2.23606797749979 0.4472135954999579 1 0 0 0.7529163592707125 0.6581162176565286 1.7049645825971513
cell 33.322547940688096 41.899125490925556 0.0 2.23606797749979 0.4472135954999579 1 0 0 0.6994904511905843 -0.714641944398167 4.733816837511129
cell 14.458523835348826 42.856867466861026 0.0 2.23606797749979 0.4472135954999579 1 0 0 0.6643500549157226 -0.7474215708243082 4.829937510026365
cell 19.485515266587083 35.859741032613385 0.0 2.23606797749979 0.4472135954999579 1 0 0 0.6777613355975884 -0.7352819676620481 4.793757883810751
cell 3.868880192106899 7.897497244718254 0.0 2.23606797749979 0.4472135954999579 1 0 0 -0.7355808051319949 -0.6774369927316977 1.6530472781363255
cell 25.39408155525341 6.086184197892552 0.0 2.23606797749979 0.4472135954999579 1 0 0 0.6421435574764112 0.7665844060451132 1.394582493207061
cell 3.0110138153206525 1.8967401765587306 0.0 2.23606797749979 0.4472135954999579 1 0 0 0.7154584208599558 0.6986553141718586 1.5945600673154825
cell 17.19531265719372 44.535604519698346 0.0 2.23606797749979 0.4472135954999579 1 0 0 0.6266756166246252 -0.7792802265733076 4.928625528350492
cell 21.268578041166347 17.2631798115879 0.0 2.23606797749979 0.4472135954999579 1 0 0 0.7208452135380928 -0.693096081448468 4.673143262850948
cell 36.18231545823835 25.33429207917068 0.0 2.23606797749979 0.4472135954999579 1 0 0 0.7509116914394408 -0.6604026284468877 4.584302294952208
cell 30.458300138304242 3.1421661704634953 0.0 2.23606797749979 0.4472135954999579 1 0 0 0.7219158246944033 0.6919808827242263 1.6131338896795746
cell 23.30710151590093 13.64923208775102 0.0 2.23606797749979 0.4472135954999579 1 0 0 0.6690154456430916 0.7432485004969573 1.465766665236547
cell 15.075630565129213 38.4331670239347 0.0 2.23606797749979 0.4472135954999579 1 0 0 0.7081023185137862 -0.706109840262406 4.709571189686642
cell 1.4782190892370128 4.402245065086076 0.0 2.23606797749979 0.4472135954999579 1 0 0 0.678141750544022 0.734931130221798 1.4904624160198776
cell 5.576012372005847 36.83361604204404 0.0 2.23606797749979 0.4472135954999579 1 0 0 -0.7616275196296031 -0.6480150625894884 1.731641935272414
cell 36.747716260907815 42.42248061439439 0.0 2.23606797749979 0.4472135954999579 1 0 0 0.7682643006634536 -0.6401327708578076 4.530934798456527
cell 20.247359600109775 40.11430073592917 0.0 2.23606797749979 0.4472135954999579 1 0 0 0.7281683661124032 -0.6853983006932488 4.6518937495289725
cell 22.51629459516364 34.508777513662096 0.0 2.23606797749979 0.4472135954999579 1 0 0 0.6324067012280087 0.7746365368622294 1.3693123286510502
cell 13.28462854573949 42.993146897861564 0.0 2.23606797749979 0.4472135954999579 1 0 0 0.6722157579713758 -0.7403553030369735 4.808790172922375
cell 11.023358289716798 37.54033287875309 0.0 2.23606797749979 0.4472135954999579 1 0 0 0.7679268408556109 0.640537561032545 1.7511964988295554
cell 29.043636908911687 44.206337661952524 0.0 2.23606797749979 0.4472135954999579 1 0 0 0.7014126463231279 0.7127554276033166 1.554755039682709
cell 12.391397864196893 15.518858874302419 0.0 2.23606797749979 0.4472135954999579 1 0 0 0.7516151119094056 0.6596019432577589 1.701014581824814
cell 39.747002607144644 13.737866429856899 0.0 2.23606797749979 0.4472135954999579 1 0 0 0.6652909694470164 0.7465841720611609 1.4557669692819046
cell 27.96352404226491 23.683664132441816 0.0 2.23606797749979 0.4472135954999579 1 0 0 0.6949548434086054 0.7190533816226169 1.5367141976802126
cell 4.718323484976856 19.375512825153578 0.0 2.23606797749979 0.4472135954999579 1 0 0 0.7928527995445208 0.6094131917298935 1.8309521383447183
cell 33.667205179114355 28.60627092289323 0.0 2.23606797749979 0.4472135954999579 1 0 0 -0.6881841610958492 0.7255360503908832 4.765218672192477
cell 31.40764595253035 3.498185518397398 0.0 2.23606797749979 0.4472135954999579 1 0 0 0.6982764857339009 -0.7158281563832994 4.73721142832316
cell 9.908594219815383 16.28787729639956 0.0 2.23606797749979 0.4472135954999579 1 0 0 0.8096384263807606 0.5869289723021737 1.8870716198134836
cell 25.07594489955936 1.6391164182775748 0.0 2.23606797749979 0.4472135954999579 1 0 0 0.5924193270316579 0.8056297790917101 1.2681171252906682
cell 2.3908105565479496 36.93203231558914 0.0 2.23606797749979 0.4472135954999579 1 0 0 0.7164725820512736 0.6976152515310865 1.5974654096979237
cell 19.00866192057743 23.250308958741492 0.0 2.23606797749979 0.4472135954999579 1 0 0 0.6962137103457595 -0.7178345697489017 4.742966684220099
cell 35.48435149458491 29.93062812319945 0.0 2.23606797749979 0.4472135954999579 1 0 0 0.7567003700686926 -0.6537618449694841 4.566683065979414
cell 36.620785900349546 3.862802279895896 0.0 2.23606797749979 0.4472135954999579 1 0 0 0.7294171561610066 -0.6840691575403687 4.648246230356576
cell 42.72474962369552 45.40610179567151 0.0 2.23606797749979 0.4472135954999579 1 0 0 0.5892969424648679 0.8079165263822483 1.260376707407883
cell 25.56646496172971 14.978092516061608 0.0 2.23606797749979 0.4472135954999579 1 0 0 0.6510591453446211 0.759027001669329 1.4179580037232942
cell 40.624010327596146 30.106907723815414 0.0 2.23606797749979 0.4472135954999579 1 0 0 0.6087751723952121 0.7933427944307428 1.3090315855451156
cell 41.746817966217165 17.923371179759922 0.0 2.23606797749979 0.4472135954999579 1 0 0 0.6504493849548818 0.7595496018113734 1.4163518671462623
cell 22.073861271624832 7.615259540425671 0.0 2.23606797749979 0.4472135954999579 1 0 0 0.7484620509872026 -0.6631776219324881 4.591705359948345
cell 21.72014477771318 26.204689816361924 0.0 2.23606797749979 0.4472135954999579 1 0 0 0.6636458691586792 -0.7480468971586082 4.831821028723212
cell 6.781899755916716 4.300848771900072 0.0 2.23606797749979 0.4472135954999579 1 0 0 0.7750588464325362 0.6318890603315319 1.7736164349454062
cell 36.42158687408825 38.36752880311759 0.0 2.23606797749979 0.4472135954999579 1 0 0 0.7924313707011428 -0.6099610829624362 4.453615611733149
cell 43.17123386460785 34.86165798094473 0.0 2.23606797749979 0.4472135954999579 1 0 0 0.625713346980575 0.7800530798672399 1.3520913661608696
cell 18.136444670349963 19.344733214964847 0.0 2.23606797749979 0.4472135954999579 1 0 0 0.7325541235512679 -0.6807087894746429 4.639052172458016
cell 32.51752325531657 40.65544967159311 0.0 2.23606797749979 0.4472135954999579 1 0 0 0.6709696985619633 -0.7414847696424169 4.812153718391806
cell 16.609304895952295 29.43080930750578 0.0 2.23606797749979 0.4472135954999579 1 0 0 0.752325332118675 -0.6587917688105441 4.580015920961922
cell 30.644138413770836 23.353016285864015 0.0 2.23606797749979 0.4472135954999579 1 0 0 0.6853522316036974 0.7282117265162872 1.510174565537482
cell 6.47349388316705 8.157690168847923 0.0 2.23606797749979 0.4472135954999579 1 0 0 0.7815060691914035 0.6238976388935938 1.7941522986180936
cell 42.8732226580932 7.585167329370028 0.0 2.23606797749979 0.4472135954999579 1 0 0 0.6238081678250532 0.7815774880040688 1.3472113945478477
cell 12.049580320642189 11.68334083390122 0.0 2.23606797749979 0.4472135954999579 1 0 0 0.7780332578772736 0.6282230890669936 1.783058153040263
cell 17.355892051375896 7.881792545989986 0.0 2.23606797749979 0.4472135954999579 1 0 0 0.6760172467981608 -0.7368857998573691 4.7984967132348055
cell 3.0004978553303454 10.829210574003834 0.0 2.23606797749979 0.4472135954999579 1 0 0 0.7193223497192991 0.6946764406501105 1.6056526701818379
cell 27.741198455660115 28.159692394125717 0.0 2.23606797749979 0.4472135954999579 1 0 0 0.7156028242605016 0.6985074071979435 1.594973486304761
cell 11.995075144348469 7.678398287002569 0.0 2.23606797749979 0.4472135954999579 1 0 0 0.7644663250448994 0.6446636625965094 1.7404261777804173
cell 7.154830452801907 45.717699893070815 0.0 2.23606797749979 0.4472135954999579 1 0 0 -0.7755709957863721 -0.6312603508022147 1.7752382520361074
cell 44.37531327096793 39.057909196198786 0.0 2.23606797749979 0.4472135954999579 1 0 0 0.6396772661114332 0.7686436074151679 1.388156635362506
cell 9.893730853970524 9.997337000355529 0.0 2.23606797749979 0.4472135954999579 1 0 0 0.8093243439782297 0.5873619891040005 1.8860017575549337
cell 16.8389322771281 3.1957726390938537 0.0 2.23606797749979 0.4472135954999579 1 0 0 0.6137697128333915 -0.7894851104412395 4.961531948045036
cell 33.20998825411902 0.5800680522740287 0.0 2.23606797749979 0.4472135954999579 1 0 0 0.6973070522802396 -0.7167725405177316 4.739918207142368
cell 18.05243723871196 33.65377131340373 0.0 2.23606797749979 0.4472135954999579 1 0 0 0.7867436900945296 -0.6172798118328857 4.472153585523529
cell 1.6110478201933827 36.96436375987002 0.0 2.23606797749979 0.4472135954999579 1 0 0 -0.6975267294806903 -0.7165587635776789 1.5438801535527684
cell 42.10777906442184 22.346193352096158 0.0 2.23606797749979 0.4472135954999579 1 0 0 0.6362326303886725 0.7714972715627132 1.3792103629113348
cell 10.834008390272858 41.2292263491009 0.0 2.23606797749979 0.4472135954999579 1 0 0 0.8265757328209764 0.5628255128469798 1.9459923081301556
cell 33.0918068391436 5.0185020169304275 0.0 2.23606797749979 0.4472135954999579 1 0 0 0.7076315627504633 -0.7065816098649448 4.710904122637728
cell 45.254013985236796 29.712070754120926 0.0 2.23606797749979 0.4472135954999579 1 0 0 -0.6439908690915824 -0.7650331760954346 1.3994069630771868
cell 7.627155897491155 7.473407877535667 0.0 2.23606797749979 0.4472135954999579 1 0 0 0.7753752350849104 0.6315007876614408 1.7746181483793482
cell 34.837091516286335 3.8965912693085323 0.0 2.23606797749979 0.4472135954999579 1 0 0 0.7147537038705186 -0.6993762526733196 4.69064155178856
cell 4.439406149321793 16.759532848537074 0.0 2.23606797749979 0.4472135954999579 1 0 0 0.7528884916505112 0.6581480981817225 1.7048798955936009
cell 20.443597396784764 44.58680052683116 0.0 2.23606797749979 0.4472135954999579 1 0 0 0.7606400039724039 -0.6491739245817421 4.554588465493992
cell 1.4327913194814945 32.6699891242755 0.0 2.23606797749979 0.4472135954999579 1 0 0 -0.7001305295364847 -0.7140148749227578 1.5511605817962035
cell 42.61640052374642 17.80996588830449 0.0 2.23606797749979 0.4472135954999579 1 0 0 0.6467723722952204 0.762683091746246 1.4066897293570328
cell 5.193572245212013 25.219174760508405 0.0 2.23606797749979 0.4472135954999579 1 0 0 0.8008692011983862 0.5988393128142631 1.8574905779548245
cell 44.645264004408965 20.84904659849401 0.0 2.23606797749979 0.4472135954999579 1 0 0 0.6549149649037979 0.7557025795543225 1.4281401808687373
cell 19.214999638821105 14.342258436199696 0.0 2.23606797749979 0.4472135954999579 1 0 0 0.7456626512514892 -0.6663236529859945 4.600127753071049
cell 10.262574640569785 2.580035475838839 0.0 2.23606797749979 0.4472135954999579 1 0 0 0.8099425505970463 0.5865092196482089 1.8881083142437916
cell 30.665783221942302 15.157695906282104 0.0 2.23606797749979 0.4472135954999579 1 0 0 0.7407916587820701 0.6717348571266113 1.6684962448210379
cell 1.6453884281283915 24.30329634622823 0.0 2.23606797749979 0.4472135954999579 1 0 0 0.6926631822800332 0.7212611981201383 1.5303498680344818
cell 2.236351810864034 32.818846324583255 0.0 2.23606797749979 0.4472135954999579 1 0 0 0.7149567460691327 0.6991686858335674 1.5931244795182165
cell 23.57985799892961 43.19321370213122 0.0 2.23606797749979 0.4472135954999579 1 0 0 0.600315607964571 0.79976319672396 1.2877913542816064
cell 12.424787667417593 30.80285277710055 0.0 2.23606797749979 0.4472135954999579 1 0 0 0.700978615515832 -0.7131822912758753 4.729647798355751
cell 29.927708389868858 44.72395779551371 0.0 2.23606797749979 0.4472135954999579 1 0 0 0.712158419358022 0.7020187930087652 1.5851360467551683
cell 37.82981068814857 16.911156128592975 0.0 2.23606797749979 0.4472135954999579 1 0 0 0.7786342321237973 -0.6274780733738706 4.498212768078009
cell 4.580551075162315 37.74581820760008 0.0 2.23606797749979 0.4472135954999579 1 0 0 0.7660966202695544 0.6427254222539872 1.7454916063205832
cell 2.9844997185779736 43.16267331326401 0.0 2.23606797749979 0.4472135954999579 1 0 0 0.694990752885842 0.7190186738904425 1.5368140799554895
cell 17.586414854304934 22.137022367169216 0.0 2.23606797749979 0.4472135954999579 1 0 0 0.7601267294236309 -0.6497748496331126 4.556169049831873
cell 6.476823553142474 29.38982723176381 0.0 2.23606797749979 0.4472135954999579 1 0 0 0.7715354674250028 0.6361863111583607 1.7625023639060124
cell 32.65562168191798 24.460213391657952 0.0 2.23606797749979 0.4472135954999579 1 0 0 0.6705102051745776 -0.7419003064810972 4.813392758422841
cell 24.167744971375985 1.7669178256376334 0.0 2.23606797749979 0.4472135954999579 1 0 0 0.5901572565922428 0.8072883081598033 1.2625072459689861
cell 26.262177256203305 5.966383488158213 0.0 2.23606797749979 0.4472135954999579 1 0 0 0.6364039710658924 0.7713559396358873 1.3796545806120775
cell 11.620148167167008 44.01952791323113 0.0 2.23606797749979 0.4472135954999579 1 0 0 0.7693515193015484 0.6388256724243314 1.7556508330476441
cell 35.136467164929314 21.064836564037243 0.0 2.23606797749979 0.4472135954999579 1 0 0 0.757458544883447 -0.6528832612213695 4.564362084632379
cell 4.687190219820771 8.156021864708169 0.0 2.23606797749979 0.4472135954999579 1 0 0 0.751879049202066 0.6593010658045361 1.7018150570298096
cell 36.4058070939775 8.2507855982183 0.0 2.23606797749979 0.4472135954999579 1 0 0 0.767277535533996 -0.6413151982175983 4.534014954524454
cell 43.648300533910394 45.28077639945979 0.0 2.23606797749979 0.4472135954999579 1 0 0 0.5906940152840686 0.8068956440008735 1.2638373513050565
cell 23.302279780753025 26.028702644354638 0.0 2.23606797749979 0.4472135954999579 1 0 0 0.6397970998885025 0.768543864053485 1.3884684614189913
cell 24.594142744232357 10.638718402096478 0.0 2.23606797749979 0.4472135954999579 1 0 0 0.6551530282487941 0.7554962009013909 1.4287703119834676
cell 25.749029983834586 30.53927871306353 0.0 2.23606797749979 0.4472135954999579 1 0 0 0.6495327141035087 0.7603336460458197 1.4139393904207813
cell 32.27445137083968 3.673349296646098 0.0 2.23606797749979 0.4472135954999579 1 0 0 0.688299074165792 -0.7254270359605531 4.764901881032775
cell 2.3339601853991745 45.345167810129325 0.0 2.23606797749979 0.4472135954999579 1 0 0 -0.6949082251579373 -0.7190984345747428 1.536584536123966
cell 12.865356614502554 26.32165555066456 0.0 2.23606797749979 0.4472135954999579 1 0 0 0.6607858418982223 -0.7505744940689482 4.839454774791434
cell 29.78737650246781 15.541903835584746 0.0 2.23606797749979 0.4472135954999579 1 0 0 0.734680595044464 0.6784131656042004 1.650391498071785
cell 4.328347493427259 22.744660372472353 0.0 2.23606797749979 0.4472135954999579 1 0 0 0.7848924890279824 0.6196319719538838 1.805045200357959
cell 19.951420183865793 3.613335121292865 0.0 2.23606797749979 0.4472135954999579 1 0 0 0.7518192559862673 -0.6593692488494254 4.581551624417759
cell 5.36884864998502 40.85106102648734 0.0 2.23606797749979 0.4472135954999579 1 0 0 0.7544469540877263 0.6563610237268451 1.7096222337974019
cell 40.51376658485493 38.25806320919071 0.0 2.23606797749979 0.4472135954999579 1 0 0 -0.5849507905948869 -0.8110687841252533 1.2496387682761378
cell 0.07146946580729675 28.22820352246773 0.0 2.23606797749979 0.4472135954999579 1 0 0 0.6684383097478367 0.7437675887409017 1.4642141981974803
cell 22.28639671402133 12.142278258841092 0.0 2.23606797749979 0.4472135954999579 1 0 0 0.7162885952315915 -0.6978041618829407 4.6862472996858955
cell 5.429349003293865 45.29668746766305 0.0 2.23606797749979 0.4472135954999579 1 0 0 0.7569189712432776 0.6535087382522274 1.7171711193202894
cell 43.423192295670404 41.90869306490025 0.0 2.23606797749979 0.4472135954999579 1 0 0 0.608706990710937 0.7933951092990398 1.3088597066631078
cell 0.5906667879897123 42.30803771019944 0.0 2.23606797749979 0.4472135954999579 1 0 0 0.6463462233659464 0.7630442710227094 1.4055724945781563
cell 4.462126404590452 3.6853841694931884 0.0 2.23606797749979 0.4472135954999579 1 0 0 0.7338176409979491 0.6793465019856988 1.647849210357938
cell 45.73244079614909 24.19461197613641 0.0 2.23606797749979 0.4472135954999579 1 0 0 0.6588327507170196 0.7522894433545146 1.4385322172698263
cell 31.556164445539284 44.958443975329345 0.0 2.23606797749979 0.4472135954999579 1 0 0 0.663469493998583 -0.7482033350188064 4.832292541189473
cell 31.63245757253764 40.487842339141984 0.0 2.23606797749979 0.4472135954999579 1 0 0 0.6719085511513505 -0.7406341194474456 4.809619906912247
cell 28.78856721526356 35.40934525552625 0.0 2.23606797749979 0.4472135954999579 1 0 0 0.7196375681710406 0.6943498905284502 1.6065604094787969
cell 42.28098909553467 8.998752360506188 0.0 2.23606797749979 0.4472135954999579 1 0 0 0.64371543101915 0.7652649501106332 1.398687003835935
cell 40.17495538517104 22.424928942988196 0.0 2.23606797749979 0.4472135954999579 1 0 0 0.6312114069008758 0.7756108301192144 1.3662281909431564
