step,msd_global,n_round,n_elongated
0,0.0,500,0
100,16.792587210587303,500,0
200,19.17333931593057,489,11
300,21.98463037873872,484,16
400,21.738156093671797,477,23
500,25.006235745173733,472,28
600,28.244458555264675,465,35
700,29.138658623460984,456,44
800,33.1405418757,447,53
900,38.61082928951379,428,72
1000,44.67088723927061,421,79
1100,55.71031417074182,406,94
1200,66.62720183420873,390,110
1300,74.90506536732352,389,111
1400,85.33719583328985,386,114
1500,95.57917127267501,383,117
1600,105.69513643627623,383,117
1700,116.05255296404887,385,115
1800,124.77379609087944,382,118
1900,140.80611205347012,372,128
2000,153.28151161645033,371,129
2100,165.1771234754189,371,129
2200,186.7743516050484,375,125
2300,197.89362460387034,373,127
2400,216.36731264741195,357,143
2500,232.70150035854948,351,149
2600,256.7231469438102,343,157
2700,268.78741220918744,339,161
2800,276.9239646990142,325,175
2900,303.3466799210757,311,189
3000,323.2722406845155,306,194
3100,347.17268929253925,307,193
3200,375.10562658897777,311,189
3300,416.19872603857624,307,193
3400,455.3506093927483,308,192
3500,489.76242261099907,302,198
3600,520.6147964716927,301,199
3700,544.5228855735664,298,202
3800,563.315682363857,294,206
3900,582.5488230604825,298,202
4000,597.3178125428651,310,190
4100,625.709887304798,320,180
4200,643.306521397199,306,194
4300,658.2042952091755,294,206
4400,701.6811588210952,278,222
4500,743.7601192007346,271,229
4600,805.7943800192145,269,231
4700,844.8314159457096,266,234
4800,894.2017188787493,279,221
4900,942.0952118593484,275,225
5000,1009.5008996941594,278,222
5100,1065.9938257966805,277,223
5200,1127.2636274472168,272,228
5300,1201.8314317439542,272,228
5400,1277.1260904334906,272,228
5500,1348.5510985031196,257,243
5600,1406.07479157031,258,242
5700,1460.2371939599025,251,249
5800,1533.2324550988003,249,251
5900,1593.628152144964,247,253
6000,1660.1799111098583,236,264
6100,1726.1535874206681,225,275
6200,1818.6927946740307,221,279
6300,1933.3898331748555,219,281
6400,2053.681534607429,212,288
6500,2169.085296894583,212,288
6600,2312.4721292992467,209,291
6700,2474.554456173351,205,295
6800,2609.7716935191593,198,302
6900,2766.1134491875396,199,301
7000,2914.931632330368,193,307
7100,3064.7023349116816,185,315
7200,3181.540878698396,183,317
7300,3322.7293733512743,173,327
7400,3473.5115872437136,158,342
7500,3599.903123008851,153,347
7600,3718.8083760862037,148,352
7700,3863.6499996663733,147,353
7800,4023.1330403755705,143,357
7900,4200.23872058457,135,365
8000,4396.19820615257,117,383
8100,4585.999552067447,111,389
8200,4799.59634106605,106,394
8300,4978.1539424514285,105,395
8400,5202.690107385369,103,397
8500,5447.333965074445,101,399
8600,5694.407046281103,101,399
8700,5932.4014054264435,100,400
8800,6160.6618322047425,102,398
8900,6455.471015743168,100,400
9000,6781.166572411575,97,403
9100,7103.525755090279,96,404
9200,7434.915533024324,92,408
9300,7779.578316312738,91,409
9400,8174.9377106906895,92,408
9500,8555.459864741906,95,405
9600,8938.727840669699,92,408
9700,9362.580511013166,91,409
9800,9788.026327917943,90,410
9900,10219.680109295283,87,413
10000,10638.69773812483,85,415
10100,11053.238542744379,82,418
10200,11482.896305452769,79,421
10300,12003.009970400653,76,424
10400,12561.811993047371,73,427
10500,13075.91924131078,69,431
10600,13602.098987554982,66,434
10700,14108.59071847183,64,436
10800,14598.335212167733,64,436
10900,15167.25053648293,57,443
11000,15700.075490687974,57,443
11100,16262.082506866947,49,451
11200,16864.757079925083,46,454
11300,17475.824141269422,51,449
11400,18100.30494618359,45,455
11500,18698.079564519805,44,456
11600,19238.02895488686,38,462
11700,19872.276284000855,34,466
11800,20514.82746499477,36,464
11900,21186.68998985375,43,457
12000,21894.638222427107,36,464
12100,22537.821994622445,31,469
12200,23042.069520479596,22,478
12300,23627.42628911864,19,481
12400,24378.104441213018,12,488
12500,25067.608119410917,9,491
12600,25747.251545313575,9,491
12700,26447.100836821697,7,493
12800,27209.69935838578,2,498
12900,27837.897982604856,0,500
13000,28591.159757132464,0,500
13100,29445.901288477613,2,498
13200,30280.73468776223,6,494
13300,31066.478010611543,8,492
13400,31843.51514888927,4,496
13500,32674.678564074664,2,498
13600,33427.93051497925,6,494
13700,34283.8421029036,8,492
13800,35236.280800050365,1,499
13900,36180.17141158852,0,500
14000,37084.6844935383,0,500
14100,37992.93348544775,0,500
14200,38876.75779002749,0,500
14300,39906.00240623422,0,500
14400,40804.85462316342,1,499
14500,41819.26178757845,0,500
14600,42854.24390061318,0,500
14700,43812.19470352647,0,500
14800,44828.65230899688,0,500
14900,45871.899348264116,0,500
15000,47064.818339392245,0,500
15100,48180.867931393164,0,500
15200,49300.10839668734,0,500
15300,50434.38375228557,0,500
15400,51429.61111794616,0,500
15500,52538.49892773721,0,500
15600,53791.872893017986,0,500
15700,55076.361085786164,0,500
15800,56288.34461724512,0,500
15900,57447.72064320649,0,500
16000,58692.23470345676,0,500
16100,59940.78464059968,0,500
16200,61144.84256969583,0,500
16300,62429.91237982194,0,500
16400,63772.92167216402,0,500
16500,65100.46237051264,0,500
16600,66408.84978400837,0,500
16700,67756.16729835165,0,500
16800,69096.0145743199,0,500
16900,70445.24527712217,0,500
17000,71855.48447707662,0,500
17100,73351.23864159612,0,500
17200,74816.67459401824,0,500
17300,76053.55913558167,0,500
17400,77485.54998782299,0,500
17500,78972.52968433977,0,500
17600,80484.50651939074,0,500
17700,81972.5040558841,0,500
17800,83428.9188049848,0,500
17900,84993.33165348548,0,500
18000,86460.2959348327,0,500
18100,87809.7391589822,0,500
18200,89397.27655312621,0,500
18300,90941.04303840727,0,500
18400,92477.1630611804,0,500
18500,94132.13804363048,0,500
18600,95611.0906740799,0,500
18700,97108.43721113703,0,500
18800,98614.9864420774,0,500
18900,100317.93055348632,0,500
19000,101966.6081067471,0,500
19100,103651.18612500408,0,500
19200,105209.10179580565,0,500
19300,106806.50421605282,0,500
19400,108410.59820141066,0,500
19500,110284.14874153008,0,500
19600,112009.51514963733,0,500
19700,113819.79488759211,0,500
19800,115625.18925287144,0,500
19900,117156.1477270871,0,500
20000,118848.79180773887,0,500
20100,120714.70202389169,0,500
20200,122542.58430416322,0,500
20300,124484.08443806924,0,500
20400,126303.12288261244,0,500
20500,128118.2558812522,0,500
20600,129977.20498683685,0,500
20700,131874.04106339964,0,500
20800,133880.41027810884,0,500
20900,135785.03640468128,1,499
21000,137919.82791849077,1,499
21100,139669.70428269674,0,500
21200,141545.50824407823,0,500
21300,143579.60540620107,0,500
21400,145619.20771964503,0,500
21500,147755.27069652072,0,500
21600,149879.61046124797,0,500
21700,151909.29862650548,0,500
21800,153628.492160797,0,500
21900,155770.05927082925,0,500
22000,157932.7705614915,0,500
22100,160093.73333337146,0,500
22200,162329.9192293847,0,500
22300,164318.28526436855,0,500
22400,166226.07524606163,0,500
22500,168452.2328208313,0,500
22600,170776.62962319463,0,500
22700,173107.21518041784,0,500
22800,175400.00547231876,0,500
22900,177651.63196503,0,500
23000,179831.7743626743,0,500
23100,181940.5547246772,0,500
23200,184284.7342934165,0,500
23300,186686.2790536697,0,500
23400,189200.3581062633,0,500
23500,191604.78235170478,0,500
23600,193690.19264036018,0,500
23700,196002.66756479145,0,500
23800,198422.45000645274,0,500
23900,200832.43493282914,0,500
24000,203446.7021087709,0,500
24100,205611.59164493775,0,500
24200,208110.47191787953,0,500
24300,210356.92650257904,3,497
24400,212830.73004818804,2,498
24500,215458.7089450526,0,500
24600,218055.7790281503,0,500
24700,220467.2841369092,0,500
24800,222956.02393660933,0,500
24900,225334.17303185482,0,500
25000,227852.02617665,0,500
25100,230356.91527288198,0,500
25200,232962.0764694625,0,500
25300,235557.88487730417,0,500
25400,238069.11907318156,0,500
25500,240446.79322352158,0,500
25600,243165.47913531328,0,500
25700,245551.24078734368,0,500
25800,248201.19891767224,0,500
25900,250876.41684871455,0,500
26000,253317.1568729484,0,500
26100,255971.64838253785,0,500
26200,258443.68518341912,0,500
26300,261248.65574700094,0,500
26400,264095.2886908009,0,500
26500,266953.69686265383,0,500
26600,269554.57695563807,0,500
26700,272341.34033486235,0,500
26800,274850.55116312945,0,500
26900,277649.3052015029,0,500
27000,280555.0905268009,0,500
27100,283275.94225957594,0,500
27200,286051.2601779822,0,500
27300,288974.7348367883,0,500
27400,291741.24840118666,0,500
27500,294606.1032930046,0,500
27600,297452.8362780665,0,500
27700,300401.576435202,0,500
27800,303340.3746212888,0,500
27900,306256.3116098469,0,500
28000,309133.67124901497,0,500
28100,312067.3775516134,0,500
28200,315127.2719463662,0,500
28300,318362.6613891343,0,500
28400,321328.87061082444,0,500
28500,324488.7039828366,0,500
28600,327385.62339573464,0,500
28700,330418.71321256855,0,500
28800,333406.1486701099,0,500
28900,336562.5405625477,0,500
29000,339606.12653743016,0,500
29100,343026.1086050153,0,500
29200,346225.2709135505,0,500
29300,349118.0126219795,0,500
29400,352191.95988408045,0,500
29500,355522.4833131405,0,500
29600,358952.044501647,0,500
29700,362209.0252012643,0,500
29800,365216.04028995207,0,500
29900,368425.2125907016,0,500
30000,371767.76792265725,0,500
