500
 Lattice="44.3113462726379 0.0 0.0 0.0 44.3113462726379 0.0 0.0 0.0 1.0"Properties=species:S:1:pos:R:3:aspherical_shape:R:3:orientation:R:4:Color:R:1
cell 42.93343216916128 1.2110664859659772 0.0 1.0 1.0 1 0 0 0.0 1.0 0
cell 13.067004818222676 31.156294824480153 0.0 1.0 1.0 1 0 0 0.0 1.0 0
cell 26.289525429622973 37.59319693884019 0.0 1.0 1.0 1 0 0 0.0 1.0 0
cell 28.79003356707188 25.0463077797166 0.0 1.0 1.0 1 0 0 0.0 1.0 0
cell 3.985969014908536 39.04489784286847 0.0 1.0 1.0 1 0 0 0.0 1.0 0
cell 23.29633992723433 5.680263874695117 0.0 1.0 1.0 1 0 0 0.0 1.0 0
cell 24.723193555733875 4.083298371983084 0.0 1.0 1.0 1 0 0 0.0 1.0 0
cell 19.13083793479908 22.376741164027415 0.0 1.0 1.0 1 0 0 0.0 1.0 0
cell 40.37222872583677 19.47389725362174 0.0 1.0 1.0 1 0 0 0.0 1.0 0
cell 39.83033338253298 8.194465365239349 0.0 1.0 1.0 1 0 0 0.0 1.0 0
cell 30.41364151688606 38.18886167904295 0.0 1.0 1.0 1 0 0 0.0 1.0 0
cell 15.38091823104562 27.655241232217268 0.0 1.0 1.0 1 0 0 0.0 1.0 0
cell 42.73398968578656 39.943215587926524 0.0 1.0 1.0 1 0 0 0.0 1.0 0
cell 5.840233345773351 33.790324765726425 0.0 1.0 1.0 1 0 0 0.0 1.0 0
cell 6.183768142208225 15.569348575038202 0.0 1.0 1.0 1 0 0 0.0 1.0 0
cell 21.969261204535595 13.02953522811075 0.0 1.0 1.0 1 0 0 0.0 1.0 0
cell 11.57847497456156 44.04879184156813 0.0 1.0 1.0 1 0 0 0.0 1.0 0
cell 27.84985368620777 41.38388712467947 0.0 1.0 1.0 1 0 0 0.0 1.0 0
cell 25.2299585181242 0.5522728961296091 0.0 1.0 1.0 1 0 0 0.0 1.0 0
cell 18.722899679655786 8.830000596272074 0.0 1.0 1.0 1 0 0 0.0 1.0 0
cell 12.251115486702853 25.603735556440142 0.0 1.0 1.0 1 0 0 0.0 1.0 0
cell 21.936876525043818 18.870901083033274 0.0 1.0 1.0 1 0 0 0.0 1.0 0
cell 3.326585166027193 13.258975744784598 0.0 1.0 1.0 1 0 0 0.0 1.0 0
cell 32.05243900819582 23.63884668113886 0.0 1.0 1.0 1 0 0 0.0 1.0 0
cell 38.39778151205803 4.390002131550878 0.0 1.0 1.0 1 0 0 0.0 1.0 0
cell 30.430688557338087 28.926454719860505 0.0 1.0 1.0 1 0 0 0.0 1.0 0
cell 14.297896941612855 2.165406033761426 0.0 1.0 1.0 1 0 0 0.0 1.0 0
cell 7.318000639595406 22.873550033193677 0.0 1.0 1.0 1 0 0 0.0 1.0 0
cell 7.612987316182825 28.708499211532487 0.0 1.0 1.0 1 0 0 0.0 1.0 0
cell 27.51576653031376 35.98723889445398 0.0 1.0 1.0 1 0 0 0.0 1.0 0
cell 25.49280971949503 26.57974461269011 0.0 1.0 1.0 1 0 0 0.0 1.0 0
cell 10.76748459260796 42.115818504068436 0.0 1.0 1.0 1 0 0 0.0 1.0 0
cell 2.557934369145164 35.15208635932098 0.0 1.0 1.0 1 0 0 0.0 1.0 0
cell 40.432159446509644 4.658126265580523 0.0 1.0 1.0 1 0 0 0.0 1.0 0
cell 24.56948594927344 24.703055599071245 0.0 1.0 1.0 1 0 0 0.0 1.0 0
cell 3.328013139636747 37.06624171754884 0.0 1.0 1.0 1 0 0 0.0 1.0 0
cell 27.541636375858605 26.639615669872686 0.0 1.0 1.0 1 0 0 0.0 1.0 0
cell 7.061597507259155 8.364375496351743 0.0 1.0 1.0 1 0 0 0.0 1.0 0
cell 5.01676733602754 31.88616491286107 0.0 1.0 1.0 1 0 0 0.0 1.0 0
cell 17.672222302190423 0.8741211445575959 0.0 1.0 1.0 1 0 0 0.0 1.0 0
cell 20.909783162075406 38.58450519744006 0.0 1.0 1.0 1 0 0 0.0 1.0 0
cell 14.069207209998126 40.798689900565996 0.0 1.0 1.0 1 0 0 0.0 1.0 0
cell 37.31611280689307 41.049801775820995 0.0 1.0 1.0 1 0 0 0.0 1.0 0
cell 2.077473686553197 14.98449948614066 0.0 1.0 1.0 1 0 0 0.0 1.0 0
cell 20.878150290526765 43.82728289870879 0.0 1.0 1.0 1 0 0 0.0 1.0 0
cell 39.41905860616331 26.691958793616276 0.0 1.0 1.0 1 0 0 0.0 1.0 0
cell 40.21987063241383 28.658013038484278 0.0 1.0 1.0 1 0 0 0.0 1.0 0
cell 17.807094444893107 23.98261363554988 0.0 1.0 1.0 1 0 0 0.0 1.0 0
cell 37.81364340101502 37.49341630822791 0.0 1.0 1.0 1 0 0 0.0 1.0 0
cell 26.852211054720875 33.978638516873275 0.0 1.0 1.0 1 0 0 0.0 1.0 0
cell 14.283455772601148 20.114348936828435 0.0 1.0 1.0 1 0 0 0.0 1.0 0
cell 15.090269332562748 31.36579867249517 0.0 1.0 1.0 1 0 0 0.0 1.0 0
cell 35.26833017671042 26.07181642286368 0.0 1.0 1.0 1 0 0 0.0 1.0 0
cell 28.338888600325646 19.562738229615185 0.0 1.0 1.0 1 0 0 0.0 1.0 0
cell 26.262270288315083 28.53804604161352 0.0 1.0 1.0 1 0 0 0.0 1.0 0
cell 0.3716064264389353 11.096255252019336 0.0 1.0 1.0 1 0 0 0.0 1.0 0
cell 23.384945007269867 35.35858358363918 0.0 1.0 1.0 1 0 0 0.0 1.0 0
cell 23.146870472617863 26.194306906357028 0.0 1.0 1.0 1 0 0 0.0 1.0 0
cell 9.074770716391066 36.18169790731947 0.0 1.0 1.0 1 0 0 0.0 1.0 0
cell 19.13628827191581 4.804664848435999 0.0 1.0 1.0 1 0 0 0.0 1.0 0
cell 0.2457766787641139 20.100728052998964 0.0 1.0 1.0 1 0 0 0.0 1.0 0
cell 30.33750402331927 8.708734625709436 0.0 1.0 1.0 1 0 0 0.0 1.0 0
cell 32.16083444750012 32.84036459045182 0.0 1.0 1.0 1 0 0 0.0 1.0 0
cell 6.149781907693599 0.8102869223164563 0.0 1.0 1.0 1 0 0 0.0 1.0 0
cell 14.033127105113058 36.78174469758691 0.0 1.0 1.0 1 0 0 0.0 1.0 0
cell 39.629118431148996 32.206622923924414 0.0 1.0 1.0 1 0 0 0.0 1.0 0
cell 7.430559009703554 43.46960540985366 0.0 1.0 1.0 1 0 0 0.0 1.0 0
cell 36.85592293180652 29.95290261090967 0.0 1.0 1.0 1 0 0 0.0 1.0 0
cell 42.55229897219976 5.068139529322567 0.0 1.0 1.0 1 0 0 0.0 1.0 0
cell 42.77779926647446 25.3468512944455 0.0 1.0 1.0 1 0 0 0.0 1.0 0
cell 34.33839529809457 3.7021505047486736 0.0 1.0 1.0 1 0 0 0.0 1.0 0
cell 12.71363817356435 38.57469475249789 0.0 1.0 1.0 1 0 0 0.0 1.0 0
cell 20.612745627603758 29.635257012115975 0.0 1.0 1.0 1 0 0 0.0 1.0 0
cell 20.43743682386727 33.119746643120536 0.0 1.0 1.0 1 0 0 0.0 1.0 0
cell 10.774250359459145 21.556156910168216 0.0 1.0 1.0 1 0 0 0.0 1.0 0
cell 2.9498545270544407 31.598431869899663 0.0 1.0 1.0 1 0 0 0.0 1.0 0
cell 6.370908962099909 20.91318618772743 0.0 1.0 1.0 1 0 0 0.0 1.0 0
cell 33.55644216559873 22.194682231462817 0.0 1.0 1.0 1 0 0 0.0 1.0 0
cell 40.84229422669453 0.9514694643088691 0.0 1.0 1.0 1 0 0 0.0 1.0 0
cell 38.84269921207628 30.184249343962417 0.0 1.0 1.0 1 0 0 0.0 1.0 0
cell 8.512344530101075 21.23600333567498 0.0 1.0 1.0 1 0 0 0.0 1.0 0
cell 41.07395323208159 21.354596338340112 0.0 1.0 1.0 1 0 0 0.0 1.0 0
cell 43.74226477790718 3.3668545518734847 0.0 1.0 1.0 1 0 0 0.0 1.0 0
cell 4.859201197421346 2.358643197838552 0.0 1.0 1.0 1 0 0 0.0 1.0 0
cell 2.516244493433144 40.632524728380695 0.0 1.0 1.0 1 0 0 0.0 1.0 0
cell 29.572127341613907 36.22075086509865 0.0 1.0 1.0 1 0 0 0.0 1.0 0
cell 4.534499747282614 11.577642545246608 0.0 1.0 1.0 1 0 0 0.0 1.0 0
cell 16.187623974752977 40.77683201625411 0.0 1.0 1.0 1 0 0 0.0 1.0 0
cell 19.676455424083027 27.67538420400323 0.0 1.0 1.0 1 0 0 0.0 1.0 0
cell 6.772106128818501 35.95640217462587 0.0 1.0 1.0 1 0 0 0.0 1.0 0
cell 37.802493538555915 7.915985841186242 0.0 1.0 1.0 1 0 0 0.0 1.0 0
cell 38.131265175368966 28.22230521980292 0.0 1.0 1.0 1 0 0 0.0 1.0 0
cell 11.847591244959869 33.15707671510205 0.0 1.0 1.0 1 0 0 0.0 1.0 0
cell 15.478535205842075 9.89949378937114 0.0 1.0 1.0 1 0 0 0.0 1.0 0
cell 36.45203129126805 24.34787051312775 0.0 1.0 1.0 1 0 0 0.0 1.0 0
cell 29.72327941205343 12.481292556930846 0.0 1.0 1.0 1 0 0 0.0 1.0 0
cell 14.019917169124932 11.376662352511772 0.0 1.0 1.0 1 0 0 0.0 1.0 0
cell 20.572045774923573 20.596496755308372 0.0 1.0 1.0 1 0 0 0.0 1.0 0
cell 15.012653125229347 22.029193589895055 0.0 1.0 1.0 1 0 0 0.0 1.0 0
cell 39.952643788836866 37.65428141709939 0.0 1.0 1.0 1 0 0 0.0 1.0 0
cell 23.852771866525185 31.825883927729386 0.0 1.0 1.0 1 0 0 0.0 1.0 0
cell 3.048029556969346 22.308523541216456 0.0 1.0 1.0 1 0 0 0.0 1.0 0
cell 13.5246963377196 23.873533543650723 0.0 1.0 1.0 1 0 0 0.0 1.0 0
cell 24.693654142882146 15.288126454231666 0.0 1.0 1.0 1 0 0 0.0 1.0 0
cell 25.49643269153124 17.371275075250335 0.0 1.0 1.0 1 0 0 0.0 1.0 0
cell 25.8746660385056 32.07320300501557 0.0 1.0 1.0 1 0 0 0.0 1.0 0
cell 37.12301444206849 11.613143263541888 0.0 1.0 1.0 1 0 0 0.0 1.0 0
cell 31.68357132114339 6.861480020131693 0.0 1.0 1.0 1 0 0 0.0 1.0 0
cell 28.30049643564821 28.493857961412665 0.0 1.0 1.0 1 0 0 0.0 1.0 0
cell 3.6123172376568733 18.7453629198071 0.0 1.0 1.0 1 0 0 0.0 1.0 0
cell 37.61581744609817 31.92935182208837 0.0 1.0 1.0 1 0 0 0.0 1.0 0
cell 0.5485865420270897 25.59415551254536 0.0 1.0 1.0 1 0 0 0.0 1.0 0
cell 10.182014378682828 1.552566291120291 0.0 1.0 1.0 1 0 0 0.0 1.0 0
cell 35.214994717385544 16.907599998762365 0.0 1.0 1.0 1 0 0 0.0 1.0 0
cell 20.756611902039076 9.154133477651397 0.0 1.0 1.0 1 0 0 0.0 1.0 0
cell 24.204185293731204 37.24732452455755 0.0 1.0 1.0 1 0 0 0.0 1.0 0
cell 22.56405465912777 33.45275119994907 0.0 1.0 1.0 1 0 0 0.0 1.0 0
cell 14.76887462854284 7.902225597772694 0.0 1.0 1.0 1 0 0 0.0 1.0 0
cell 16.659741128216126 16.208104191346738 0.0 1.0 1.0 1 0 0 0.0 1.0 0
cell 42.42767045640886 19.683406554922573 0.0 1.0 1.0 1 0 0 0.0 1.0 0
cell 35.04284115954337 11.405639301200742 0.0 1.0 1.0 1 0 0 0.0 1.0 0
cell 23.992100077452076 13.220825694730884 0.0 1.0 1.0 1 0 0 0.0 1.0 0
cell 1.021373169037899 36.75596862208455 0.0 1.0 1.0 1 0 0 0.0 1.0 0
cell 22.11933364219304 36.966095058353176 0.0 1.0 1.0 1 0 0 0.0 1.0 0
cell 12.039639888098556 19.93436426866783 0.0 1.0 1.0 1 0 0 0.0 1.0 0
cell 9.707958234342822 5.073234174309333 0.0 1.0 1.0 1 0 0 0.0 1.0 0
cell 32.33154826514343 14.728198589279526 0.0 1.0 1.0 1 0 0 0.0 1.0 0
cell 10.3949973118283 7.012999992422174 0.0 1.0 1.0 1 0 0 0.0 1.0 0
cell 21.759197722605922 31.52853459453657 0.0 1.0 1.0 1 0 0 0.0 1.0 0
cell 7.743383948413582 37.72603421266123 0.0 1.0 1.0 1 0 0 0.0 1.0 0
cell 33.4977504188879 31.231693503417116 0.0 1.0 1.0 1 0 0 0.0 1.0 0
cell 1.7105798860941515 33.21977786025912 0.0 1.0 1.0 1 0 0 0.0 1.0 0
cell 12.962138620536914 35.040752319991384 0.0 1.0 1.0 1 0 0 0.0 1.0 0
cell 36.93472446931802 20.76928145361174 0.0 1.0 1.0 1 0 0 0.0 1.0 0
cell 10.502961571654199 16.13615075893481 0.0 1.0 1.0 1 0 0 0.0 1.0 0
cell 4.606494398412866 35.42270899557622 0.0 1.0 1.0 1 0 0 0.0 1.0 0
cell 43.10862602071346 21.674542677706636 0.0 1.0 1.0 1 0 0 0.0 1.0 0
cell 18.867368342674766 43.51951213825734 0.0 1.0 1.0 1 0 0 0.0 1.0 0
cell 38.03347650176256 43.01536872576377 0.0 1.0 1.0 1 0 0 0.0 1.0 0
cell 34.43581339501658 38.77821363519087 0.0 1.0 1.0 1 0 0 0.0 1.0 0
cell 18.322267757186246 33.22423198681616 0.0 1.0 1.0 1 0 0 0.0 1.0 0
cell 33.085089616219584 10.881689871991174 0.0 1.0 1.0 1 0 0 0.0 1.0 0
cell 0.9131904466091469 22.068160937078975 0.0 1.0 1.0 1 0 0 0.0 1.0 0
cell 28.612635623451446 43.36586278239909 0.0 1.0 1.0 1 0 0 0.0 1.0 0
cell 1.8431690833781742 23.9757236582613 0.0 1.0 1.0 1 0 0 0.0 1.0 0
cell 40.03533021673904 13.97306524381402 0.0 1.0 1.0 1 0 0 0.0 1.0 0
cell 26.981894540658136 21.142641696916534 0.0 1.0 1.0 1 0 0 0.0 1.0 0
cell 6.0155493273691025 24.583243138196764 0.0 1.0 1.0 1 0 0 0.0 1.0 0
cell 21.605277475005057 11.02223669742857 0.0 1.0 1.0 1 0 0 0.0 1.0 0
cell 23.217298572293426 0.13674427199881192 0.0 1.0 1.0 1 0 0 0.0 1.0 0
cell 29.18518451097871 39.87338319432546 0.0 1.0 1.0 1 0 0 0.0 1.0 0
cell 21.967152108581207 28.028399205051283 0.0 1.0 1.0 1 0 0 0.0 1.0 0
cell 32.38268130764386 8.910304444566018 0.0 1.0 1.0 1 0 0 0.0 1.0 0
cell 17.861154032702377 6.421084957486088 0.0 1.0 1.0 1 0 0 0.0 1.0 0
cell 28.071719468347457 2.793029841731786 0.0 1.0 1.0 1 0 0 0.0 1.0 0
cell 31.237533509822065 40.15876180120972 0.0 1.0 1.0 1 0 0 0.0 1.0 0
cell 21.936425756779272 7.433860289166335 0.0 1.0 1.0 1 0 0 0.0 1.0 0
cell 34.406612039482745 9.291677504198868 0.0 1.0 1.0 1 0 0 0.0 1.0 0
cell 32.70542027807303 44.01689625657424 0.0 1.0 1.0 1 0 0 0.0 1.0 0
cell 32.86927830968038 34.84513626158647 0.0 1.0 1.0 1 0 0 0.0 1.0 0
cell 6.33301165785669 6.364861672045611 0.0 1.0 1.0 1 0 0 0.0 1.0 0
cell 26.787296459755265 15.657665411801407 0.0 1.0 1.0 1 0 0 0.0 1.0 0
cell 42.992200214619835 16.18345353989529 0.0 1.0 1.0 1 0 0 0.0 1.0 0
cell 19.295601555728982 39.83379743075157 0.0 1.0 1.0 1 0 0 0.0 1.0 0
cell 31.952665620426643 42.07285842071559 0.0 1.0 1.0 1 0 0 0.0 1.0 0
cell 8.337719957176866 15.73589360091665 0.0 1.0 1.0 1 0 0 0.0 1.0 0
cell 28.177598195871894 8.386951598528622 0.0 1.0 1.0 1 0 0 0.0 1.0 0
cell 33.73812629316955 36.70335459074165 0.0 1.0 1.0 1 0 0 0.0 1.0 0
cell 28.25221677285206 14.157926464576793 0.0 1.0 1.0 1 0 0 0.0 1.0 0
cell 38.42035265213659 33.87186970853873 0.0 1.0 1.0 1 0 0 0.0 1.0 0
cell 41.29418052869635 12.29628865990029 0.0 1.0 1.0 1 0 0 0.0 1.0 0
cell 1.476315656660686 3.634546823055028 0.0 1.0 1.0 1 0 0 0.0 1.0 0
cell 32.2223035809029 3.3592036007919432 0.0 1.0 1.0 1 0 0 0.0 1.0 0
cell 40.87943075067964 15.955564753861077 0.0 1.0 1.0 1 0 0 0.0 1.0 0
cell 8.863756163302593 26.946468240823638 0.0 1.0 1.0 1 0 0 0.0 1.0 0
cell 36.745073582366295 15.354322095039972 0.0 1.0 1.0 1 0 0 0.0 1.0 0
cell 41.50442070559301 26.926453220831224 0.0 1.0 1.0 1 0 0 0.0 1.0 0
cell 12.828037494060625 21.91798286765853 0.0 1.0 1.0 1 0 0 0.0 1.0 0
cell 9.03767270628515 17.74751890348465 0.0 1.0 1.0 1 0 0 0.0 1.0 0
cell 0.43686313479502026 34.80679628985503 0.0 1.0 1.0 1 0 0 0.0 1.0 0
cell 10.138832233843445 25.376814189744426 0.0 1.0 1.0 1 0 0 0.0 1.0 0
cell 43.948784173873044 9.2152052789729 0.0 1.0 1.0 1 0 0 0.0 1.0 0
cell 26.775480641300227 4.391600361813134 0.0 1.0 1.0 1 0 0 0.0 1.0 0
cell 16.105517702622638 33.157900524642976 0.0 1.0 1.0 1 0 0 0.0 1.0 0
cell 14.301621107984188 25.803779928100756 0.0 1.0 1.0 1 0 0 0.0 1.0 0
cell 4.980597734996178 7.987253145097747 0.0 1.0 1.0 1 0 0 0.0 1.0 0
cell 27.31386721155056 0.7951130236276819 0.0 1.0 1.0 1 0 0 0.0 1.0 0
cell 13.571225970309055 0.14399852963633736 0.0 1.0 1.0 1 0 0 0.0 1.0 0
cell 42.25557784305057 29.001772885789016 0.0 1.0 1.0 1 0 0 0.0 1.0 0
cell 21.27720819978394 35.074824728402504 0.0 1.0 1.0 1 0 0 0.0 1.0 0
cell 4.157091552960068 15.193402548776607 0.0 1.0 1.0 1 0 0 0.0 1.0 0
cell 41.73706490288119 17.779856156105335 0.0 1.0 1.0 1 0 0 0.0 1.0 0
cell 27.895486797724597 23.01061376155936 0.0 1.0 1.0 1 0 0 0.0 1.0 0
cell 43.34919853475766 36.25846017099293 0.0 1.0 1.0 1 0 0 0.0 1.0 0
cell 36.37691060145398 3.9720374904687348 0.0 1.0 1.0 1 0 0 0.0 1.0 0
cell 9.337877850951557 23.165847914650463 0.0 1.0 1.0 1 0 0 0.0 1.0 0
cell 17.040934199934874 21.989761566524994 0.0 1.0 1.0 1 0 0 0.0 1.0 0
cell 9.096993484276902 8.57111940001303 0.0 1.0 1.0 1 0 0 0.0 1.0 0
cell 28.85710673986249 34.23237349152596 0.0 1.0 1.0 1 0 0 0.0 1.0 0
cell 4.821315468360137 17.115502298180445 0.0 1.0 1.0 1 0 0 0.0 1.0 0
cell 9.553799509366304 32.643001430057055 0.0 1.0 1.0 1 0 0 0.0 1.0 0
cell 11.621609995352586 36.65844461753953 0.0 1.0 1.0 1 0 0 0.0 1.0 0
cell 4.13393333013248 29.833272129415057 0.0 1.0 1.0 1 0 0 0.0 1.0 0
cell 43.32493701130788 7.069357475148673 0.0 1.0 1.0 1 0 0 0.0 1.0 0
cell 22.630895933980437 15.04047260794133 0.0 1.0 1.0 1 0 0 0.0 1.0 0
cell 29.665027292751024 17.941941495295396 0.0 1.0 1.0 1 0 0 0.0 1.0 0
cell 29.122388694131633 30.5423904050304 0.0 1.0 1.0 1 0 0 0.0 1.0 0
cell 30.846186028268214 34.57082818570536 0.0 1.0 1.0 1 0 0 0.0 1.0 0
cell 23.69701978735724 22.660498550474134 0.0 1.0 1.0 1 0 0 0.0 1.0 0
cell 24.49609310820025 42.765601357022476 0.0 1.0 1.0 1 0 0 0.0 1.0 0
cell 25.020869769919983 39.13890518570085 0.0 1.0 1.0 1 0 0 0.0 1.0 0
cell 36.081522686000056 42.660369511972064 0.0 1.0 1.0 1 0 0 0.0 1.0 0
cell 36.35133038097195 33.513914498837885 0.0 1.0 1.0 1 0 0 0.0 1.0 0
cell 35.95568030470941 13.466772935958165 0.0 1.0 1.0 1 0 0 0.0 1.0 0
cell 30.1067940665915 3.012744827024589 0.0 1.0 1.0 1 0 0 0.0 1.0 0
cell 2.811100520404161 16.850708790015428 0.0 1.0 1.0 1 0 0 0.0 1.0 0
cell 5.764665471847487 9.959408036302131 0.0 1.0 1.0 1 0 0 0.0 1.0 0
cell 5.669501401998328 18.992838719872115 0.0 1.0 1.0 1 0 0 0.0 1.0 0
cell 39.25742890413728 11.937815480982955 0.0 1.0 1.0 1 0 0 0.0 1.0 0
cell 36.0576615623184 28.021996265130984 0.0 1.0 1.0 1 0 0 0.0 1.0 0
cell 26.10210243505935 7.971996045139357 0.0 1.0 1.0 1 0 0 0.0 1.0 0
cell 22.372792945555535 24.269090816430097 0.0 1.0 1.0 1 0 0 0.0 1.0 0
cell 29.950263096775178 41.839702808596506 0.0 1.0 1.0 1 0 0 0.0 1.0 0
cell 41.75228568123286 32.516252550606815 0.0 1.0 1.0 1 0 0 0.0 1.0 0
cell 33.74631364394333 27.522814086811042 0.0 1.0 1.0 1 0 0 0.0 1.0 0
cell 37.7484455078716 22.76175821906287 0.0 1.0 1.0 1 0 0 0.0 1.0 0
cell 26.999082901451704 39.54372722148607 0.0 1.0 1.0 1 0 0 0.0 1.0 0
cell 32.429061742604695 38.455251267590654 0.0 1.0 1.0 1 0 0 0.0 1.0 0
cell 23.991814899499595 28.100483518674526 0.0 1.0 1.0 1 0 0 0.0 1.0 0
cell 31.641850618049528 36.50849400688043 0.0 1.0 1.0 1 0 0 0.0 1.0 0
cell 40.559375160583414 10.34326238202498 0.0 1.0 1.0 1 0 0 0.0 1.0 0
cell 35.28022866362267 40.76630040064863 0.0 1.0 1.0 1 0 0 0.0 1.0 0
cell 40.57106826476492 39.70439412424692 0.0 1.0 1.0 1 0 0 0.0 1.0 0
cell 30.027914111068597 32.52280484316743 0.0 1.0 1.0 1 0 0 0.0 1.0 0
cell 1.6468745817697712 9.428025123785819 0.0 1.0 1.0 1 0 0 0.0 1.0 0
cell 15.028646212387514 35.0342746205398 0.0 1.0 1.0 1 0 0 0.0 1.0 0
cell 10.013773771374897 40.12210078391842 0.0 1.0 1.0 1 0 0 0.0 1.0 0
cell 34.77567133598126 0.0875086729099156 0.0 1.0 1.0 1 0 0 0.0 1.0 0
cell 34.671852788714226 29.52564605054621 0.0 1.0 1.0 1 0 0 0.0 1.0 0
cell 2.498142664173459 11.373309103156114 0.0 1.0 1.0 1 0 0 0.0 1.0 0
cell 35.01643536590552 5.66137392116811 0.0 1.0 1.0 1 0 0 0.0 1.0 0
cell 32.58746886919658 29.33108216447129 0.0 1.0 1.0 1 0 0 0.0 1.0 0
cell 22.38654414611737 42.47971377496946 0.0 1.0 1.0 1 0 0 0.0 1.0 0
cell 21.16636405633724 22.541410115216507 0.0 1.0 1.0 1 0 0 0.0 1.0 0
cell 38.55017967639036 39.39583568662911 0.0 1.0 1.0 1 0 0 0.0 1.0 0
cell 16.10303364550778 14.034358446767254 0.0 1.0 1.0 1 0 0 0.0 1.0 0
cell 42.046160941534865 37.983143498211604 0.0 1.0 1.0 1 0 0 0.0 1.0 0
cell 8.904822815749423 3.112595251359521 0.0 1.0 1.0 1 0 0 0.0 1.0 0
cell 35.54523638778265 1.9925237279198638 0.0 1.0 1.0 1 0 0 0.0 1.0 0
cell 31.6337280699489 27.259874347548678 0.0 1.0 1.0 1 0 0 0.0 1.0 0
cell 3.2458180697694883 42.7332882731858 0.0 1.0 1.0 1 0 0 0.0 1.0 0
cell 1.9832243352431667 38.58684275979602 0.0 1.0 1.0 1 0 0 0.0 1.0 0
cell 8.266216565254561 34.292585988961555 0.0 1.0 1.0 1 0 0 0.0 1.0 0
cell 17.396516945217872 27.690478187987583 0.0 1.0 1.0 1 0 0 0.0 1.0 0
cell 39.40545231930912 41.32357376767116 0.0 1.0 1.0 1 0 0 0.0 1.0 0
cell 16.346918094786705 20.078619912456013 0.0 1.0 1.0 1 0 0 0.0 1.0 0
cell 22.52563829278394 3.6299251977043063 0.0 1.0 1.0 1 0 0 0.0 1.0 0
cell 32.96110320366876 25.43778476994291 0.0 1.0 1.0 1 0 0 0.0 1.0 0
cell 42.12092118659669 43.56815034371816 0.0 1.0 1.0 1 0 0 0.0 1.0 0
cell 2.623317289546863 25.87065731125244 0.0 1.0 1.0 1 0 0 0.0 1.0 0
cell 27.553993757753894 11.945196247347429 0.0 1.0 1.0 1 0 0 0.0 1.0 0
cell 28.86180535486709 4.7872717213886204 0.0 1.0 1.0 1 0 0 0.0 1.0 0
cell 19.827029446246225 6.948143726764752 0.0 1.0 1.0 1 0 0 0.0 1.0 0
cell 31.751694395178205 12.610945935093989 0.0 1.0 1.0 1 0 0 0.0 1.0 0
cell 35.8098615800746 37.14144498392838 0.0 1.0 1.0 1 0 0 0.0 1.0 0
cell 8.18452584808684 1.1277569933863971 0.0 1.0 1.0 1 0 0 0.0 1.0 0
cell 27.939001810777203 32.24362711705461 0.0 1.0 1.0 1 0 0 0.0 1.0 0
cell 25.469177431793963 5.985954656901861 0.0 1.0 1.0 1 0 0 0.0 1.0 0
cell 17.277783531940177 18.27851890469054 0.0 1.0 1.0 1 0 0 0.0 1.0 0
cell 37.277523725591905 26.252440220872757 0.0 1.0 1.0 1 0 0 0.0 1.0 0
cell 19.508927535261744 10.8517848117635 0.0 1.0 1.0 1 0 0 0.0 1.0 0
cell 7.372396397389022 32.44013810618432 0.0 1.0 1.0 1 0 0 0.0 1.0 0
cell 43.70557892348353 18.122477725776307 0.0 1.0 1.0 1 0 0 0.0 1.0 0
cell 26.54880983110014 43.21882985437739 0.0 1.0 1.0 1 0 0 0.0 1.0 0
cell 11.712462803625904 14.416367247158664 0.0 1.0 1.0 1 0 0 0.0 1.0 0
cell 43.9694168245208 23.67213189066034 0.0 1.0 1.0 1 0 0 0.0 1.0 0
cell 43.495771266377275 12.81668070463076 0.0 1.0 1.0 1 0 0 0.0 1.0 0
cell 34.269758301498506 33.31441216904843 0.0 1.0 1.0 1 0 0 0.0 1.0 0
cell 33.224025495002806 16.60950467916711 0.0 1.0 1.0 1 0 0 0.0 1.0 0
cell 27.15080690363992 30.388148708587746 0.0 1.0 1.0 1 0 0 0.0 1.0 0
cell 8.038854391024019 24.77342904493008 0.0 1.0 1.0 1 0 0 0.0 1.0 0
cell 10.97865189549968 31.170642421746763 0.0 1.0 1.0 1 0 0 0.0 1.0 0
cell 17.288313069662987 39.02240676685279 0.0 1.0 1.0 1 0 0 0.0 1.0 0
cell 17.488298533732298 10.610838056932392 0.0 1.0 1.0 1 0 0 0.0 1.0 0
cell 30.33113928466906 14.379379508690315 0.0 1.0 1.0 1 0 0 0.0 1.0 0
cell 30.641795710171355 43.73287037219892 0.0 1.0 1.0 1 0 0 0.0 1.0 0
cell 23.952980679099404 2.1489139112859057 0.0 1.0 1.0 1 0 0 0.0 1.0 0
cell 2.0399968537050843 0.03410993115754874 0.0 1.0 1.0 1 0 0 0.0 1.0 0
cell 37.651056035072706 2.3090365011190617 0.0 1.0 1.0 1 0 0 0.0 1.0 0
cell 29.020084992074366 16.00145628527578 0.0 1.0 1.0 1 0 0 0.0 1.0 0
cell 38.03921041408804 13.58673454817256 0.0 1.0 1.0 1 0 0 0.0 1.0 0
cell 11.999018424281044 10.857848932045476 0.0 1.0 1.0 1 0 0 0.0 1.0 0
cell 3.78668062216163 33.51805209325104 0.0 1.0 1.0 1 0 0 0.0 1.0 0
cell 43.103739485324795 30.97688074026701 0.0 1.0 1.0 1 0 0 0.0 1.0 0
cell 34.433234515328536 24.049027089051492 0.0 1.0 1.0 1 0 0 0.0 1.0 0
cell 12.844031395869361 42.40509056399023 0.0 1.0 1.0 1 0 0 0.0 1.0 0
cell 10.802116033976118 12.470551864077445 0.0 1.0 1.0 1 0 0 0.0 1.0 0
cell 25.710632129326363 41.0970991615954 0.0 1.0 1.0 1 0 0 0.0 1.0 0
cell 35.75788424860935 7.5887572236636975 0.0 1.0 1.0 1 0 0 0.0 1.0 0
cell 8.356709770718435 6.663485713682285 0.0 1.0 1.0 1 0 0 0.0 1.0 0
cell 23.623817098260826 40.84788950695128 0.0 1.0 1.0 1 0 0 0.0 1.0 0
cell 13.291566178791138 18.34981686013079 0.0 1.0 1.0 1 0 0 0.0 1.0 0
cell 39.07927584791835 21.104517735936977 0.0 1.0 1.0 1 0 0 0.0 1.0 0
cell 5.175553957600149 22.689376342956347 0.0 1.0 1.0 1 0 0 0.0 1.0 0
cell 23.964985867906858 7.618092077052332 0.0 1.0 1.0 1 0 0 0.0 1.0 0
cell 22.898316763053348 29.865061112184303 0.0 1.0 1.0 1 0 0 0.0 1.0 0
cell 33.72515755668712 13.070979577910379 0.0 1.0 1.0 1 0 0 0.0 1.0 0
cell 18.607517449318575 25.9285052902494 0.0 1.0 1.0 1 0 0 0.0 1.0 0
cell 9.938416113071359 38.056774317267546 0.0 1.0 1.0 1 0 0 0.0 1.0 0
cell 4.768949887206838 26.174776534279378 0.0 1.0 1.0 1 0 0 0.0 1.0 0
cell 38.565596535608215 9.913150721562323 0.0 1.0 1.0 1 0 0 0.0 1.0 0
cell 7.750849629572962 19.34492953944701 0.0 1.0 1.0 1 0 0 0.0 1.0 0
cell 13.052097734843464 27.489744168782014 0.0 1.0 1.0 1 0 0 0.0 1.0 0
cell 13.721748621806187 5.763490934958474 0.0 1.0 1.0 1 0 0 0.0 1.0 0
cell 38.84762517142715 15.59678708014062 0.0 1.0 1.0 1 0 0 0.0 1.0 0
cell 13.002532961796629 3.7593292972759156 0.0 1.0 1.0 1 0 0 0.0 1.0 0
cell 1.3113372456657495 13.042534835722309 0.0 1.0 1.0 1 0 0 0.0 1.0 0
cell 1.151914551065063 42.23873503379495 0.0 1.0 1.0 1 0 0 0.0 1.0 0
cell 5.474725245129949 28.115946836215844 0.0 1.0 1.0 1 0 0 0.0 1.0 0
cell 34.542599828423846 14.984115316498693 0.0 1.0 1.0 1 0 0 0.0 1.0 0
cell 22.75534177683891 9.316845229507134 0.0 1.0 1.0 1 0 0 0.0 1.0 0
cell 21.76809609040485 1.5494106977584137 0.0 1.0 1.0 1 0 0 0.0 1.0 0
cell 19.71614048212385 1.15960967569897 0.0 1.0 1.0 1 0 0 0.0 1.0 0
cell 18.327699995766423 37.22219889272201 0.0 1.0 1.0 1 0 0 0.0 1.0 0
cell 12.513748544094453 7.459825844091048 0.0 1.0 1.0 1 0 0 0.0 1.0 0
cell 15.630021738757357 24.001210392914064 0.0 1.0 1.0 1 0 0 0.0 1.0 0
cell 20.110499570134966 41.92032626736483 0.0 1.0 1.0 1 0 0 0.0 1.0 0
cell 27.60817613729534 17.562719711304947 0.0 1.0 1.0 1 0 0 0.0 1.0 0
cell 7.6538857667754705 4.74520845176659 0.0 1.0 1.0 1 0 0 0.0 1.0 0
cell 15.096856258825122 39.0015179462061 0.0 1.0 1.0 1 0 0 0.0 1.0 0
cell 38.61713792511458 24.672487485677113 0.0 1.0 1.0 1 0 0 0.0 1.0 0
cell 0.924770065893256 31.33989574818583 0.0 1.0 1.0 1 0 0 0.0 1.0 0
cell 11.033578767252548 27.242304668589775 0.0 1.0 1.0 1 0 0 0.0 1.0 0
cell 14.512005477009064 15.263887641704263 0.0 1.0 1.0 1 0 0 0.0 1.0 0
cell 3.5329994363174695 3.9839760892302802 0.0 1.0 1.0 1 0 0 0.0 1.0 0
cell 30.639394124829167 19.797104247533344 0.0 1.0 1.0 1 0 0 0.0 1.0 0
cell 29.58032988330455 26.911322580459522 0.0 1.0 1.0 1 0 0 0.0 1.0 0
cell 16.260873232796452 37.104903931728124 0.0 1.0 1.0 1 0 0 0.0 1.0 0
cell 6.691409385112981 41.443987843784285 0.0 1.0 1.0 1 0 0 0.0 1.0 0
cell 5.940456176168492 39.54348442889406 0.0 1.0 1.0 1 0 0 0.0 1.0 0
cell 9.886527249421807 19.71197035803104 0.0 1.0 1.0 1 0 0 0.0 1.0 0
cell 7.9721006580828995 39.826092687571965 0.0 1.0 1.0 1 0 0 0.0 1.0 0
cell 0.7358518518281382 1.7252548128443972 0.0 1.0 1.0 1 0 0 0.0 1.0 0
cell 1.5171473120042793 18.49035082209866 0.0 1.0 1.0 1 0 0 0.0 1.0 0
cell 3.7476393798940015 9.712088982115521 0.0 1.0 1.0 1 0 0 0.0 1.0 0
cell 11.151682601589727 8.994254186855818 0.0 1.0 1.0 1 0 0 0.0 1.0 0
cell 5.3920900607916815 13.475736683321044 0.0 1.0 1.0 1 0 0 0.0 1.0 0
cell 40.960564624988145 30.657102115918008 0.0 1.0 1.0 1 0 0 0.0 1.0 0
cell 2.254828144158423 20.394390559925096 0.0 1.0 1.0 1 0 0 0.0 1.0 0
cell 4.332554949216128 20.667515975033943 0.0 1.0 1.0 1 0 0 0.0 1.0 0
cell 31.272559057701905 21.721079415883572 0.0 1.0 1.0 1 0 0 0.0 1.0 0
cell 31.319845729548902 30.943289550565677 0.0 1.0 1.0 1 0 0 0.0 1.0 0
cell 41.86141020590896 23.353703103975285 0.0 1.0 1.0 1 0 0 0.0 1.0 0
cell 26.07311188944945 2.41595807444566 0.0 1.0 1.0 1 0 0 0.0 1.0 0
cell 18.44234779805063 2.883304425557517 0.0 1.0 1.0 1 0 0 0.0 1.0 0
cell 21.621200602775613 40.523152874283284 0.0 1.0 1.0 1 0 0 0.0 1.0 0
cell 15.800540438819487 6.053640756994565 0.0 1.0 1.0 1 0 0 0.0 1.0 0
cell 15.086113950462916 4.119934745627206 0.0 1.0 1.0 1 0 0 0.0 1.0 0
cell 5.337717003464224 43.090582578106385 0.0 1.0 1.0 1 0 0 0.0 1.0 0
cell 3.378937206996798 27.853800792327906 0.0 1.0 1.0 1 0 0 0.0 1.0 0
cell 12.756274815618223 16.313794166273432 0.0 1.0 1.0 1 0 0 0.0 1.0 0
cell 41.410534814483626 41.622186866444835 0.0 1.0 1.0 1 0 0 0.0 1.0 0
cell 37.629235968418286 17.264326426222357 0.0 1.0 1.0 1 0 0 0.0 1.0 0
cell 8.726531036823488 30.685159982800606 0.0 1.0 1.0 1 0 0 0.0 1.0 0
cell 25.75187686328047 22.90265058155126 0.0 1.0 1.0 1 0 0 0.0 1.0 0
cell 29.92487582325465 23.36111236611448 0.0 1.0 1.0 1 0 0 0.0 1.0 0
cell 34.00627435746655 42.38253106663773 0.0 1.0 1.0 1 0 0 0.0 1.0 0
cell 19.939599631966722 24.218899015412124 0.0 1.0 1.0 1 0 0 0.0 1.0 0
cell 28.780972504435113 10.318703333650385 0.0 1.0 1.0 1 0 0 0.0 1.0 0
cell 34.85143260874866 20.54629483898862 0.0 1.0 1.0 1 0 0 0.0 1.0 0
cell 9.877612001886954 10.577850422338418 0.0 1.0 1.0 1 0 0 0.0 1.0 0
cell 11.114492763194681 18.089837826540702 0.0 1.0 1.0 1 0 0 0.0 1.0 0
cell 30.826993585390465 25.267009459799127 0.0 1.0 1.0 1 0 0 0.0 1.0 0
cell 33.00659605009041 5.321284556490276 0.0 1.0 1.0 1 0 0 0.0 1.0 0
cell 33.97070034141076 18.542635047524136 0.0 1.0 1.0 1 0 0 0.0 1.0 0
cell 26.619593619999065 24.844936126926548 0.0 1.0 1.0 1 0 0 0.0 1.0 0
cell 3.919748540090593 24.255104386845865 0.0 1.0 1.0 1 0 0 0.0 1.0 0
cell 39.849963707217185 23.055199740879115 0.0 1.0 1.0 1 0 0 0.0 1.0 0
cell 26.789659928995487 9.906693758460428 0.0 1.0 1.0 1 0 0 0.0 1.0 0
cell 19.59860282358317 18.7444587816395 0.0 1.0 1.0 1 0 0 0.0 1.0 0
cell 14.011723594368888 33.11615183065366 0.0 1.0 1.0 1 0 0 0.0 1.0 0
cell 11.684213548216231 5.4374921796567435 0.0 1.0 1.0 1 0 0 0.0 1.0 0
cell 33.70288982587814 7.249643842648529 0.0 1.0 1.0 1 0 0 0.0 1.0 0
cell 18.41483671469703 20.484278374498277 0.0 1.0 1.0 1 0 0 0.0 1.0 0
cell 22.583809925461725 20.859147031077427 0.0 1.0 1.0 1 0 0 0.0 1.0 0
cell 2.265757538076678 5.602413525315138 0.0 1.0 1.0 1 0 0 0.0 1.0 0
cell 11.01793575836008 3.4020168274813423 0.0 1.0 1.0 1 0 0 0.0 1.0 0
cell 27.525892049554248 6.359293644429985 0.0 1.0 1.0 1 0 0 0.0 1.0 0
cell 29.25210064140856 21.42585279558388 0.0 1.0 1.0 1 0 0 0.0 1.0 0
cell 23.997880885845852 19.035834493320177 0.0 1.0 1.0 1 0 0 0.0 1.0 0
cell 4.5316153639622305 40.980339565260856 0.0 1.0 1.0 1 0 0 0.0 1.0 0
cell 36.56036116611764 9.505774502276957 0.0 1.0 1.0 1 0 0 0.0 1.0 0
cell 36.48676699673176 39.09577529639192 0.0 1.0 1.0 1 0 0 0.0 1.0 0
cell 28.393133954690363 37.87220903060012 0.0 1.0 1.0 1 0 0 0.0 1.0 0
cell 9.550815509379156 14.11080516996355 0.0 1.0 1.0 1 0 0 0.0 1.0 0
cell 41.26217912498716 35.93756166028272 0.0 1.0 1.0 1 0 0 0.0 1.0 0
cell 40.45721107856187 34.06667700811592 0.0 1.0 1.0 1 0 0 0.0 1.0 0
cell 40.08155641558779 43.322835262733555 0.0 1.0 1.0 1 0 0 0.0 1.0 0
cell 13.54961224878732 13.395096753553903 0.0 1.0 1.0 1 0 0 0.0 1.0 0
cell 26.357423215710263 19.19021299099542 0.0 1.0 1.0 1 0 0 0.0 1.0 0
cell 16.87863108333343 43.150824026466495 0.0 1.0 1.0 1 0 0 0.0 1.0 0
cell 11.831519334587458 29.111860059577566 0.0 1.0 1.0 1 0 0 0.0 1.0 0
cell 35.086498533373074 35.18862545442331 0.0 1.0 1.0 1 0 0 0.0 1.0 0
cell 37.105175138220766 35.52316740183242 0.0 1.0 1.0 1 0 0 0.0 1.0 0
cell 7.850469435820617 10.225281078969106 0.0 1.0 1.0 1 0 0 0.0 1.0 0
cell 17.166573636798542 4.516943982831064 0.0 1.0 1.0 1 0 0 0.0 1.0 0
cell 29.65623043305302 6.696129909208785 0.0 1.0 1.0 1 0 0 0.0 1.0 0
cell 35.54505677064647 31.598381906156487 0.0 1.0 1.0 1 0 0 0.0 1.0 0
cell 43.46667679464227 41.88439517307541 0.0 1.0 1.0 1 0 0 0.0 1.0 0
cell 12.33231096349179 1.77443202588326 0.0 1.0 1.0 1 0 0 0.0 1.0 0
cell 24.818503675359988 9.510095284055978 0.0 1.0 1.0 1 0 0 0.0 1.0 0
cell 19.423959738229453 31.27819980311762 0.0 1.0 1.0 1 0 0 0.0 1.0 0
cell 42.629580442101584 10.765476245458546 0.0 1.0 1.0 1 0 0 0.0 1.0 0
cell 14.064651491201351 29.332992303373533 0.0 1.0 1.0 1 0 0 0.0 1.0 0
cell 16.327828661557273 2.5300208390811116 0.0 1.0 1.0 1 0 0 0.0 1.0 0
cell 2.9616619535913724 7.762269140831747 0.0 1.0 1.0 1 0 0 0.0 1.0 0
cell 20.517016230903927 3.2186667472936907 0.0 1.0 1.0 1 0 0 0.0 1.0 0
cell 0.7770601429850869 16.58901229265154 0.0 1.0 1.0 1 0 0 0.0 1.0 0
cell 6.44329163382197 30.372386504239127 0.0 1.0 1.0 1 0 0 0.0 1.0 0
cell 18.629792289519735 16.743532056009887 0.0 1.0 1.0 1 0 0 0.0 1.0 0
cell 20.989795844269302 26.073850228121024 0.0 1.0 1.0 1 0 0 0.0 1.0 0
cell 9.46742934282388 43.76785380354268 0.0 1.0 1.0 1 0 0 0.0 1.0 0
cell 14.864877665807839 42.68880071468908 0.0 1.0 1.0 1 0 0 0.0 1.0 0
cell 15.969879616593918 11.988552812197792 0.0 1.0 1.0 1 0 0 0.0 1.0 0
cell 4.080342316001081 0.4470678760710112 0.0 1.0 1.0 1 0 0 0.0 1.0 0
cell 21.058456527113727 17.024697138561105 0.0 1.0 1.0 1 0 0 0.0 1.0 0
cell 15.30457851939901 17.779168278675666 0.0 1.0 1.0 1 0 0 0.0 1.0 0
cell 25.36357819846045 11.551945209905853 0.0 1.0 1.0 1 0 0 0.0 1.0 0
cell 25.985615180067935 13.625565342324418 0.0 1.0 1.0 1 0 0 0.0 1.0 0
cell 43.99360199227913 38.373339783989024 0.0 1.0 1.0 1 0 0 0.0 1.0 0
cell 36.20317635403537 18.88945664889734 0.0 1.0 1.0 1 0 0 0.0 1.0 0
cell 31.393672319392696 1.3835076969969833 0.0 1.0 1.0 1 0 0 0.0 1.0 0
cell 44.30025473809887 29.230162190252482 0.0 1.0 1.0 1 0 0 0.0 1.0 0
cell 2.121349681913568 29.518210864457583 0.0 1.0 1.0 1 0 0 0.0 1.0 0
cell 8.749895112250222 41.81045775623676 0.0 1.0 1.0 1 0 0 0.0 1.0 0
cell 19.219177266085364 35.3220507423249 0.0 1.0 1.0 1 0 0 0.0 1.0 0
cell 24.800682417098155 20.943477492154333 0.0 1.0 1.0 1 0 0 0.0 1.0 0
cell 7.425350895866608 13.846656754520263 0.0 1.0 1.0 1 0 0 0.0 1.0 0
cell 19.947214467338036 12.985058942617707 0.0 1.0 1.0 1 0 0 0.0 1.0 0
cell 17.97191512802793 12.654694184812222 0.0 1.0 1.0 1 0 0 0.0 1.0 0
cell 6.993886547308416 17.424454568685615 0.0 1.0 1.0 1 0 0 0.0 1.0 0
cell 12.050169944540713 40.52131247406471 0.0 1.0 1.0 1 0 0 0.0 1.0 0
cell 41.8184438826359 8.57548999732506 0.0 1.0 1.0 1 0 0 0.0 1.0 0
cell 16.763551591641107 8.309152314042827 0.0 1.0 1.0 1 0 0 0.0 1.0 0
cell 2.8330334932691774 2.0804937809920565 0.0 1.0 1.0 1 0 0 0.0 1.0 0
cell 0.27972576613404215 5.375810571025354 0.0 1.0 1.0 1 0 0 0.0 1.0 0
cell 11.39641601889501 23.509598222460582 0.0 1.0 1.0 1 0 0 0.0 1.0 0
cell 23.239875831401445 17.09770491519181 0.0 1.0 1.0 1 0 0 0.0 1.0 0
cell 38.36607452922046 19.188493741345834 0.0 1.0 1.0 1 0 0 0.0 1.0 0
cell 0.062170346992796444 14.66160751222514 0.0 1.0 1.0 1 0 0 0.0 1.0 0
cell 18.33151634163883 29.5464777189491 0.0 1.0 1.0 1 0 0 0.0 1.0 0
cell 38.850815429401784 0.6237455636720327 0.0 1.0 1.0 1 0 0 0.0 1.0 0
cell 18.144791522561174 41.47469709605634 0.0 1.0 1.0 1 0 0 0.0 1.0 0
cell 41.19014389055416 6.588181304082153 0.0 1.0 1.0 1 0 0 0.0 1.0 0
cell 29.419342655847167 1.0883452294110543 0.0 1.0 1.0 1 0 0 0.0 1.0 0
cell 6.621263812836939 11.858369295383486 0.0 1.0 1.0 1 0 0 0.0 1.0 0
cell 0.4253533655143241 40.27739346676959 0.0 1.0 1.0 1 0 0 0.0 1.0 0
cell 39.63461487589061 2.5673343704158404 0.0 1.0 1.0 1 0 0 0.0 1.0 0
cell 24.94750351277734 30.058616459132924 0.0 1.0 1.0 1 0 0 0.0 1.0 0
cell 16.138417630814338 29.563827974757302 0.0 1.0 1.0 1 0 0 0.0 1.0 0
cell 31.037575480418607 10.726134218228319 0.0 1.0 1.0 1 0 0 0.0 1.0 0
cell 39.197702603807656 35.72915448643956 0.0 1.0 1.0 1 0 0 0.0 1.0 0
cell 4.239953107867151 6.104674893766711 0.0 1.0 1.0 1 0 0 0.0 1.0 0
cell 15.645673408074325 0.5690298475541334 0.0 1.0 1.0 1 0 0 0.0 1.0 0
cell 33.2840768833628 40.485208405538 0.0 1.0 1.0 1 0 0 0.0 1.0 0
cell 21.281320916178494 5.310194021060913 0.0 1.0 1.0 1 0 0 0.0 1.0 0
cell 32.80853167604077 20.185915790883044 0.0 1.0 1.0 1 0 0 0.0 1.0 0
cell 44.24718045601374 43.885573690586085 0.0 1.0 1.0 1 0 0 0.0 1.0 0
cell 1.3487820279407265 27.51752382777714 0.0 1.0 1.0 1 0 0 0.0 1.0 0
cell 43.50609260028496 27.36644469284299 0.0 1.0 1.0 1 0 0 0.0 1.0 0
cell 41.708691544867946 2.8219640350154584 0.0 1.0 1.0 1 0 0 0.0 1.0 0
cell 16.440690396899484 25.82059826599428 0.0 1.0 1.0 1 0 0 0.0 1.0 0
cell 36.81478456553763 0.37006426054854 0.0 1.0 1.0 1 0 0 0.0 1.0 0
cell 31.094357966413245 16.329514664639202 0.0 1.0 1.0 1 0 0 0.0 1.0 0
cell 17.162071484630562 35.06942647979942 0.0 1.0 1.0 1 0 0 0.0 1.0 0
cell 5.546555138871274 4.411822564613531 0.0 1.0 1.0 1 0 0 0.0 1.0 0
cell 42.13644684036887 14.3121415421293 0.0 1.0 1.0 1 0 0 0.0 1.0 0
cell 6.90465832512333 26.482711328587747 0.0 1.0 1.0 1 0 0 0.0 1.0 0
cell 39.06310216800829 6.298336614334297 0.0 1.0 1.0 1 0 0 0.0 1.0 0
cell 39.642920245106374 17.56875451044472 0.0 1.0 1.0 1 0 0 0.0 1.0 0
cell 8.621853877481172 12.15996832320719 0.0 1.0 1.0 1 0 0 0.0 1.0 0
cell 22.936835298966333 38.88804657304967 0.0 1.0 1.0 1 0 0 0.0 1.0 0
cell 31.956043694159547 18.27472326548135 0.0 1.0 1.0 1 0 0 0.0 1.0 0
cell 33.49830798206685 1.811886864545001 0.0 1.0 1.0 1 0 0 0.0 1.0 0
cell 6.927307995620646 2.7113932882911103 0.0 1.0 1.0 1 0 0 0.0 1.0 0
cell 24.622230525139635 33.7327422090599 0.0 1.0 1.0 1 0 0 0.0 1.0 0
cell 18.092116250760114 14.77200420371803 0.0 1.0 1.0 1 0 0 0.0 1.0 0
cell 25.477973871045727 35.59397900255529 0.0 1.0 1.0 1 0 0 0.0 1.0 0
cell 40.617720635701126 24.99646376219481 0.0 1.0 1.0 1 0 0 0.0 1.0 0
cell 42.55023161242535 34.40553401655279 0.0 1.0 1.0 1 0 0 0.0 1.0 0
cell 13.306782692565031 9.327531021646022 0.0 1.0 1.0 1 0 0 0.0 1.0 0
cell 9.765205264879675 28.839812832422734 0.0 1.0 1.0 1 0 0 0.0 1.0 0
cell 20.26225136526305 14.971279875405358 0.0 1.0 1.0 1 0 0 0.0 1.0 0
cell 10.657081957831284 34.82480994447749 0.0 1.0 1.0 1 0 0 0.0 1.0 0
cell 30.91195830072764 4.934119851226807 0.0 1.0 1.0 1 0 0 0.0 1.0 0
cell 5.407834326657793 37.514410013421276 0.0 1.0 1.0 1 0 0 0.0 1.0 0
cell 17.240783387510074 31.286855215684447 0.0 1.0 1.0 1 0 0 0.0 1.0 0
cell 43.971886481757565 32.92542237202312 0.0 1.0 1.0 1 0 0 0.0 1.0 0
cell 35.68159642157343 22.417544593798148 0.0 1.0 1.0 1 0 0 0.0 1.0 0
cell 37.0384610654472 5.939973879705854 0.0 1.0 1.0 1 0 0 0.0 1.0 0
