500
 Lattice="44.3113462726379 0.0 0.0 0.0 44.3113462726379 0.0 0.0 0.0 1.0"Properties=species:S:1:pos:R:3:aspherical_shape:R:3:orientation:R:4:Color:R:1
cell 9.940021642592633 8.061158367101582 0.0 2.23606797749979 0.4472135954999579 1 0 0 0.9315067917627453 0.363723929512312 2.397067580021039
cell 33.03201320482424 14.843157130762403 0.0 2.23606797749979 0.4472135954999579 1 0 0 0.9647034271309508 0.2633387508168867 2.6086296824586803
cell 22.09120044112716 28.238857424510062 0.0 2.23606797749979 0.4472135954999579 1 0 0 0.9831049554858599 0.1830427450054917 2.773431452199047
cell 43.340254804338564 33.54622929531943 0.0 2.23606797749979 0.4472135954999579 1 0 0 0.8921436037268008 0.4517519123693413 2.204136501308548
cell 33.50943215174742 37.13242742811643 0.0 2.23606797749979 0.4472135954999579 1 0 0 0.8838442037908704 0.4677813842226756 2.1680348196662007
cell 6.169677762292288 34.86238704225869 0.0 2.23606797749979 0.4472135954999579 1 0 0 0.9485761419773108 0.3165490528677044 2.49741417439367
cell 14.640979728853031 1.2372303979583508 0.0 2.23606797749979 0.4472135954999579 1 0 0 0.9787174659250729 0.20521238240711454 2.7282312474721957
cell 8.856276607041039 37.619170912927295 0.0 2.23606797749979 0.4472135954999579 1 0 0 0.9517151120853804 0.3069826467869344 2.517550719774015
cell 20.854260773637968 31.86442626030076 0.0 2.23606797749979 0.4472135954999579 1 0 0 0.98400828618532 0.17812269007240317 2.7834360509568903
cell 20.358837573474613 38.82723675227831 0.0 2.23606797749979 0.4472135954999579 1 0 0 0.9897279579268946 0.14296352436149273 2.854682546245514
cell 16.00620761580549 21.713792198726182 0.0 2.23606797749979 0.4472135954999579 1 0 0 0.9124443613063667 0.4092007912018457 2.2984366709689965
cell 5.993095450342705 7.728785707379739 0.0 2.23606797749979 0.4472135954999579 1 0 0 0.979410472541109 0.20187898919105368 2.735040588027695
cell 2.9843580352804255 43.365959527652514 0.0 2.23606797749979 0.4472135954999579 1 0 0 0.9615943624772885 0.2744745562923768 2.585506193477814
cell 27.713311811213607 8.691923414770084 0.0 2.23606797749979 0.4472135954999579 1 0 0 0.9140923279267963 0.4055061232896123 2.3065277493360075
cell 4.823887586578219 26.798964705368608 0.0 2.23606797749979 0.4472135954999579 1 0 0 0.8882333424756761 0.45939256558469493 2.186970234750812
cell 38.85091697926127 37.678641560734306 0.0 2.23606797749979 0.4472135954999579 1 0 0 0.8782616643149495 0.47818035195387837 2.1444293208134537
cell 36.87166150425588 35.67846433220398 0.0 2.23606797749979 0.4472135954999579 1 0 0 0.8817495571983427 0.47171783767473396 2.159116693613477
cell 32.36686792337907 9.313905251196315 0.0 2.23606797749979 0.4472135954999579 1 0 0 0.9455847597038574 0.3253758783557846 2.4787742339592724
cell 29.408853563626685 29.53875853118268 0.0 2.23606797749979 0.4472135954999579 1 0 0 0.9844905411547603 0.17543766521704254 2.788892032241554
cell 25.50124664281145 31.53158023621006 0.0 2.23606797749979 0.4472135954999579 1 0 0 0.9856482188649445 0.16881228820308805 2.80234357620976
cell 22.80175161278962 6.673828781766347 0.0 2.23606797749979 0.4472135954999579 1 0 0 0.9077452789764969 0.4195217616475714 2.275755825838978
cell 4.967948733504689 21.9636271250161 0.0 2.23606797749979 0.4472135954999579 1 0 0 0.8538922539792951 0.5204498233203264 2.0468373379121463
cell 5.4910285504061775 14.072915161914585 0.0 2.23606797749979 0.4472135954999579 1 0 0 0.9767191797231446 0.21452189622727916 2.7091880460333426
cell 24.552903525178 29.949091840865943 0.0 2.23606797749979 0.4472135954999579 1 0 0 0.9824764016628071 0.18638701718655828 2.7666257935232763
cell 10.244555251919152 6.264379364561135 0.0 2.23606797749979 0.4472135954999579 1 0 0 0.9861350340158297 0.16594485435408463 2.8081605073018987
cell 30.670645321902 5.431251674307424 0.0 2.23606797749979 0.4472135954999579 1 0 0 0.9096709762103764 0.41532964623352 2.284982348309667
cell 18.979109453645773 18.384823432610364 0.0 2.23606797749979 0.4472135954999579 1 0 0 0.9192105780302391 0.3937663180584568 2.3321419448457283
cell 39.80828280071995 41.68217040019923 0.0 2.23606797749979 0.4472135954999579 1 0 0 0.919289588707162 0.39358182388750734 2.332543346322145
cell 28.306410055712384 20.939836572564452 0.0 2.23606797749979 0.4472135954999579 1 0 0 0.9658449742291054 0.25912060079503285 2.6173694650125183
cell 26.628922809919153 3.6970704031870767 0.0 2.23606797749979 0.4472135954999579 1 0 0 0.8843646165311938 0.46679677058398183 2.17026218902577
cell 21.97518424202629 15.111566497184594 0.0 2.23606797749979 0.4472135954999579 1 0 0 0.9204516819694719 0.390856368963805 2.3384690772351653
cell 31.612619680696195 18.050521299311857 0.0 2.23606797749979 0.4472135954999579 1 0 0 0.9689570883538843 0.24722896458296095 2.641953864022544
cell 15.900160454944663 32.105430074053416 0.0 2.23606797749979 0.4472135954999579 1 0 0 0.954135947778483 0.2993736681086967 2.5335203585586625
cell 22.726653288597717 2.3233420700543252 0.0 2.23606797749979 0.4472135954999579 1 0 0 0.8909985072516052 0.45400623352043434 2.199079540483757
cell 17.95889442669132 29.92319728621277 0.0 2.23606797749979 0.4472135954999579 1 0 0 0.9741525064433108 0.22589133270272968 2.685876809643932
cell 28.629314143352303 23.433587441438014 0.0 2.23606797749979 0.4472135954999579 1 0 0 0.9789205471018682 0.20424143179526305 2.7302151699865185
cell 13.292556567430431 4.037184709600381 0.0 2.23606797749979 0.4472135954999579 1 0 0 0.9762437737042141 0.21667508925521428 2.7047779426021252
cell 10.439551753395016 15.385323547331778 0.0 2.23606797749979 0.4472135954999579 1 0 0 0.9286246893927088 0.37102046608010064 2.3813772931380273
cell 5.8278540693956735 22.62185379981875 0.0 2.23606797749979 0.4472135954999579 1 0 0 0.8688799746379848 0.49502281732572173 2.10587046948049
cell 12.158561672287039 19.69362875224887 0.0 2.23606797749979 0.4472135954999579 1 0 0 0.8625450152207773 0.505980332342858 2.080556363938061
cell 37.19209666143875 36.979668704665556 0.0 2.23606797749979 0.4472135954999579 1 0 0 0.8872696483946027 0.46125109326452357 2.1827831913933324
cell 0.6117721626626974 39.83631867867145 0.0 2.23606797749979 0.4472135954999579 1 0 0 0.9436389919145353 0.33097651417966134 2.4669162009182144
cell 12.727574500431713 10.013082969219976 0.0 2.23606797749979 0.4472135954999579 1 0 0 0.8758961057064114 0.4824997533764583 2.134579824339482
cell 27.644787316361086 6.662138321838414 0.0 2.23606797749979 0.4472135954999579 1 0 0 0.8939060927650148 0.44825427752290875 2.2119697220351737
cell 24.182167451219428 19.252896618133544 0.0 2.23606797749979 0.4472135954999579 1 0 0 0.9427783094064691 0.3334202443054109 2.4617344656636506
cell 7.1798942196916125 41.746612036756694 0.0 2.23606797749979 0.4472135954999579 1 0 0 0.9820047714141402 0.18885610638754088 2.7615983329709985
cell 11.034672813509788 20.097229809703435 0.0 2.23606797749979 0.4472135954999579 1 0 0 0.8723938710618719 0.488803573773435 2.1201570611547695
cell 16.847284339555173 17.38135662395372 0.0 2.23606797749979 0.4472135954999579 1 0 0 -0.8861333349168049 -0.46343037529840625 2.1778677131689292
cell 14.370718882125571 20.367459831796406 0.0 2.23606797749979 0.4472135954999579 1 0 0 0.8839828647665986 0.46751929885196986 2.168627830992811
cell 15.908978039051526 26.852107450290664 0.0 2.23606797749979 0.4472135954999579 1 0 0 0.9501957212828909 0.311653800322869 2.507726612225462
cell 16.97820978099525 26.815767799065856 0.0 2.23606797749979 0.4472135954999579 1 0 0 0.957532434640886 0.28832557397965464 2.556637278271522
cell 13.548627556157511 29.838697050507655 0.0 2.23606797749979 0.4472135954999579 1 0 0 0.9548101269289525 0.297216455658023 2.5380405732697784
cell 43.02933015191864 32.48506430064116 0.0 2.23606797749979 0.4472135954999579 1 0 0 0.8727294063925544 0.48820424334257867 2.1215307873895553
cell 9.25152884592263 38.22211481779729 0.0 2.23606797749979 0.4472135954999579 1 0 0 0.9566139387981595 0.29135849412205433 2.5502993771655813
cell 4.781960483920088 2.8541921567103503 0.0 2.23606797749979 0.4472135954999579 1 0 0 0.9870546564615255 0.16038424223601289 2.8194328090475267
cell 4.06768123860684 26.439568901950775 0.0 2.23606797749979 0.4472135954999579 1 0 0 0.8876864463720605 0.46044844763267784 2.1845920149005758
cell 37.22280337587737 2.225553999830922 0.0 2.23606797749979 0.4472135954999579 1 0 0 0.9418259579893975 0.33610097419875723 2.4560447235109253
cell 14.141060314596523 25.77602694595757 0.0 2.23606797749979 0.4472135954999579 1 0 0 0.9273164809111543 0.3742781642449274 2.3743561765826326
cell 25.2799598131856 19.26526542264112 0.0 2.23606797749979 0.4472135954999579 1 0 0 0.9543674465482076 0.2986348555829578 2.5350688231640266
cell 34.75001887698948 42.06974022067951 0.0 2.23606797749979 0.4472135954999579 1 0 0 0.8962274058454449 0.44359490192240064 2.2223809345672954
cell 18.77750185663546 19.46809839621074 0.0 2.23606797749979 0.4472135954999579 1 0 0 0.9318394673137872 0.3628707857576266 2.398899002798023
cell 0.5089867106799647 4.1351300047033455 0.0 2.23606797749979 0.4472135954999579 1 0 0 0.9741062181429353 0.22609085734559917 2.6854671625274498
cell 19.437945919970335 21.39493726244431 0.0 2.23606797749979 0.4472135954999579 1 0 0 0.943733901267191 0.33070579613760576 2.467489946660091
cell 5.231828804455908 29.693192233343286 0.0 2.23606797749979 0.4472135954999579 1 0 0 0.9007393227488326 0.434360072352391 2.2429372378651284
cell 21.82644552033038 6.411674292919079 0.0 2.23606797749979 0.4472135954999579 1 0 0 0.9069814472214702 0.4211705763654998 2.2721215281997296
cell 11.42258688343755 22.188894212255452 0.0 2.23606797749979 0.4472135954999579 1 0 0 0.8834405413904164 0.4685432849031218 2.166310364939091
cell 23.226127291895704 18.97142215290046 0.0 2.23606797749979 0.4472135954999579 1 0 0 0.9422223048887834 0.33498825079406663 2.45840713279149
cell 39.51478933385252 33.2082598498165 0.0 2.23606797749979 0.4472135954999579 1 0 0 0.8750865456057632 0.48396646340399724 2.131229226471713
cell 29.884160436456842 13.340167219583323 0.0 2.23606797749979 0.4472135954999579 1 0 0 0.9462855562279944 0.32333209873793123 2.4830954156081115
cell 26.595493420757673 19.34960013197179 0.0 2.23606797749979 0.4472135954999579 1 0 0 0.9531382101110919 0.30253520857286026 2.526889874827894
cell 0.47771660283893247 17.66785429086325 0.0 2.23606797749979 0.4472135954999579 1 0 0 0.9925706438546167 0.12166970435581602 2.8976488299534675
cell 31.97753553966535 18.660995901631466 0.0 2.23606797749979 0.4472135954999579 1 0 0 0.97149334680039 0.23706681995289267 2.6629016842698285
cell 13.466253501790426 30.766959363679298 0.0 2.23606797749979 0.4472135954999579 1 0 0 0.9603870055218761 0.27866969627988625 2.5767753422944573
cell 37.23620147653671 0.404826964327458 0.0 2.23606797749979 0.4472135954999579 1 0 0 0.9227457935125604 0.3854091339795611 2.3502903154871486
cell 43.86756641465434 8.67732954372819 0.0 2.23606797749979 0.4472135954999579 1 0 0 0.9729564355793865 0.2309886890405135 2.6754051928114304
cell 20.739303722758745 26.602450579688924 0.0 2.23606797749979 0.4472135954999579 1 0 0 0.9768069911816534 0.21412169899065664 2.7100074816508113
cell 12.485343211324682 34.971888318370475 0.0 2.23606797749979 0.4472135954999579 1 0 0 0.9571638140994433 0.28954694434341105 2.554085708644959
cell 4.236347182095022 31.903786418504158 0.0 2.23606797749979 0.4472135954999579 1 0 0 0.9101667425182358 0.4142420799650169 2.2873728167076726
cell 23.435668921838026 28.57418397578699 0.0 2.23606797749979 0.4472135954999579 1 0 0 0.9800845960236532 0.19858042359999298 2.7417740828513577
cell 29.623110743805217 1.7577786352195874 0.0 2.23606797749979 0.4472135954999579 1 0 0 0.8751078644689894 0.48392791358272047 2.13131733056129
cell 1.2735139050646476 37.44252125968323 0.0 2.23606797749979 0.4472135954999579 1 0 0 0.932590729156776 0.3609356339997935 2.403050729296729
cell 10.459397418810672 33.33067042919173 0.0 2.23606797749979 0.4472135954999579 1 0 0 0.9465127484886467 0.3226664174475983 2.4845021820052047
cell 4.471646774981855 2.18215993498323 0.0 2.23606797749979 0.4472135954999579 1 0 0 0.9835593636031724 0.1805850997965293 2.778430055988822
cell 39.57231880338316 15.130878914626065 0.0 2.23606797749979 0.4472135954999579 1 0 0 0.9657487135916376 0.2594791363406644 2.616626999257376
cell 21.05489371177438 27.134509164063026 0.0 2.23606797749979 0.4472135954999579 1 0 0 -0.9785296407449492 -0.20610614300296995 2.72640468090186
cell 13.341318063449501 36.603320453878915 0.0 2.23606797749979 0.4472135954999579 1 0 0 0.972938969386475 0.23106224669812223 2.675253987032567
cell 29.362515703091038 23.95747735873121 0.0 2.23606797749979 0.4472135954999579 1 0 0 0.9806084056573973 0.19597743429807787 2.7470844252057014
cell 24.54673271149633 22.1002332157298 0.0 2.23606797749979 0.4472135954999579 1 0 0 0.9563720319067628 0.2921515644088355 2.5486410895388216
cell 19.866910873406766 15.200115230670864 0.0 2.23606797749979 0.4472135954999579 1 0 0 0.9019876598879966 0.43176181096731553 2.2487024138700438
cell 34.80829384148742 23.931107460692143 0.0 2.23606797749979 0.4472135954999579 1 0 0 0.9871335792497701 0.15989776958274898 2.8204184752258934
cell 43.458642221973534 1.7359249340042386 0.0 2.23606797749979 0.4472135954999579 1 0 0 0.952085089210131 0.3058332599697699 2.5199656510819
cell 32.390397728300925 26.648601105100045 0.0 2.23606797749979 0.4472135954999579 1 0 0 0.9857310733927089 0.1683278080058606 2.8033266040611258
cell 15.97020791251987 22.905425219376532 0.0 2.23606797749979 0.4472135954999579 1 0 0 0.9267926059958079 0.3755735154021103 2.371561624836829
cell 29.665354330778527 7.587068657023646 0.0 2.23606797749979 0.4472135954999579 1 0 0 0.9199164773442181 0.3921143643257726 2.3357348522168313
cell 16.339392208143785 24.56608433845139 0.0 2.23606797749979 0.4472135954999579 1 0 0 0.926367866790428 0.3766199349186814 2.3693029550222695
cell 25.966298390676823 9.597670844883584 0.0 2.23606797749979 0.4472135954999579 1 0 0 0.9111983147639411 0.4119679977514682 2.2923670511644465
cell 7.0222632549305075 28.427826346649525 0.0 2.23606797749979 0.4472135954999579 1 0 0 0.8999830212239771 0.4359249493990477 2.2394611291625104
cell 2.684104147972933 13.411808966964864 0.0 2.23606797749979 0.4472135954999579 1 0 0 0.9655757485171707 0.26012203650499444 2.615295477489394
cell 40.73968462283711 8.461553543038105 0.0 2.23606797749979 0.4472135954999579 1 0 0 0.9707006966937479 0.24029181725200796 2.656259723141588
cell 8.419199491922825 2.947443098651497 0.0 2.23606797749979 0.4472135954999579 1 0 0 0.9780660278247957 0.20829509167290983 2.721929667915034
cell 43.795956403591326 2.1733548537146676 0.0 2.23606797749979 0.4472135954999579 1 0 0 0.9559478718093228 0.2935364822014913 2.545744257167114
cell 16.895712249200066 33.73653852487726 0.0 2.23606797749979 0.4472135954999579 1 0 0 0.9787916127733595 0.20485843591252456 2.728954506423246
cell 5.115592347608577 3.5915125513845694 0.0 2.23606797749979 0.4472135954999579 1 0 0 0.9840155915717236 0.178082327993967 2.7835180867063274
cell 29.019620186493324 12.230387455877105 0.0 2.23606797749979 0.4472135954999579 1 0 0 0.94286245616815 0.3331822155346282 2.462239394860906
cell 31.881937330758223 8.686334567400133 0.0 2.23606797749979 0.4472135954999579 1 0 0 0.9503745737175133 0.3111079710185111 2.508875381709626
cell 15.330495706012192 6.380588180415002 0.0 2.23606797749979 0.4472135954999579 1 0 0 0.8988070234764964 0.43834453863293527 2.2340806506976136
cell 5.721527519890655 40.9139259397545 0.0 2.23606797749979 0.4472135954999579 1 0 0 0.9616728306133633 0.27419950193259185 2.5860782499427666
cell 19.82444904190127 5.784987317622922 0.0 2.23606797749979 0.4472135954999579 1 0 0 0.8985969355912067 0.43877505324037375 2.233122569800921
cell 20.072969888156962 30.523452895218906 0.0 2.23606797749979 0.4472135954999579 1 0 0 0.9758305972591629 0.2185283630397334 2.700980396247787
cell 44.170973236796314 2.861475842634382 0.0 2.23606797749979 0.4472135954999579 1 0 0 0.961300931479596 0.27550048845049446 2.583372053227963
cell 2.8910819095795524 11.04828236449511 0.0 2.23606797749979 0.4472135954999579 1 0 0 0.958443901648285 0.2852810673585133 2.562993315141222
cell 16.504943139404585 41.27905643661326 0.0 2.23606797749979 0.4472135954999579 1 0 0 0.9915926938709482 0.1293983363948549 2.882068272031653
cell 35.85947471656095 12.678446002649993 0.0 2.23606797749979 0.4472135954999579 1 0 0 0.9663417215797454 0.2572618843402452 2.621217366223037
cell 30.341590036961787 14.058304909605162 0.0 2.23606797749979 0.4472135954999579 1 0 0 0.9497953307804495 0.31287190610161286 2.5051621672813007
cell 41.084319669600774 0.06617179818708507 0.0 2.23606797749979 0.4472135954999579 1 0 0 0.9448685983823564 0.32744973933561383 2.474386164528136
cell 42.49553006912806 39.82408357248234 0.0 2.23606797749979 0.4472135954999579 1 0 0 0.9317140849563175 0.3631925988976263 2.398208251225236
cell 41.22103135396655 36.99777052960949 0.0 2.23606797749979 0.4472135954999579 1 0 0 0.9012070779143962 0.43338874318214055 2.245093415375877
cell 15.439984461992841 9.438150862309106 0.0 2.23606797749979 0.4472135954999579 1 0 0 0.9080907973111707 0.41877333229178093 2.277404497375318
cell 22.812197120825637 18.495796250605892 0.0 2.23606797749979 0.4472135954999579 1 0 0 0.9345980342617668 0.3557056569047523 2.4142546600834374
cell 28.989699705198184 6.276440816938421 0.0 2.23606797749979 0.4472135954999579 1 0 0 0.9079418510917915 0.4190961644253156 2.2766934261720158
cell 41.04275303913794 10.887189762027168 0.0 2.23606797749979 0.4472135954999579 1 0 0 0.9702987291627743 0.24190985136018173 2.6529252889077037
cell 41.64530690061814 29.265089100912064 0.0 2.23606797749979 0.4472135954999579 1 0 0 0.8657820266770554 0.5004213047852485 2.093422003953896
cell 6.441197614659753 9.657181097390326 0.0 2.23606797749979 0.4472135954999579 1 0 0 0.9640246047711485 0.2658130196130938 2.603498285189645
cell 1.4986641575768016 42.76047121920829 0.0 2.23606797749979 0.4472135954999579 1 0 0 0.9571836328417551 0.2894814208543616 2.5542226189830033
cell 27.39323482934772 5.664484689339383 0.0 2.23606797749979 0.4472135954999579 1 0 0 0.8873760051044308 0.4610464462122024 2.1832444599311063
cell 20.193089432500123 15.956193446518304 0.0 2.23606797749979 0.4472135954999579 1 0 0 0.9093361051836851 0.41606231241169384 2.2833712140902422
cell 14.116325458243407 9.518242578236533 0.0 2.23606797749979 0.4472135954999579 1 0 0 0.8889625140183605 0.4579799653589185 2.1901496253016717
cell 8.484928207025932 19.071365424584098 0.0 2.23606797749979 0.4472135954999579 1 0 0 0.8774484379544429 0.47967096923965297 2.1410332774104055
cell 42.295384790037204 36.91102530100363 0.0 2.23606797749979 0.4472135954999579 1 0 0 0.9052069568176386 0.4249710170458096 2.2637329189351942
cell 5.352637850866392 19.452911976928068 0.0 2.23606797749979 0.4472135954999579 1 0 0 0.9250621141905983 0.3798158565531731 2.3623981981737914
cell 28.197656322296186 11.148561879779605 0.0 2.23606797749979 0.4472135954999579 1 0 0 0.9502271725448002 0.31155789278642027 2.507928477897947
cell 6.912125630073496 35.92136065746519 0.0 2.23606797749979 0.4472135954999579 1 0 0 0.9368356105353296 0.34976997989092246 2.42694152638284
cell 8.328106677332544 11.748623466427466 0.0 2.23606797749979 0.4472135954999579 1 0 0 0.9581395981933598 0.28630143271361236 2.5608637648058874
cell 44.157142922432996 41.31188653107014 0.0 2.23606797749979 0.4472135954999579 1 0 0 0.9529446219180117 0.30314443349258074 2.525611389153006
cell 19.482315032450376 14.407996591960984 0.0 2.23606797749979 0.4472135954999579 1 0 0 0.8910945871815973 0.4538176249284054 2.1995028822090887
cell 13.818720607187908 37.93447947301269 0.0 2.23606797749979 0.4472135954999579 1 0 0 0.9815100936065192 0.19141038673102834 2.756394850281559
cell 25.663027524728115 14.984963738959278 0.0 2.23606797749979 0.4472135954999579 1 0 0 0.9518658756441657 0.3065148524691189 2.518533697249445
cell 21.030616482773976 21.648517020754596 0.0 2.23606797749979 0.4472135954999579 1 0 0 -0.9301623757286588 -0.3671484097457287 2.3897097176665056
cell 29.932723695510248 2.8276624621297306 0.0 2.23606797749979 0.4472135954999579 1 0 0 0.8791769685152757 0.4764953914071887 2.1482643566410062
cell 8.150029651388305 0.2632956968627074 0.0 2.23606797749979 0.4472135954999579 1 0 0 0.9855063771805416 0.16963838167255715 2.800667211661262
cell 42.07120584155306 11.268679015951687 0.0 2.23606797749979 0.4472135954999579 1 0 0 0.972343039109277 0.23355730409416686 2.6701235102853778
cell 19.00161842871607 13.582009323270627 0.0 2.23606797749979 0.4472135954999579 1 0 0 0.8859333712687685 0.4638125285849386 2.1770050971527843
cell 29.544443632581423 12.92272724456405 0.0 2.23606797749979 0.4472135954999579 1 0 0 0.9424667426264868 0.33429992378554246 2.459868014582738
cell 26.331924509706557 26.771801894991192 0.0 2.23606797749979 0.4472135954999579 1 0 0 0.9839331264364041 0.17853739860623977 2.782593122351317
cell 39.602290262193364 4.110456159432974 0.0 2.23606797749979 0.4472135954999579 1 0 0 0.960155510219331 0.2794662702285487 2.575116282114419
cell 0.24393975055796552 41.90658665547328 0.0 2.23606797749979 0.4472135954999579 1 0 0 0.9488995395470436 0.3155783006599291 2.499460581907682
cell 1.836798502122535 9.462247153873049 0.0 2.23606797749979 0.4472135954999579 1 0 0 0.9736402091300352 0.22808933154626315 2.6813629866011137
cell 31.90150293533668 25.758783958865713 0.0 2.23606797749979 0.4472135954999579 1 0 0 0.986004249986658 0.16672018176647949 2.8065879462181265
cell 1.218998574127332 29.880661785521852 0.0 2.23606797749979 0.4472135954999579 1 0 0 0.8856672533157682 0.46432048889113525 2.1758582014354815
cell 8.597323952374474 37.235260582791355 0.0 2.23606797749979 0.4472135954999579 1 0 0 -0.9450058235002354 -0.3270535025812165 2.475224816544383
cell 34.96290713945527 2.023550135602568 0.0 2.23606797749979 0.4472135954999579 1 0 0 0.9016828711425655 0.43239796471317893 2.2472916158145444
cell 17.746791440611986 35.87012331616983 0.0 2.23606797749979 0.4472135954999579 1 0 0 0.9861640231687483 0.1657724929161303 2.8085100718101565
cell 3.206693807338203 15.908377953546635 0.0 2.23606797749979 0.4472135954999579 1 0 0 0.985394692087409 0.17028593836826456 2.799352976903357
cell 14.818463904296163 12.737504929381599 0.0 2.23606797749979 0.4472135954999579 1 0 0 0.9202642501386077 0.39129746985742975 2.337510535229879
cell 40.41471906581065 18.748387491351696 0.0 2.23606797749979 0.4472135954999579 1 0 0 0.9887984094765649 0.14925717877748904 2.8419586659029017
cell 41.84409102733889 31.080301624371884 0.0 2.23606797749979 0.4472135954999579 1 0 0 0.8607091521715301 0.5090969999598954 2.0733219947363546
cell 2.8647113764350625 24.51019219973359 0.0 2.23606797749979 0.4472135954999579 1 0 0 0.8323481866894131 0.5542530975239072 1.9666619456501533
cell 22.503544255871567 12.183556177123323 0.0 2.23606797749979 0.4472135954999579 1 0 0 0.8980497240339198 0.43989395672434556 2.23063147711261
cell 4.649553904468687 34.529989101180874 0.0 2.23606797749979 0.4472135954999579 1 0 0 0.925141314956534 0.37962290152267575 2.3628153523672344
cell 38.004520486711776 13.164462258011598 0.0 2.23606797749979 0.4472135954999579 1 0 0 0.9707758821629929 0.23998788846661168 2.6568859038253487
cell 33.59618130416625 22.4684807499654 0.0 2.23606797749979 0.4472135954999579 1 0 0 0.9850768205747402 0.17211524501438316 2.795639538553534
cell 38.21217109996469 40.02699742851734 0.0 2.23606797749979 0.4472135954999579 1 0 0 0.8923587279182765 0.4513268225001427 2.2050893492900157
cell 23.140101408464943 21.5215002868615 0.0 2.23606797749979 0.4472135954999579 1 0 0 0.9417926656765809 0.336194251702494 2.455846642004428
cell 29.24606333637288 0.6693789463651637 0.0 2.23606797749979 0.4472135954999579 1 0 0 0.8647500599140927 0.5022024829474394 2.0893049406598823
cell 3.897643062801136 33.34085543744071 0.0 2.23606797749979 0.4472135954999579 1 0 0 0.9176064442429758 0.39749014262464744 2.3240326570520025
cell 35.7057050544345 19.184423937294277 0.0 2.23606797749979 0.4472135954999579 1 0 0 0.9754957137389417 0.2200184366750948 2.697925913074298
cell 12.927611197258349 25.00670038429985 0.0 2.23606797749979 0.4472135954999579 1 0 0 0.9175801061957284 0.3975509385145958 2.3239001454227917
cell 34.01077521511598 15.168519183033084 0.0 2.23606797749979 0.4472135954999579 1 0 0 0.9641839693539106 0.265234374169219 2.604698664514308
cell 3.4088295354153697 37.368056009076724 0.0 2.23606797749979 0.4472135954999579 1 0 0 0.9510020073479274 0.3091847053465173 2.5129214292631983
cell 12.522175851365342 16.080178443503996 0.0 2.23606797749979 0.4472135954999579 1 0 0 0.9214008101566397 0.3886136217925051 2.3433397084555354
cell 21.2204297156512 32.61761888184646 0.0 2.23606797749979 0.4472135954999579 1 0 0 0.9852278931171501 0.17124835363863056 2.7973994517563816
cell 34.615024114202356 5.430857605664936 0.0 2.23606797749979 0.4472135954999579 1 0 0 0.9528734435244786 0.303368094277896 2.5251419617961264
cell 22.958475610790924 12.87684973374558 0.0 2.23606797749979 0.4472135954999579 1 0 0 0.9122163480740078 0.409708840893775 2.2973229303679337
cell 9.661687162189784 39.424924847161094 0.0 2.23606797749979 0.4472135954999579 1 0 0 -0.9741561237882873 -0.22587573239677397 2.6859088380519847
cell 6.7252241951861205 37.09141502230941 0.0 2.23606797749979 0.4472135954999579 1 0 0 0.9392883459907437 0.34312884327315424 2.4411007376788283
cell 24.499228679111848 25.131530055236016 0.0 2.23606797749979 0.4472135954999579 1 0 0 0.9792517222511766 0.20264763622629406 2.7334708492583952
cell 31.76453004823436 42.192812502758784 0.0 2.23606797749979 0.4472135954999579 1 0 0 0.8757625271650155 0.48274216307833057 2.134026269678144
cell 11.644332333794127 40.84231311872405 0.0 2.23606797749979 0.4472135954999579 1 0 0 0.9893833846929319 0.14532899949273023 2.84990166514217
cell 36.70591776017164 25.423070224790845 0.0 2.23606797749979 0.4472135954999579 1 0 0 0.9867719186298908 0.1621147143336603 2.8159259727811046
cell 11.852161158689524 24.02648169475545 0.0 2.23606797749979 0.4472135954999579 1 0 0 0.9037477799113309 0.42806535751604635 2.2568906527593606
cell 19.01208566839809 20.24814995699214 0.0 2.23606797749979 0.4472135954999579 1 0 0 0.931576124370329 0.36354631686094313 2.397448910662403
cell 32.159607574083985 43.25363695233401 0.0 2.23606797749979 0.4472135954999579 1 0 0 0.877462781039414 0.47964473091088716 2.1410930828945345
cell 9.468362570824308 19.325142380922003 0.0 2.23606797749979 0.4472135954999579 1 0 0 0.8889976303598113 0.45791179632614876 2.1903029898930026
cell 15.364303330524056 38.161030546958024 0.0 2.23606797749979 0.4472135954999579 1 0 0 0.9855234208692497 0.1695393373768215 2.8008682117592825
cell 12.805488246838433 35.496686230868264 0.0 2.23606797749979 0.4472135954999579 1 0 0 0.9632627329401573 0.2685608075067159 2.5977953762812573
cell 13.609458252717888 31.353165453311345 0.0 2.23606797749979 0.4472135954999579 1 0 0 0.9580739923478576 0.28652089834187866 2.5604056412889893
cell 25.93498684431172 26.117451579861694 0.0 2.23606797749979 0.4472135954999579 1 0 0 0.9814531240150534 0.1917022831400091 2.755800042586318
cell 15.796760845736042 15.855392290741335 0.0 2.23606797749979 0.4472135954999579 1 0 0 0.878556824101096 0.4776378406548165 2.1456645338656717
cell 33.73017480257492 28.430405767341686 0.0 2.23606797749979 0.4472135954999579 1 0 0 0.9851050038732773 0.17195386399796425 2.795967185502776
cell 43.943521613792626 39.66487204376069 0.0 2.23606797749979 0.4472135954999579 1 0 0 0.9452496533525705 0.32634811603078884 2.476717496293385
cell 39.843485801614115 10.61543090512793 0.0 2.23606797749979 0.4472135954999579 1 0 0 0.9666822114191004 0.25597949551844523 2.6238710087605677
cell 34.99557962686457 44.01577232215495 0.0 2.23606797749979 0.4472135954999579 1 0 0 0.9055346478744231 0.42427231997732856 2.265276368385948
cell 39.402648572583466 18.072958062536454 0.0 2.23606797749979 0.4472135954999579 1 0 0 0.9780470134931949 0.20838435497186958 2.721747135930405
cell 44.228777038348326 33.70651121681717 0.0 2.23606797749979 0.4472135954999579 1 0 0 0.8978095290737981 0.44038397961811104 2.2295400265866157
cell 21.649865609766042 10.641805522016178 0.0 2.23606797749979 0.4472135954999579 1 0 0 0.8898393538921093 0.45627395746949384 2.193985931968812
cell 33.715983601530525 2.171143386081828 0.0 2.23606797749979 0.4472135954999579 1 0 0 0.9163641896398081 0.40034569055477265 2.3178045407021277
cell 22.145391504812544 35.15661537563053 0.0 2.23606797749979 0.4472135954999579 1 0 0 0.9933373251948875 0.11524304046087308 2.9105933199513894
cell 6.9254011384230125 41.16929043970959 0.0 2.23606797749979 0.4472135954999579 1 0 0 0.977540029759961 0.21074982850976293 2.7169087475960314
cell 17.545145969699547 18.946353574548247 0.0 2.23606797749979 0.4472135954999579 1 0 0 0.8991411524573878 0.4376587574327748 2.2356063479920807
cell 37.734764451391165 42.97707353501373 0.0 2.23606797749979 0.4472135954999579 1 0 0 0.9047621743689624 0.42591713728276664 2.261642010014194
cell 29.85033090872845 30.542348074171425 0.0 2.23606797749979 0.4472135954999579 1 0 0 0.9881735907516103 0.15333934440015434 2.8336992473161233
cell 13.679772464002703 18.334183574160175 0.0 2.23606797749979 0.4472135954999579 1 0 0 0.8531362684491185 0.5216881323709727 2.0439356668101953
cell 38.418156811199474 3.1299080926467733 0.0 2.23606797749979 0.4472135954999579 1 0 0 0.9522331671706026 0.30537189677546184 2.5209347394866044
cell 39.404012374536954 14.274467637056242 0.0 2.23606797749979 0.4472135954999579 1 0 0 0.9681774350719 0.2502647682307617 2.6356852210846697
cell 35.0154530056535 5.924460327504208 0.0 2.23606797749979 0.4472135954999579 1 0 0 0.9523454874533116 0.30502142961981255 2.5216707913180008
cell 31.890355914778855 14.775319980854587 0.0 2.23606797749979 0.4472135954999579 1 0 0 0.964347190561424 0.2646403144955215 2.6059308139703408
cell 7.457379020128561 42.45903248041411 0.0 2.23606797749979 0.4472135954999579 1 0 0 -0.9854249669337439 -0.17011065382165155 2.7997087365901425
cell 43.38591687632777 14.648458488580179 0.0 2.23606797749979 0.4472135954999579 1 0 0 0.9663828957949071 0.2571071735970231 2.6215375582286664
cell 16.971425438184024 6.068953519414042 0.0 2.23606797749979 0.4472135954999579 1 0 0 0.885007633301163 0.46557651250752985 2.1730208123354906
cell 17.169303129952954 18.234444067073614 0.0 2.23606797749979 0.4472135954999579 1 0 0 0.8950397334408011 0.4459864073738342 2.217040571919969
cell 26.11677225813554 15.739041766018083 0.0 2.23606797749979 0.4472135954999579 1 0 0 0.9479781827877687 0.3183353027208886 2.493646817346865
cell 24.752460080154254 2.9942491779546674 0.0 2.23606797749979 0.4472135954999579 1 0 0 0.897096175550361 0.4418353220521373 2.226305668115342
cell 6.546269359278722 31.077550044457233 0.0 2.23606797749979 0.4472135954999579 1 0 0 0.9093635570124079 0.41600230910145336 2.283503183785879
cell 33.18222745324242 10.385711397973878 0.0 2.23606797749979 0.4472135954999579 1 0 0 0.9482613826833015 0.3174907087011418 2.495428436039512
cell 27.091605194771077 4.607924795798466 0.0 2.23606797749979 0.4472135954999579 1 0 0 0.8765865908414884 0.4812441675042899 2.1374456686865995
cell 19.803522794904197 9.994089974469988 0.0 2.23606797749979 0.4472135954999579 1 0 0 0.910901228183117 0.41262446909325295 2.290925919551365
cell 17.856483361063887 9.460877137814013 0.0 2.23606797749979 0.4472135954999579 1 0 0 0.9068625826191195 0.42142645413568985 2.2715572508654427
cell 19.444203533369777 30.112070564617596 0.0 2.23606797749979 0.4472135954999579 1 0 0 0.9705361448240449 0.24095558011816282 2.654892011946146
cell 42.51096362650552 1.452135629548373 0.0 2.23606797749979 0.4472135954999579 1 0 0 0.9491852650958738 0.3147178617823841 2.501273859831831
cell 12.690450558153234 6.86185703705816 0.0 2.23606797749979 0.4472135954999579 1 0 0 0.936788592385697 0.34989588905276436 2.4266727229345157
cell 3.5304605223725702 0.26398023101252016 0.0 2.23606797749979 0.4472135954999579 1 0 0 0.9664403143356216 0.2568912587591584 2.6219843964823357
cell 30.1809547859985 31.634878489756208 0.0 2.23606797749979 0.4472135954999579 1 0 0 0.9821310204478753 0.18819845555693368 2.7629376513801542
cell 32.0075325204975 21.28414358148883 0.0 2.23606797749979 0.4472135954999579 1 0 0 0.9773836139755699 0.2114740436366933 2.715426919707518
cell 28.729345331219918 11.807372879233515 0.0 2.23606797749979 0.4472135954999579 1 0 0 0.946711836394471 0.32208182008708364 2.485737317755295
cell 30.117488776010447 24.563455897546735 0.0 2.23606797749979 0.4472135954999579 1 0 0 0.9824839047692996 0.18634746273901825 2.7667063131091534
cell 25.73714463563475 3.308961826253877 0.0 2.23606797749979 0.4472135954999579 1 0 0 0.8995433261968844 0.436831551395553 2.2374459279489205
cell 9.641531434829558 23.342015113752005 0.0 2.23606797749979 0.4472135954999579 1 0 0 0.8925834303493307 0.45088226829830147 2.206085581443736
cell 34.472167941465706 39.44222611242275 0.0 2.23606797749979 0.4472135954999579 1 0 0 0.8894655643166235 0.4570021990044583 2.1923487949343476
cell 28.54472377902014 44.15135206707332 0.0 2.23606797749979 0.4472135954999579 1 0 0 0.879969224705068 0.4750306975048681 2.151594821316425
cell 2.293893718425583 6.554093509508457 0.0 2.23606797749979 0.4472135954999579 1 0 0 0.9756798356014568 0.21920049817624587 2.6996027246788983
cell 7.441842208471421 18.696044369137383 0.0 2.23606797749979 0.4472135954999579 1 0 0 0.8651790717315494 0.5014630333710896 2.091014720598929
cell 18.293518883634356 12.989717780668862 0.0 2.23606797749979 0.4472135954999579 1 0 0 0.8901393025320197 0.45568851432509194 2.195301550268342
cell 9.099744135072093 1.668342531025192 0.0 2.23606797749979 0.4472135954999579 1 0 0 0.9837615151140883 0.17948058775375564 2.7806757738860375
cell 40.389224802378564 22.928955117213032 0.0 2.23606797749979 0.4472135954999579 1 0 0 0.9555592998343425 0.2947989560702363 2.5431024178815353
cell 21.68438151580412 21.89528294895049 0.0 2.23606797749979 0.4472135954999579 1 0 0 0.9332825030686815 0.3591431044386852 2.406893496272943
cell 15.679177677524923 38.880564896973574 0.0 2.23606797749979 0.4472135954999579 1 0 0 0.9879289285345928 0.1549078182807165 2.830524364361664
cell 36.32321850563354 41.335101588571526 0.0 2.23606797749979 0.4472135954999579 1 0 0 0.8904722404013196 0.4550375688606982 2.1967638466079986
cell 42.25743405223524 24.79881626324191 0.0 2.23606797749979 0.4472135954999579 1 0 0 0.4283845189534139 -0.9035965382409631 5.397776940814166
cell 40.64789786270494 39.68616811718967 0.0 2.23606797749979 0.4472135954999579 1 0 0 0.912394242072767 0.4093125297770165 2.2981917428425875
cell 7.761085847421149 5.103303891717371 0.0 2.23606797749979 0.4472135954999579 1 0 0 0.9794873515407915 0.20150565295198522 2.7358029274002926
cell 20.688444737063158 24.355443225919185 0.0 2.23606797749979 0.4472135954999579 1 0 0 0.9574141296172031 0.2887181747125274 2.555817201649647
cell 37.33020153614874 8.659513454449911 0.0 2.23606797749979 0.4472135954999579 1 0 0 -0.9647086708487861 -0.26331954046209427 2.6086695087971012
cell 8.079677226262763 16.022745365393956 0.0 2.23606797749979 0.4472135954999579 1 0 0 0.9476538438004418 0.31929953387101545 2.491612179709512
cell 42.56791892418032 8.421399890755364 0.0 2.23606797749979 0.4472135954999579 1 0 0 0.9721711783497727 0.23427163717790167 2.668654077878687
cell 43.3768647614663 16.972699408244214 0.0 2.23606797749979 0.4472135954999579 1 0 0 0.9829486488165264 0.18388027025693904 2.7717274799391807
cell 24.79190873642943 8.447124962858199 0.0 2.23606797749979 0.4472135954999579 1 0 0 0.889387747023103 0.45715362346280164 2.1920082959016005
cell 32.43378617323919 4.387457698379222 0.0 2.23606797749979 0.4472135954999579 1 0 0 0.9164980535126654 0.40003914546890956 2.318473538242232
cell 6.6170663065830935 35.502249593736096 0.0 2.23606797749979 0.4472135954999579 1 0 0 0.9343255459441734 0.3564207824974891 2.4127240987155796
cell 13.28861203297955 29.368166072575352 0.0 2.23606797749979 0.4472135954999579 1 0 0 0.9501619355678274 0.31175679013936464 2.507509832366105
cell 28.84075986915261 28.652177190859973 0.0 2.23606797749979 0.4472135954999579 1 0 0 0.983931537298303 0.1785461562448159 2.7825753210487427
cell 41.41956009109818 19.431902066222328 0.0 2.23606797749979 0.4472135954999579 1 0 0 0.9900332700157104 0.1408336758804497 2.85898578772597
cell 19.6350439811216 24.30810108435062 0.0 2.23606797749979 0.4472135954999579 1 0 0 0.9510739815406537 0.308963236706907 2.513387170148217
cell 37.17435951730668 38.643908401161404 0.0 2.23606797749979 0.4472135954999579 1 0 0 0.8834572775611067 0.46851172741385844 2.1663818065106897
cell 12.126985310254813 42.313119650975736 0.0 2.23606797749979 0.4472135954999579 1 0 0 0.9924715497602448 0.1224753971885699 2.8960253021693183
cell 8.993204244333963 32.21839957166366 0.0 2.23606797749979 0.4472135954999579 1 0 0 0.9373303215044739 0.34844205886821333 2.429775684826956
cell 43.892016619443645 27.078783072311225 0.0 2.23606797749979 0.4472135954999579 1 0 0 0.8418754514017877 0.5396718672740283 2.001498060176028
cell 11.860230562021746 41.51871130090817 0.0 2.23606797749979 0.4472135954999579 1 0 0 0.9917769088339746 0.12797876036173345 2.8849312296746
cell 14.061948761171617 19.365030837283463 0.0 2.23606797749979 0.4472135954999579 1 0 0 0.8833254814060578 0.46876016671508697 2.1658193393973333
cell 3.6548802118915775 6.837359407432422 0.0 2.23606797749979 0.4472135954999579 1 0 0 0.9767966640045783 0.21416880536046098 2.7099110314426635
cell 23.834371092681128 6.865320912729532 0.0 2.23606797749979 0.4472135954999579 1 0 0 0.8915236281776999 0.4529741939679016 2.201395448750368
cell 34.35864284783879 23.117961521437106 0.0 2.23606797749979 0.4472135954999579 1 0 0 0.9865595194972354 0.16340230870273498 2.8133159820588887
cell 37.898755393908054 21.260843931690683 0.0 2.23606797749979 0.4472135954999579 1 0 0 0.9907006494597796 0.13605963089752526 2.8686267307955293
cell 17.268186799777833 27.322016049778163 0.0 2.23606797749979 0.4472135954999579 1 0 0 0.9642977781726226 0.2648203070222212 2.6055575103730586
cell 9.302843445564159 27.56546451884792 0.0 2.23606797749979 0.4472135954999579 1 0 0 0.8981170028161122 0.4397565795444151 2.230937411250258
cell 27.119747081253276 16.736567034421252 0.0 2.23606797749979 0.4472135954999579 1 0 0 0.9472420747681535 0.3205190349868848 2.4890378938386037
cell 10.592669566204194 34.840903057586374 0.0 2.23606797749979 0.4472135954999579 1 0 0 0.9435667810752207 0.3311823208617066 2.4664799863110423
cell 6.611003622249382 8.517303761403095 0.0 2.23606797749979 0.4472135954999579 1 0 0 0.9742611367556694 0.22542235338925648 2.6868396017205596
cell 0.9988111950553504 33.62017469703561 0.0 2.23606797749979 0.4472135954999579 1 0 0 0.9023450819691436 0.4310143304416912 2.250359492889946
cell 17.441080026737595 35.12458575166809 0.0 2.23606797749979 0.4472135954999579 1 0 0 0.9811387051956846 0.1933050469256703 2.752533416473854
cell 33.14952372814103 27.469678572357534 0.0 2.23606797749979 0.4472135954999579 1 0 0 0.9877446847659851 0.15607830636108522 2.8281545641364794
cell 7.9635708836871855 31.492270723647415 0.0 2.23606797749979 0.4472135954999579 1 0 0 0.9179702184409179 0.39664931369603246 2.32586495071077
cell 22.109202639293958 11.40162792770101 0.0 2.23606797749979 0.4472135954999579 1 0 0 0.891962490437014 0.4521094067296097 2.2033349921232968
cell 28.326595787248493 10.332313275835144 0.0 2.23606797749979 0.4472135954999579 1 0 0 0.9379513377859416 0.34676690722380404 2.4333488039699893
cell 43.48929134647365 13.541635901198502 0.0 2.23606797749979 0.4472135954999579 1 0 0 0.9636975713863195 0.2669962376216368 2.601043122563849
cell 0.14497687036535845 3.439600006282238 0.0 2.23606797749979 0.4472135954999579 1 0 0 0.9695012903979945 0.24508620507205947 2.646375436673569
cell 21.00551257466765 9.995987027965437 0.0 2.23606797749979 0.4472135954999579 1 0 0 0.8927679989780486 0.4505167033537504 2.2069046133350203
cell 1.352774906612798 35.26332211632195 0.0 2.23606797749979 0.4472135954999579 1 0 0 0.9175234748341088 0.3976816228194894 2.3236152910831813
cell 24.405399178883982 7.580672255277572 0.0 2.23606797749979 0.4472135954999579 1 0 0 -0.8906919521932231 -0.45460735398608026 2.1977299896913607
cell 30.714858057173867 14.523001787300187 0.0 2.23606797749979 0.4472135954999579 1 0 0 0.9529090092669238 0.3032563602926241 2.5253764775142877
cell 39.97423099432311 4.620625762433416 0.0 2.23606797749979 0.4472135954999579 1 0 0 0.9616320425353978 0.2743425136015177 2.585780820927411
cell 35.47911050601732 15.951211293847313 0.0 2.23606797749979 0.4472135954999579 1 0 0 0.9668264585467283 0.2554341383879442 2.6249992315081774
cell 2.8394874004529673 12.233496800448206 0.0 2.23606797749979 0.4472135954999579 1 0 0 0.9651925565652009 0.2615403004340469 2.61235724058084
cell 34.69610308018229 12.615093426986174 0.0 2.23606797749979 0.4472135954999579 1 0 0 0.9617918758330382 0.27378164215587175 2.5869472230385475
cell 37.2423628433511 10.38698729258758 0.0 2.23606797749979 0.4472135954999579 1 0 0 0.9621867262247183 0.27239071914615404 2.5898389865247133
cell 40.398033540749765 5.267128067368027 0.0 2.23606797749979 0.4472135954999579 1 0 0 0.9602201289355586 0.27924416553793757 2.5755789097068384
cell 20.535904991781827 31.21714933383425 0.0 2.23606797749979 0.4472135954999579 1 0 0 0.9786744311413393 0.2054175207478071 2.7278120399742
cell 43.23673619099911 15.811900360990782 0.0 2.23606797749979 0.4472135954999579 1 0 0 0.9662656878956662 0.25754731680899906 2.620626594470266
cell 21.752563952879832 34.24530064102391 0.0 2.23606797749979 0.4472135954999579 1 0 0 0.990168483705042 0.13987985515169074 2.8609125018159864
cell 34.134632489133985 4.823242682445837 0.0 2.23606797749979 0.4472135954999579 1 0 0 0.9439689870249132 0.33003416722387907 2.4689131131754407
cell 11.943362518421596 3.431049964431737 0.0 2.23606797749979 0.4472135954999579 1 0 0 0.9777931014685253 0.20957254285941734 2.7193171055157808
cell 16.263222567366547 32.54014705956162 0.0 2.23606797749979 0.4472135954999579 1 0 0 -0.9677782982412055 -0.2518038233493609 2.632505283097684
cell 16.617506004148616 33.207322802602526 0.0 2.23606797749979 0.4472135954999579 1 0 0 0.9768644268245534 0.2138595137110734 2.710544286920301
cell 27.94872439866321 16.94859007287713 0.0 2.23606797749979 0.4472135954999579 1 0 0 0.9554880333651503 0.2950298596684705 2.5426191151540745
cell 43.70379389303055 36.435120972452495 0.0 2.23606797749979 0.4472135954999579 1 0 0 0.9091157464144048 0.41654358670057506 2.28231256790784
cell 1.2378659459910284 5.393368937328999 0.0 2.23606797749979 0.4472135954999579 1 0 0 0.978284297330792 0.20726754110568882 2.724030621838299
cell 32.816453584512935 21.893893071732585 0.0 2.23606797749979 0.4472135954999579 1 0 0 0.9832018231315824 0.18252171101195716 2.7744913762902534
cell 12.490821194892446 1.0524554929649201 0.0 2.23606797749979 0.4472135954999579 1 0 0 0.9768933123137248 0.21372752830816935 2.710814505484372
cell 24.507016299861824 24.291094959016643 0.0 2.23606797749979 0.4472135954999579 1 0 0 0.979362852238798 0.20210988015108575 2.7345690868977957
cell 17.931735673718812 36.600442030107665 0.0 2.23606797749979 0.4472135954999579 1 0 0 0.9889646134327398 0.1481519266760696 2.8441940236754144
cell 25.452284058799076 14.464714206580373 0.0 2.23606797749979 0.4472135954999579 1 0 0 0.9507259798781115 0.3100324356979522 2.5111383555513354
cell 9.534021051453664 38.643738148147854 0.0 2.23606797749979 0.4472135954999579 1 0 0 0.9662906959864512 0.2574534731752898 2.620820831770493
cell 19.705984449451933 36.932060261922956 0.0 2.23606797749979 0.4472135954999579 1 0 0 0.9852492066163584 0.17112568732319652 2.7976484601113474
cell 14.301386026052857 32.346427245974056 0.0 2.23606797749979 0.4472135954999579 1 0 0 0.9541109766415922 0.2994532421798556 2.533353558193166
cell 12.99572239503011 27.79822880190065 0.0 2.23606797749979 0.4472135954999579 1 0 0 0.9308834721379926 0.36531624833877185 2.393647634224869
cell 9.395032670640495 9.92090794215818 0.0 2.23606797749979 0.4472135954999579 1 0 0 0.9578303833650674 0.2873342247326761 2.558707589231171
cell 26.445637929264752 16.20129551950247 0.0 2.23606797749979 0.4472135954999579 1 0 0 0.9468361249203536 0.3217162609284903 2.486509538288432
cell 32.35339810384877 0.20214475446586866 0.0 2.23606797749979 0.4472135954999579 1 0 0 0.8831777163368296 0.4690385073382168 2.1651890759000874
cell 36.548033343364395 7.49405552516159 0.0 2.23606797749979 0.4472135954999579 1 0 0 0.9580296056449614 0.2866692775791639 2.5600958892752796
cell 15.826909613591756 13.032098178479695 0.0 2.23606797749979 0.4472135954999579 1 0 0 0.9119241725425005 0.4103587497942207 2.295897801403139
cell 10.232569434469287 28.59710141429633 0.0 2.23606797749979 0.4472135954999579 1 0 0 0.913718175603541 0.4063484903032577 2.3046843045097942
cell 29.162758692011998 17.05970669339928 0.0 2.23606797749979 0.4472135954999579 1 0 0 0.9572191288801836 0.28936402559036695 2.554467907521434
cell 39.24751957306445 40.13370576810222 0.0 2.23606797749979 0.4472135954999579 1 0 0 0.90155103676029 0.4326727725619514 2.2466820269077683
cell 30.48951620596127 3.5413203034015184 0.0 2.23606797749979 0.4472135954999579 1 0 0 0.9001714559297246 0.4355357045402362 2.2403260434966636
cell 3.940489940064187 30.246239102149413 0.0 2.23606797749979 0.4472135954999579 1 0 0 0.8984324279348341 0.43911179947152307 2.2323730078092416
cell 25.219289921428516 25.59372880501506 0.0 2.23606797749979 0.4472135954999579 1 0 0 0.9791392304705783 0.2031904706266607 2.7323621137718264
cell 16.839695080980835 22.8964856567887 0.0 2.23606797749979 0.4472135954999579 1 0 0 0.9334409090304183 0.35873119372096207 2.407776135250668
cell 10.241569024704843 34.40049584978883 0.0 2.23606797749979 0.4472135954999579 1 0 0 0.9501077251443932 0.3119219623895472 2.507162150659279
cell 0.9571952776697279 36.72595011601143 0.0 2.23606797749979 0.4472135954999579 1 0 0 0.922601270847511 0.3857549676032153 2.349540681716278
cell 20.824353589684566 25.721114213740147 0.0 2.23606797749979 0.4472135954999579 1 0 0 0.9758627428740105 0.21838476840295618 2.701274693786371
cell 9.78703134508841 32.27644569114635 0.0 2.23606797749979 0.4472135954999579 1 0 0 0.9309460544400187 0.36515673856929126 2.393990328906231
cell 42.18905601047939 0.9879981394646737 0.0 2.23606797749979 0.4472135954999579 1 0 0 0.9520317382051063 0.30599929648638713 2.519616856273082
cell 2.002466308863142 14.938094841163737 0.0 2.23606797749979 0.4472135954999579 1 0 0 0.971238065721868 0.23811051991217086 2.660752751376398
cell 24.010440063327714 35.73965857939306 0.0 2.23606797749979 0.4472135954999579 1 0 0 0.9802884130193185 0.197571828204494 2.7438320489666923
cell 7.404027185123647 37.21737786519443 0.0 2.23606797749979 0.4472135954999579 1 0 0 0.9330364235064083 0.3597819234069028 2.4055243434788025
cell 25.845654893921278 32.486169585493265 0.0 2.23606797749979 0.4472135954999579 1 0 0 0.9877594088005399 0.15598509648683687 2.8283432954572247
cell 7.588845840988555 23.275448503310344 0.0 2.23606797749979 0.4472135954999579 1 0 0 0.8808870299055448 0.47332656860162386 2.155465957002259
cell 12.356910854113325 43.159722142875204 0.0 2.23606797749979 0.4472135954999579 1 0 0 0.9901072348748395 0.14031273444879927 2.8600381199586478
cell 26.153675644205236 33.54674004821926 0.0 2.23606797749979 0.4472135954999579 1 0 0 0.9920341713997989 0.12596905483139256 2.888983439812675
cell 17.04363487392482 28.890903366284558 0.0 2.23606797749979 0.4472135954999579 1 0 0 0.9739575234946443 0.22673055027538633 2.6841536677107825
cell 16.776835791781288 42.21566218372418 0.0 2.23606797749979 0.4472135954999579 1 0 0 0.9942084846030288 0.10746854955450479 2.9262396536697715
cell 3.2116479164177614 17.710490895586815 0.0 2.23606797749979 0.4472135954999579 1 0 0 0.4025601593336312 -0.91539353183059 5.454561472462386
cell 18.842292809882753 9.741212788555027 0.0 2.23606797749979 0.4472135954999579 1 0 0 0.9089835574966092 0.41683197118360366 2.2816780932562306
cell 40.678390293958095 36.309848679240815 0.0 2.23606797749979 0.4472135954999579 1 0 0 0.8796696582081392 0.47558521048070396 2.150334305962133
cell 42.903304302935595 11.820684051493838 0.0 2.23606797749979 0.4472135954999579 1 0 0 0.968289863002157 0.2498294242223359 2.6365844751056895
cell 9.711129820883333 12.196859414861567 0.0 2.23606797749979 0.4472135954999579 1 0 0 0.4082157364489113 -0.9128854870768146 5.442187958316257
cell 28.271767416523804 21.87648037475159 0.0 2.23606797749979 0.4472135954999579 1 0 0 0.9708554029382319 0.23966598963065958 2.657549055136255
cell 0.7873985339333677 9.005530293134525 0.0 2.23606797749979 0.4472135954999579 1 0 0 0.9739879165873495 0.22659995221057386 2.684421843732409
cell 39.07546910188803 31.76850558158187 0.0 2.23606797749979 0.4472135954999579 1 0 0 0.8747824961042514 0.4845158248288856 2.1299734492821174
cell 10.199091299831839 32.827559049874516 0.0 2.23606797749979 0.4472135954999579 1 0 0 0.9312994869169783 0.3642543969098698 2.3959285085259725
cell 40.74419645165403 5.874092440664095 0.0 2.23606797749979 0.4472135954999579 1 0 0 0.9647563478888617 0.263144806538426 2.6090317520541566
cell 41.227896787303585 33.89730383939281 0.0 2.23606797749979 0.4472135954999579 1 0 0 0.8693530876574098 0.4941914699592941 2.10778355540912
cell 21.196411476460305 2.542578542861199 0.0 2.23606797749979 0.4472135954999579 1 0 0 0.8993743208715772 0.4371794036282922 2.2366724579038175
cell 10.277646034668834 19.684254366054606 0.0 2.23606797749979 0.4472135954999579 1 0 0 0.8891983854973342 0.4575218368875242 2.1911801922461644
cell 9.712801523871777 28.149842448035333 0.0 2.23606797749979 0.4472135954999579 1 0 0 -0.9113935726304404 -0.4115358499182326 2.2933154759393535
cell 16.603763415353807 43.55192699745467 0.0 2.23606797749979 0.4472135954999579 1 0 0 0.9775885827802423 0.2105244945789382 2.7173697585563983
cell 6.404011249235897 33.8257668917976 0.0 2.23606797749979 0.4472135954999579 1 0 0 0.9307237860912101 0.36572289237077216 2.392773885965165
cell 40.37223597276635 42.29957669441895 0.0 2.23606797749979 0.4472135954999579 1 0 0 0.9383896060994221 0.3455791474677998 2.435880880245838
cell 1.0565667454220833 42.18735587562748 0.0 2.23606797749979 0.4472135954999579 1 0 0 0.9578038835195221 0.2874225473321844 2.5585231644670654
cell 14.914690602763393 22.080533758524076 0.0 2.23606797749979 0.4472135954999579 1 0 0 0.9003439216837478 0.4351790696795166 2.24111833854838
cell 7.963060432496458 43.855858834053265 0.0 2.23606797749979 0.4472135954999579 1 0 0 0.9891659332193696 0.1468017593840535 2.846924211699928
cell 31.858704415400492 19.591622625869075 0.0 2.23606797749979 0.4472135954999579 1 0 0 0.9738516405731559 0.22718490740577976 2.6832206047998275
cell 31.988230110141465 20.409222133983334 0.0 2.23606797749979 0.4472135954999579 1 0 0 0.9721876458718884 0.23420329035706494 2.668794683244234
cell 3.0542889780996294 36.817479173933535 0.0 2.23606797749979 0.4472135954999579 1 0 0 0.9363593239181702 0.3510430408247786 2.424223046390312
cell 5.364549726963792 40.438622469656934 0.0 2.23606797749979 0.4472135954999579 1 0 0 0.9579663387212051 0.2868806265279852 2.559654658804859
cell 12.100590734616452 24.962302498211084 0.0 2.23606797749979 0.4472135954999579 1 0 0 0.905401194243192 0.4245570367606711 2.264647485187825
cell 38.44597912778637 0.3713459732108745 0.0 2.23606797749979 0.4472135954999579 1 0 0 0.936686602028942 0.3501688301083842 2.42608997477857
cell 36.12194160035512 6.882352874266158 0.0 2.23606797749979 0.4472135954999579 1 0 0 0.9571380182906677 0.2896322046019978 2.5539075543809076
cell 32.7199047972032 9.758887441874801 0.0 2.23606797749979 0.4472135954999579 1 0 0 0.9458642422181179 0.3245625290959287 2.480494289237309
cell 41.096669149234756 6.554353174170125 0.0 2.23606797749979 0.4472135954999579 1 0 0 0.9687882721210751 0.24788966053601721 2.6405900193380365
cell 24.962684077711746 13.723599856118183 0.0 2.23606797749979 0.4472135954999579 1 0 0 0.9434201732468627 0.33159972362904594 2.4655951836692953
cell 37.07583332592371 20.577847997549082 0.0 2.23606797749979 0.4472135954999579 1 0 0 0.9880975661453585 0.15382847518459955 2.8327092399019067
cell 6.581412589179674 15.09555571001752 0.0 2.23606797749979 0.4472135954999579 1 0 0 0.4228196071170926 -0.9062138709142271 5.410076338076933
cell 6.372843318018882 10.875478209670062 0.0 2.23606797749979 0.4472135954999579 1 0 0 0.9540297790886382 0.29971182928287005 2.532811486858743
cell 5.732806920276906 12.522250714315943 0.0 2.23606797749979 0.4472135954999579 1 0 0 0.9507307397321584 0.31001783904856667 2.511169061797204
cell 41.49869269811455 7.1964355152860495 0.0 2.23606797749979 0.4472135954999579 1 0 0 0.972944568094142 0.23103867082396276 2.67530245010593
cell 34.707662800844346 40.72028211617834 0.0 2.23606797749979 0.4472135954999579 1 0 0 0.8948450090947796 0.44637698159533695 2.216167724175035
cell 23.743873123562853 2.678199415766476 0.0 2.23606797749979 0.4472135954999579 1 0 0 0.8903158646428889 0.45534345407086396 2.19607676832779
cell 36.31373631468258 34.49972934208288 0.0 2.23606797749979 0.4472135954999579 1 0 0 0.8803928100249487 0.47424518980836755 2.153379698810642
cell 3.93264489285359 39.75195305590932 0.0 2.23606797749979 0.4472135954999579 1 0 0 0.9488923752394136 0.3155998419082364 2.4994151791464234
cell 44.25064173866039 21.024343410407415 0.0 2.23606797749979 0.4472135954999579 1 0 0 0.38567409235411837 -0.9226350819727304 5.491308652140517
cell 5.747142752925757 26.951574747038457 0.0 2.23606797749979 0.4472135954999579 1 0 0 0.8891442288721852 0.4576270755356234 2.1909434804964127
cell 35.305675316897585 3.009822821403353 0.0 2.23606797749979 0.4472135954999579 1 0 0 0.9317691146511079 0.3630513971633913 2.398511343271345
cell 39.600561446679315 34.919438192987755 0.0 2.23606797749979 0.4472135954999579 1 0 0 0.8704182715118152 0.4923129417539052 2.1121025769068527
cell 8.478319522452054 23.479541160564917 0.0 2.23606797749979 0.4472135954999579 1 0 0 0.8786619665951187 0.47744439305451947 2.1461048833555356
cell 36.49902239924016 43.29599159795476 0.0 2.23606797749979 0.4472135954999579 1 0 0 0.8919089926629187 0.4522149365147261 2.203098361209034
cell 38.60360153641809 10.466970201896052 0.0 2.23606797749979 0.4472135954999579 1 0 0 0.963739259798948 0.2668457215736757 2.601355487763517
cell 9.327026625505574 26.264901227609485 0.0 2.23606797749979 0.4472135954999579 1 0 0 0.8882395024989186 0.45938065501332737 2.186997053221809
cell 33.49037811693199 10.825453041430688 0.0 2.23606797749979 0.4472135954999579 1 0 0 -0.9472443225522754 -0.32051239194839365 2.4890519198849255
cell 9.841723159042363 13.43907582427023 0.0 2.23606797749979 0.4472135954999579 1 0 0 0.9303929689469013 0.3665636688682752 2.390966849543554
cell 32.32576124411849 5.650410435352038 0.0 2.23606797749979 0.4472135954999579 1 0 0 0.9256213203234261 0.37845101580352153 2.365348114894855
cell 13.995621295987425 31.95002293938855 0.0 2.23606797749979 0.4472135954999579 1 0 0 0.9555150332816026 0.29494240314484765 2.5428021740409767
cell 21.805443162338644 16.223113297568435 0.0 2.23606797749979 0.4472135954999579 1 0 0 0.932622066945054 0.3608546525225014 2.40322439629582
cell 7.019247037082229 31.639410461493096 0.0 2.23606797749979 0.4472135954999579 1 0 0 0.914716974680462 0.4040951079033537 2.3096139434061285
cell 30.09536123191067 17.300126690941013 0.0 2.23606797749979 0.4472135954999579 1 0 0 0.9540943033746456 0.2995063609809475 2.533242210003043
cell 20.02922029136419 37.79247906500017 0.0 2.23606797749979 0.4472135954999579 1 0 0 0.988766125811075 0.1494708949881462 2.8415263842635183
cell 38.95402121504368 13.580267364098924 0.0 2.23606797749979 0.4472135954999579 1 0 0 0.9676201775997147 0.25241076027359927 2.631250891483929
cell 27.677122896140936 27.17622944160223 0.0 2.23606797749979 0.4472135954999579 1 0 0 0.9815397477524029 0.1912582640885072 2.756704822324065
cell 0.2494567583070449 6.63503194358687 0.0 2.23606797749979 0.4472135954999579 1 0 0 0.9789937336731166 0.2038903367714391 2.730932453727708
cell 13.787535034791638 12.42513219265988 0.0 2.23606797749979 0.4472135954999579 1 0 0 0.9268613797803387 0.37540375953323496 2.371927941031121
cell 41.8796989120273 42.01051177731325 0.0 2.23606797749979 0.4472135954999579 1 0 0 0.9421071434703193 0.33531198938033097 2.4577199098998435
cell 3.6082019179921034 38.96818469006887 0.0 2.23606797749979 0.4472135954999579 1 0 0 0.9377122623282407 0.3474128855976024 2.4319712043871666
cell 10.520650971749971 2.9901637168820403 0.0 2.23606797749979 0.4472135954999579 1 0 0 0.9774132759323649 0.21133690645782305 2.7157075364393193
cell 16.500459654565148 16.436283767840443 0.0 2.23606797749979 0.4472135954999579 1 0 0 0.8818196479029289 0.4715867985560608 2.1594139070555194
cell 6.776503515357161 22.895090459006056 0.0 2.23606797749979 0.4472135954999579 1 0 0 0.8826969358700808 0.46994267672299195 2.163140981932307
cell 11.91420309284859 22.862975609219415 0.0 2.23606797749979 0.4472135954999579 1 0 0 0.8966019361200337 0.4428374059920943 2.224070991434393
cell 31.947732535122938 2.96352927205666 0.0 2.23606797749979 0.4472135954999579 1 0 0 0.913068816974715 0.40780551181708463 2.3014939572809436
cell 18.335156720350447 5.978150959016282 0.0 2.23606797749979 0.4472135954999579 1 0 0 0.8970351435970403 0.44195921887866224 2.2260294412304855
cell 14.583510048807158 21.261657878910952 0.0 2.23606797749979 0.4472135954999579 1 0 0 0.8917128708947268 0.45260154206618003 2.2022313488600638
cell 0.8026887229824652 4.763943371685019 0.0 2.23606797749979 0.4472135954999579 1 0 0 0.9752348040437534 0.2211720528948941 2.6955604072808534
cell 27.127923689973425 10.36062552801561 0.0 2.23606797749979 0.4472135954999579 1 0 0 0.934532129348705 0.35587877039095106 2.41388419153272
cell 1.9963208359770575 30.21058700191689 0.0 2.23606797749979 0.4472135954999579 1 0 0 0.8885612716485183 0.4587579607226104 2.188398885715995
cell 6.722613569801208 29.884634582588046 0.0 2.23606797749979 0.4472135954999579 1 0 0 0.9084937486871629 0.41789844292165784 2.2793309462255116
cell 35.87166655134163 18.225451731622147 0.0 2.23606797749979 0.4472135954999579 1 0 0 0.9739182205066171 0.22689931636129756 2.6838071033346744
cell 24.105659327543002 29.190808276283494 0.0 2.23606797749979 0.4472135954999579 1 0 0 0.9793403637114687 0.20221882208510694 2.7343466092237474
cell 16.89160171137849 9.192785947567284 0.0 2.23606797749979 0.4472135954999579 1 0 0 0.9072311027771409 0.4206325310217611 2.273307817706909
cell 17.238841605865563 34.460460986276445 0.0 2.23606797749979 0.4472135954999579 1 0 0 0.9803008287623504 0.1975102152493612 2.743957751900891
cell 35.81207313744286 16.558335457275664 0.0 2.23606797749979 0.4472135954999579 1 0 0 0.9727400728761003 0.23189814708401402 2.673535511752098
cell 16.773836042305945 13.314467472750005 0.0 2.23606797749979 0.4472135954999579 1 0 0 0.9097614068902716 0.4151315243787607 2.2854179167997444
cell 28.11247747828919 20.191692923802883 0.0 2.23606797749979 0.4472135954999579 1 0 0 0.9645971349450391 0.2637278279890503 2.6078230125710804
cell 37.050672901198084 12.879770359905747 0.0 2.23606797749979 0.4472135954999579 1 0 0 0.9678195756728504 0.25164512501620967 2.6328332403349477
cell 13.386884080394154 25.72254791751478 0.0 2.23606797749979 0.4472135954999579 1 0 0 0.9302526060763793 0.36691973085145574 2.3902013905359625
cell 13.543970100843316 37.3127711041432 0.0 2.23606797749979 0.4472135954999579 1 0 0 0.9750777746070052 0.2218633215911328 2.6941426475332966
cell 1.8736516578356515 43.26981859089238 0.0 2.23606797749979 0.4472135954999579 1 0 0 0.9547526932118454 0.297400899132346 2.5376542157814486
cell 16.199444491854145 40.434922460443936 0.0 2.23606797749979 0.4472135954999579 1 0 0 0.9902361995123156 0.1393996742299119 2.861882366039068
cell 11.221325924549934 28.466372488717727 0.0 2.23606797749979 0.4472135954999579 1 0 0 0.9172026715991409 0.39842095729441546 2.3220034223335153
cell 17.108692719899693 28.22164808677795 0.0 2.23606797749979 0.4472135954999579 1 0 0 0.9728104107481195 0.23160290313395263 2.674142525448797
cell 13.040140998400659 43.9497082426517 0.0 2.23606797749979 0.4472135954999579 1 0 0 0.9891658047600866 0.14680262495381366 2.846922461599591
cell 9.676925079692914 30.772415014691326 0.0 2.23606797749979 0.4472135954999579 1 0 0 0.9319237766433297 0.36265420792654984 2.399363821129008
cell 31.229636095607347 17.364612696571378 0.0 2.23606797749979 0.4472135954999579 1 0 0 0.9619089552471168 0.27337000899037944 2.5878031423219605
cell 12.160482550174013 29.34359324655688 0.0 2.23606797749979 0.4472135954999579 1 0 0 0.9420317021039365 0.3355238772891734 2.457270074881693
cell 39.755370086424854 15.950092869632288 0.0 2.23606797749979 0.4472135954999579 1 0 0 0.9670687094032675 0.25451544411508437 2.626899425932317
cell 25.106241520999173 30.67902996530173 0.0 2.23606797749979 0.4472135954999579 1 0 0 0.9832170355278248 0.18243974634896898 2.7746581050877928
cell 15.9576419156343 39.644522325146944 0.0 2.23606797749979 0.4472135954999579 1 0 0 0.9886916177956871 0.1499629450916021 2.8405310657139484
cell 13.570942056350795 16.428806054858033 0.0 2.23606797749979 0.4472135954999579 1 0 0 0.92696997280193 0.37513553487185014 2.3725066876558114
cell 28.134107902353396 27.91658494918353 0.0 2.23606797749979 0.4472135954999579 1 0 0 0.9801035333891727 0.1984869361899135 2.7419648551728626
cell 33.97216284793755 11.461556302116358 0.0 2.23606797749979 0.4472135954999579 1 0 0 0.9500344890257689 0.3121449497613986 2.5066927386980797
cell 19.797128017519807 21.78380361906961 0.0 2.23606797749979 0.4472135954999579 1 0 0 0.9364404504328917 0.3508265708196044 2.4246853916066557
cell 28.23302645682138 22.728181973847203 0.0 2.23606797749979 0.4472135954999579 1 0 0 0.9752197630107509 0.22123836428896065 2.6954244156096583
cell 2.5271283454426663 10.163531227249756 0.0 2.23606797749979 0.4472135954999579 1 0 0 0.9667576524458125 0.2556944298131301 2.6244607673738605
cell 11.49160075941144 15.77837544841662 0.0 2.23606797749979 0.4472135954999579 1 0 0 0.9244995139998503 0.38118322184225345 2.3594410324992285
cell 21.73004427450213 27.670642986119855 0.0 2.23606797749979 0.4472135954999579 1 0 0 0.980585905346591 0.19608998504667843 2.7468548696785504
cell 30.761324003498274 7.7350072201198286 0.0 2.23606797749979 0.4472135954999579 1 0 0 0.9511837639152415 0.30862509176026837 2.5140982093202426
cell 20.229211452525764 19.898147183491965 0.0 2.23606797749979 0.4472135954999579 1 0 0 0.9426357483176988 0.33382307588531385 2.4608798383797965
cell 35.743375504421586 6.379084427129303 0.0 2.23606797749979 0.4472135954999579 1 0 0 0.9591143850127978 0.28301872104424947 2.567712535996864
cell 17.636751961148168 29.46047686826382 0.0 2.23606797749979 0.4472135954999579 1 0 0 0.9749630618952649 0.22236687689449117 2.6931097352316877
cell 23.592972070520208 21.92066266938059 0.0 2.23606797749979 0.4472135954999579 1 0 0 0.9543174704762005 0.29879452060555944 2.534734215768526
cell 31.30231838556619 40.97783096893691 0.0 2.23606797749979 0.4472135954999579 1 0 0 0.8667136149606687 0.49880608420688877 2.0971512372554018
cell 27.44780788378481 19.668988782999538 0.0 2.23606797749979 0.4472135954999579 1 0 0 0.9644438577497266 0.2642878076053172 2.606661856115291
cell 37.60574487373201 9.329337919877476 0.0 2.23606797749979 0.4472135954999579 1 0 0 0.9643230248862543 0.26472835827357927 2.6057482140063004
cell 8.693322253862878 25.651153855127063 0.0 2.23606797749979 0.4472135954999579 1 0 0 0.9067799808089978 0.42160415842829824 2.27116532293957
cell 33.402336555212216 0.38621431142154883 0.0 2.23606797749979 0.4472135954999579 1 0 0 0.907044556102782 0.4210346461329604 2.272421259806743
cell 2.8511820883339363 30.351739102214214 0.0 2.23606797749979 0.4472135954999579 1 0 0 0.8911448632387118 0.45371889174163527 2.199724475747815
cell 11.077285777990834 39.531835069861906 0.0 2.23606797749979 0.4472135954999579 1 0 0 0.9832184633478903 0.18243205127338044 2.7746737579288707
cell 36.9318322628221 8.021803710231117 0.0 2.23606797749979 0.4472135954999579 1 0 0 -0.9610098118693411 -0.27651426995881007 2.581262547430658
cell 36.189389146051134 24.42949681904885 0.0 2.23606797749979 0.4472135954999579 1 0 0 0.980825929005384 0.1948858563126773 2.7493105060964402
cell 9.08202266737981 5.576537456607019 0.0 2.23606797749979 0.4472135954999579 1 0 0 0.9827265588821902 0.18506353089566052 2.7693196345511613
cell 21.045159778314957 24.920014099021138 0.0 2.23606797749979 0.4472135954999579 1 0 0 0.968751918956716 0.24803169055118804 2.640296802163868
cell 4.114677171534838 1.523310533420233 0.0 2.23606797749979 0.4472135954999579 1 0 0 0.9779549866277031 0.20881581388872145 2.720864807773629
cell 24.71811114352195 11.915110835295687 0.0 2.23606797749979 0.4472135954999579 1 0 0 0.9186296000423906 0.3951198019916965 2.3291961311570417
cell 34.02924351157818 38.33741117354641 0.0 2.23606797749979 0.4472135954999579 1 0 0 0.8888766424165853 0.45814660815749575 2.1897746919507304
cell 21.53130993280696 33.37371446513076 0.0 2.23606797749979 0.4472135954999579 1 0 0 0.9871628495827185 0.15971696341881528 2.820784795421357
cell 35.765210346419956 17.459678700887707 0.0 2.23606797749979 0.4472135954999579 1 0 0 0.9749403515992336 0.2224664262839738 2.6929055212409696
cell 43.46636001521253 30.03988786479027 0.0 2.23606797749979 0.4472135954999579 1 0 0 0.859614780997296 0.5109426859159164 2.069030511691156
cell 20.857399942066447 6.117704401896624 0.0 2.23606797749979 0.4472135954999579 1 0 0 0.9025472718274542 0.43059078266588513 2.2512981588821654
cell 41.715329257420464 0.35557445765696516 0.0 2.23606797749979 0.4472135954999579 1 0 0 0.9513724402164041 0.3080429840082137 2.515322052763346
cell 40.48435997489955 43.8640603772536 0.0 2.23606797749979 0.4472135954999579 1 0 0 0.9461837731557534 0.3236298308511467 2.482466116932278
cell 24.62892676299901 23.53704772531215 0.0 2.23606797749979 0.4472135954999579 1 0 0 0.9756695350862569 0.2192463415990502 2.699508751916287
cell 17.753468777343727 24.0430255331007 0.0 2.23606797749979 0.4472135954999579 1 0 0 0.9376753537125547 0.34751249048060917 2.431758757889043
cell 3.3019696856357115 38.49579152487184 0.0 2.23606797749979 0.4472135954999579 1 0 0 0.9403937835895136 0.34008753547608744 2.4475726939639273
cell 4.329771816187986 4.783276145819839 0.0 2.23606797749979 0.4472135954999579 1 0 0 0.9794213862400597 0.20182603443460848 2.7351487234068395
cell 26.517754858686242 43.45779683719825 0.0 2.23606797749979 0.4472135954999579 1 0 0 0.8795196389556611 0.4758625901363792 2.149703607142344
cell 39.61479106647376 17.035593398950088 0.0 2.23606797749979 0.4472135954999579 1 0 0 0.9722213847759361 0.23406319442484136 2.669082885839003
cell 13.17826991997608 36.063108636470204 0.0 2.23606797749979 0.4472135954999579 1 0 0 0.9660108021208039 0.25850170248166837 2.6186509235970936
cell 18.50969404485915 24.414663436434182 0.0 2.23606797749979 0.4472135954999579 1 0 0 0.9378864205283207 0.34694244794860984 2.4329744843391676
cell 4.893099370844794 39.823206266340925 0.0 2.23606797749979 0.4472135954999579 1 0 0 0.9571046399409784 0.2897424860172394 2.5536771104199074
cell 24.830009607054315 22.62155524390826 0.0 2.23606797749979 0.4472135954999579 1 0 0 0.969630274712326 0.24457540833309316 2.647429097469654
cell 3.2533641955372996 25.981434190199124 0.0 2.23606797749979 0.4472135954999579 1 0 0 0.8695639547922134 0.49382034033251954 2.108637258287589
cell 22.10254378561515 17.040128530314373 0.0 2.23606797749979 0.4472135954999579 1 0 0 0.9428538076500317 0.33320668870813075 2.462187482123087
cell 34.98918133587742 15.378569831142903 0.0 2.23606797749979 0.4472135954999579 1 0 0 0.9629536350898649 0.269667010713612 2.5954982239911097
cell 3.2309513741502793 43.98637364234941 0.0 2.23606797749979 0.4472135954999579 1 0 0 -0.9659271247972497 -0.2588141989553865 2.61800391218614
cell 0.9508035264360374 28.589319547139628 0.0 2.23606797749979 0.4472135954999579 1 0 0 0.8610315843929522 0.5085514828193527 2.074589356565469
cell 42.279662050597146 20.296893421014122 0.0 2.23606797749979 0.4472135954999579 1 0 0 0.9884093056856257 0.15181253055680036 2.8367890515280947
cell 38.7438362912338 22.10461529589841 0.0 2.23606797749979 0.4472135954999579 1 0 0 0.993849330987092 0.11074072104022775 2.919656005034883
cell 11.37134343450435 40.13954681629116 0.0 2.23606797749979 0.4472135954999579 1 0 0 0.9852219501472139 0.17128254128229395 2.797330051068459
cell 25.07157455974483 9.449525214479154 0.0 2.23606797749979 0.4472135954999579 1 0 0 0.8918598837053635 0.45231178166951996 2.202881191471448
cell 14.994973822201336 26.559618781548885 0.0 2.23606797749979 0.4472135954999579 1 0 0 0.9361051952597239 0.3517201492774534 2.4227765924442406
cell 43.274890407417004 12.651408845309524 0.0 2.23606797749979 0.4472135954999579 1 0 0 0.9663994761754907 0.25704484520747944 2.6216665502774887
cell 8.765263599997786 0.9126888239791248 0.0 2.23606797749979 0.4472135954999579 1 0 0 0.9830190918533316 0.1835033107381208 2.772494449826632
cell 24.843646756480297 13.018340912711572 0.0 2.23606797749979 0.4472135954999579 1 0 0 0.9383934640755132 0.3455686712946625 2.435903208181983
cell 38.746062085069894 3.7845622076733334 0.0 2.23606797749979 0.4472135954999579 1 0 0 0.954818988753375 0.2971879854839061 2.5381002082510027
cell 12.135739718891251 34.524889964903636 0.0 2.23606797749979 0.4472135954999579 1 0 0 0.9508855177354397 0.3095427792099258 2.5121683377066155
cell 30.535107243431604 25.281272118486736 0.0 2.23606797749979 0.4472135954999579 1 0 0 0.9849132080371197 0.17304904690297915 2.79374348465459
cell 34.05564645271674 12.047254665878333 0.0 2.23606797749979 0.4472135954999579 1 0 0 0.9537118186633037 0.3007220759138473 2.53069328272096
cell 12.047211937506013 12.720937026963938 0.0 2.23606797749979 0.4472135954999579 1 0 0 0.9348112965094283 0.3551448154181077 2.4154547000331403
cell 37.90856244484033 2.6839616601797087 0.0 2.23606797749979 0.4472135954999579 1 0 0 0.9469472591416906 0.32138899857344183 2.4872007733146657
cell 2.3643361925837447 33.099228844502754 0.0 2.23606797749979 0.4472135954999579 1 0 0 0.9053083722514361 0.4247549306735064 2.2642103219547827
cell 1.166073640537929 26.05481574311328 0.0 2.23606797749979 0.4472135954999579 1 0 0 0.8368228913280183 0.5474736966735623 1.9829080061340318
cell 31.52113683930132 8.204065968534842 0.0 2.23606797749979 0.4472135954999579 1 0 0 -0.9446811969298989 -0.3279899940045328 2.4732424960087087
cell 4.887305000586877 7.207239367634568 0.0 2.23606797749979 0.4472135954999579 1 0 0 0.9777657519961318 0.20970010544451068 2.7190561824866704
cell 22.536795990446546 17.54137441184716 0.0 2.23606797749979 0.4472135954999579 1 0 0 0.9506198890335897 0.3103575785666682 2.5104543287872145
cell 7.728787009153071 43.08826034869805 0.0 2.23606797749979 0.4472135954999579 1 0 0 0.988328760377641 0.15233601481723058 2.835729762475731
cell 36.13394387392921 19.97862542448887 0.0 2.23606797749979 0.4472135954999579 1 0 0 0.9847057919235661 0.17422543830388965 2.7913544109077395
cell 30.35686948508278 40.298629402739586 0.0 2.23606797749979 0.4472135954999579 1 0 0 0.8985593011020329 0.4388521190595144 2.2329510414328917
cell 42.69897266657607 38.541788173676295 0.0 2.23606797749979 0.4472135954999579 1 0 0 0.9218386845943711 0.38757378598831943 2.3455962479813826
cell 6.834314394639817 26.841726637993883 0.0 2.23606797749979 0.4472135954999579 1 0 0 0.8992630750499143 0.43740818676811727 2.236163665772374
cell 27.580937056385054 43.81762356327373 0.0 2.23606797749979 0.4472135954999579 1 0 0 0.8840839637203574 0.46732809148659343 2.1690604104893554
cell 6.386943548031271 4.760457530547604 0.0 2.23606797749979 0.4472135954999579 1 0 0 0.9773060979687622 0.21183198736987774 2.7146944377652513
cell 3.8221454333803155 0.9201976980111664 0.0 2.23606797749979 0.4472135954999579 1 0 0 0.9715315637156818 0.23691015323147746 2.6632242055514195
cell 12.44988227259843 8.6624627432144 0.0 2.23606797749979 0.4472135954999579 1 0 0 0.43050491453963613 -0.9025882331147579 5.39308108766393
cell 3.737868376648109 34.55235774352346 0.0 2.23606797749979 0.4472135954999579 1 0 0 0.9190171527783716 0.39421754514371277 2.3311600706880697
