step,msd_global,n_round,n_elongated
0,0.0,500,0
100,7.933936720121541,500,0
200,10.32096016940831,491,9
300,11.614940810803171,487,13
400,13.776723224805123,479,21
500,16.79831906842174,469,31
600,18.321577530987575,461,39
700,22.59907856278895,445,55
800,30.05607015318644,433,67
900,32.76916719835858,429,71
1000,39.13949642985597,419,81
1100,47.7294824688464,415,85
1200,54.33224731005541,407,93
1300,65.65203181749393,403,97
1400,72.09807922698106,394,106
1500,83.91166653684273,392,108
1600,95.47000368663731,395,105
1700,109.61118868824386,391,109
1800,123.29465710167973,387,113
1900,146.19450942737166,390,110
2000,156.9926963976328,395,105
2100,166.14673715520647,388,112
2200,177.6995180090531,384,116
2300,185.58925988884096,388,112
2400,200.60679574216036,386,114
2500,214.7675623169129,387,113
2600,233.8555416785262,385,115
2700,246.52625992072532,377,123
2800,269.55663797345835,369,131
2900,274.1930486910997,370,130
3000,283.9683450047115,378,122
3100,300.79044147701063,368,132
3200,324.01608897353884,362,138
3300,342.00798043514425,361,139
3400,356.2618781506703,360,140
3500,374.75677031828087,357,143
3600,396.9895223529803,354,146
3700,412.1848221780523,353,147
3800,432.6341536710322,346,154
3900,451.9507813612244,341,159
4000,462.22162956808785,326,174
4100,497.976623181038,322,178
4200,529.0540530547997,326,174
4300,569.2268770014924,324,176
4400,597.0757582390995,335,165
4500,634.1599332720733,337,163
4600,683.0147995537063,342,158
4700,724.7547211274523,339,161
4800,762.9827528788152,347,153
4900,781.653807467289,348,152
5000,802.1443793991925,350,150
5100,807.4265727452522,344,156
5200,832.631358716707,337,163
5300,873.1469384115267,326,174
5400,914.661910175889,322,178
5500,961.4861790166152,320,180
5600,1032.0416513070213,322,178
5700,1088.4768907783632,307,193
5800,1155.983606088112,306,194
5900,1213.5191072488476,295,205
6000,1269.2495783721795,284,216
6100,1329.2449137252609,284,216
6200,1371.6910319840601,269,231
6300,1433.8209790803112,272,228
6400,1501.768170883113,277,223
6500,1581.963962470994,272,228
6600,1670.2182357014183,267,233
6700,1778.88009119312,259,241
6800,1898.1921209653701,255,245
6900,2002.0072203190546,257,243
7000,2086.062158077252,253,247
7100,2166.9672595485604,252,248
7200,2261.879055394875,241,259
7300,2357.70365831313,234,266
7400,2494.448441562519,229,271
7500,2612.2718838933974,223,277
7600,2780.5095635326097,214,286
7700,2931.531666725994,202,298
7800,3075.4943254950044,191,309
7900,3205.0168040857616,175,325
8000,3394.079193313213,173,327
8100,3568.5075838877697,172,328
8200,3702.1101603763314,158,342
8300,3860.906216206938,146,354
8400,4010.671869403629,135,365
8500,4197.012646545729,125,375
8600,4428.172431018592,122,378
8700,4640.930560973746,126,374
8800,4850.7241785759115,122,378
8900,5049.6277559335,128,372
9000,5279.412783341547,129,371
9100,5525.446001796728,131,369
9200,5766.096779316671,127,373
9300,5999.782019632824,131,369
9400,6257.332541679548,129,371
9500,6498.040509276459,127,373
9600,6758.222947629347,120,380
9700,7045.07060795993,117,383
9800,7355.970650632485,122,378
9900,7669.690757709498,111,389
10000,7926.793119559784,107,393
10100,8257.936418151558,102,398
10200,8562.482504239988,104,396
10300,8846.890066819646,105,395
10400,9140.69559232507,91,409
10500,9427.483677841745,90,410
10600,9746.163623811228,94,406
10700,10143.827606351435,98,402
10800,10507.641065593962,98,402
10900,10889.000384570523,103,397
11000,11243.469389613792,103,397
11100,11567.549801737872,97,403
11200,11899.105483205702,94,406
11300,12210.575332359436,82,418
11400,12537.743874233514,80,420
11500,12915.93175316909,72,428
11600,13309.534432169998,71,429
11700,13683.421806086655,74,426
11800,14140.090813429404,75,425
11900,14654.547907215772,77,423
12000,15171.041352436288,78,422
12100,15668.35882509853,80,420
12200,16218.845391434632,75,425
12300,16691.81898464357,72,428
12400,17200.70011342091,67,433
12500,17692.322377893262,63,437
12600,18203.875498655187,58,442
12700,18719.665912131564,44,456
12800,19222.47626650575,39,461
12900,19782.005351263826,32,468
13000,20405.232504175685,24,476
13100,21076.86504742179,21,479
13200,21704.612486461585,20,480
13300,22367.092039661955,13,487
13400,22973.850493367023,15,485
13500,23508.72154027119,15,485
13600,24098.644156970375,17,483
13700,24670.662159824522,17,483
13800,25398.864162718175,17,483
13900,26072.267068203506,16,484
14000,26831.397660602615,13,487
14100,27605.830465910607,13,487
14200,28324.299560345233,13,487
14300,29069.314825323494,17,483
14400,29803.958327179567,17,483
14500,30583.84099443893,20,480
14600,31289.6471849136,20,480
14700,31968.862793295448,20,480
14800,32769.0296612398,19,481
14900,33603.62956470166,16,484
15000,34523.53655898534,10,490
15100,35423.64436264809,7,493
15200,36320.94384346449,7,493
15300,37263.408664296876,7,493
15400,38028.18708445153,7,493
15500,38943.39878937468,7,493
15600,39922.04699384206,7,493
15700,40935.64676442532,7,493
15800,41874.680688884975,6,494
15900,42856.02075409915,3,497
16000,43906.995890266015,1,499
16100,44976.329149382604,1,499
16200,46090.25692960208,1,499
16300,47247.98483152776,1,499
16400,48296.39992820133,1,499
16500,49278.51460820917,1,499
16600,50362.8427673663,1,499
16700,51522.44136966647,1,499
16800,52724.31078290468,1,499
16900,53707.15225960098,1,499
17000,54925.46466959411,1,499
17100,56089.78870100909,1,499
17200,57332.323018274816,1,499
17300,58451.02821362111,1,499
17400,59605.40166942966,1,499
17500,60864.453583089155,1,499
17600,62092.980968236465,1,499
17700,63310.90263069272,1,499
17800,64447.313916215244,1,499
17900,65767.16034245041,1,499
18000,67053.2450946298,1,499
18100,68385.251995394,1,499
18200,69759.3596692645,1,499
18300,71043.45219094859,1,499
18400,72224.71968109494,1,499
18500,73592.18147190879,1,499
18600,75027.75675379355,1,499
18700,76483.52151689389,1,499
18800,77784.657982204,1,499
18900,79200.41435279837,1,499
19000,80610.61715050995,1,499
19100,82066.99321073327,1,499
19200,83577.66714875978,1,499
19300,85098.00986311567,1,499
19400,86635.53310417682,1,499
19500,88139.18989348954,1,499
19600,89703.93787493122,1,499
19700,91324.96175115404,1,499
19800,92884.45092052093,1,499
19900,94477.96873042229,1,499
20000,96175.5230760106,1,499
20100,97917.33143484092,1,499
20200,99434.50683450534,1,499
20300,101115.50751650396,1,499
20400,102838.67799129593,1,499
20500,104608.96634951016,1,499
20600,106327.53101371333,1,499
20700,108075.62243863262,1,499
20800,109722.98449181403,1,499
20900,111464.45850320817,1,499
21000,113129.7709802466,1,499
21100,114827.23260792397,1,499
21200,116536.35721394519,1,499
21300,118406.3456962342,1,499
21400,120394.18258753962,1,499
21500,122148.31293057073,1,499
21600,123811.7577444812,1,499
21700,125559.23387617675,1,499
21800,127469.58842917401,1,499
21900,129360.81590833166,1,499
22000,131165.50959457044,1,499
22100,133131.8564252844,1,499
22200,135006.13815705592,1,499
22300,136873.27333349764,1,499
22400,138863.81847597624,1,499
22500,140773.51435666197,1,499
22600,142677.95994559952,1,499
22700,144622.60663590234,1,499
22800,146608.63467126558,1,499
22900,148762.44211997165,1,499
23000,150709.34510067358,1,499
23100,152600.9235823266,1,499
23200,154591.94949065268,1,499
23300,156879.6554506143,1,499
23400,159190.89155650983,1,499
23500,161445.6334393041,1,499
23600,163250.99928185326,1,499
23700,165410.06926197515,1,499
23800,167496.90034634672,1,499
23900,169724.40075322063,1,499
24000,172097.34954350555,1,499
24100,174406.0980055297,1,499
24200,176766.96021215664,1,499
24300,179028.85050827407,1,499
24400,181431.0312962473,1,499
24500,183729.3397445174,1,499
24600,186030.7082572162,1,499
24700,188272.10004068143,1,499
24800,190566.46360200914,1,499
24900,192990.4926066662,1,499
25000,195240.26200902014,1,499
25100,197630.09096402806,1,499
25200,199966.08428640902,1,499
25300,202362.30661855594,1,499
25400,204694.07985843671,1,499
25500,207089.29593063175,1,499
25600,209473.87558417112,1,499
25700,211842.37639787144,1,499
25800,214362.9537968006,1,499
25900,216595.42090517233,1,499
26000,219068.3191763878,1,499
26100,221744.87437299293,1,499
26200,224306.9950028771,1,499
26300,226644.60628412967,1,499
26400,229234.87180927096,1,499
26500,231793.5431238602,1,499
26600,234240.72396756551,1,499
26700,236597.68490015523,1,499
26800,239255.70382410617,1,499
26900,241861.11524997881,1,499
27000,244710.42124894916,1,499
27100,247389.3613701528,1,499
27200,250123.25883230055,1,499
27300,252880.5113249345,1,499
27400,255470.61080829176,1,499
27500,258058.5611577592,1,499
27600,260711.04294272128,1,499
27700,263579.7072937775,1,499
27800,266460.90029150166,1,499
27900,269298.36634096777,1,499
28000,272047.87857412396,1,499
28100,275027.25027140474,1,499
28200,278066.8504557648,1,499
28300,281149.8364584103,1,499
28400,283723.2375238253,1,499
28500,286517.2773043304,1,499
28600,289120.706055782,1,499
28700,292211.9771172681,1,499
28800,295317.13949525496,1,499
28900,298319.25637199474,1,499
29000,301128.9166490123,1,499
29100,304016.50672704034,1,499
29200,307033.4194042992,1,499
29300,310013.2674716745,1,499
29400,312742.4572567059,1,499
29500,315376.7418884831,1,499
29600,318379.45058066444,1,499
29700,321438.30722196336,1,499
29800,324637.12236878776,1,499
29900,327699.7439415195,1,499
30000,330628.8735642406,1,499
30100,333567.04680063226,1,499
30200,336585.60616033804,1,499
30300,339912.2219785622,1,499
30400,342934.24744331004,1,499
30500,345870.0841872922,1,499
30600,348887.0581684249,1,499
30700,352181.15086832456,1,499
30800,355465.5076033913,1,499
30900,358822.58753732016,1,499
31000,361953.228912861,1,499
31100,365011.777760982,1,499
31200,368207.57944942213,1,499
31300,371705.9975089623,1,499
31400,374919.74794037495,1,499
31500,378094.2409257464,1,499
31600,381549.4945766274,3,497
31700,384880.91140160646,2,498
31800,388195.4636201637,2,498
31900,391433.01664572046,2,498
32000,394511.61483362544,2,498
32100,397992.75827228505,2,498
32200,401280.9711533445,2,498
32300,404491.6440757022,2,498
32400,407734.10606629954,2,498
32500,410730.0645683828,2,498
32600,414401.5440105011,2,498
32700,417854.00089478417,2,498
32800,421167.74606317887,2,498
32900,424450.93746025383,2,498
33000,427556.64597148006,2,498
33100,431006.91534986376,2,498
33200,434250.6319581926,2,498
33300,437384.2822701044,2,498
33400,440837.0847238711,2,498
33500,444306.5326914892,1,499
33600,448024.5274635136,1,499
33700,451838.8068479884,1,499
33800,455836.2495904211,1,499
33900,459375.3903395369,3,497
34000,462841.68948948453,5,495
34100,466279.59057499777,8,492
34200,469797.3986435336,9,491
34300,473223.14861550985,11,489
34400,476384.40114985156,15,485
34500,479992.91217114916,15,485
34600,483232.7318535438,16,484
34700,486913.8344688343,18,482
34800,490638.5920418857,18,482
34900,494085.33592966554,19,481
35000,497588.30904818274,19,481
35100,500949.8429549372,19,481
35200,504369.7388591608,19,481
35300,507888.83559045463,19,481
35400,511316.41700192966,20,480
35500,515042.1931976516,20,480
35600,518741.50848358695,21,479
35700,522353.4978837398,21,479
35800,526275.965848124,20,480
35900,529816.6753883018,18,482
36000,533442.3029020878,17,483
36100,537248.8037222151,17,483
36200,540695.6679141565,17,483
36300,544273.263103646,16,484
36400,548276.9130966327,12,488
36500,552060.9247899157,11,489
36600,555718.4409685547,9,491
36700,559347.7748223975,7,493
36800,563308.9793294286,7,493
36900,567255.7042143495,7,493
37000,571277.8204975497,8,492
37100,574854.2254228627,9,491
37200,578501.0623941467,9,491
37300,582322.4252046722,10,490
37400,586177.6844989985,10,490
37500,590078.547167326,10,490
37600,593996.7072700269,8,492
37700,597909.8308930313,9,491
37800,602113.5100662265,7,493
37900,605862.0603289938,7,493
38000,609358.3424749124,7,493
38100,613200.2229016006,7,493
38200,617250.9197351553,6,494
38300,621143.1965767285,5,495
38400,625253.9117911459,3,497
38500,629372.5204136035,1,499
38600,633306.141439985,1,499
38700,637503.5957748468,1,499
38800,641630.6224797912,1,499
38900,645800.9106475463,1,499
39000,649740.9312320424,1,499
39100,653878.0001684973,1,499
39200,658237.397632896,1,499
39300,662572.5825348449,1,499
39400,666901.5247462671,1,499
39500,671329.8366126022,1,499
39600,675229.3977362873,1,499
39700,679368.9735173772,1,499
39800,683751.5174210451,1,499
39900,687972.9815754793,1,499
40000,692282.2732661867,1,499
40100,696487.9153496231,1,499
40200,700662.7474346077,1,499
40300,704894.1785454411,1,499
40400,709118.2745243702,1,499
40500,713243.4519397372,1,499
40600,717348.0869127703,1,499
40700,721925.0168143666,1,499
40800,726117.703932591,1,499
40900,730500.1002736135,1,499
41000,735075.4733469897,1,499
41100,739608.9963172303,1,499
41200,744317.1969587865,1,499
41300,748740.9758216334,1,499
41400,752973.2663705214,1,499
41500,757441.0700550148,1,499
41600,761822.9831202907,1,499
41700,766506.4050652933,1,499
41800,771124.2594790215,1,499
41900,775731.7833956444,1,499
42000,780468.6868872431,1,499
42100,785376.6725447507,1,499
42200,789998.0600452949,1,499
42300,794612.1121053614,1,499
42400,799063.1297153594,1,499
42500,803465.2110113188,1,499
42600,807886.953600844,1,499
42700,812582.710031038,1,499
42800,817186.0557714546,1,499
42900,822054.5844121635,1,499
43000,826849.4449269006,1,499
43100,831678.9160716163,1,499
43200,836090.9367906372,1,499
43300,840792.2347462653,1,499
43400,845728.7836375705,1,499
43500,850165.5395250241,1,499
43600,854685.3200521946,1,499
43700,859427.5160874901,1,499
43800,863983.380469506,1,499
43900,868646.015499147,1,499
44000,873701.4555344366,1,499
44100,878976.8850868742,1,499
44200,884158.2940370122,1,499
44300,889209.2875018764,1,499
44400,894505.4723128912,1,499
44500,899417.3312940176,1,499
44600,904342.3845377258,1,499
44700,908873.6215595444,1,499
44800,913650.9180327166,1,499
44900,918688.8957611661,1,499
45000,923550.257306515,1,499
45100,928687.602581226,1,499
45200,933730.9048017132,1,499
45300,938822.0801090698,1,499
45400,943952.834791229,1,499
45500,948397.0742358371,1,499
45600,953623.8886953035,1,499
45700,958686.9634046743,1,499
45800,963695.52436941,1,499
45900,968395.842469032,1,499
46000,973458.1606729183,1,499
46100,978513.0721349766,1,499
46200,983857.2010802695,1,499
46300,989523.3863214816,1,499
46400,994864.5177520068,1,499
46500,999788.6868382023,1,499
46600,1005133.454953244,1,499
46700,1010910.354800503,1,499
46800,1016115.466989267,1,499
46900,1021642.2402383789,1,499
47000,1026815.0803751141,1,499
47100,1032150.6330943175,1,499
47200,1037403.9605258933,1,499
47300,1042729.9338402908,1,499
47400,1047518.4596046633,1,499
47500,1052821.8256223302,1,499
47600,1058372.3958744074,1,499
47700,1063604.0335795165,1,499
47800,1068945.8985516715,1,499
47900,1074001.0786501186,1,499
48000,1079299.2062215628,1,499
48100,1084709.2176253127,1,499
48200,1090060.9102569823,1,499
48300,1094910.2362688226,1,499
48400,1100522.3179507337,1,499
48500,1106499.4770293974,1,499
48600,1112155.5346482242,1,499
48700,1117426.6425608064,1,499
48800,1123474.8284615437,1,499
48900,1129127.9073515213,1,499
49000,1134632.4025884015,1,499
49100,1140460.796947357,1,499
49200,1145877.3650426206,1,499
49300,1151185.6378919785,2,498
49400,1157026.3274573975,2,498
49500,1162442.0932156777,2,498
49600,1168078.3672085113,2,498
49700,1173910.1606293493,2,498
49800,1179588.7103538867,3,497
49900,1185400.6114131701,4,496
50000,1190932.5635094584,4,496
