step,msd_global,msd_round,msd_elongated,n_round,n_elongated
0,0.0,0.0,,500,0
100,11.73886987992003,11.73886987992003,,500,0
200,14.873634794899615,14.827737477378616,19.417469229478638,495,5
300,17.57533748374178,17.217781955129208,42.75746257031257,493,7
400,19.51664870522524,18.40913199620958,55.326355630065066,485,15
500,18.408585991341713,15.997756203071948,60.6427522821417,473,27
600,22.447380821514905,18.62229361272374,71.74850484593439,464,36
700,22.253705537671056,15.875910439702276,86.74030041713317,455,45
800,26.576754534314066,15.817966004469488,105.47453708650764,440,60
900,31.139974197798974,16.265459258226183,127.26930209085897,433,67
1000,37.885266018796685,18.96628725325654,146.79722485825752,426,74
1100,45.33029637218483,22.146942210791632,156.93388500958935,414,86
1200,54.37988309536767,24.122335523945928,181.71372912510083,404,96
1300,63.225442574328525,28.427340754066318,186.60053084616723,390,110
1400,80.01259144620086,33.225704563479674,238.43134878594103,386,114
1500,98.52340446684914,37.19004885663385,278.6599528338594,373,127
1600,114.60900304686078,46.21952350720823,297.6514335794602,364,136
1700,134.19705790178799,48.96271149306423,340.86115809828254,354,146
1800,156.89086460579747,59.12535292886342,385.0103918519769,350,150
1900,185.78241439990396,69.89892554061417,456.1772217382468,350,150
2000,205.56158909920623,78.50702762547215,525.8822440822823,358,142
2100,236.63733007742005,96.04006616841403,594.6119240017687,359,141
2200,267.9968766327652,108.91989159946318,653.7040869189905,354,146
2300,281.7055091624644,121.43459592502658,693.8307146301618,360,140
2400,282.85961110082934,131.65471169767574,671.6722095660813,360,140
2500,288.84270326943425,130.03810034917055,681.4429716000863,356,144
2600,305.8129040505521,135.52807061148738,735.1225545518562,358,142
2700,331.87195067859847,141.70862930220673,797.4442202552817,355,145
2800,356.6709872522071,143.67922612881455,858.4166795630177,351,149
2900,387.2567543257119,140.93133650374529,945.9163620657275,347,153
3000,431.8841289510268,157.90313787115886,993.2110375049027,336,164
3100,469.76869921391904,152.9688908496323,1047.8836037430976,323,177
3200,506.1199857776158,160.82476224453444,1060.0310735286005,308,192
3300,556.6952912796781,188.03738076161812,1087.2030161715204,295,205
3400,591.8994208591109,228.12704321533974,1106.8042839007771,293,207
3500,634.0167863667974,273.6878105649762,1119.5304767664343,287,213
3600,657.4045750205968,290.2212096603797,1136.2658303060412,283,217
3700,671.3178891034323,293.51997901464364,1164.0220759934195,283,217
3800,697.8506415477464,316.153353602405,1199.7118905129173,284,216
3900,710.1116572147813,358.1452426531253,1150.8623925667648,278,222
4000,727.4867232939913,383.9854369575304,1147.3216288163321,275,225
4100,779.4179883601258,396.97749317706615,1239.357438514202,273,227
4200,838.0910842917792,412.18950648620023,1346.1841946563295,272,228
4300,901.9925533827071,430.0510589701454,1469.5697691299727,273,227
4400,987.0416170852918,493.426419602841,1652.1475404536643,287,213
4500,1075.384941804395,555.2248353390277,1823.9080218399238,295,205
4600,1155.3535976520195,561.1161065985267,2039.3188206619416,299,201
4700,1234.7163001221506,568.1221933696274,2277.3378517094307,305,195
4800,1318.501177388394,642.0165683170615,2431.6583912570936,311,189
4900,1390.183056997491,673.7953444080666,2559.026167011815,310,190
5000,1434.0440843749598,709.3208834466233,2779.9586003847285,325,175
5100,1485.1173327484075,767.3749507476294,2878.3819566322704,330,170
5200,1503.925317279685,806.9804307793779,2944.8481807803196,337,163
5300,1513.5077991870537,833.1572611490318,2920.1221017564612,337,163
5400,1522.6954203033406,864.8327969341167,2920.6534949629413,340,160
5500,1555.889542684317,934.6621119273782,2978.1733973120445,348,152
5600,1597.0035179077988,939.877368480059,3101.4765442292032,348,152
5700,1651.7038625729242,951.5742138997969,3210.0569515550455,345,155
5800,1693.647351817763,996.4908935764668,3335.942095728468,351,149
5900,1734.0534140162224,1101.0512285723205,3239.5721253422594,352,148
6000,1778.4582090484475,1150.9537779033922,3256.6733455042495,351,149
6100,1800.9021123560424,1257.3545659073889,3069.179720736235,350,150
6200,1835.5061497001436,1312.306024451512,3056.3064419469506,350,150
6300,1849.8027403844865,1372.3784413197222,2892.837992481392,343,157
6400,1877.526999502717,1322.2452159773063,3090.6585393066403,343,157
6500,1903.5436224644159,1297.998000494579,3276.905261833916,347,153
6600,1927.3188129893201,1320.1065953355226,3304.4602477989124,347,153
6700,1963.3334598292327,1390.7180858381976,3180.141129560182,340,160
6800,2012.7623019861028,1354.027158496693,3399.788473681196,339,161
6900,2098.0390355313984,1408.5421935175727,3563.219824810777,340,160
7000,2162.9470826079832,1447.2882276979683,3741.0666088198104,344,156
7100,2233.8573568322204,1495.8798633130464,3972.314405323695,351,149
7200,2312.0743226663703,1500.1098602759255,4153.588495538818,347,153
7300,2402.005516408809,1525.5011302417279,4230.761581374694,338,162
7400,2448.03671640426,1495.6966291521612,4347.014255655453,333,167
7500,2510.8510015924553,1518.2540016997154,4387.031458037115,327,173
7600,2549.4962524892853,1481.6703092742273,4515.266738862461,324,176
7700,2619.407861722553,1521.9617661616276,4504.15224322936,316,184
7800,2648.9490067772977,1524.409517796494,4580.223346548678,316,184
7900,2685.848752863123,1536.4331719266318,4676.912901261306,317,183
8000,2762.4279225360315,1519.4584350261275,4842.9062625927145,313,187
8100,2862.2712255008496,1518.947091452571,4945.794372187975,304,196
8200,2968.5773129419613,1552.2376365193882,4956.900320227497,292,208
8300,3075.236792085412,1554.588128175828,5107.505567216912,286,214
8400,3171.6042841815256,1654.4416445182503,5249.613776421746,289,211
8500,3233.506549984451,1652.9313781955952,5398.370173903784,289,211
8600,3264.2257844459414,1722.0188051070347,5429.24712082556,292,208
8700,3355.5513778835316,1721.1720654878143,5612.551380715713,290,210
8800,3459.1388610296503,1629.3702809888982,5884.64604852553,285,215
8900,3583.793582393994,1601.515184376049,6148.02527157317,282,218
9000,3692.132578920679,1595.970986444409,6317.055654183756,278,222
9100,3804.0045825218594,1597.6663707923465,6457.44216755339,273,227
9200,3937.3399763893653,1517.927142003622,6754.751458855878,269,231
9300,4073.0637439672732,1573.4196912053276,6937.462722883322,267,233
9400,4230.326584013125,1559.8478286670343,7032.140360113941,256,244
9500,4346.19827481597,1568.9532244314707,7101.313882567923,249,251
9600,4495.134426118106,1771.5891360693563,7175.448838547034,248,252
9700,4577.059743834466,1783.9253734240565,7134.757500647063,239,261
9800,4728.603915035229,1721.474892119767,7373.9730554946955,234,266
9900,4846.673448834562,1690.2162372820362,7535.507369786712,230,270
10000,5005.688108749784,1629.4187771439713,8072.6808603611735,238,262
10100,5198.262988952747,1701.9587718540154,8374.295064027165,238,262
10200,5363.25877276848,1706.427650507574,8658.578073056826,237,263
10300,5540.686477311808,1672.5377667035352,8731.203297010603,226,274
10400,5686.4845055019305,1655.3473513552872,8853.806555188581,220,280
10500,5831.946000815227,1669.205136050621,8997.974264157323,216,284
10600,5992.861684374035,1630.9321432981897,9283.440110097918,215,285
10700,6172.975097422425,1652.9440224049736,9638.864649644289,217,283
10800,6390.183014137018,1713.2719235446696,9947.27032247486,216,284
10900,6623.259987250526,1724.5074447291152,10288.76014144487,214,286
11000,6783.289401173399,1696.9579657782442,10558.162557059,213,287
11100,6983.510144222963,1695.297902906609,11038.429071310062,217,283
11200,7197.869382183337,1698.4455745618409,11483.897189546708,219,281
11300,7437.221903360721,1692.97119594431,11841.824035902633,217,283
11400,7660.642436976257,1746.898062019878,12158.419848914911,216,284
11500,7865.813275772927,1755.9197055967243,12146.895165080065,206,294
11600,8087.587818677655,1765.1170088273186,12444.966349790726,204,296
11700,8320.1750779777,1834.6700192807539,12679.996204392706,201,299
11800,8596.466311664615,1834.1046157463206,13030.067688458732,198,302
11900,8894.203926751681,2148.952466909354,13134.70403017047,193,307
12000,9183.321898607706,2187.624713608839,13398.677894696766,188,312
12100,9459.41817029303,2082.762681794328,13717.865975956318,183,317
12200,9761.046975752492,2231.2246089680452,13744.714466436615,173,327
12300,10137.85610894599,2290.716538325576,14073.208386103977,167,333
12400,10464.964872708011,2349.465433308517,14043.26866010894,153,347
12500,10725.256130260483,2413.998025761761,14355.460819581764,152,348
12600,10990.210507652962,2397.7823473547337,14568.360478088765,147,353
12700,11285.602471748673,2534.4647464314126,14756.724139332615,142,358
12800,11673.030087164589,2764.3021328353116,15137.535402737087,140,360
12900,12025.864301792226,2837.380103955067,15563.81251093174,139,361
13000,12421.26390282819,3073.911457443592,16128.872973343867,142,358
13100,12744.590583518233,3175.006542402956,16141.922587274605,131,369
13200,13176.248053470481,3199.65413690665,16396.206936594255,122,378
13300,13596.006797999236,3405.7804393923034,16571.44756937542,113,387
13400,14007.89213504332,3675.214926448333,16854.650141492955,108,392
13500,14289.67895686851,3686.684842446451,16940.427485474025,100,400
13600,14649.139835088254,3620.988731433417,17202.455607855627,94,406
13700,15073.530200220586,3488.2528250288988,17897.801799147914,98,402
13800,15550.474158152261,3437.6630383810525,18578.676938095068,100,400
13900,15967.978381867062,3494.402715758679,19164.72390433705,102,398
14000,16418.23571482766,3595.414799588027,19504.621890456063,97,403
14100,16865.88967492931,3730.5264228979,19947.024264911986,95,405
14200,17394.543286258166,3818.429761641938,20254.40255173422,87,413
14300,17832.018732560293,3785.6899235230894,20428.25960247712,78,422
14400,18277.71127417311,2840.6867711643786,20959.260131503273,74,426
14500,18771.93587927486,3441.0873264967004,21309.2091828815,71,429
14600,19212.376951230286,3166.618833092806,21955.562765338098,73,427
14700,19727.681664150386,3092.5954533668933,22617.34452705644,74,426
14800,20204.86458997782,3670.0355224392297,23401.335125707235,81,419
14900,20727.17280712721,3696.408789073361,24215.401581909322,85,415
15000,21264.247903374337,3930.250572249507,24814.584706134843,85,415
15100,21809.712205195563,3780.584678009882,25875.10370642371,92,408
15200,22347.853009254926,3473.956816423283,26603.73156254049,92,408
15300,22891.054274029153,3314.365344729625,27130.288616383554,89,411
15400,23396.379952171304,3152.7001770287925,27660.787071874453,87,413
15500,23949.37629208447,3273.892646890751,27887.563653073747,80,420
15600,24393.377092523442,3190.6208415243796,28193.87113751384,76,424
15700,24959.412979952987,3215.3010471516827,28558.088847619405,71,429
15800,25582.71116827594,3508.9904495357077,28998.27534415491,67,433
15900,26165.091993618265,3736.913037881995,29635.50305605321,67,433
16000,26804.894183366618,3745.0529870639343,30373.04513060052,67,433
16100,27486.495924895775,3718.7633084213016,31291.53896558426,69,431
16200,28069.64392385157,3786.490685804279,31762.473678946328,66,434
16300,28741.601531786026,3592.5486990856984,32367.208690733663,63,437
16400,29408.296036111744,3477.2613232925405,33078.899123314455,62,438
16500,30069.072441069522,3491.8392361556885,34040.38314984975,65,435
16600,30693.291237211786,3548.6439752655415,34677.82661511215,64,436
16700,31447.381153233047,3816.001920334848,35722.906346314296,67,433
16800,32198.85560865128,3982.7930571132492,36415.0488634788,65,435
16900,32888.6124172786,4067.7768384942565,37271.504463821846,66,434
17000,33605.02037804237,4091.40828972838,38093.26553432975,66,434
17100,34440.918062857934,4158.4008780189,38806.58987669055,63,437
17200,35259.43566035861,3978.6647015931508,39524.9953365539,60,440
17300,36083.854882679465,4076.9443649736413,40365.95855738386,59,441
17400,36867.560578815646,4246.356501795347,40981.94667862,56,444
17500,37728.19273562883,4429.710177718213,41843.735523685194,55,445
17600,38492.29907240147,4550.333104562715,42687.373517864675,55,445
17700,39350.918217807426,4556.5850512791185,43651.34141816486,55,445
17800,40177.9438882464,4528.355217921383,44674.28840522434,56,444
17900,41066.98877411708,4529.3636065134,45675.33789435539,56,444
18000,41915.27747546296,4500.131059512348,46634.30495134862,56,444
18100,42983.64772208792,4501.164198423463,47837.294292640196,56,444
18200,43939.081477372274,4573.651637074942,48804.47168235284,55,445
18300,44891.3805410911,4573.124423757559,49772.963120319815,54,446
18400,45854.78498872453,4579.339990589074,50852.260392086224,54,446
18500,46721.54502446262,4549.523912662394,51827.57448642947,54,446
18600,47506.1539292951,4730.12019068218,52364.90163679902,51,449
18700,48424.922027329354,4705.789452139208,53390.79231983425,51,449
18800,49253.828728650165,4789.380532853637,54194.32297262756,50,450
18900,50203.7819845971,4439.449100416028,54729.92479731831,45,455
19000,51298.11382688077,4649.3130971095625,55135.02817261952,38,462
19100,52398.38556235249,4923.488478995968,55214.69301644991,28,472
19200,53344.28375175803,5220.003179032074,55349.46210895494,20,480
19300,54380.12202440761,4336.927355280028,55401.41171153266,10,490
19400,55423.61002199505,5952.738941550324,56228.01442980717,8,492
19500,56481.32397439871,8610.085849005667,57358.80084431426,9,491
19600,57584.56084523268,10798.215276515371,58248.87001152278,7,493
19700,58568.67846733923,23030.251366378052,58783.19613595671,3,497
19800,59525.6902905361,,59525.6902905361,0,500
19900,60496.063445645734,,60496.063445645734,0,500
20000,61661.46062271679,29018.433374419044,61792.55711768988,2,498
20100,62837.42794666614,28924.489089168932,62973.6244882625,2,498
20200,64046.21526025638,,64046.21526025638,0,500
20300,65232.66456900616,,65232.66456900616,0,500
20400,66352.00349888919,,66352.00349888919,0,500
20500,67519.97726694045,3502.6352547972974,67777.07502602536,2,498
20600,68562.33160924175,3384.766315373482,68824.08889957855,2,498
20700,69710.33770774049,,69710.33770774049,0,500
20800,70935.89857936022,,70935.89857936022,0,500
20900,72103.47097861662,,72103.47097861662,0,500
21000,73429.05287305232,,73429.05287305232,0,500
21100,74729.87107028942,,74729.87107028942,0,500
21200,76077.36313745103,,76077.36313745103,0,500
21300,77410.54270110567,,77410.54270110567,0,500
21400,78680.7931792295,,78680.7931792295,0,500
21500,80031.54797726887,,80031.54797726887,0,500
21600,81400.8550916934,,81400.8550916934,0,500
21700,82690.06968278295,,82690.06968278295,0,500
21800,83928.36755776701,,83928.36755776701,0,500
21900,85337.93925911012,,85337.93925911012,0,500
22000,86820.87551234904,,86820.87551234904,0,500
22100,88379.80833160755,,88379.80833160755,0,500
22200,89892.13845185938,,89892.13845185938,0,500
22300,91398.5939714497,,91398.5939714497,0,500
22400,92845.63354253584,,92845.63354253584,0,500
22500,94372.32176100534,,94372.32176100534,0,500
22600,95721.32435388146,,95721.32435388146,0,500
22700,97204.8390097134,,97204.8390097134,0,500
22800,98727.32896305522,,98727.32896305522,0,500
22900,100343.26755860444,,100343.26755860444,0,500
23000,101942.9795753891,,101942.9795753891,0,500
23100,103674.1407747213,,103674.1407747213,0,500
23200,105299.93384384378,,105299.93384384378,0,500
23300,106979.13551229649,,106979.13551229649,0,500
23400,108692.0793442407,,108692.0793442407,0,500
23500,110358.11834692166,,110358.11834692166,0,500
23600,111741.03153778923,,111741.03153778923,0,500
23700,113366.57556296475,,113366.57556296475,0,500
23800,115091.78622728032,,115091.78622728032,0,500
23900,116818.33282273103,,116818.33282273103,0,500
24000,118581.73349968204,,118581.73349968204,0,500
24100,120516.0093449744,,120516.0093449744,0,500
24200,122248.6769158285,,122248.6769158285,0,500
24300,123999.53566468302,,123999.53566468302,0,500
24400,125839.03524679088,,125839.03524679088,0,500
24500,127503.52753180831,,127503.52753180831,0,500
24600,129257.46908847698,,129257.46908847698,0,500
24700,130972.67569926777,,130972.67569926777,0,500
24800,132852.29824647057,,132852.29824647057,0,500
24900,135003.8972095623,,135003.8972095623,0,500
25000,136924.03839103543,,136924.03839103543,0,500
25100,138785.66776721735,,138785.66776721735,0,500
25200,140660.0112392696,,140660.0112392696,0,500
25300,142518.71354979323,,142518.71354979323,0,500
25400,144445.89354497523,,144445.89354497523,0,500
25500,146230.2299883045,,146230.2299883045,0,500
25600,148158.72097516796,,148158.72097516796,0,500
25700,150204.3216112741,,150204.3216112741,0,500
25800,152324.11001141637,,152324.11001141637,0,500
25900,154347.85623235328,,154347.85623235328,0,500
26000,156575.6798287706,,156575.6798287706,0,500
26100,158510.41928172152,,158510.41928172152,0,500
26200,160669.39305944217,,160669.39305944217,0,500
26300,162661.82413365823,,162661.82413365823,0,500
26400,164627.54642007663,,164627.54642007663,0,500
26500,166352.29256815594,,166352.29256815594,0,500
26600,168386.85538909442,,168386.85538909442,0,500
26700,170673.967627346,,170673.967627346,0,500
26800,173081.824189987,,173081.824189987,0,500
26900,175310.72172281437,,175310.72172281437,0,500
27000,177551.5722369128,,177551.5722369128,0,500
27100,179617.7706895951,,179617.7706895951,0,500
27200,181609.60146031875,,181609.60146031875,0,500
27300,183705.70542515782,,183705.70542515782,0,500
27400,185901.12567192153,,185901.12567192153,0,500
27500,188088.27427611427,,188088.27427611427,0,500
27600,190182.85764000984,,190182.85764000984,0,500
27700,192653.2356100051,,192653.2356100051,0,500
27800,194924.74467538105,,194924.74467538105,0,500
27900,197235.64530169842,,197235.64530169842,0,500
28000,199677.0836029201,,199677.0836029201,0,500
28100,202034.6456523562,,202034.6456523562,0,500
28200,204317.05575237988,,204317.05575237988,0,500
28300,206438.05511345514,,206438.05511345514,0,500
28400,208643.45688231022,,208643.45688231022,0,500
28500,211038.99590684427,,211038.99590684427,0,500
28600,213232.2813742116,,213232.2813742116,0,500
28700,215830.49852117573,,215830.49852117573,0,500
28800,218494.41521043584,,218494.41521043584,0,500
28900,221043.2106739539,,221043.2106739539,0,500
29000,223157.54573608947,,223157.54573608947,0,500
29100,225581.0713640848,,225581.0713640848,0,500
29200,227884.12198712182,,227884.12198712182,0,500
29300,230425.64438825857,,230425.64438825857,0,500
29400,232799.32961748142,,232799.32961748142,0,500
29500,235279.42396951525,,235279.42396951525,0,500
29600,237967.4263545894,,237967.4263545894,0,500
29700,240526.21654126077,,240526.21654126077,0,500
29800,243190.05151409525,,243190.05151409525,0,500
29900,245706.83473721897,,245706.83473721897,0,500
30000,248465.97012813127,,248465.97012813127,0,500
