500
 Lattice="44.8758447787765 0.0 0.0 0.0 44.8758447787765 0.0 0.0 0.0 1.0"Properties=species:S:1:pos:R:3:aspherical_shape:R:3:orientation:R:4:Color:R:1
cell 31.664567992154158 41.396883749901804 0.0 1.0 1.0 1 0 0 0.0 1.0 0
cell 44.61286444090494 38.028635963871004 0.0 2.23606797749979 0.4472135954999579 1 0 0 0.7060851914342492 -0.7081268971287983 4.715276389271325
cell 3.160531215421215 27.127551044975664 0.0 2.23606797749979 0.4472135954999579 1 0 0 0.7245208504402424 -0.689252883401548 4.662507371818537
cell 33.12458487808976 3.6630203585490144 0.0 1.0 1.0 1 0 0 0.0 1.0 0
cell 38.285397816687166 6.765537128872753 0.0 1.0 1.0 1 0 0 0.0 1.0 0
cell 24.507297393315074 8.67783123375729 0.0 2.23606797749979 0.4472135954999579 1 0 0 0.6161284040486593 0.7876457260243669 1.3276355881346467
cell 38.806670048472704 35.807220044950235 0.0 1.0 1.0 1 0 0 0.0 1.0 0
cell 35.6746678169739 29.649752874355897 0.0 1.0 1.0 1 0 0 0.0 1.0 0
cell 7.440374323637738 23.464561903154387 0.0 2.23606797749979 0.4472135954999579 1 0 0 0.6768047771089342 0.7361625456939017 1.4868270987348506
cell 41.647383354786946 31.003374576771268 0.0 2.23606797749979 0.4472135954999579 1 0 0 -0.6486913865302144 0.7610515652973247 4.871457920612292
cell 10.488408128380858 9.455892355452935 0.0 2.23606797749979 0.4472135954999579 1 0 0 0.6527136267521433 -0.757604726392374 4.860863737217745
cell 33.1006004441331 7.601653014415747 0.0 1.0 1.0 1 0 0 0.0 1.0 0
cell 25.308946137540563 38.62780461134851 0.0 2.23606797749979 0.4472135954999579 1 0 0 0.6612270681688869 0.7501858198611716 1.4449065396528875
cell 21.413302158015085 21.31894495582101 0.0 2.23606797749979 0.4472135954999579 1 0 0 0.5820861450119046 0.8131271240004111 1.2425838493510042
cell 13.114991289373547 32.129275791009746 0.0 2.23606797749979 0.4472135954999579 1 0 0 0.6160130373199709 -0.7877359569372367 4.9558426429242255
cell 0.3466721016476091 41.6330523340428 0.0 2.23606797749979 0.4472135954999579 1 0 0 0.7098387947723442 -0.7043641710338097 4.704646673907301
cell 37.34820319641571 30.699795978101633 0.0 1.0 1.0 1 0 0 0.0 1.0 0
cell 31.763312443659924 39.42269381633241 0.0 1.0 1.0 1 0 0 0.0 1.0 0
cell 38.35857681657418 0.8024389388461015 0.0 1.0 1.0 1 0 0 0.0 1.0 0
cell 19.567893795757495 25.758941621127207 0.0 2.23606797749979 0.4472135954999579 1 0 0 0.6382216619334286 0.7698526548885394 1.3843721510466345
cell 18.141475600029988 40.457144419144626 0.0 2.23606797749979 0.4472135954999579 1 0 0 0.5791932355574789 0.8151902820105614 1.235477356722407
cell 0.10445195598131808 33.69316421792762 0.0 2.23606797749979 0.4472135954999579 1 0 0 0.713953554941423 -0.7001930600816495 4.692928394846996
cell 34.44745494852552 18.643095537342226 0.0 1.0 1.0 1 0 0 0.0 1.0 0
cell 31.90478796985472 35.506349805335525 0.0 1.0 1.0 1 0 0 0.0 1.0 0
cell 31.527166083623133 0.5563471996864453 0.0 1.0 1.0 1 0 0 0.0 1.0 0
cell 44.816437445583944 1.1861689581944372 0.0 2.23606797749979 0.4472135954999579 1 0 0 0.699279597425626 -0.7148482668540608 4.734406848584362
cell 28.147977240715697 44.69124548472287 0.0 2.23606797749979 0.4472135954999579 1 0 0 0.7045073497292709 0.7096966916771127 1.5634574725632389
cell 33.9656465607946 30.592377543757873 0.0 1.0 1.0 1 0 0 0.0 1.0 0
cell 21.069529115574387 18.39716844444135 0.0 2.23606797749979 0.4472135954999579 1 0 0 0.5361749262480804 0.8441068939789946 1.1317980984452947
cell 33.51620259713931 38.524276962388214 0.0 1.0 1.0 1 0 0 0.0 1.0 0
cell 18.412434813400232 25.30014457934522 0.0 2.23606797749979 0.4472135954999579 1 0 0 0.6150007118930655 0.7885265527368261 1.3247737386315876
cell 22.66655266562806 31.620284099579468 0.0 2.23606797749979 0.4472135954999579 1 0 0 0.6539151887559066 0.7565678594246038 1.4254957437985782
cell 4.3980702203980195 35.645374594041556 0.0 2.23606797749979 0.4472135954999579 1 0 0 0.7150849946474028 -0.699037517183537 4.68969393305703
cell 9.881153603390018 26.667320726344563 0.0 2.23606797749979 0.4472135954999579 1 0 0 0.7551972321709267 -0.6554976281584636 4.571275393988315
cell 14.662767650333105 40.37438066665863 0.0 2.23606797749979 0.4472135954999579 1 0 0 -0.6755236847461394 0.7373382882686876 4.799835891009897
cell 27.750544988823396 33.24705100018394 0.0 2.23606797749979 0.4472135954999579 1 0 0 0.6884149656347834 0.7253170583200562 1.5186029627741242
cell 39.751675307971375 7.893118240362634 0.0 2.23606797749979 0.4472135954999579 1 0 0 0.6703513508248493 -0.7420438440195429 4.813820953376318
cell 19.814968489773158 44.58643319314597 0.0 2.23606797749979 0.4472135954999579 1 0 0 0.5987467329894156 0.800938418191125 1.283870887260975
cell 44.00514002462507 34.275711893855004 0.0 2.23606797749979 0.4472135954999579 1 0 0 0.7106769747616807 -0.7035184699377732 4.702265282544367
cell 18.631049903351965 44.40554303163829 0.0 2.23606797749979 0.4472135954999579 1 0 0 0.5709882919162899 0.8209582026476852 1.2154183585581542
cell 40.142753370214336 39.35265676903024 0.0 2.23606797749979 0.4472135954999579 1 0 0 -0.6613685716880396 0.7500610724356533 4.837901486908529
cell 10.241201406574106 5.2312813421953015 0.0 2.23606797749979 0.4472135954999579 1 0 0 0.6829096594232119 -0.7305028385067869 4.779708611002407
cell 33.539193755134384 36.54310439375097 0.0 1.0 1.0 1 0 0 0.0 1.0 0
cell 10.50136535242905 34.19285409115406 0.0 2.23606797749979 0.4472135954999579 1 0 0 0.5670459088026564 -0.8236861886120038 5.077355344954388
cell 12.676229214436114 18.443320918443025 0.0 2.23606797749979 0.4472135954999579 1 0 0 0.6694963735221903 -0.7428153241826907 4.816124140712818
cell 19.32659626541882 3.775622513083736 0.0 2.23606797749979 0.4472135954999579 1 0 0 0.5810515951603857 0.8138667235865902 1.2400403862306693
cell 33.32422338849683 42.46941605797409 0.0 1.0 1.0 1 0 0 0.0 1.0 0
cell 26.081827885331624 1.1314834363267647 0.0 2.23606797749979 0.4472135954999579 1 0 0 0.6787184124386979 0.7343986088063441 1.4920322797468573
cell 36.489023694465544 11.684931344604669 0.0 1.0 1.0 1 0 0 0.0 1.0 0
cell 22.39580624285144 12.147744968473583 0.0 2.23606797749979 0.4472135954999579 1 0 0 0.5865549999181944 0.809909397445768 1.2535973873811104
cell 32.12055156931641 33.48364448763022 0.0 1.0 1.0 1 0 0 0.0 1.0 0
cell 28.419947583607094 40.77279467935166 0.0 2.23606797749979 0.4472135954999579 1 0 0 0.7024169118272721 0.7117657493719675 1.5575749776492391
cell 40.581447915708615 12.451251805614586 0.0 2.23606797749979 0.4472135954999579 1 0 0 0.6512179495139137 -0.758890757771429 4.864808824476847
cell 30.264391748307585 36.92506001988281 0.0 2.23606797749979 0.4472135954999579 1 0 0 0.751560896236028 0.6596637167897734 1.7008502004572428
cell 16.31390212041937 11.842913942745678 0.0 2.23606797749979 0.4472135954999579 1 0 0 0.6597283117291387 0.7515041947341481 1.4409143550407606
cell 39.79664129168514 19.825653787714682 0.0 2.23606797749979 0.4472135954999579 1 0 0 0.593892757889144 -0.8045442139042619 5.011407880697544
cell 37.85390562197511 20.737668920904092 0.0 1.0 1.0 1 0 0 0.0 1.0 0
cell 33.060350980192474 11.57490494789968 0.0 1.0 1.0 1 0 0 0.0 1.0 0
cell 0.8579631157908112 0.9793739989999386 0.0 2.23606797749979 0.4472135954999579 1 0 0 0.7096867819284407 -0.7045173323318978 4.705078258374697
cell 12.150877422709902 36.809545274238545 0.0 2.23606797749979 0.4472135954999579 1 0 0 0.6450850832759368 -0.7641107480822905 4.8809160523840305
cell 5.457832008048028 35.642085574538335 0.0 2.23606797749979 0.4472135954999579 1 0 0 0.7219901506613129 -0.6919033330950608 4.669836584594228
cell 19.543430368602973 14.140476711981261 0.0 2.23606797749979 0.4472135954999579 1 0 0 0.615602410801071 0.7880568963062943 1.326300327989499
cell 38.22136921951537 8.745945329622485 0.0 1.0 1.0 1 0 0 0.0 1.0 0
cell 28.47978570420427 31.8872104889731 0.0 2.23606797749979 0.4472135954999579 1 0 0 -0.6993406773239563 -0.7147885121069518 1.5489493548653606
cell 37.03439621300128 36.67240721264154 0.0 1.0 1.0 1 0 0 0.0 1.0 0
cell 40.80620889275274 27.393857021300544 0.0 2.23606797749979 0.4472135954999579 1 0 0 0.6315659072093358 -0.7753221942204729 4.9160428271040875
cell 40.71257219473112 44.22656194954031 0.0 2.23606797749979 0.4472135954999579 1 0 0 0.6726001225861925 -0.7400061317969189 4.80775160329435
cell 10.623957047483326 39.485099744876514 0.0 2.23606797749979 0.4472135954999579 1 0 0 0.622385436685599 -0.7827109097244501 4.939611939351683
cell 3.3518832879141685 43.26045376591981 0.0 2.23606797749979 0.4472135954999579 1 0 0 0.7359548198137341 -0.6770306515904092 4.62903349273691
cell 20.94083932661514 0.03563315613764928 0.0 2.23606797749979 0.4472135954999579 1 0 0 0.6106065055309394 0.7919341484007966 1.3136524370104954
cell 22.187360442885165 27.184983786600437 0.0 2.23606797749979 0.4472135954999579 1 0 0 0.5879729033045825 0.8088806246780671 1.257100999349066
cell 23.984277238950877 16.32585517174603 0.0 2.23606797749979 0.4472135954999579 1 0 0 0.5858863676680098 0.8103932157790967 1.2519467519830705
cell 33.418032187005906 40.51944387873022 0.0 1.0 1.0 1 0 0 0.0 1.0 0
cell 19.891870231341944 8.175351519714235 0.0 2.23606797749979 0.4472135954999579 1 0 0 0.6256597089862397 0.7800961021254073 1.3519538459930978
cell 26.927584707501786 2.4724341481749432 0.0 2.23606797749979 0.4472135954999579 1 0 0 0.6912438402082745 0.722621583800344 1.5264178546262939
cell 28.41758919179676 17.311049902429897 0.0 2.23606797749979 0.4472135954999579 1 0 0 0.7007291049188079 0.7134274465702075 1.5528379184933876
cell 39.19138041112239 27.800447252939676 0.0 1.0 1.0 1 0 0 0.0 1.0 0
cell 5.534663701758377 44.463348673433224 0.0 2.23606797749979 0.4472135954999579 1 0 0 0.7314404903104691 -0.6819052787113329 4.642321280032501
cell 1.5530957226607736 29.970596513319837 0.0 2.23606797749979 0.4472135954999579 1 0 0 0.7483139569033532 -0.6633447232801708 4.592151923351573
cell 6.52071914863126 35.73328239660431 0.0 2.23606797749979 0.4472135954999579 1 0 0 0.7373467734679284 -0.6755144229818009 4.624916947746441
cell 34.828001166237954 4.684786599853545 0.0 1.0 1.0 1 0 0 0.0 1.0 0
cell 42.080880358803256 18.655235359467056 0.0 2.23606797749979 0.4472135954999579 1 0 0 0.6708553132540624 -0.7415882608825424 4.8124622272927695
cell 41.78977473565276 40.91409726233606 0.0 2.23606797749979 0.4472135954999579 1 0 0 -0.6799562596392117 0.7332526747155124 4.7877793461750775
cell 30.986701817322786 24.796077688487273 0.0 2.23606797749979 0.4472135954999579 1 0 0 0.7687436761594304 0.6395570032177622 1.7537489202389285
cell 12.598221478623904 13.991641252771135 0.0 2.23606797749979 0.4472135954999579 1 0 0 -0.6627343834461362 0.7488545499616529 4.834256688336325
cell 26.926781445464 14.323851122020827 0.0 2.23606797749979 0.4472135954999579 1 0 0 0.6462222091502834 0.7631493015137519 1.4052474657807044
cell 1.5182357782402551 14.040510896399974 0.0 2.23606797749979 0.4472135954999579 1 0 0 0.7356547276118854 -0.6773567167617685 4.629919774472697
cell 29.223635940875067 15.732019234043936 0.0 2.23606797749979 0.4472135954999579 1 0 0 0.7125936886446766 0.701576962922653 1.5863764873046988
cell 28.475345458091795 36.34262523025286 0.0 2.23606797749979 0.4472135954999579 1 0 0 0.7052199203506413 0.7089886204591969 1.5654665736805962
cell 12.683624595424686 26.74927380134734 0.0 2.23606797749979 0.4472135954999579 1 0 0 0.622936782312548 -0.782272181048316 4.938202734083231
cell 32.239831861256334 29.51927898387466 0.0 1.0 1.0 1 0 0 0.0 1.0 0
cell 20.29718109775071 3.732513529395913 0.0 2.23606797749979 0.4472135954999579 1 0 0 0.5900433044495941 0.8073715990014781 1.2622249521139046
cell 38.22530946050581 10.75665722051259 0.0 1.0 1.0 1 0 0 0.0 1.0 0
cell 38.91728876308795 33.78742827167777 0.0 1.0 1.0 1 0 0 0.0 1.0 0
cell 27.268743544497763 44.16419318982857 0.0 2.23606797749979 0.4472135954999579 1 0 0 0.675577660547201 0.7372888338836896 1.4834958282361075
cell 36.48993032616816 9.72521138007428 0.0 1.0 1.0 1 0 0 0.0 1.0 0
cell 43.359356210636875 6.51068491429816 0.0 2.23606797749979 0.4472135954999579 1 0 0 0.6732106633001657 -0.739450744011358 4.806100887577529
cell 31.105380845708567 21.003811811733264 0.0 2.23606797749979 0.4472135954999579 1 0 0 0.7693299066377561 0.6388517001251084 1.755583170696398
cell 34.781921400648386 8.65495453629316 0.0 1.0 1.0 1 0 0 0.0 1.0 0
cell 28.40784017437769 9.906237438488063 0.0 2.23606797749979 0.4472135954999579 1 0 0 0.7797534351359051 0.6260867195475047 1.7885438031353087
cell 8.611868160695103 24.883141656602437 0.0 2.23606797749979 0.4472135954999579 1 0 0 0.7444508928805919 -0.6676772184890611 4.603761208081535
cell 4.990692357462713 26.893476552151974 0.0 2.23606797749979 0.4472135954999579 1 0 0 0.7464850389830481 -0.6654021991055314 4.597657612161107
cell 41.786668250945354 3.690846422956723 0.0 2.23606797749979 0.4472135954999579 1 0 0 0.6305683279271777 -0.7761337409333029 4.918614809000766
cell 27.66514156337234 28.77213826771269 0.0 2.23606797749979 0.4472135954999579 1 0 0 0.6831042225921455 0.730320902806965 1.5040094453714337
cell 20.80057168235975 7.99601200670494 0.0 2.23606797749979 0.4472135954999579 1 0 0 -0.5981472493064293 -0.8013862165941914 1.2823743524340099
cell 30.041669726696462 25.269786885341208 0.0 2.23606797749979 0.4472135954999579 1 0 0 0.755364496917538 0.6553048731670738 1.7124203325581384
cell 8.403059655012783 32.420195973426964 0.0 2.23606797749979 0.4472135954999579 1 0 0 0.7131542981403994 0.7010070948598697 1.5879752776595673
cell 28.686396022054833 3.3729938742410805 0.0 2.23606797749979 0.4472135954999579 1 0 0 0.7817562917557589 0.6235840763684435 1.794954627206764
cell 43.62238799353767 21.788605383584343 0.0 2.23606797749979 0.4472135954999579 1 0 0 0.7177440615897861 -0.6963070170927457 4.6820712602097165
cell 24.715765829435227 20.52959885864833 0.0 2.23606797749979 0.4472135954999579 1 0 0 -0.6107406508292649 -0.7918306999761034 1.3139912380595078
cell 26.4639798999203 9.899802983616892 0.0 2.23606797749979 0.4472135954999579 1 0 0 0.6927438201908537 0.7211837488375499 1.5305734825603783
cell 5.693218632910687 8.200771598339678 0.0 2.23606797749979 0.4472135954999579 1 0 0 0.7227337766549349 -0.6911265355071347 4.667685869157509
cell 40.64587421024757 31.182224906900846 0.0 2.23606797749979 0.4472135954999579 1 0 0 -0.6329999568501061 0.7741518291832448 4.91234079864886
cell 13.335128106456125 5.26932362824657 0.0 2.23606797749979 0.4472135954999579 1 0 0 0.7091535673194259 -0.7050540532172923 4.706591383822752
cell 24.44877609331533 39.58513730123267 0.0 2.23606797749979 0.4472135954999579 1 0 0 0.6578124237316625 0.7531817942464327 1.4358212340144898
cell 0.3935977255899865 5.292265952197575 0.0 2.23606797749979 0.4472135954999579 1 0 0 0.6996273344267321 -0.7145079376206717 4.733433719582208
cell 12.880909264874562 0.8339555299506283 0.0 2.23606797749979 0.4472135954999579 1 0 0 0.7201491949046431 -0.6938192394840276 4.675150648780035
cell 4.49408498969719 7.249168915719542 0.0 2.23606797749979 0.4472135954999579 1 0 0 0.7453579500786459 -0.6666644780206598 4.601042093297938
cell 41.50331616814863 8.078245547988482 0.0 2.23606797749979 0.4472135954999579 1 0 0 0.658755505449764 -0.7523570854585114 4.844858441175213
cell 43.70185849077828 10.021831496054217 0.0 2.23606797749979 0.4472135954999579 1 0 0 0.6608767820342747 -0.7504944230092732 4.839212440452466
cell 23.90755236582774 29.796850795432128 0.0 2.23606797749979 0.4472135954999579 1 0 0 -0.621797824722241 -0.7831777992069804 1.3420723366692417
cell 29.968782995844013 29.160125755081 0.0 2.23606797749979 0.4472135954999579 1 0 0 0.7577110754885458 0.652590167012951 1.7195969820017845
cell 22.19392364191993 16.34529699380091 0.0 2.23606797749979 0.4472135954999579 1 0 0 0.5936349189213641 0.8047344798361913 1.2711365456536898
cell 0.3930478892738366 29.80255386151509 0.0 2.23606797749979 0.4472135954999579 1 0 0 0.7410183984297549 -0.6714847229748425 4.6140138499096235
cell 14.62681295736386 13.927674300220795 0.0 2.23606797749979 0.4472135954999579 1 0 0 -0.7569022023877807 0.6535281600822775 4.56606550654974
cell 14.838139439076755 27.171530241069224 0.0 2.23606797749979 0.4472135954999579 1 0 0 0.7233957030265914 -0.6904336730220099 4.665769408863064
cell 23.633067415834855 8.561437406022444 0.0 2.23606797749979 0.4472135954999579 1 0 0 0.6076136546371692 0.7942327408879987 1.306105066397003
cell 39.872681439669286 43.81071146795316 0.0 2.23606797749979 0.4472135954999579 1 0 0 0.6767856026821539 -0.7361801736002903 4.796410300736912
cell 38.53477693497363 41.69353479724584 0.0 1.0 1.0 1 0 0 0.0 1.0 0
cell 1.9325180542868599 9.781974795204547 0.0 2.23606797749979 0.4472135954999579 1 0 0 0.7338695429814535 -0.6792904341179792 4.635183290778769
cell 3.9108399836705097 2.815489634626976 0.0 2.23606797749979 0.4472135954999579 1 0 0 0.7374463796421898 -0.6754056833878637 4.624622019353233
cell 25.57750928269641 20.504326883332013 0.0 2.23606797749979 0.4472135954999579 1 0 0 0.6145528388934347 0.7888756608034121 1.3236380156466674
cell 35.579212140911956 31.64827147633988 0.0 1.0 1.0 1 0 0 0.0 1.0 0
cell 32.37775804954367 27.500217140104134 0.0 1.0 1.0 1 0 0 0.0 1.0 0
cell 22.293517946836793 4.296362584777482 0.0 2.23606797749979 0.4472135954999579 1 0 0 0.6186650360786659 0.7856548689684186 1.33408478122612
cell 21.133889149733655 33.806386101301 0.0 2.23606797749979 0.4472135954999579 1 0 0 0.6123831975336265 0.7905610788411553 1.3181432973318454
cell 44.29679149080844 30.094970843231287 0.0 2.23606797749979 0.4472135954999579 1 0 0 0.7215290641636128 -0.6923841488416536 4.671168927728627
cell 22.7050178684779 8.16950963298588 0.0 2.23606797749979 0.4472135954999579 1 0 0 0.5948714856015002 0.803820823080781 1.274211519661245
cell 11.647940181801463 22.796220077100607 0.0 2.23606797749979 0.4472135954999579 1 0 0 0.6512808918355484 -0.7588367412888577 4.864642938778294
cell 25.327885990038208 42.95840843911185 0.0 2.23606797749979 0.4472135954999579 1 0 0 0.690022418137038 0.7237879955265317 1.5230400512755335
cell 15.461205995151722 31.532719697983513 0.0 2.23606797749979 0.4472135954999579 1 0 0 0.6802819749058973 -0.7329504994323506 4.786890751014269
cell 27.803235336916057 14.280582021685152 0.0 2.23606797749979 0.4472135954999579 1 0 0 0.7115770569156974 0.7026080643368636 1.5834804827707907
cell 38.08170286080031 14.764745354941876 0.0 1.0 1.0 1 0 0 0.0 1.0 0
cell 34.9824509255535 43.56415847036316 0.0 1.0 1.0 1 0 0 0.0 1.0 0
cell 43.38706006017176 30.720226472728296 0.0 2.23606797749979 0.4472135954999579 1 0 0 0.7002345258158048 -0.7139128860410876 4.731733404542149
cell 16.6522365854101 5.6303389580675285 0.0 2.23606797749979 0.4472135954999579 1 0 0 0.5920671444550815 0.8058886377513991 1.2672429619741616
cell 42.94921644593592 2.625884745706146 0.0 2.23606797749979 0.4472135954999579 1 0 0 0.691327710157715 -0.7225413463381113 4.756535312778331
cell 42.088715675786396 36.46434426423445 0.0 2.23606797749979 0.4472135954999579 1 0 0 0.6784385584679179 -0.7346571461464004 4.791915024290782
cell 32.2806569290688 31.483328135941143 0.0 1.0 1.0 1 0 0 0.0 1.0 0
cell 25.443879761316992 2.5416718142831605 0.0 2.23606797749979 0.4472135954999579 1 0 0 0.6671970138491289 0.7448812957181872 1.4608788365175578
cell 30.910465011713992 17.806593238746686 0.0 2.23606797749979 0.4472135954999579 1 0 0 0.7409089886932072 0.671605442558061 1.6688456124708173
cell 29.059342770446147 20.247740397334084 0.0 2.23606797749979 0.4472135954999579 1 0 0 0.7144154912613908 0.6997217345815018 1.5915768106720125
cell 12.467716114634285 9.52790923302482 0.0 2.23606797749979 0.4472135954999579 1 0 0 0.6810257159249646 -0.7322594992547993 4.784860350031866
cell 12.697676509492243 22.903299853132488 0.0 2.23606797749979 0.4472135954999579 1 0 0 0.6469843858268152 -0.7625032488431107 4.875939544701651
cell 26.4393482563944 20.53537066308721 0.0 2.23606797749979 0.4472135954999579 1 0 0 0.6118742585071857 0.7909550504145489 1.3168560793276585
cell 8.327957928678236 11.467018713135465 0.0 2.23606797749979 0.4472135954999579 1 0 0 0.6883880511887639 -0.7253426024855674 4.764656557390751
cell 34.106843232826094 26.552089218893677 0.0 1.0 1.0 1 0 0 0.0 1.0 0
cell 1.001164409982919 9.596318838118043 0.0 2.23606797749979 0.4472135954999579 1 0 0 0.7473541957382944 -0.6644258469629001 4.595043269249463
cell 14.44859852545244 31.617162671730338 0.0 2.23606797749979 0.4472135954999579 1 0 0 0.7053575610279387 -0.7088516848401489 4.717330422696002
cell 8.024816309091856 27.917871575916596 0.0 2.23606797749979 0.4472135954999579 1 0 0 0.6502782348245582 0.7596961348548884 1.4159012484597153
cell 1.456300936256591 25.460178485089962 0.0 2.23606797749979 0.4472135954999579 1 0 0 0.7025676597294772 -0.7116169499823943 4.7251866967246094
cell 14.676113802784812 6.845676366239953 0.0 2.23606797749979 0.4472135954999579 1 0 0 0.7953789421016825 -0.6061124800407994 4.443920258695661
cell 14.317137479615022 3.20764229192644 0.0 2.23606797749979 0.4472135954999579 1 0 0 0.7980242971606429 -0.6026252742303975 4.435166165175595
cell 6.011889488824176 40.05438910283424 0.0 2.23606797749979 0.4472135954999579 1 0 0 0.7157112609291666 -0.6983962993739173 4.687901315095688
cell 29.763765472248288 5.650304411345845 0.0 2.23606797749979 0.4472135954999579 1 0 0 0.8007247752933446 0.5990324150089232 1.857008302929921
cell 10.766533673672138 0.8025474670223254 0.0 2.23606797749979 0.4472135954999579 1 0 0 0.6820875647955553 -0.7312705066876888 4.78195819242674
cell 29.95459034093765 17.947959480068175 0.0 2.23606797749979 0.4472135954999579 1 0 0 0.7491610925935215 0.6623878451059327 1.6935893610894013
cell 18.88985736439651 33.25876873996 0.0 2.23606797749979 0.4472135954999579 1 0 0 0.6174929775905804 0.7865763933823077 1.3311028833360703
cell 38.30669807718076 2.767840881761837 0.0 1.0 1.0 1 0 0 0.0 1.0 0
cell 37.44193341218517 28.73605367950262 0.0 1.0 1.0 1 0 0 0.0 1.0 0
cell 24.710824938382526 34.213764357944555 0.0 2.23606797749979 0.4472135954999579 1 0 0 0.6511311668288076 0.7589652189554905 1.4181477846277122
cell 31.339014988686294 8.600978711435273 0.0 1.0 1.0 1 0 0 0.0 1.0 0
cell 15.82581154981768 17.97754554462998 0.0 2.23606797749979 0.4472135954999579 1 0 0 0.7259991156351266 -0.687695633326993 4.658213051126113
cell 30.026100091414506 21.579038955186743 0.0 2.23606797749979 0.4472135954999579 1 0 0 0.7444512124558949 0.667676862166833 1.6794250563731525
cell 13.479783412617591 9.78480511348724 0.0 2.23606797749979 0.4472135954999579 1 0 0 -0.7227717047834644 0.6910868706352369 4.667576108599982
cell 27.238113459439802 20.2362046022983 0.0 2.23606797749979 0.4472135954999579 1 0 0 0.6300323827355203 0.7765688615342511 1.363189821236511
cell 44.31688889623382 5.582561410381854 0.0 2.23606797749979 0.4472135954999579 1 0 0 0.6863386086894088 -0.7272821421032463 4.77029997258708
cell 17.697026549937718 32.848483372998295 0.0 2.23606797749979 0.4472135954999579 1 0 0 0.6221092865176676 0.7829304155724687 1.3428678418287985
cell 34.49910202300592 16.668441038689654 0.0 1.0 1.0 1 0 0 0.0 1.0 0
cell 34.23372101645078 24.570724032867826 0.0 1.0 1.0 1 0 0 0.0 1.0 0
cell 3.346752016222 35.359695504822085 0.0 2.23606797749979 0.4472135954999579 1 0 0 0.7230079838084669 -0.6908396741279526 4.666892196640709
cell 26.438523105105006 39.94562341946612 0.0 2.23606797749979 0.4472135954999579 1 0 0 0.644800093439515 0.7643512540059005 1.4015234336165412
cell 0.8058267292772762 16.539120394834573 0.0 2.23606797749979 0.4472135954999579 1 0 0 0.7298855313047261 -0.6835693901807026 4.646876350497051
cell 28.34914193918706 22.938780550254773 0.0 2.23606797749979 0.4472135954999579 1 0 0 0.696673384418784 0.7173884550524054 1.541499745264142
cell 42.42976599265744 44.08007728083101 0.0 2.23606797749979 0.4472135954999579 1 0 0 0.6886496564921574 -0.7250942356778418 4.763935104946429
cell 1.805737256153073 1.2954799325244788 0.0 2.23606797749979 0.4472135954999579 1 0 0 0.7291282336137234 -0.6843771028806644 4.649090757617445
cell 36.56341023627872 7.6871045157844256 0.0 1.0 1.0 1 0 0 0.0 1.0 0
cell 8.538113444050197 2.502639419606828 0.0 2.23606797749979 0.4472135954999579 1 0 0 -0.6567801800620293 0.7540820877581487 4.850103456814047
cell 10.575897862323348 22.71555980253056 0.0 2.23606797749979 0.4472135954999579 1 0 0 0.6860477135320635 -0.7275565508999473 4.7710997730182
cell 44.37018310773366 25.843652520576743 0.0 2.23606797749979 0.4472135954999579 1 0 0 0.7381259883159385 -0.6746628975811692 4.6226084664836256
cell 41.51312204553914 0.49677179270220734 0.0 2.23606797749979 0.4472135954999579 1 0 0 0.6800005135969278 -0.7332116348694382 4.787658636908815
cell 41.78992868185235 26.989890850432936 0.0 2.23606797749979 0.4472135954999579 1 0 0 0.6523333177186136 -0.7579322150391988 4.861867497707245
cell 20.945686773208084 15.765579239605291 0.0 2.23606797749979 0.4472135954999579 1 0 0 0.579302076310162 0.8151129396486939 1.2357444009165799
cell 22.68871073052579 25.58216277232448 0.0 2.23606797749979 0.4472135954999579 1 0 0 0.6119173939364917 0.7909216794335406 1.3169651533875555
cell 2.3171298729311642 5.721128133989961 0.0 2.23606797749979 0.4472135954999579 1 0 0 0.724339407698462 -0.6894435600214431 4.663033790064115
cell 17.193710070854614 25.098865435847497 0.0 2.23606797749979 0.4472135954999579 1 0 0 0.6393342455299599 0.7689289450219942 1.3872642662180679
cell 13.489973902072222 34.942563398976844 0.0 2.23606797749979 0.4472135954999579 1 0 0 0.6654818342179051 -0.7464140461740874 4.826906978225533
cell 18.165493542459096 9.847562783380107 0.0 2.23606797749979 0.4472135954999579 1 0 0 0.6019973402597144 0.7984980916196541 1.292000257260735
cell 2.540361262460997 14.214761856068824 0.0 2.23606797749979 0.4472135954999579 1 0 0 0.7729760844671922 -0.6344351604709247 4.516147787974966
cell 24.18477432829825 12.3779549982309 0.0 2.23606797749979 0.4472135954999579 1 0 0 0.5865149903104413 0.8099383718167346 1.2534985889421355
cell 20.770456441277585 29.681765972635286 0.0 2.23606797749979 0.4472135954999579 1 0 0 0.6431439896854747 0.7657452634730757 1.3971940254036053
cell 37.66221312174355 24.728819622328974 0.0 1.0 1.0 1 0 0 0.0 1.0 0
cell 33.70550477752404 34.57573203253258 0.0 1.0 1.0 1 0 0 0.0 1.0 0
cell 6.777317372952917 26.306743980511364 0.0 2.23606797749979 0.4472135954999579 1 0 0 0.6829839164695573 0.730433412327164 1.503680009761161
cell 7.269385673446792 5.3414606519388 0.0 2.23606797749979 0.4472135954999579 1 0 0 0.7206489575306692 0.6933001370329879 1.6094758107988685
cell 33.19603217248025 1.631830071825705 0.0 1.0 1.0 1 0 0 0.0 1.0 0
cell 11.61525664267241 13.924585205542122 0.0 2.23606797749979 0.4472135954999579 1 0 0 0.654066727348655 -0.7564368553788348 4.857288933850223
cell 36.63530771882239 44.600687829977126 0.0 1.0 1.0 1 0 0 0.0 1.0 0
cell 22.711270919598235 41.21732710676324 0.0 2.23606797749979 0.4472135954999579 1 0 0 0.6458068358365214 0.763500838759736 1.4041591396670665
cell 27.655340341577304 37.33213856056596 0.0 2.23606797749979 0.4472135954999579 1 0 0 0.674053336158656 0.7386826788367152 1.479364789571842
cell 14.889256541136303 22.783989545479464 0.0 2.23606797749979 0.4472135954999579 1 0 0 0.7584334589137843 -0.6517504801686554 4.561373004040824
cell 25.126530834124694 12.539262557229137 0.0 2.23606797749979 0.4472135954999579 1 0 0 0.6126339305091129 0.7903667928177116 1.318777691798232
cell 26.465378414076593 15.871412516615003 0.0 2.23606797749979 0.4472135954999579 1 0 0 -0.6251584266331658 -0.7804978805926027 1.3506689958875997
cell 0.4992408815923254 12.124791840499151 0.0 2.23606797749979 0.4472135954999579 1 0 0 0.7318420013409859 -0.6814743465995036 4.641143292591717
cell 20.565711609102095 25.249392377252367 0.0 2.23606797749979 0.4472135954999579 1 0 0 0.6593971626665478 0.7517947737696148 1.4400332287600335
cell 8.28285828524663 15.910219898893622 0.0 2.23606797749979 0.4472135954999579 1 0 0 0.6755586913794777 -0.7373062148806612 4.79974093488113
cell 27.773032517103612 18.704669053465686 0.0 2.23606797749979 0.4472135954999579 1 0 0 0.6429691391274668 0.7658920851723722 1.3967373884395016
cell 3.1381157737817658 22.66914920906432 0.0 2.23606797749979 0.4472135954999579 1 0 0 0.7604283672533179 -0.6494218184481124 4.5552403595675655
cell 15.56315991643773 35.969663364273536 0.0 2.23606797749979 0.4472135954999579 1 0 0 0.6510742052999364 -0.7590140836592272 4.8651876208536
cell 32.547230939091975 23.483871236814117 0.0 1.0 1.0 1 0 0 0.0 1.0 0
cell 29.279106615784627 40.769804348383815 0.0 2.23606797749979 0.4472135954999579 1 0 0 0.7608676933756165 0.6489070450975769 1.7292984601707153
cell 44.54333524433992 21.8548638980232 0.0 2.23606797749979 0.4472135954999579 1 0 0 0.7354377113152738 -0.6775923352395243 4.630560437070114
cell 2.2968459142934066 42.29973198504206 0.0 2.23606797749979 0.4472135954999579 1 0 0 0.7208503031178198 -0.6930907880609489 4.6731285762893044
cell 30.923412777723044 32.569733543821094 0.0 2.23606797749979 0.4472135954999579 1 0 0 0.7357143154163285 0.6772919947050039 1.653441483280349
cell 36.56571307894605 3.6992149828005165 0.0 1.0 1.0 1 0 0 0.0 1.0 0
cell 32.83080697491233 15.603056518040395 0.0 1.0 1.0 1 0 0 0.0 1.0 0
cell 27.492384107823728 40.84098571004465 0.0 2.23606797749979 0.4472135954999579 1 0 0 0.6716003489941601 0.7409136057806756 1.4727332916622735
cell 25.9640044822338 24.72926011271119 0.0 2.23606797749979 0.4472135954999579 1 0 0 0.6467229241833791 0.7627250220988553 1.406560064092045
cell 32.415899848733844 25.5098540829173 0.0 1.0 1.0 1 0 0 0.0 1.0 0
cell 26.913418750703503 29.04263558204973 0.0 2.23606797749979 0.4472135954999579 1 0 0 0.6671526708293865 0.7449210117893147 1.4607597790573676
cell 37.935977548595154 18.735972992805074 0.0 1.0 1.0 1 0 0 0.0 1.0 0
cell 13.755796873474651 27.704677340307487 0.0 2.23606797749979 0.4472135954999579 1 0 0 0.6882703502968225 -0.7254542886373264 4.7649810711594345
cell 0.7273852770495457 37.41565635153461 0.0 2.23606797749979 0.4472135954999579 1 0 0 0.7160429306765362 -0.6980562451752417 4.686951279972969
cell 30.869017907148745 28.74144546454008 0.0 2.23606797749979 0.4472135954999579 1 0 0 0.7674826524449506 0.6410697139906573 1.7498101509161776
cell 36.400028835336215 13.705103195048435 0.0 1.0 1.0 1 0 0 0.0 1.0 0
cell 17.12963621634045 10.040098587676674 0.0 2.23606797749979 0.4472135954999579 1 0 0 0.634101078607376 0.7732501678686933 1.3736908834830934
cell 37.98763513090989 16.781877302887313 0.0 1.0 1.0 1 0 0 0.0 1.0 0
cell 36.834890218788765 40.64006890718559 0.0 1.0 1.0 1 0 0 0.0 1.0 0
cell 4.0637945348352 26.942155758389845 0.0 2.23606797749979 0.4472135954999579 1 0 0 0.7348867612671743 -0.6781898319159931 4.6321859194849715
cell 19.40050403419744 40.73866959345886 0.0 2.23606797749979 0.4472135954999579 1 0 0 0.6056260154553981 0.7957494136998267 1.3011046627367737
cell 2.233501956823815 27.401632773663238 0.0 2.23606797749979 0.4472135954999579 1 0 0 0.7061183644530555 -0.7080938182064167 4.715182694783055
cell 42.738628119475656 23.02133697301809 0.0 2.23606797749979 0.4472135954999579 1 0 0 0.6999137338353749 -0.7142273903937204 4.732631893241972
cell 44.25948238973267 42.482845343287565 0.0 2.23606797749979 0.4472135954999579 1 0 0 0.7004636978924206 -0.7136880326409262 4.731091286505804
cell 29.60936897580047 8.527303235095793 0.0 2.23606797749979 0.4472135954999579 1 0 0 0.7978508671768686 0.602854869554123 1.8474436701192924
cell 27.258449257769794 11.121072819982595 0.0 2.23606797749979 0.4472135954999579 1 0 0 0.7086035930856746 0.7056067940900738 1.5750344437499935
cell 24.07446581695977 35.57774677073469 0.0 2.23606797749979 0.4472135954999579 1 0 0 0.6247450236919334 0.7808288259101129 1.3496098890911818
cell 3.580159735632414 14.564094259524634 0.0 2.23606797749979 0.4472135954999579 1 0 0 0.7691249308608743 -0.6390984593380392 4.528243713225775
cell 29.170994778856127 24.668629856299937 0.0 2.23606797749979 0.4472135954999579 1 0 0 0.719201028730211 0.6948020439473435 1.6053034139965148
cell 42.819940725006845 14.391111030282172 0.0 2.23606797749979 0.4472135954999579 1 0 0 0.6651446859930874 -0.7467145014630138 4.8278101776710765
cell 33.105952728391195 5.643610053296462 0.0 1.0 1.0 1 0 0 0.0 1.0 0
cell 44.041286995429346 17.62708027992907 0.0 2.23606797749979 0.4472135954999579 1 0 0 0.6955812695993524 -0.7184474214461021 4.744728011617948
cell 24.52575666757475 43.81652160422421 0.0 2.23606797749979 0.4472135954999579 1 0 0 0.6721402028782103 0.740423897287789 1.4741910387564552
cell 10.49193999755272 18.24663886678512 0.0 2.23606797749979 0.4472135954999579 1 0 0 0.6611666696672311 -0.7502390518502369 4.838439784589964
cell 26.285924749282415 42.93173768792675 0.0 2.23606797749979 0.4472135954999579 1 0 0 0.649266967116698 0.7605605862855929 1.4132404674359822
cell 19.52034523746633 21.71943032342023 0.0 2.23606797749979 0.4472135954999579 1 0 0 0.6650318625096725 0.7468149850176522 1.4550729634402226
cell 37.274737745540556 32.716414533530134 0.0 1.0 1.0 1 0 0 0.0 1.0 0
cell 9.351764695750424 17.448862016746293 0.0 2.23606797749979 0.4472135954999579 1 0 0 0.7070408725639666 -0.7071726836664328 4.712575389433739
cell 25.14016530809308 28.23677908977787 0.0 2.23606797749979 0.4472135954999579 1 0 0 0.6439423796129937 0.7650739910220155 1.3992802020773965
cell 9.044960753428754 42.92429951719113 0.0 2.23606797749979 0.4472135954999579 1 0 0 0.6448833886856751 -0.7642809790890261 4.881443913364969
cell 15.14303145274844 44.82176682353842 0.0 2.23606797749979 0.4472135954999579 1 0 0 0.7058462276461842 -0.7083650915436552 4.715951193753691
cell 17.862079012466577 36.63491292467701 0.0 2.23606797749979 0.4472135954999579 1 0 0 0.6223329589261946 0.7827526354054437 1.3434392790858234
cell 4.906491769558138 18.77363833665048 0.0 2.23606797749979 0.4472135954999579 1 0 0 0.7828842384856144 -0.622167396390071 4.48460894178094
cell 24.954505733976152 7.136961122802885 0.0 2.23606797749979 0.4472135954999579 1 0 0 0.6475387510018784 0.7620325228957929 1.408700277776051
cell 33.079677464839975 9.625597478284645 0.0 1.0 1.0 1 0 0 0.0 1.0 0
cell 23.289051515011504 12.181053062124722 0.0 2.23606797749979 0.4472135954999579 1 0 0 0.5832639216783627 0.8122827079708005 1.2454822604154914
cell 22.513232762640914 37.43315702314154 0.0 2.23606797749979 0.4472135954999579 1 0 0 0.6382293311954466 0.7698462968682859 1.3843920751025915
cell 31.3993073882493 4.599630630820836 0.0 1.0 1.0 1 0 0 0.0 1.0 0
cell 44.61772336788599 9.694047306917083 0.0 2.23606797749979 0.4472135954999579 1 0 0 0.661802844039297 -0.7496779279273853 4.836743225800391
cell 23.966829632505682 4.2250502291920125 0.0 2.23606797749979 0.4472135954999579 1 0 0 0.6618380599550854 0.7496468384478713 1.4465360327807106
cell 11.62749902182467 18.372614699205307 0.0 2.23606797749979 0.4472135954999579 1 0 0 0.6460754338724889 -0.7632735641606325 4.878322466867074
cell 0.12259443187450089 18.560122860328125 0.0 2.23606797749979 0.4472135954999579 1 0 0 0.7302546202988994 -0.6831750797065934 4.645796151547406
cell 43.04393940466338 35.16785307100337 0.0 2.23606797749979 0.4472135954999579 1 0 0 0.6910214738242595 -0.7228342290689812 4.757382805524393
cell 13.853543333945687 23.20742796505087 0.0 2.23606797749979 0.4472135954999579 1 0 0 0.7216119441726232 -0.6922977697691991 4.670929508096443
cell 7.2023577591733305 18.91145265611671 0.0 2.23606797749979 0.4472135954999579 1 0 0 0.6881218643100523 0.7255951349467952 1.5177949157479724
cell 35.44177942595359 33.67676081399839 0.0 1.0 1.0 1 0 0 0.0 1.0 0
cell 32.63526308191899 21.565001507673383 0.0 1.0 1.0 1 0 0 0.0 1.0 0
cell 4.788059505051357 15.005725985629102 0.0 2.23606797749979 0.4472135954999579 1 0 0 0.7727145826004572 -0.6347536323933886 4.5169719423151395
cell 40.835271579355954 15.478923225231014 0.0 2.23606797749979 0.4472135954999579 1 0 0 0.636428881304635 -0.7713353868722287 4.903466137525457
cell 21.69871233914996 41.17015504675617 0.0 2.23606797749979 0.4472135954999579 1 0 0 0.6301568175093502 0.7764678907375936 1.363510315322389
cell 40.414276158960405 35.06602210588821 0.0 2.23606797749979 0.4472135954999579 1 0 0 0.6396195255199404 -0.7686916563705153 4.895178907339092
cell 2.264244226176422 22.94394736957467 0.0 2.23606797749979 0.4472135954999579 1 0 0 0.7362335168258471 -0.6767275734756527 4.628210016275558
cell 1.7525451721452405 37.863158814083086 0.0 2.23606797749979 0.4472135954999579 1 0 0 0.7258540116856618 -0.6878487869581738 4.6586350046356815
cell 11.257934354180007 5.033444789225882 0.0 2.23606797749979 0.4472135954999579 1 0 0 0.6901012030249262 -0.7237128778621738 4.759927543046648
cell 8.25712073549952 7.0013410240865985 0.0 2.23606797749979 0.4472135954999579 1 0 0 0.6837713812138563 -0.729696305481188 4.777348051638552
cell 5.041241693803342 11.701379375920606 0.0 2.23606797749979 0.4472135954999579 1 0 0 0.753061315174806 -0.6579503443172529 4.577780151414799
cell 32.71766224590698 17.566841512838614 0.0 1.0 1.0 1 0 0 0.0 1.0 0
cell 38.40461631443193 43.71667912613154 0.0 1.0 1.0 1 0 0 0.0 1.0 0
cell 11.804044266394381 0.6138399308769781 0.0 2.23606797749979 0.4472135954999579 1 0 0 0.7127927917821797 -0.7013746758925405 4.696241150596324
cell 35.75588375280094 27.639439097711513 0.0 1.0 1.0 1 0 0 0.0 1.0 0
cell 9.436800172474117 22.077200106507895 0.0 2.23606797749979 0.4472135954999579 1 0 0 0.7191136584485761 -0.6948924709857668 4.678133373722373
cell 1.1556343465029468 33.498493832926506 0.0 2.23606797749979 0.4472135954999579 1 0 0 0.7229574490718735 -0.6908925580953158 4.667038490503998
cell 4.981929927766628 40.01649759397528 0.0 2.23606797749979 0.4472135954999579 1 0 0 0.7171034381067859 -0.696966756061885 4.683910449176589
cell 13.607621813487768 14.262817810216598 0.0 2.23606797749979 0.4472135954999579 1 0 0 0.7100266744703227 -0.7041747805343601 4.70411312899779
cell 18.618708953104385 5.301307583163095 0.0 2.23606797749979 0.4472135954999579 1 0 0 -0.6503197529172667 -0.7596605945852564 1.4160105528564877
cell 34.71191887171576 12.67708260261439 0.0 1.0 1.0 1 0 0 0.0 1.0 0
cell 19.7413202290451 29.5856981232542 0.0 2.23606797749979 0.4472135954999579 1 0 0 0.6073067122070697 0.7944674677469427 1.3053322524334572
cell 17.40687969468571 29.0317758800638 0.0 2.23606797749979 0.4472135954999579 1 0 0 0.6111149336417686 0.7915418737375911 1.314936771187329
cell 40.66958403276675 3.84626006659086 0.0 2.23606797749979 0.4472135954999579 1 0 0 0.6811726200558472 -0.7321228460349072 4.7844590774247155
cell 3.8910022104536486 10.68200452032578 0.0 2.23606797749979 0.4472135954999579 1 0 0 0.7247960699154276 -0.688963465675177 4.661708601809137
cell 13.783116832782376 43.78247921626867 0.0 2.23606797749979 0.4472135954999579 1 0 0 0.7932076126488177 -0.608951297917956 4.451068285592518
cell 12.44380884225771 30.709634966786698 0.0 2.23606797749979 0.4472135954999579 1 0 0 0.6170625660503286 -0.7869140928839589 4.953176581153709
cell 39.667994099432505 12.378894547505201 0.0 2.23606797749979 0.4472135954999579 1 0 0 0.6679706042357638 -0.7441876590463649 4.820228419636751
cell 16.461841074638716 31.499624150581628 0.0 2.23606797749979 0.4472135954999579 1 0 0 0.7173531215847685 -0.6967097666550889 4.683193831019531
cell 22.016376903413715 33.19605938695274 0.0 2.23606797749979 0.4472135954999579 1 0 0 0.6351792446879921 0.7723647629958217 1.3764811409636835
cell 25.793043519659808 11.45143990442213 0.0 2.23606797749979 0.4472135954999579 1 0 0 0.6548331656555543 0.7557734615329685 1.4279237057253935
cell 33.99886713684796 28.563286349362112 0.0 1.0 1.0 1 0 0 0.0 1.0 0
cell 42.65498757221266 27.512418008092762 0.0 2.23606797749979 0.4472135954999579 1 0 0 0.6967138319464871 -0.7173491732583528 4.741572795575748
cell 21.593795214010573 28.782856135726714 0.0 2.23606797749979 0.4472135954999579 1 0 0 0.6567205942111141 0.7541339808939796 1.4329238203534669
cell 6.63999086618861 44.4900204164977 0.0 2.23606797749979 0.4472135954999579 1 0 0 0.7191860432775348 -0.6948175553012488 4.677925028592744
cell 43.680567242400336 38.64627245379828 0.0 2.23606797749979 0.4472135954999579 1 0 0 0.708004392241305 -0.7062080292428149 4.7098485387861295
cell 41.11468172507931 19.703034204783503 0.0 2.23606797749979 0.4472135954999579 1 0 0 0.701433672012845 -0.712734735905706 4.728371268311183
cell 24.059856313024884 24.092533387021415 0.0 2.23606797749979 0.4472135954999579 1 0 0 -0.6234899277246612 -0.7818313820932854 1.3463971735156317
cell 38.724820975983626 37.75518932924486 0.0 1.0 1.0 1 0 0 0.0 1.0 0
cell 4.700538907406551 31.361173506899764 0.0 2.23606797749979 0.4472135954999579 1 0 0 0.7338407679585961 -0.6793215198136578 4.635268009664893
cell 3.788550042589209 18.5279710732207 0.0 2.23606797749979 0.4472135954999579 1 0 0 0.7995382664714649 -0.600615151696829 4.430133194277212
cell 34.90910386397666 0.7281420304698306 0.0 1.0 1.0 1 0 0 0.0 1.0 0
cell 16.665873369686356 35.99409569914652 0.0 2.23606797749979 0.4472135954999579 1 0 0 0.7102526719583515 -0.7039468317820758 4.703471146134629
cell 36.30313715405022 15.703994777828918 0.0 1.0 1.0 1 0 0 0.0 1.0 0
cell 31.281319159361736 14.554619324460239 0.0 1.0 1.0 1 0 0 0.0 1.0 0
cell 9.380776809461826 12.925791754207326 0.0 2.23606797749979 0.4472135954999579 1 0 0 -0.7089052202980961 0.705303756288103 4.70729573563217
cell 31.402463814577164 12.546486401289236 0.0 1.0 1.0 1 0 0 0.0 1.0 0
cell 9.932061434942726 43.95854322254666 0.0 2.23606797749979 0.4472135954999579 1 0 0 0.6532800833000707 -0.7571163271013595 4.859367867017184
cell 19.81085517398673 18.551678258061695 0.0 2.23606797749979 0.4472135954999579 1 0 0 0.629696265689494 0.7768414336122309 1.362324326674434
cell 21.482461773468295 12.20651951047085 0.0 2.23606797749979 0.4472135954999579 1 0 0 -0.5947099188279369 -0.8039403662260458 1.2738095525678883
cell 38.599900755670895 39.764562952999746 0.0 1.0 1.0 1 0 0 0.0 1.0 0
cell 23.260161681014182 36.04039737635269 0.0 2.23606797749979 0.4472135954999579 1 0 0 0.6488185228383816 0.7609431808103813 1.41206151730775
cell 6.18455103130203 4.0370021637350435 0.0 2.23606797749979 0.4472135954999579 1 0 0 0.7327180315701677 -0.6805323550074153 4.638570529602092
cell 36.548549840644625 5.741255184543845 0.0 1.0 1.0 1 0 0 0.0 1.0 0
cell 21.305818334414447 3.926954276619355 0.0 2.23606797749979 0.4472135954999579 1 0 0 0.6137066374874891 0.7895341430893281 1.321493575532855
cell 8.334326246679579 20.410064110098872 0.0 2.23606797749979 0.4472135954999579 1 0 0 0.6975192905486924 -0.7165660048540181 4.739325916458252
cell 26.708390105027146 36.989850982861526 0.0 2.23606797749979 0.4472135954999579 1 0 0 0.6724815875423495 0.7401138523338969 1.4751133648725605
cell 43.84805234209919 2.0593051415662345 0.0 2.23606797749979 0.4472135954999579 1 0 0 0.6838310319192105 -0.7296404044351626 4.777184550768833
cell 29.673925187520577 11.260035902108225 0.0 2.23606797749979 0.4472135954999579 1 0 0 0.771725777777977 0.6359554417669342 1.7631007574454651
cell 43.51750976563329 26.28553659478761 0.0 2.23606797749979 0.4472135954999579 1 0 0 0.7206685614954804 -0.6932797591679963 4.673652942943405
cell 14.464781128604738 9.57670343726016 0.0 2.23606797749979 0.4472135954999579 1 0 0 0.7674411778757303 -0.6411193636919039 4.533504543012767
cell 29.174698316951886 29.076958147521317 0.0 2.23606797749979 0.4472135954999579 1 0 0 0.7253852579561831 0.6883431030669528 1.623187836408919
cell 5.1119861617836095 22.808960046703373 0.0 2.23606797749979 0.4472135954999579 1 0 0 0.7818614519444121 -0.6234522194710479 4.487893367614698
cell 33.86245947701534 32.59361258465963 0.0 1.0 1.0 1 0 0 0.0 1.0 0
cell 14.73416834861849 18.35330203925781 0.0 2.23606797749979 0.4472135954999579 1 0 0 0.7594582583497937 -0.6505560343462337 4.558225360339256
cell 3.756176369385971 31.347107628198987 0.0 2.23606797749979 0.4472135954999579 1 0 0 0.7192685150427865 -0.6947321809648267 4.677687622869142
cell 38.13753645124367 12.765649014671554 0.0 1.0 1.0 1 0 0 0.0 1.0 0
cell 26.040838537176366 32.62747447021147 0.0 2.23606797749979 0.4472135954999579 1 0 0 0.6652229615452538 0.746644769239671 1.4555847925243173
cell 25.083798123054226 24.58799679882605 0.0 2.23606797749979 0.4472135954999579 1 0 0 -0.6368815261072209 -0.7709616862745757 1.380893119335993
cell 36.17354686360524 19.668432788125486 0.0 1.0 1.0 1 0 0 0.0 1.0 0
cell 43.01969168658435 18.544044097217757 0.0 2.23606797749979 0.4472135954999579 1 0 0 0.6644530155462323 -0.7473300409668532 4.829661984301463
cell 39.11926113709073 29.78494123845874 0.0 1.0 1.0 1 0 0 0.0 1.0 0
cell 26.08013269544671 28.831653075113554 0.0 2.23606797749979 0.4472135954999579 1 0 0 -0.6608563101626443 -0.7505124498089387 1.4439183116894325
cell 15.949244191739254 22.44366521873353 0.0 2.23606797749979 0.4472135954999579 1 0 0 0.7272478260179401 -0.6863749700798973 4.65457798307076
cell 21.717292332060083 7.95624052764561 0.0 2.23606797749979 0.4472135954999579 1 0 0 -0.5904768156705718 -0.8070546017188315 1.2632990457091768
cell 15.975974075636778 27.020539024513504 0.0 2.23606797749979 0.4472135954999579 1 0 0 0.7059672399456487 -0.7082444889468062 4.715609498198792
cell 31.34516681500859 10.56267936967574 0.0 1.0 1.0 1 0 0 0.0 1.0 0
cell 2.862301899183826 10.142603286068637 0.0 2.23606797749979 0.4472135954999579 1 0 0 0.7232107990758806 -0.6906273525570981 4.666304950584049
cell 23.73272890481654 44.666909831245505 0.0 2.23606797749979 0.4472135954999579 1 0 0 0.6661508042427005 0.7458170727509551 1.4580715363774772
cell 37.512139533925904 26.719178410497367 0.0 1.0 1.0 1 0 0 0.0 1.0 0
cell 1.3185244867155994 41.71043905927985 0.0 2.23606797749979 0.4472135954999579 1 0 0 0.7255155766967664 -0.6882057453773243 4.659618788269596
cell 1.2467990531835815 20.981546247799656 0.0 2.23606797749979 0.4472135954999579 1 0 0 0.7419903329441607 -0.6704105800309341 4.611116651172087
cell 33.2445502862253 44.509220429611325 0.0 1.0 1.0 1 0 0 0.0 1.0 0
cell 25.710327962896 6.9791314939841405 0.0 2.23606797749979 0.4472135954999579 1 0 0 0.6759680095793204 0.7369309669333837 1.484554962085159
cell 0.6374621288863328 22.894620540231507 0.0 2.23606797749979 0.4472135954999579 1 0 0 0.734956272601502 -0.6781145016615606 4.631980917310914
cell 17.49626596237679 14.47662479314931 0.0 2.23606797749979 0.4472135954999579 1 0 0 0.6579906407974467 0.7530261062028099 1.4362945207762958
cell 20.614638105996924 12.542174825478934 0.0 2.23606797749979 0.4472135954999579 1 0 0 0.6016698575284335 0.7987448795089171 1.2911801372599294
cell 29.230462180995403 33.53774174045528 0.0 2.23606797749979 0.4472135954999579 1 0 0 0.7331316000520179 0.6800868010814267 1.645830601909419
cell 35.37779928716638 35.636230176664654 0.0 1.0 1.0 1 0 0 0.0 1.0 0
cell 34.364445922876705 20.60833371502522 0.0 1.0 1.0 1 0 0 0.0 1.0 0
cell 2.193065601977064 34.39088313987949 0.0 2.23606797749979 0.4472135954999579 1 0 0 0.747404782456977 -0.6643689420498514 4.594890990751455
cell 17.095135831424212 17.187575906747007 0.0 2.23606797749979 0.4472135954999579 1 0 0 0.6211753750919936 0.7836715851549813 1.3404832889822962
cell 7.239305453149104 14.41259560618253 0.0 2.23606797749979 0.4472135954999579 1 0 0 0.7143188156630516 0.6998204266736827 1.591300504317372
cell 18.29019006511156 21.4943163075369 0.0 2.23606797749979 0.4472135954999579 1 0 0 0.6354067334474719 0.7721776240539565 1.3770702831192945
cell 27.764958344035264 3.5694650694481935 0.0 2.23606797749979 0.4472135954999579 1 0 0 0.7208096209650304 0.6931330971207833 1.6099393410423284
cell 23.623584441672257 40.428003994260095 0.0 2.23606797749979 0.4472135954999579 1 0 0 0.6688800131189022 0.7433703841626038 1.4654022610837083
cell 40.734781530796965 24.083500173652634 0.0 2.23606797749979 0.4472135954999579 1 0 0 0.6475477744381142 -0.7620248551197298 4.874461346735505
cell 1.3381401383325087 5.364540218577648 0.0 2.23606797749979 0.4472135954999579 1 0 0 0.7091768399831418 -0.7050306444627249 4.70652536604736
cell 39.620044370788946 16.825182622466908 0.0 2.23606797749979 0.4472135954999579 1 0 0 0.6446195521368938 -0.7645035205954454 4.882134230531886
cell 37.830687761962196 22.74383872607643 0.0 1.0 1.0 1 0 0 0.0 1.0 0
cell 28.638177503433997 12.867086972969924 0.0 2.23606797749979 0.4472135954999579 1 0 0 0.7389657760457966 0.6737429642178341 1.6630680420325041
cell 35.88731349154405 25.638649141231994 0.0 1.0 1.0 1 0 0 0.0 1.0 0
cell 27.097515978702656 6.913085232993701 0.0 2.23606797749979 0.4472135954999579 1 0 0 0.7159117632605846 0.6981907670723817 1.595858255829733
cell 27.881782004756516 7.780495842915932 0.0 2.23606797749979 0.4472135954999579 1 0 0 0.7313629773664649 0.6819884129057178 1.6406366987434213
cell 9.345516729235515 30.068802084682485 0.0 2.23606797749979 0.4472135954999579 1 0 0 0.7445768506343423 -0.6675367506732827 4.603383867052199
cell 6.654873709895275 31.709730365461933 0.0 2.23606797749979 0.4472135954999579 1 0 0 0.7733587393691618 -0.6339686587216602 4.514941059062389
cell 2.8043449637154025 38.80093936537321 0.0 2.23606797749979 0.4472135954999579 1 0 0 0.7347064855003376 -0.6783851267265094 4.632717481016834
cell 27.62948272545713 24.52637490835379 0.0 2.23606797749979 0.4472135954999579 1 0 0 0.6709602449749604 0.7414933240853494 1.4710060898622261
cell 2.725622061423711 31.360050314622335 0.0 2.23606797749979 0.4472135954999579 1 0 0 0.7139035305160364 -0.7002440639639429 4.693071277164257
cell 5.930607816301026 27.227370632514987 0.0 2.23606797749979 0.4472135954999579 1 0 0 0.7518006095738079 -0.6593905090645837 4.581608181838006
cell 23.968645397356518 26.913047968237088 0.0 2.23606797749979 0.4472135954999579 1 0 0 0.6114766120772743 0.7912625056721053 1.315850790465809
cell 38.98587223762215 31.813023761681634 0.0 1.0 1.0 1 0 0 0.0 1.0 0
cell 32.704253198422606 19.576814860683307 0.0 1.0 1.0 1 0 0 0.0 1.0 0
cell 42.443938704811146 31.996926704640334 0.0 2.23606797749979 0.4472135954999579 1 0 0 -0.6814498622787633 0.7318647998095377 4.783701578629179
cell 26.912024344678397 33.17350077611975 0.0 2.23606797749979 0.4472135954999579 1 0 0 0.6769684975725193 0.7360119926294719 1.4872719385514575
cell 6.0946202891399555 17.54527354376564 0.0 2.23606797749979 0.4472135954999579 1 0 0 0.737723263661405 0.6751032411807584 1.65938337575113
cell 12.347604635986073 41.270311574606076 0.0 2.23606797749979 0.4472135954999579 1 0 0 0.7017169061129126 -0.7124558819150291 4.727576331569958
cell 37.11418635725174 34.7227169461355 0.0 1.0 1.0 1 0 0 0.0 1.0 0
cell 23.486541988628428 31.44958273246131 0.0 2.23606797749979 0.4472135954999579 1 0 0 0.6267022660829219 0.7792587950652405 1.3546281748279736
cell 10.500757963558653 13.828074424996165 0.0 2.23606797749979 0.4472135954999579 1 0 0 -0.6532599911033018 0.7571336632482497 4.859420941996602
cell 31.323793671204037 6.568521869333636 0.0 1.0 1.0 1 0 0 0.0 1.0 0
cell 7.637451937785849 36.080478621462206 0.0 2.23606797749979 0.4472135954999579 1 0 0 0.7354530317787612 -0.6775757065062387 4.6305152162177485
cell 43.36487263940474 43.05856614523257 0.0 2.23606797749979 0.4472135954999579 1 0 0 0.7054538926890859 -0.7087558149954155 4.717058607934836
cell 42.730160860868125 39.64372684250856 0.0 2.23606797749979 0.4472135954999579 1 0 0 -0.6906554490719593 0.7231839673742845 4.758395309365307
cell 23.136605115426516 16.37201961989146 0.0 2.23606797749979 0.4472135954999579 1 0 0 -0.5884385063910156 -0.8085419742946626 1.2582524685417624
cell 35.06243036944609 41.62316296461753 0.0 1.0 1.0 1 0 0 0.0 1.0 0
cell 36.58654745655272 1.7609133793500775 0.0 1.0 1.0 1 0 0 0.0 1.0 0
cell 41.75792636822775 11.07885746337606 0.0 2.23606797749979 0.4472135954999579 1 0 0 0.6386043086863001 -0.7695352733483324 4.897818873306715
cell 15.854448837342145 40.38444677808375 0.0 2.23606797749979 0.4472135954999579 1 0 0 0.6893514628336587 -0.7244270568449904 4.761998448230082
cell 8.834958252571726 36.85706129543622 0.0 2.23606797749979 0.4472135954999579 1 0 0 0.7303464845361822 0.6830768716079034 1.6376581081838846
cell 33.0210152321741 13.60754978119343 0.0 1.0 1.0 1 0 0 0.0 1.0 0
cell 6.212450549923803 13.058668296481647 0.0 2.23606797749979 0.4472135954999579 1 0 0 0.7307188189888396 0.6826785536220948 1.6387485946254683
cell 11.28742233455173 41.228654764977854 0.0 2.23606797749979 0.4472135954999579 1 0 0 0.6547018512770003 -0.755887217734543 4.8556090719679785
cell 7.429963200374278 30.698626178615367 0.0 2.23606797749979 0.4472135954999579 1 0 0 0.6710942053508201 0.7413720844114319 1.4713674453156007
cell 35.28463523031268 37.617452100346064 0.0 1.0 1.0 1 0 0 0.0 1.0 0
cell 41.81376371990001 23.04898233267606 0.0 2.23606797749979 0.4472135954999579 1 0 0 0.6552106645825838 -0.7554462158335621 4.854262411396436
cell 30.054851340060893 13.65853920984552 0.0 2.23606797749979 0.4472135954999579 1 0 0 0.7442285040087807 0.6679250959657469 1.6787580659013464
cell 28.448240199885557 27.40610948049228 0.0 2.23606797749979 0.4472135954999579 1 0 0 0.7055910965875227 0.7086192238546857 1.5665139048727537
cell 29.299506983064873 37.38247074896741 0.0 2.23606797749979 0.4472135954999579 1 0 0 0.7537474012383679 0.6571642527758237 1.707491927526993
cell 12.291176388046669 5.058199505788125 0.0 2.23606797749979 0.4472135954999579 1 0 0 0.6995778461460812 -0.7145563918835307 4.7335722389745385
cell 21.446028301651758 37.448779010363566 0.0 2.23606797749979 0.4472135954999579 1 0 0 0.619100985214161 0.785311384169907 1.3351947964754831
cell 36.93184973969914 38.66617448238537 0.0 1.0 1.0 1 0 0 0.0 1.0 0
cell 8.189456181650803 41.28914773020486 0.0 2.23606797749979 0.4472135954999579 1 0 0 0.7425916686354469 0.6697444390759976 1.6738634801654686
cell 20.637760294847517 41.083372781477145 0.0 2.23606797749979 0.4472135954999579 1 0 0 0.6205298935196141 0.7841827919870064 1.3388364994709194
cell 29.956920362448514 2.1776064307296576 0.0 2.23606797749979 0.4472135954999579 1 0 0 0.7795239625678934 0.6263724066260019 1.7878109327025782
cell 41.30553560009149 35.350013901329476 0.0 2.23606797749979 0.4472135954999579 1 0 0 0.6478971848848781 -0.7617277977192706 4.873544110096111
cell 15.609135254296922 13.525510092025396 0.0 2.23606797749979 0.4472135954999579 1 0 0 0.74600318600507 -0.6659423747369475 4.599105330404469
cell 20.36109014824534 37.31079344276715 0.0 2.23606797749979 0.4472135954999579 1 0 0 0.6196154729557428 0.7849055138510821 1.3365054121587532
cell 38.26328061679875 4.752770798183588 0.0 1.0 1.0 1 0 0 0.0 1.0 0
cell 16.41761380665178 1.098859746004277 0.0 2.23606797749979 0.4472135954999579 1 0 0 0.7138134797386139 0.7003358595298769 1.5898568486127183
cell 24.717128602183635 3.2256527575030147 0.0 2.23606797749979 0.4472135954999579 1 0 0 0.6544561463636835 0.7560999619671971 1.4269262167076087
cell 35.98878191261307 23.66708818239367 0.0 1.0 1.0 1 0 0 0.0 1.0 0
cell 42.41599364783286 6.650078234397778 0.0 2.23606797749979 0.4472135954999579 1 0 0 0.6962424472202134 -0.7178066973000519 4.742886617214198
cell 41.00116321237949 39.779267344358516 0.0 2.23606797749979 0.4472135954999579 1 0 0 0.6596607721950876 -0.7515634807699086 4.84245068997793
cell 13.732771318671942 18.75428762335789 0.0 2.23606797749979 0.4472135954999579 1 0 0 0.7168783727156904 -0.6971982492322422 4.684556184475598
cell 18.566563050249115 14.235772008870455 0.0 2.23606797749979 0.4472135954999579 1 0 0 0.6204027428016868 0.7842833905701077 1.338512231803404
cell 36.224558342568635 17.69879031363878 0.0 1.0 1.0 1 0 0 0.0 1.0 0
cell 7.118994877597323 40.157163487925274 0.0 2.23606797749979 0.4472135954999579 1 0 0 0.7232238471082368 -0.6906136886667985 4.666267164181918
cell 25.7301336107816 35.639328425018775 0.0 2.23606797749979 0.4472135954999579 1 0 0 0.6627344772213332 0.7488544669708302 1.448928869292971
cell 17.096999576283732 21.040753609278678 0.0 2.23606797749979 0.4472135954999579 1 0 0 0.6369810362535346 0.7708794714177912 1.3811512786040316
cell 22.907187267072732 0.3243966357773632 0.0 2.23606797749979 0.4472135954999579 1 0 0 0.6447473558930771 0.7643957398291057 1.4013854446710068
cell 5.651285574798397 31.317401094967988 0.0 2.23606797749979 0.4472135954999579 1 0 0 0.7529794741078341 -0.6580440042826085 4.578028909525207
cell 34.263242018990155 22.60028866819372 0.0 1.0 1.0 1 0 0 0.0 1.0 0
cell 1.843595024776474 18.480518476046303 0.0 2.23606797749979 0.4472135954999579 1 0 0 0.7489572008687205 -0.6626183752861755 4.590211465383766
cell 31.445077532073515 2.61123974855201 0.0 1.0 1.0 1 0 0 0.0 1.0 0
cell 23.802001036273815 20.431050731671043 0.0 2.23606797749979 0.4472135954999579 1 0 0 0.6094592268645384 0.7928174132734972 1.310756643136637
cell 20.01941799924859 33.419079057854205 0.0 2.23606797749979 0.4472135954999579 1 0 0 0.6178945213946816 0.7862610001967778 1.332124079289362
cell 39.76736557854307 3.4470596998440506 0.0 2.23606797749979 0.4472135954999579 1 0 0 0.6788336676259116 -0.7342920751972973 4.7908391282891385
cell 22.764674820279065 22.607243585054135 0.0 2.23606797749979 0.4472135954999579 1 0 0 0.5951600001843543 0.8036072263118091 1.274929472990142
cell 9.468777612073792 3.5251679727029064 0.0 2.23606797749979 0.4472135954999579 1 0 0 -0.6594073433020102 0.751785844239824 4.843124994709267
cell 26.363453370009733 5.40887614892842 0.0 2.23606797749979 0.4472135954999579 1 0 0 0.691589833552781 0.7222904555138719 1.5273756799567764
cell 35.19246183063074 39.572267354526986 0.0 1.0 1.0 1 0 0 0.0 1.0 0
cell 40.03641332328007 22.28321596528559 0.0 2.23606797749979 0.4472135954999579 1 0 0 0.6385760545499013 -0.7695587193681074 4.897892303874385
cell 19.153454932856217 37.073321900792465 0.0 2.23606797749979 0.4472135954999579 1 0 0 0.6132600380535442 0.7898810832818859 1.320362525471831
cell 22.696622563808493 19.85649850328828 0.0 2.23606797749979 0.4472135954999579 1 0 0 0.586826390607623 0.8097127807355085 1.254267644162092
cell 34.88168991187844 2.6669119189480126 0.0 1.0 1.0 1 0 0 0.0 1.0 0
cell 34.78138663888135 6.651616931538365 0.0 1.0 1.0 1 0 0 0.0 1.0 0
cell 6.247070802070741 21.991122253041787 0.0 2.23606797749979 0.4472135954999579 1 0 0 0.7273696385179909 0.6862458808344188 1.628962301959119
cell 11.00711989464102 30.893002300895233 0.0 2.23606797749979 0.4472135954999579 1 0 0 0.513881929224829 -0.8578609227702167 5.2037776758618355
cell 41.77574131385309 15.31786210259307 0.0 2.23606797749979 0.4472135954999579 1 0 0 0.657562309528076 -0.7534001653093146 4.84802813050284
cell 17.609577338813736 0.9354905259628532 0.0 2.23606797749979 0.4472135954999579 1 0 0 0.6805904407855752 0.7326640784911571 1.4971364306383734
cell 29.015456536234733 44.56196819192451 0.0 2.23606797749979 0.4472135954999579 1 0 0 0.7677386817098589 0.6407630736913668 1.7506090983731748
cell 36.733599783190535 42.656880636649454 0.0 1.0 1.0 1 0 0 0.0 1.0 0
cell 0.4306800146552664 26.243377576437368 0.0 2.23606797749979 0.4472135954999579 1 0 0 0.7623161196373974 -0.647204862266177 4.549416783426861
cell 9.33033944635642 8.4279944807601 0.0 2.23606797749979 0.4472135954999579 1 0 0 0.7216654351395473 -0.6922420095059587 4.670774970198152
cell 36.0946126834281 21.705272100623702 0.0 1.0 1.0 1 0 0 0.0 1.0 0
cell 3.3468989687852773 6.236985001168293 0.0 2.23606797749979 0.4472135954999579 1 0 0 0.7308709038281179 -0.6825157301758473 4.643991106121527
cell 9.732485896062164 38.481971334695146 0.0 2.23606797749979 0.4472135954999579 1 0 0 0.6108026773092556 -0.7917828549494144 4.969037398372304
cell 24.870192984852444 16.36026230308413 0.0 2.23606797749979 0.4472135954999579 1 0 0 -0.5854720143034687 -0.810692617745739 1.2509243425660035
cell 34.769695039099474 10.627749805450165 0.0 1.0 1.0 1 0 0 0.0 1.0 0
cell 30.025357452299072 44.01558692265849 0.0 2.23606797749979 0.4472135954999579 1 0 0 0.7812805770867869 0.6241799899603777 1.7934296124743794
cell 25.000945977850133 31.26345408854435 0.0 2.23606797749979 0.4472135954999579 1 0 0 0.6443947948267702 0.7646929765599817 1.4004631670914776
cell 4.089798026534264 22.497567658701925 0.0 2.23606797749979 0.4472135954999579 1 0 0 0.7775040921257143 -0.6288778790256252 4.501810919353848
cell 7.203702647272534 9.853779269043274 0.0 2.23606797749979 0.4472135954999579 1 0 0 0.6832741781412869 0.7301618981331119 1.5044749230840497
cell 7.6613798969834415 0.8790931598040261 0.0 2.23606797749979 0.4472135954999579 1 0 0 0.7335828262394751 0.6796000566851831 1.6471580433517339
cell 44.71664921638677 14.131778189287184 0.0 2.23606797749979 0.4472135954999579 1 0 0 0.7153421067883361 -0.6987744058389836 4.68895817702634
cell 42.66863632667376 10.924997208562193 0.0 2.23606797749979 0.4472135954999579 1 0 0 0.6491912562682794 -0.7606252117730605 4.870143923506949
cell 31.807517174341957 37.44840173438245 0.0 1.0 1.0 1 0 0 0.0 1.0 0
cell 23.143467686060117 4.423185402748019 0.0 2.23606797749979 0.4472135954999579 1 0 0 -0.6367492805012613 -0.771070913587801 1.380550077027686
cell 40.66741920595863 8.003017444713826 0.0 2.23606797749979 0.4472135954999579 1 0 0 -0.6496525290495736 0.7602312750074762 4.8689307314111545
cell 30.23021861096433 40.51445568137608 0.0 2.23606797749979 0.4472135954999579 1 0 0 0.7786849784566724 0.6274150973047522 1.7851342941705608
cell 4.456048713739575 44.23996065110324 0.0 2.23606797749979 0.4472135954999579 1 0 0 0.7189999346997596 -0.6950101394236932 4.678460659239246
cell 25.804115096204928 16.551308679770727 0.0 2.23606797749979 0.4472135954999579 1 0 0 0.5956613218076744 0.803235699967534 1.276177439667793
cell 39.27716216909453 25.797346009726933 0.0 1.0 1.0 1 0 0 0.0 1.0 0
cell 3.8905544618711247 39.78531237453927 0.0 2.23606797749979 0.4472135954999579 1 0 0 0.7215694405888238 -0.692342070372971 4.671052294058695
cell 2.8313915416827857 1.8338203519820824 0.0 2.23606797749979 0.4472135954999579 1 0 0 0.7232735549740201 -0.6905616298892105 4.666123206017899
cell 5.073802711568711 3.760383759652764 0.0 2.23606797749979 0.4472135954999579 1 0 0 0.7233840757859866 -0.6904458551539389 4.665803089543724
cell 13.353300207968479 39.40615167202598 0.0 2.23606797749979 0.4472135954999579 1 0 0 0.7654107045741764 -0.6435421146461691 4.5398267427361665
cell 20.98157778581838 22.869405644322722 0.0 2.23606797749979 0.4472135954999579 1 0 0 0.5815069199291053 0.8135414568874565 1.241159527113213
cell 43.73633954552717 14.115436303777205 0.0 2.23606797749979 0.4472135954999579 1 0 0 0.6544952591371958 -0.7560661054213017 4.85615562888969
cell 31.575559471955675 43.42949523606034 0.0 1.0 1.0 1 0 0 0.0 1.0 0
cell 34.638743153196486 14.667720213033228 0.0 1.0 1.0 1 0 0 0.0 1.0 0
cell 18.52577265747666 18.013908362507756 0.0 2.23606797749979 0.4472135954999579 1 0 0 0.6692010229219431 0.7430814160778246 1.466266089424455
cell 26.799062237363938 24.725154600323183 0.0 2.23606797749979 0.4472135954999579 1 0 0 0.6571229055613557 0.753783448336856 1.4339910176227524
cell 2.716911749351171 18.242547246252702 0.0 2.23606797749979 0.4472135954999579 1 0 0 0.772687234583288 -0.6347869229214089 4.517058108974568
cell 21.950041692577543 0.17771720451395595 0.0 2.23606797749979 0.4472135954999579 1 0 0 -0.6322532637998034 -0.7747617765574759 1.3689162073273735
cell 18.57088929278202 29.26694612151087 0.0 2.23606797749979 0.4472135954999579 1 0 0 0.6262818824101437 0.7795966930181316 1.3535494766014833
cell 11.408780579323432 27.26073485618254 0.0 2.23606797749979 0.4472135954999579 1 0 0 0.6014036509985372 -0.7989453351548087 4.992671648377094
cell 19.148248578440484 9.730632131901595 0.0 2.23606797749979 0.4472135954999579 1 0 0 0.624477529297424 0.7810427743744801 1.3489248279329011
cell 11.527555639551464 9.47228628582977 0.0 2.23606797749979 0.4472135954999579 1 0 0 0.6599395109621091 -0.7513187352056997 4.841708812109226
cell 11.4251388959965 35.05650057338973 0.0 2.23606797749979 0.4472135954999579 1 0 0 0.6155940671055925 -0.7880634140374715 4.956906154465664
cell 14.416638940099023 36.111413595042244 0.0 2.23606797749979 0.4472135954999579 1 0 0 0.6414466405351903 -0.7671676526979735 4.890420361702707
cell 28.84540198233156 5.892139026089674 0.0 2.23606797749979 0.4472135954999579 1 0 0 0.7688712186665916 0.6394036667912926 1.7541478144652458
cell 30.074364527092918 33.13102078019914 0.0 2.23606797749979 0.4472135954999579 1 0 0 0.7354593431493891 0.6775688559654061 1.652688720326712
cell 17.653784755002633 5.4068888287679515 0.0 2.23606797749979 0.4472135954999579 1 0 0 0.6166531705345227 0.7872349504879219 1.3289684293441892
cell 15.851562819454264 7.396352318061576 0.0 2.23606797749979 0.4472135954999579 1 0 0 0.6629270454982719 0.7486840003278634 1.4494432287704264
