500
 Lattice="72.36012545582676 0.0 0.0 0.0 72.36012545582676 0.0 0.0 0.0 1.0"Properties=species:S:1:pos:R:3:aspherical_shape:R:3:orientation:R:4:Color:R:1
cell 48.88684542537369 52.520401273586955 0.0 2.23606797749979 0.4472135954999579 1 0 0 0.9971380240173398 -0.0756026524587281 3.292942372494899
cell 12.336905844107527 51.64056414510647 0.0 2.23606797749979 0.4472135954999579 1 0 0 0.9887585611812328 -0.14952092726711586 3.4417601247453815
cell 24.56860039825686 55.60058718445201 0.0 2.23606797749979 0.4472135954999579 1 0 0 0.9855462057680199 -0.16940683662786427 3.4820482043634544
cell 56.74308084091291 49.85552344394652 0.0 2.23606797749979 0.4472135954999579 1 0 0 0.9985330683183883 -0.05414528118557486 3.249936198669973
cell 66.23541388392427 37.309224849065025 0.0 2.23606797749979 0.4472135954999579 1 0 0 0.99243783150199 0.1227483222029029 2.8954753022243547
cell 19.49556811807038 56.990962815279744 0.0 2.23606797749979 0.4472135954999579 1 0 0 0.9698511942424102 -0.24369788884307278 3.633946407566035
cell 58.069889477084864 49.24730483965347 0.0 2.23606797749979 0.4472135954999579 1 0 0 0.9987650224585559 -0.049683296120128784 3.241000171217467
cell 33.57801709401612 42.21687068151291 0.0 2.23606797749979 0.4472135954999579 1 0 0 0.9939576677895238 0.10976408630517896 2.9216212554984686
cell 23.96342252282387 57.375710057177045 0.0 2.23606797749979 0.4472135954999579 1 0 0 -0.9692174750210317 0.24620618618112675 3.6391206357484136
cell 43.05520413395364 59.3416714323724 0.0 2.23606797749979 0.4472135954999579 1 0 0 0.9729872382079956 -0.23085890557736188 3.607513336938352
cell 6.5371007363486155 69.63318450057567 0.0 2.23606797749979 0.4472135954999579 1 0 0 0.05592036347180381 0.9984352322254966 0.11189909840215208
cell 49.50818512692311 37.36775007428311 0.0 2.23606797749979 0.4472135954999579 1 0 0 0.9841804611482431 0.1771689021640977 2.7853744582055557
cell 53.95221781678815 42.34446226359312 0.0 2.23606797749979 0.4472135954999579 1 0 0 0.9917905402347359 0.1278730788746827 2.8851443436516426
cell 1.042646473082478 46.94500657561258 0.0 2.23606797749979 0.4472135954999579 1 0 0 0.99909051385925 0.0426397129031113 3.0562873648892612
cell 9.07189052985923 27.715163618138405 0.0 2.23606797749979 0.4472135954999579 1 0 0 -0.08217228273650316 0.9966181394846635 6.118655227263093
cell 65.5382481356939 56.523911197609166 0.0 2.23606797749979 0.4472135954999579 1 0 0 0.9892233881649347 -0.14641409873194233 3.4354773050639715
cell 58.800372102766204 44.6756020101423 0.0 2.23606797749979 0.4472135954999579 1 0 0 0.9986224467001369 0.05247102959378818 3.036602380074072
cell 33.38318447115047 37.67058431302425 0.0 2.23606797749979 0.4472135954999579 1 0 0 0.9780485175157931 0.2083772957525826 2.7217615712566454
cell 27.61904397363719 17.1789041579827 0.0 2.23606797749979 0.4472135954999579 1 0 0 -0.09147971584022206 0.9958069399184725 6.099969725864119
cell 71.22704964378752 38.61704502604045 0.0 2.23606797749979 0.4472135954999579 1 0 0 0.9853155247257126 0.1707434236932525 2.7984244074711455
cell 49.32418999331861 41.501507577235635 0.0 2.23606797749979 0.4472135954999579 1 0 0 0.9853265713449616 0.17067966428834522 2.7985538260094223
cell 7.434652744301741 52.18501150880903 0.0 2.23606797749979 0.4472135954999579 1 0 0 0.98813172329234 -0.1536089106247108 3.4500316561758733
cell 11.453336686325514 42.31685957848705 0.0 2.23606797749979 0.4472135954999579 1 0 0 0.9920331903265225 0.1259767807597159 2.888967863873123
cell 39.54842140380325 50.24258248424462 0.0 2.23606797749979 0.4472135954999579 1 0 0 0.9997193527247037 -0.023689993408598207 3.1889770732593554
cell 31.53518622025843 53.7961315379679 0.0 2.23606797749979 0.4472135954999579 1 0 0 0.9844845836768134 -0.1754710930686061 3.4943611840774396
cell 65.99751467124369 57.678811304715126 0.0 2.23606797749979 0.4472135954999579 1 0 0 0.9881744989128723 -0.15333349176971608 3.449474214520087
cell 41.64970857867261 35.22495433342089 0.0 2.23606797749979 0.4472135954999579 1 0 0 0.999999970564419 0.00024263380029978648 3.1411073859844323
cell 21.919829684384474 41.15914330568121 0.0 2.23606797749979 0.4472135954999579 1 0 0 0.9792415701880451 0.2026966877273823 2.733370667141321
cell 20.007824516017607 39.67608887433063 0.0 2.23606797749979 0.4472135954999579 1 0 0 0.987168279884296 0.15968339672702428 2.820852801626166
cell 49.74684066608453 43.889695014727955 0.0 2.23606797749979 0.4472135954999579 1 0 0 0.9909184379727007 0.13446430487583969 2.8718469776878743
cell 23.65657071742838 49.566366863075345 0.0 2.23606797749979 0.4472135954999579 1 0 0 0.9999996230842743 -0.0008682345935204964 3.143329122995002
cell 41.669539327646106 38.67336219022814 0.0 2.23606797749979 0.4472135954999579 1 0 0 0.9828184466827354 0.18457491936916895 2.7703139878018748
cell 36.681500474269086 60.00939758699574 0.0 2.23606797749979 0.4472135954999579 1 0 0 0.9936440698868841 -0.11256759026748726 3.367206031258775
cell 62.52476297174568 49.5620735897831 0.0 2.23606797749979 0.4472135954999579 1 0 0 0.9992178057676162 -0.03954461577699912 3.2207025126447424
cell 16.596988982221713 49.7684131695556 0.0 2.23606797749979 0.4472135954999579 1 0 0 0.9988285140749031 -0.048390076161554635 3.2384106158264334
cell 41.2192231357138 46.49986888759201 0.0 2.23606797749979 0.4472135954999579 1 0 0 0.9972809528549775 0.07369329055394479 2.9940723433367307
cell 15.575717812198162 55.85263918782999 0.0 2.23606797749979 0.4472135954999579 1 0 0 0.9780600887008063 -0.2083229773466452 3.5613126615055988
cell 3.3747596847672034 51.54174315572147 0.0 2.23606797749979 0.4472135954999579 1 0 0 0.9879024811716217 -0.15507639309370577 3.4530022164949217
cell 60.80930334726602 52.43708504601831 0.0 2.23606797749979 0.4472135954999579 1 0 0 0.9945289599042502 -0.10446122683450682 3.3508969507289694
cell 61.68363920010047 57.29185345581751 0.0 2.23606797749979 0.4472135954999579 1 0 0 0.9958199939962664 -0.09133750356384841 3.3245226145941267
cell 49.47065111648557 42.34024371932494 0.0 2.23606797749979 0.4472135954999579 1 0 0 0.9857053528854737 0.16847835852988324 2.8030211404474414
cell 52.24357853248115 51.758814094205555 0.0 2.23606797749979 0.4472135954999579 1 0 0 0.995354875865572 -0.09627393775384692 3.3344392204157196
cell 71.4264403333274 40.50184665893711 0.0 2.23606797749979 0.4472135954999579 1 0 0 0.9859468503278177 0.1670592958462826 2.805900070993622
cell 62.25697891913777 39.153462156749264 0.0 2.23606797749979 0.4472135954999579 1 0 0 0.9860588195571149 0.16639712850175337 2.807243205711244
cell 11.545463514472312 50.04072000439397 0.0 2.23606797749979 0.4472135954999579 1 0 0 0.9949168036933868 -0.10070031642718387 3.343335234805894
cell 27.82804656620005 53.953459070107556 0.0 2.23606797749979 0.4472135954999579 1 0 0 -0.9887715767410712 0.14943483204720334 3.441585977776479
cell 45.62931877004103 45.94692382369508 0.0 2.23606797749979 0.4472135954999579 1 0 0 0.9956910674893492 0.0927324006047516 2.9558610072927753
cell 65.16848814769816 52.90064261926643 0.0 2.23606797749979 0.4472135954999579 1 0 0 0.9943848468904014 -0.10582427072629871 3.3536382332797654
cell 69.74335651597441 52.65870221715845 0.0 2.23606797749979 0.4472135954999579 1 0 0 0.9912223855538762 -0.13220507697090486 3.4067791641694907
cell 50.87002120118332 62.049699536480354 0.0 2.23606797749979 0.4472135954999579 1 0 0 -0.07463158189163284 -0.9972111747189522 0.14940207505021963
cell 34.78779219106722 48.66300396162088 0.0 2.23606797749979 0.4472135954999579 1 0 0 0.9999416298756958 -0.010804482474280001 3.1632020389874933
cell 62.0187571619798 38.03885862345175 0.0 2.23606797749979 0.4472135954999579 1 0 0 0.9712120132023363 0.23821676139907713 2.6605339730655357
cell 58.47067248768075 42.43865355125314 0.0 2.23606797749979 0.4472135954999579 1 0 0 0.9926825071509557 0.12075363347118226 2.899494581099414
cell 49.58171772610049 43.1545251809533 0.0 2.23606797749979 0.4472135954999579 1 0 0 0.9859476360498084 0.16705465862344113 2.8059094776284565
cell 69.46844026369254 60.91476259750836 0.0 2.23606797749979 0.4472135954999579 1 0 0 0.9996218401764511 -0.02749866619030387 3.1965969196130586
cell 58.27058128913999 12.302765990293823 0.0 2.23606797749979 0.4472135954999579 1 0 0 0.9988663672285736 0.047602315275545114 3.046352031021087
cell 35.12614718024335 54.04649179735606 0.0 2.23606797749979 0.4472135954999579 1 0 0 0.993934131910071 -0.10997700406982207 3.3619924809625528
cell 12.06219704444779 47.72592939175414 0.0 2.23606797749979 0.4472135954999579 1 0 0 0.9973524031324077 0.07271990075633514 2.996024360668472
cell 28.09951220658697 49.7281905070239 0.0 2.23606797749979 0.4472135954999579 1 0 0 0.9997704741514858 -0.021424262295659566 3.1844444567634436
cell 69.91416567765103 51.94695032284505 0.0 2.23606797749979 0.4472135954999579 1 0 0 0.9923181697023037 -0.12371196416947733 3.389652091318028
cell 20.69573694998017 45.5491472062981 0.0 2.23606797749979 0.4472135954999579 1 0 0 0.9946347538166272 0.10344905267878116 2.934323732546382
cell 4.043937840994022 43.346293105725074 0.0 2.23606797749979 0.4472135954999579 1 0 0 0.9969705369094496 0.07778012943216188 2.9858751161001815
cell 9.322627148035448 50.28948580366875 0.0 2.23606797749979 0.4472135954999579 1 0 0 0.9948443078260598 -0.10141401868621479 3.3447699843832006
cell 41.09810944846643 45.84385443061209 0.0 2.23606797749979 0.4472135954999579 1 0 0 0.9947299927994683 0.10252922229866834 2.936173228102443
cell 47.12745136641859 60.21200656004368 0.0 2.23606797749979 0.4472135954999579 1 0 0 0.9852127850179883 -0.17133525100544636 3.4859622573169005
cell 52.87472270319795 56.32121104560671 0.0 2.23606797749979 0.4472135954999579 1 0 0 0.9947626413244786 -0.10221197300290658 3.3463742294311962
cell 26.252669895347424 43.313511456977324 0.0 2.23606797749979 0.4472135954999579 1 0 0 -0.9921417663336765 -0.12511880552615817 2.890697500016758
cell 0.005239349237115831 48.476303157751595 0.0 2.23606797749979 0.4472135954999579 1 0 0 0.9998206208251833 0.018940067918171592 3.103710252621753
cell 16.694963464216716 38.47085508788488 0.0 2.23606797749979 0.4472135954999579 1 0 0 0.9940231743248019 0.10916926721950809 2.9228180860821835
cell 29.26741543323072 43.11747644170077 0.0 2.23606797749979 0.4472135954999579 1 0 0 0.9898226347429849 0.1423065414886313 2.856010085639905
cell 36.59740963410804 45.47477317699738 0.0 2.23606797749979 0.4472135954999579 1 0 0 0.9973860901092687 0.07225639941586952 2.9969538084806926
cell 7.685004164627279 48.588508527753305 0.0 2.23606797749979 0.4472135954999579 1 0 0 0.9998895590015999 -0.014861688988336246 3.17131712584132
cell 28.762707992357594 51.05435939246652 0.0 2.23606797749979 0.4472135954999579 1 0 0 0.9977119260709005 -0.06760852443215891 3.276912925801443
cell 62.92762238512326 42.64455771078463 0.0 2.23606797749979 0.4472135954999579 1 0 0 0.9925714339279181 0.12166325883468823 2.897661817479549
cell 67.22730138942671 41.973374210124504 0.0 2.23606797749979 0.4472135954999579 1 0 0 0.9882652474414786 0.15274750636076856 2.834897033982241
cell 26.701638343256192 54.50288947005196 0.0 2.23606797749979 0.4472135954999579 1 0 0 0.9918236557239931 -0.12761597057693802 3.3975224992079593
cell 39.29827331668727 55.409805834747154 0.0 2.23606797749979 0.4472135954999579 1 0 0 0.9912857913221559 -0.13172881204507736 3.4058182300916986
cell 63.43499689944583 45.62486944339878 0.0 2.23606797749979 0.4472135954999579 1 0 0 0.9974167506991993 0.0718319248290838 2.9978049694509807
cell 19.884717032281117 52.09605378923313 0.0 2.23606797749979 0.4472135954999579 1 0 0 0.9919495594790403 -0.1266336110570096 3.3955417094037585
cell 11.547488345335587 48.52462271984176 0.0 2.23606797749979 0.4472135954999579 1 0 0 0.9995884266990391 0.028687579356573116 3.0842096222194066
cell 7.482268763612344 37.27491221699238 0.0 2.23606797749979 0.4472135954999579 1 0 0 0.9929100339497325 0.11886826524325601 2.9032926768764415
cell 32.03649519967978 44.90030049783575 0.0 2.23606797749979 0.4472135954999579 1 0 0 0.9975294732607631 0.07024919911361635 3.0009784392205128
cell 37.15790933808659 58.88298208122598 0.0 2.23606797749979 0.4472135954999579 1 0 0 0.996293195987932 -0.08602248327124806 3.3138505148200523
cell 15.825007186701539 45.42178159015255 0.0 2.23606797749979 0.4472135954999579 1 0 0 0.989611823680494 0.14376521982651663 2.853062419315042
cell 15.967528546501875 48.176426394491834 0.0 2.23606797749979 0.4472135954999579 1 0 0 0.9990821759736107 0.04283463145441033 3.05589717128553
cell 37.083488323716416 64.27756869377599 0.0 2.23606797749979 0.4472135954999579 1 0 0 0.094498888715902 -0.995524967055804 6.09390510037063
cell 26.684696904731744 60.755418193826564 0.0 2.23606797749979 0.4472135954999579 1 0 0 -0.07438861437850447 0.9972293287157403 6.134270521695554
cell 44.86763975787273 53.965285823784114 0.0 2.23606797749979 0.4472135954999579 1 0 0 0.9926646477394894 -0.12090036033128843 3.3839863456336143
cell 19.7388788004738 56.050967667670385 0.0 2.23606797749979 0.4472135954999579 1 0 0 0.9760635337275455 -0.2174855814239112 3.5800679476609747
cell 3.2943515809163313 38.87921318883856 0.0 2.23606797749979 0.4472135954999579 1 0 0 0.9860596006616227 0.16639249965981406 2.8072525942791757
cell 45.36319627481172 44.513656953471255 0.0 2.23606797749979 0.4472135954999579 1 0 0 0.9899455924851334 0.1414486617796657 2.857743378746588
cell 56.876502962085056 57.71662584306757 0.0 2.23606797749979 0.4472135954999579 1 0 0 0.9964986086044824 -0.08360934785854168 3.3090067890928774
cell 44.7046543586503 48.64985265303812 0.0 2.23606797749979 0.4472135954999579 1 0 0 0.9992907979775751 -0.03765502725189694 3.216920516493245
cell 35.701859035656135 50.23731834456876 0.0 2.23606797749979 0.4472135954999579 1 0 0 0.998291906862062 -0.05842318626802274 3.2585055997760315
cell 45.521382517428776 45.2447530608454 0.0 2.23606797749979 0.4472135954999579 1 0 0 0.9922974931658626 0.12387770201591912 2.8931991706372715
cell 60.90241322713728 51.65946842937595 0.0 2.23606797749979 0.4472135954999579 1 0 0 0.9959921858921326 -0.08944029093094248 3.3207125925884315
cell 22.34336675325746 53.43179696289695 0.0 2.23606797749979 0.4472135954999579 1 0 0 0.9917828693268831 -0.12793256078784127 3.398160912530797
cell 24.205211936609142 45.31712197024994 0.0 2.23606797749979 0.4472135954999579 1 0 0 0.9958049476276665 0.09150140042786502 2.9583335204402004
cell 20.292134838823735 54.43981045388064 0.0 2.23606797749979 0.4472135954999579 1 0 0 0.9831724279858393 -0.18267998480520425 3.5090158915594656
cell 11.522581233636489 46.50341633116738 0.0 2.23606797749979 0.4472135954999579 1 0 0 0.9922263994440756 0.12444586070354265 2.8920539918380315
cell 67.05899083893664 49.53193667671919 0.0 2.23606797749979 0.4472135954999579 1 0 0 0.9991588590066911 -0.041007005114336595 3.223629666673453
cell 49.99704994326797 3.8031338081402226 0.0 2.23606797749979 0.4472135954999579 1 0 0 -0.007451117350949119 -0.9999722400398035 0.014902372598577074
cell 69.5736582202441 53.426891204973685 0.0 2.23606797749979 0.4472135954999579 1 0 0 0.9887903431942833 -0.1493106064743278 3.441334707621123
cell 5.900804181941597 55.1122880802336 0.0 2.23606797749979 0.4472135954999579 1 0 0 0.9823052017280381 -0.18728718765051236 3.5183921252797443
cell 25.670769707947 38.847498993826164 0.0 2.23606797749979 0.4472135954999579 1 0 0 -0.9738557730826851 -0.2271671922473087 2.683256986359699
cell 7.956694176577554 39.349627383214425 0.0 2.23606797749979 0.4472135954999579 1 0 0 0.9922924175468173 0.12391835247086172 2.89311723843613
cell 16.80598378254026 39.67612140613416 0.0 2.23606797749979 0.4472135954999579 1 0 0 0.990656563880382 0.13638024945245739 2.8679794602277084
cell 44.49135206829825 51.66907089903038 0.0 2.23606797749979 0.4472135954999579 1 0 0 0.9986291744824628 -0.052342830191677896 3.2463261754762764
cell 13.670749519720786 44.45958495150819 0.0 2.23606797749979 0.4472135954999579 1 0 0 0.987417280365167 0.15813637923089421 2.8239866585949294
cell 18.298820524828713 43.951155570860976 0.0 2.23606797749979 0.4472135954999579 1 0 0 0.989031094888585 0.14770745865895496 2.845092848698672
cell 71.3656449182364 50.54425763340572 0.0 2.23606797749979 0.4472135954999579 1 0 0 0.9973517088087113 -0.07272942276921732 3.2871800410982766
cell 43.69668155193845 55.380672919320894 0.0 2.23606797749979 0.4472135954999579 1 0 0 0.9903325550613422 -0.13871348307094572 3.4199170945145414
cell 30.83366298603414 48.697029512774726 0.0 2.23606797749979 0.4472135954999579 1 0 0 0.9999969112800596 -0.0024854436908838813 3.1465635460894603
cell 36.235142521337835 47.96361105977105 0.0 2.23606797749979 0.4472135954999579 1 0 0 0.9997529429007768 -0.0222273066572666 3.1860509282087537
cell 43.47168663838189 50.05087703271025 0.0 2.23606797749979 0.4472135954999579 1 0 0 0.9987775739994849 -0.04943033153544063 3.240493619649987
cell 22.236884357456656 41.96254943723719 0.0 2.23606797749979 0.4472135954999579 1 0 0 0.9801322075080456 0.19834529438684817 2.7422538853131946
cell 12.58423107242671 1.2819213314376976 0.0 2.23606797749979 0.4472135954999579 1 0 0 0.07456678147319352 -0.997216022284404 6.133913195095203
cell 32.98005757293988 40.67020291096788 0.0 2.23606797749979 0.4472135954999579 1 0 0 0.989887057624977 0.14185772149081463 2.8569169256515643
cell 12.095294957196352 49.33528863923723 0.0 2.23606797749979 0.4472135954999579 1 0 0 0.9981485517182278 -0.06082325791014789 3.2633142991301165
cell 23.68893160255803 46.148947374158595 0.0 2.23606797749979 0.4472135954999579 1 0 0 0.9965781232373637 0.08265618116447057 2.9760914732804076
cell 11.5546453245414 53.88663524391458 0.0 2.23606797749979 0.4472135954999579 1 0 0 0.9824628293112677 -0.18645854504875556 3.5167051219500185
cell 47.73875323412593 57.10973014023309 0.0 2.23606797749979 0.4472135954999579 1 0 0 0.9884571386577179 -0.1515007756963541 3.4457654495416428
cell 66.94245991920315 50.21231807659445 0.0 2.23606797749979 0.4472135954999579 1 0 0 0.997585763437804 -0.06944526323813369 3.280595059644079
cell 43.327072522317756 58.233547135118656 0.0 2.23606797749979 0.4472135954999579 1 0 0 0.9860349497626438 -0.16653851760652966 3.4762288811473487
cell 35.593510472842574 39.14325064905336 0.0 2.23606797749979 0.4472135954999579 1 0 0 0.9925072806394378 0.12218550600504183 2.8966094719892226
cell 37.95158915116024 41.216991310046375 0.0 2.23606797749979 0.4472135954999579 1 0 0 0.9931690043543158 0.1166847410326523 2.907690333341751
cell 3.8734592014417375 41.60946918425541 0.0 2.23606797749979 0.4472135954999579 1 0 0 -0.9955709830762062 -0.09401285899639684 2.953288853186203
cell 37.1061813771749 35.613749770213715 0.0 2.23606797749979 0.4472135954999579 1 0 0 0.9939566586859304 0.10977322375652847 2.9216028694921348
cell 39.80252448628941 53.82426595685178 0.0 2.23606797749979 0.4472135954999579 1 0 0 0.9926805803992772 -0.12076947171431239 3.383722636098504
cell 24.270769091835263 50.85844341063183 0.0 2.23606797749979 0.4472135954999579 1 0 0 0.9987997193549037 -0.04898081886377013 3.2395935039636936
cell 28.520635034893438 44.17726843190366 0.0 2.23606797749979 0.4472135954999579 1 0 0 0.9941593033185455 0.10792256309588012 2.9253263145254884
cell 3.592021319832025 50.09259246047335 0.0 2.23606797749979 0.4472135954999579 1 0 0 0.9959018308497979 -0.09044082767213375 3.3227218092407904
cell 1.1857983119011992 55.918126755380655 0.0 2.23606797749979 0.4472135954999579 1 0 0 0.9742369407842788 -0.22552690130290357 3.596560328023456
cell 63.30002474004131 44.906481383623714 0.0 2.23606797749979 0.4472135954999579 1 0 0 0.9948715960614838 0.10114597050834931 2.9389541900300853
cell 53.845719580509986 54.541130021987364 0.0 2.23606797749979 0.4472135954999579 1 0 0 0.9917639246429725 -0.12807934172523103 3.3984569094542234
cell 54.466419667589705 45.18859089813661 0.0 2.23606797749979 0.4472135954999579 1 0 0 0.9999459079371862 0.010401019165274202 3.1207902401760745
cell 32.673888141285445 43.20583530317768 0.0 2.23606797749979 0.4472135954999579 1 0 0 0.9976922006923863 0.0678989887817419 3.005690114671093
cell 67.13954202633275 24.722873433811092 0.0 2.23606797749979 0.4472135954999579 1 0 0 0.9706036740955766 0.24068341827422945 2.6554528408766482
cell 39.91098799259087 56.50052129758461 0.0 2.23606797749979 0.4472135954999579 1 0 0 0.98632776570587 -0.16479544471151614 3.4726938874516016
cell 40.88615092336476 44.384411430232994 0.0 2.23606797749979 0.4472135954999579 1 0 0 0.994133660008399 0.1081585227261592 2.9248516166142178
cell 64.99349780258525 54.54127589279729 0.0 2.23606797749979 0.4472135954999579 1 0 0 0.9920592137074817 -0.12577168400754263 3.3938039610492345
cell 7.428415475948586 51.36890272912929 0.0 2.23606797749979 0.4472135954999579 1 0 0 0.99041400191754 -0.13813075257046475 3.4187403049215153
cell 66.34020981557234 45.903626525486764 0.0 2.23606797749979 0.4472135954999579 1 0 0 0.998525936355256 0.05427664715012491 3.0329859896652467
cell 1.049919525764696 56.9633321710317 0.0 2.23606797749979 0.4472135954999579 1 0 0 0.9730624303434495 -0.23054176769969367 3.6068614771631657
cell 13.662984767781795 51.227355611594625 0.0 2.23606797749979 0.4472135954999579 1 0 0 0.9915333534806194 -0.12985225810696158 3.40203260318212
cell 1.395563503170033 54.99868876847043 0.0 2.23606797749979 0.4472135954999579 1 0 0 0.9806545069700856 -0.19574661672493457 3.535630129030786
cell 17.287026385163838 41.6056858558992 0.0 2.23606797749979 0.4472135954999579 1 0 0 0.9811552319885442 0.19322114465426954 2.7527044454308514
cell 21.035767310208016 38.221230706619075 0.0 2.23606797749979 0.4472135954999579 1 0 0 0.9927819747447529 0.11993310894789981 2.9011476441162594
cell 44.13410442675068 54.611971569169 0.0 2.23606797749979 0.4472135954999579 1 0 0 0.9909689772472027 -0.13409133504307066 3.410585572648913
cell 7.597579114025588 47.21965585844318 0.0 2.23606797749979 0.4472135954999579 1 0 0 0.9956805984789465 0.09284474036048995 2.955635354276738
cell 1.227782068932775 46.17079700433777 0.0 2.23606797749979 0.4472135954999579 1 0 0 0.9982370006945701 0.05935394211262542 3.0228149594930134
cell 67.86808910616185 44.98425025963581 0.0 2.23606797749979 0.4472135954999579 1 0 0 0.9961882864827598 0.08722899675304556 2.9669126602695792
cell 65.62465116806678 50.67226594028508 0.0 2.23606797749979 0.4472135954999579 1 0 0 0.995777986026824 -0.0917943491962456 3.3254401604622523
cell 5.133484601268021 46.35177985164344 0.0 2.23606797749979 0.4472135954999579 1 0 0 0.9945012381534818 0.10472481707404221 2.931758268494688
cell 53.238619266557166 38.93285161756839 0.0 2.23606797749979 0.4472135954999579 1 0 0 0.9851391791041375 0.17175796282567518 2.7963649050815693
cell 5.343055480686577 57.091592912309 0.0 2.23606797749979 0.4472135954999579 1 0 0 0.9771784716025127 -0.21241994877265497 3.569694176709148
cell 53.646985846652306 55.5496696697419 0.0 2.23606797749979 0.4472135954999579 1 0 0 0.9970873083634606 -0.07626860101319025 3.2942781263214993
cell 28.301818165186045 57.57727901235857 0.0 2.23606797749979 0.4472135954999579 1 0 0 -0.9848589655076452 0.17335748630852663 3.4900681678600947
cell 35.15562336681414 49.440544834169984 0.0 2.23606797749979 0.4472135954999579 1 0 0 0.9996491470882608 -0.026487406926928882 3.1945736637691557
cell 54.51974072934377 46.80003509695877 0.0 2.23606797749979 0.4472135954999579 1 0 0 0.9990451671702945 0.04368928877515 3.054186254768519
cell 36.77983296207196 47.00023324220087 0.0 2.23606797749979 0.4472135954999579 1 0 0 0.9972512653275694 0.07409395253704454 2.9932688226433912
cell 5.444753151667427 53.09019884774592 0.0 2.23606797749979 0.4472135954999579 1 0 0 0.9851014049696951 -0.17197448045199237 3.4872599781116183
cell 51.81557389693096 58.8812854345232 0.0 2.23606797749979 0.4472135954999579 1 0 0 0.9900748140932432 -0.14054131954066035 3.4236089328285506
cell 23.74442306662392 52.28053692577577 0.0 2.23606797749979 0.4472135954999579 1 0 0 0.9936681028732509 -0.11235524612706951 3.366778631592995
cell 40.79106693219743 51.80859778348998 0.0 2.23606797749979 0.4472135954999579 1 0 0 0.9989168089685156 -0.04653180374924258 3.234689877542279
cell 65.07769242079259 47.432801834428474 0.0 2.23606797749979 0.4472135954999579 1 0 0 0.9999347570854703 -0.011422853077119566 3.16443885659715
cell 46.59867544318126 47.229135321428565 0.0 2.23606797749979 0.4472135954999579 1 0 0 0.9994365093497605 0.0335658126486771 3.0744484161019225
cell 45.244273594467444 43.7787503223198 0.0 2.23606797749979 0.4472135954999579 1 0 0 0.9901429074413641 0.14006078267510227 2.860547049142802
cell 70.75404622943324 45.21550676300037 0.0 2.23606797749979 0.4472135954999579 1 0 0 0.9979961412752525 0.06327481331229799 3.014958429961994
cell 35.56725271640695 53.2644943939112 0.0 2.23606797749979 0.4472135954999579 1 0 0 -0.9947955002842731 0.1018916709754182 3.3457302632800743
cell 13.433718242606572 43.66518293288067 0.0 2.23606797749979 0.4472135954999579 1 0 0 0.9849459198219586 0.17286276356137573 2.794121751990388
cell 37.57724449693214 40.47768191273758 0.0 2.23606797749979 0.4472135954999579 1 0 0 0.9915483061855772 0.1297380302783759 2.88138310868686
cell 20.11756549675927 44.228706231583 0.0 2.23606797749979 0.4472135954999579 1 0 0 0.9893207645976063 0.14575467311893478 2.849041155257879
cell 39.31700837665482 54.56124287033627 0.0 2.23606797749979 0.4472135954999579 1 0 0 0.9930567700617311 -0.1176360974980133 3.3774108816965733
cell 56.410972095167594 52.060155190390546 0.0 2.23606797749979 0.4472135954999579 1 0 0 0.9952646184785403 -0.09720256789182889 3.336305232626001
cell 72.1122460495883 43.59752517952542 0.0 2.23606797749979 0.4472135954999579 1 0 0 0.9952519687252327 0.09733200269463481 2.946619971616578
cell 63.20477548795013 44.18218456228783 0.0 2.23606797749979 0.4472135954999579 1 0 0 0.9940221887365186 0.10917824096156284 2.9228000306751563
cell 17.65824410013984 42.427315844024065 0.0 2.23606797749979 0.4472135954999579 1 0 0 0.9816617236930876 0.19063121527157145 2.7579824268995154
cell 3.0705884492375057 37.85178685644219 0.0 2.23606797749979 0.4472135954999579 1 0 0 -0.9834415474294058 -0.1812256129515244 2.7771275387835406
cell 13.483644271770693 56.882289866352856 0.0 2.23606797749979 0.4472135954999579 1 0 0 0.96699814969225 -0.25478339524342036 3.6568400526304594
cell 35.423409533491615 55.962020367115244 0.0 2.23606797749979 0.4472135954999579 1 0 0 0.969943691507412 -0.24332947890663492 3.6331867191377074
cell 50.06279081901967 47.40276945852544 0.0 2.23606797749979 0.4472135954999579 1 0 0 0.9994298645548786 0.033763083920414334 3.074053649801039
cell 27.97535276224872 45.101513375303654 0.0 2.23606797749979 0.4472135954999579 1 0 0 0.9964203575790488 0.08453680264855411 2.9723170179679475
cell 47.80586104374687 49.362931277577665 0.0 2.23606797749979 0.4472135954999579 1 0 0 0.9989522918871473 -0.045763725082380004 3.2331520818404633
cell 67.41771205870131 42.75984191498085 0.0 2.23606797749979 0.4472135954999579 1 0 0 0.98904753339652 0.14759734646076741 2.8453155136554624
cell 35.682968526342535 55.05413744003572 0.0 2.23606797749979 0.4472135954999579 1 0 0 0.9864259990891411 -0.16420641985315262 3.471499567407466
cell 4.447710932792747 48.021163880899834 0.0 2.23606797749979 0.4472135954999579 1 0 0 0.9999126227243363 0.013219187438680313 3.115153508647795
cell 8.00006447425788 50.74498476961751 0.0 2.23606797749979 0.4472135954999579 1 0 0 0.9926279188213595 -0.12120154609730222 3.384593179646447
cell 44.94116359140333 42.23910734835201 0.0 2.23606797749979 0.4472135954999579 1 0 0 0.9904896658494552 0.1375871427330132 2.8655427029340825
cell 61.20353507707441 50.186594067985155 0.0 2.23606797749979 0.4472135954999579 1 0 0 0.998025206989452 -0.06281469743349448 3.2673048111864778
cell 49.163698129310326 48.80989375725453 0.0 2.23606797749979 0.4472135954999579 1 0 0 0.9991334753361684 -0.041620889739052355 3.2248584850897655
cell 54.68485017188022 68.77435593577262 0.0 2.23606797749979 0.4472135954999579 1 0 0 0.15751355205696868 -0.9875168256381238 5.9668407763548625
cell 57.980440855904156 55.933815225714156 0.0 2.23606797749979 0.4472135954999579 1 0 0 -0.9941767710583437 0.10776153250583259 3.357535042207751
cell 42.639644841156205 47.73735985820277 0.0 2.23606797749979 0.4472135954999579 1 0 0 0.9999832977610866 -0.005779636568332004 3.1531519910821344
cell 9.993660122206892 70.61509229750118 0.0 2.23606797749979 0.4472135954999579 1 0 0 0.04495048891265678 -0.9989892159310395 6.193254026943518
cell 13.24524152525283 42.780959252105085 0.0 2.23606797749979 0.4472135954999579 1 0 0 0.9828082541412575 0.1846291840197901 2.7702035606275093
cell 29.998399748074508 38.52576319437251 0.0 2.23606797749979 0.4472135954999579 1 0 0 0.9615718164646099 0.2745535317218678 2.5853419322084314
cell 13.32649474261785 46.77868698040576 0.0 2.23606797749979 0.4472135954999579 1 0 0 0.9933446842747229 0.11517959117461388 2.910721069205543
cell 57.68881123840238 47.04764100927947 0.0 2.23606797749979 0.4472135954999579 1 0 0 0.9997423226762894 0.022699961449705257 3.0961888307782024
cell 28.890582779951654 56.73650893357297 0.0 2.23606797749979 0.4472135954999579 1 0 0 0.9901477597986401 -0.14002647523141645 3.422568960242779
cell 72.00141190009509 35.18969926820418 0.0 2.23606797749979 0.4472135954999579 1 0 0 -0.017981026213362165 -0.9998383282792845 0.03596399056769428
cell 51.47901099571474 59.84451808338081 0.0 2.23606797749979 0.4472135954999579 1 0 0 0.9860998328142077 -0.16615390372721195 3.475448784618776
cell 29.392233291358522 55.93108428164358 0.0 2.23606797749979 0.4472135954999579 1 0 0 0.9899988771775361 -0.1410752394547598 3.4246875187488888
cell 66.01745275173077 62.102825426087165 0.0 2.23606797749979 0.4472135954999579 1 0 0 0.055463281896969543 -0.998460727500695 6.172201792916158
cell 69.26764612764175 55.9210259233328 0.0 2.23606797749979 0.4472135954999579 1 0 0 0.9847954259658798 -0.17371807331616768 3.4908004526815817
cell 28.216412670448626 46.6286494887648 0.0 2.23606797749979 0.4472135954999579 1 0 0 0.997880693596009 0.06507012638951927 3.0113603871135646
cell 19.891675243778433 46.42192893343256 0.0 2.23606797749979 0.4472135954999579 1 0 0 0.9962019175755517 0.0870731842692908 2.967225475466361
cell 36.53894567036571 43.1361045594007 0.0 2.23606797749979 0.4472135954999579 1 0 0 0.9959445784989114 0.08996886438444023 2.961411288444421
cell 68.78248563906837 48.21999067535181 0.0 2.23606797749979 0.4472135954999579 1 0 0 0.9999860424937629 -0.00528344751675687 3.1521595977860826
cell 53.32019290270484 47.617442485297495 0.0 2.23606797749979 0.4472135954999579 1 0 0 0.9998839776382764 0.015232572411080652 3.1111263305002654
cell 61.31869602018197 58.232974245654134 0.0 2.23606797749979 0.4472135954999579 1 0 0 0.9968796899887906 -0.07893594674071298 3.2996289553747182
cell 26.156751614981037 39.78307438651468 0.0 2.23606797749979 0.4472135954999579 1 0 0 0.9731461155427801 0.23018826599980735 2.6770503743464125
cell 5.254873041322803 45.50543429758114 0.0 2.23606797749979 0.4472135954999579 1 0 0 0.993188301006294 0.11652037909409345 2.908021314958684
cell 4.864046374172353 71.07738459244885 0.0 2.23606797749979 0.4472135954999579 1 0 0 -0.017077974284624937 0.9998541607626252 6.249027698087638
cell 27.262749092592745 20.69103779518653 0.0 2.23606797749979 0.4472135954999579 1 0 0 0.997895126590297 0.06484841036860561 3.011804757704207
cell 54.344819777259346 44.50249214640096 0.0 2.23606797749979 0.4472135954999579 1 0 0 0.9992705447427889 0.03818872097164281 3.065196634917185
cell 50.800151094637016 54.413310442931035 0.0 2.23606797749979 0.4472135954999579 1 0 0 0.9947931068149762 -0.10191503634600435 3.345777238560294
cell 15.612308239985353 56.991999753819755 0.0 2.23606797749979 0.4472135954999579 1 0 0 0.9670176886152171 -0.2547092261879869 3.656686653565306
cell 40.83303709355212 41.9424519831421 0.0 2.23606797749979 0.4472135954999579 1 0 0 0.9901023360331405 0.14034729844823626 2.859968301087067
cell 47.425478494035175 58.01158258750546 0.0 2.23606797749979 0.4472135954999579 1 0 0 0.9871399447876779 -0.15985846679040874 3.46268720207089
cell 64.7539615063314 48.155063071040594 0.0 2.23606797749979 0.4472135954999579 1 0 0 0.999374337579407 -0.03536853669183203 3.2123444831760035
cell 49.70711133850758 13.955881189779138 0.0 2.23606797749979 0.4472135954999579 1 0 0 -0.11612005708758909 0.9932351848087013 6.050420084674155
cell 0.4454841409929687 49.21370652381161 0.0 2.23606797749979 0.4472135954999579 1 0 0 0.9991748171385785 -0.04061631194592067 3.2228476287823806
cell 15.56671740417195 47.52422493021267 0.0 2.23606797749979 0.4472135954999579 1 0 0 0.9964761185086674 0.08387696490634539 2.9736413972842133
cell 26.184162106383692 40.8452203812076 0.0 2.23606797749979 0.4472135954999579 1 0 0 0.9800561147406655 0.19872093991180598 2.7414873354544986
cell 60.7056661134592 53.267290964292506 0.0 2.23606797749979 0.4472135954999579 1 0 0 0.993576108208436 -0.11316588353995355 3.368410313020774
cell 71.67017937847925 8.072807434119595 0.0 2.23606797749979 0.4472135954999579 1 0 0 -0.9999325281304731 -0.011616332751802107 3.1183594655549616
cell 57.267332266073566 56.76567504961559 0.0 2.23606797749979 0.4472135954999579 1 0 0 -0.9955252586415465 0.09449581687398673 3.330866689099049
cell 21.533683960098095 40.19290521884971 0.0 2.23606797749979 0.4472135954999579 1 0 0 0.9732491778522132 0.22975212253642188 2.677946684479438
cell 9.534537233523144 54.8073286632633 0.0 2.23606797749979 0.4472135954999579 1 0 0 0.9770918364579242 -0.21281809868355 3.5705091098404433
cell 21.939872391588008 44.48085076244977 0.0 2.23606797749979 0.4472135954999579 1 0 0 0.9919536725706863 0.12660138811848598 2.887708566546482
cell 8.300832641715953 41.30069870421757 0.0 2.23606797749979 0.4472135954999579 1 0 0 0.9956136523716251 0.09355990172735694 2.9541987783697605
cell 69.19071275899776 47.474049939575735 0.0 2.23606797749979 0.4472135954999579 1 0 0 0.9999988125266788 -0.0015410857316529825 3.1446748262730986
cell 32.29132679700619 59.53619504628968 0.0 2.23606797749979 0.4472135954999579 1 0 0 0.9875797649796976 -0.15711845150282383 3.457137019904586
cell 24.24097333640609 56.45732261757972 0.0 2.23606797749979 0.4472135954999579 1 0 0 -0.9779865399385512 0.20866798436516437 3.5620181805047677
cell 71.30266932947325 39.61707251567144 0.0 2.23606797749979 0.4472135954999579 1 0 0 0.9857332584372996 0.16831501183965702 2.8033525668259536
cell 43.34412927695983 49.25553630213104 0.0 2.23606797749979 0.4472135954999579 1 0 0 0.998766779682 -0.04964795870574425 3.240929409061204
cell 60.85892874986096 54.12389932733927 0.0 2.23606797749979 0.4472135954999579 1 0 0 0.9919001480861539 -0.1270200622998822 3.3963209039899427
cell 40.67094920217107 42.847412620842576 0.0 2.23606797749979 0.4472135954999579 1 0 0 0.9931204301701166 0.11709744309216363 2.9068592317985438
cell 6.101900327508734 54.21997253125379 0.0 2.23606797749979 0.4472135954999579 1 0 0 0.9856131449863371 -0.1690169471684473 3.4812570162655807
cell 50.87315961281273 46.63480863195167 0.0 2.23606797749979 0.4472135954999579 1 0 0 0.9996251282900765 0.027378876730940943 3.0868280567241837
cell 38.997763270246885 37.35441331959827 0.0 2.23606797749979 0.4472135954999579 1 0 0 0.9901452254488369 0.1400443948213283 2.86058015110105
cell 53.83681867989135 13.79007895213955 0.0 2.23606797749979 0.4472135954999579 1 0 0 0.14469327234361087 -0.9894765570434186 5.992779355866407
cell 9.96742281695518 69.23978462829146 0.0 2.23606797749979 0.4472135954999579 1 0 0 0.1147032459850382 0.9933998013692653 0.22991253769477382
cell 12.552384430117385 40.002862762085655 0.0 2.23606797749979 0.4472135954999579 1 0 0 0.9939882219503855 0.10948705231172894 2.922178683128841
cell 7.722858913046878 38.39097997479387 0.0 2.23606797749979 0.4472135954999579 1 0 0 0.9931678943654503 0.1166941883801322 2.9076713086788435
cell 31.717090572371553 54.82469888501316 0.0 2.23606797749979 0.4472135954999579 1 0 0 0.9817904084070292 -0.18996734972083673 3.5238504347285167
cell 30.305639597774608 39.72446430997469 0.0 2.23606797749979 0.4472135954999579 1 0 0 0.9844895795720275 0.17544306117396757 2.7888810703087885
cell 32.19984195270822 44.06975491052879 0.0 2.23606797749979 0.4472135954999579 1 0 0 0.9976381410924369 0.06868871404843101 3.004106967842891
cell 27.806197991737584 45.89849559820669 0.0 2.23606797749979 0.4472135954999579 1 0 0 0.9971853478437637 0.07497587642510099 2.9915000548124153
cell 39.952258169806086 38.10274785760992 0.0 2.23606797749979 0.4472135954999579 1 0 0 0.9914121246519892 0.1307746118060713 2.879292131142062
cell 16.660117885438893 52.68389295210177 0.0 2.23606797749979 0.4472135954999579 1 0 0 0.9870783498274462 -0.1602383577734299 3.4634569061697094
cell 26.868901170260955 48.97994675035034 0.0 2.23606797749979 0.4472135954999579 1 0 0 0.9999995422956002 -0.000956769873134197 3.143506193628007
cell 11.66109749937287 54.88734838501728 0.0 2.23606797749979 0.4472135954999579 1 0 0 0.9764471788515908 -0.2157565918176533 3.5765258638338464
cell 49.122211665044915 40.65748071441134 0.0 2.23606797749979 0.4472135954999579 1 0 0 0.9866408673685807 0.16291040125840542 2.814313158904005
cell 65.48774569683904 51.41852033483254 0.0 2.23606797749979 0.4472135954999579 1 0 0 0.994782552763054 -0.10201800193211794 3.345984248704444
cell 39.2437549556561 58.31677313868121 0.0 2.23606797749979 0.4472135954999579 1 0 0 0.9710813401697957 -0.2387488864351694 3.6237472036372718
cell 40.111475754669506 50.985752809737455 0.0 2.23606797749979 0.4472135954999579 1 0 0 0.9993538682357305 -0.03594225983827732 3.2134926595594036
cell 9.631035817989185 46.127352467796996 0.0 2.23606797749979 0.4472135954999579 1 0 0 0.9955047387003435 0.09471174808417764 2.9518848100321753
cell 52.28054819704486 49.56680246963353 0.0 2.23606797749979 0.4472135954999579 1 0 0 0.9991200035526646 -0.04194303876596709 3.2255033462698455
cell 25.01975175737479 44.38955393332921 0.0 2.23606797749979 0.4472135954999579 1 0 0 0.9947432832670597 0.10240019724136394 2.9364326436144292
cell 37.73220183700655 36.64709065653862 0.0 2.23606797749979 0.4472135954999579 1 0 0 0.989004434583286 0.14788586265966946 2.8447320786365116
cell 43.91833437391367 50.83934803028811 0.0 2.23606797749979 0.4472135954999579 1 0 0 0.9986748090321785 -0.05146480160791135 3.2445677480471966
cell 4.00002920299086 42.48810962364704 0.0 2.23606797749979 0.4472135954999579 1 0 0 0.9964943943820805 0.08365955991451623 2.9740777409020653
cell 56.3776242530481 35.04548899367124 0.0 2.23606797749979 0.4472135954999579 1 0 0 0.8613356299177611 0.5080363497173934 2.0757856939836907
cell 69.74573472760518 58.118119516111896 0.0 2.23606797749979 0.4472135954999579 1 0 0 0.9826163263181102 -0.18564793360848697 3.5150550888875483
cell 32.64144395271836 46.36369308027882 0.0 2.23606797749979 0.4472135954999579 1 0 0 0.9981477666502265 0.0608361400087554 3.019845196052546
cell 5.242630305109962 68.37292389742572 0.0 2.23606797749979 0.4472135954999579 1 0 0 -0.05250239039791936 -0.9986207984027293 0.10505308169735983
cell 36.38937059685919 43.97096177030749 0.0 2.23606797749979 0.4472135954999579 1 0 0 0.9968097974683411 0.07981370603552322 2.9817952766853604
cell 24.440425454719918 43.05406355800151 0.0 2.23606797749979 0.4472135954999579 1 0 0 0.989881041444448 0.14189969622537973 2.8568321182752285
cell 50.0333406028992 45.33997687484947 0.0 2.23606797749979 0.4472135954999579 1 0 0 0.9967684376827731 0.08032858544405923 2.980762200806
cell 23.805619833654244 46.874641810267356 0.0 2.23606797749979 0.4472135954999579 1 0 0 0.9975792804658273 0.0695383288933678 3.002403665166393
cell 56.99048704084625 53.855781705479316 0.0 2.23606797749979 0.4472135954999579 1 0 0 0.9921486068134971 -0.1250645513246524 3.3923784396988195
cell 42.038990467109684 52.703067473106536 0.0 2.23606797749979 0.4472135954999579 1 0 0 0.9967014240892491 -0.08115584525135999 3.3040830457098695
cell 28.119645061633538 58.685539157429154 0.0 2.23606797749979 0.4472135954999579 1 0 0 0.9764121102202467 -0.2159152403496447 3.576850820235017
cell 28.791697249332007 42.07957858200034 0.0 2.23606797749979 0.4472135954999579 1 0 0 0.9960497534366711 0.0887968956594019 2.9637646457226547
cell 60.98311310977017 48.06381694714201 0.0 2.23606797749979 0.4472135954999579 1 0 0 0.9991529343118066 -0.04115111002277691 3.223918119974229
cell 71.9461413147942 42.8897160501416 0.0 2.23606797749979 0.4472135954999579 1 0 0 0.9925868818101595 0.12153716328096693 2.897915894048762
cell 52.448226808494 57.102190846734345 0.0 2.23606797749979 0.4472135954999579 1 0 0 0.994748582915555 -0.1023487019336106 3.3466491289719937
cell 54.128757192611545 43.05553190508868 0.0 2.23606797749979 0.4472135954999579 1 0 0 0.9933133780681984 0.11544926570032521 2.9101780980135366
cell 61.07267297482426 50.91431441386214 0.0 2.23606797749979 0.4472135954999579 1 0 0 0.9976907243870311 -0.06792067779462435 3.2775386709057654
cell 57.06958130100862 47.8203680846246 0.0 2.23606797749979 0.4472135954999579 1 0 0 0.9997216020713056 -0.023594879783166992 3.1887867928209532
cell 59.21224151929981 62.161347897078976 0.0 2.23606797749979 0.4472135954999579 1 0 0 0.07892217006572819 -0.9968807807717612 6.125176644973611
cell 41.978377604681555 39.645193148301516 0.0 2.23606797749979 0.4472135954999579 1 0 0 0.9890055785360091 0.14787821213638597 2.844747549788291
cell 16.40235395515314 46.67596602782601 0.0 2.23606797749979 0.4472135954999579 1 0 0 0.9948279767498411 0.10157409451143333 2.938093509347781
cell 7.5919630849725515 53.060596940879094 0.0 2.23606797749979 0.4472135954999579 1 0 0 0.9835273057490441 -0.1807596161924072 3.5051101240047364
cell 45.01979876695821 40.37540025901405 0.0 2.23606797749979 0.4472135954999579 1 0 0 0.9862903248475214 0.16501937798989136 2.8100373363380258
cell 27.72928297930108 53.13847451644793 0.0 2.23606797749979 0.4472135954999579 1 0 0 -0.9914602442118986 0.13040929471200413 3.4031562307945116
cell 36.45127570377211 44.73478797724735 0.0 2.23606797749979 0.4472135954999579 1 0 0 0.9971034645631363 0.07605709011124771 2.9893314349545776
cell 31.093651721149225 55.63356148082519 0.0 2.23606797749979 0.4472135954999579 1 0 0 0.9840843662514569 -0.1777018854696498 3.4988940025925994
cell 10.137360315723344 56.15200577459534 0.0 2.23606797749979 0.4472135954999579 1 0 0 0.9768148267726378 -0.2140859504898479 3.573104631217622
cell 15.327434560050824 50.285830338820894 0.0 2.23606797749979 0.4472135954999579 1 0 0 0.9966334930440288 -0.08198585574876788 3.305748617194729
cell 3.5446746188236644 48.75748967560346 0.0 2.23606797749979 0.4472135954999579 1 0 0 0.9999250426844563 -0.012243733600843517 3.166080732648094
cell 32.5128108083743 50.338838122897954 0.0 2.23606797749979 0.4472135954999579 1 0 0 0.9970289373834378 -0.07702790416500306 3.295801213286436
cell 53.649555799248645 40.74014188151762 0.0 2.23606797749979 0.4472135954999579 1 0 0 0.9861805761543274 0.16567399076475103 2.808709838425648
cell 69.43055494733832 54.196848253138036 0.0 2.23606797749979 0.4472135954999579 1 0 0 0.9888228326383242 -0.1490952905128821 3.4408992008936674
cell 8.253954937501579 42.26167931551515 0.0 2.23606797749979 0.4472135954999579 1 0 0 0.9950596075932767 0.09927928956390777 2.942706441150078
cell 58.74420139472145 43.942374548997385 0.0 2.23606797749979 0.4472135954999579 1 0 0 0.996414015774185 0.08461151912572132 2.9721670476982025
cell 33.23428864222484 41.470141288313705 0.0 2.23606797749979 0.4472135954999579 1 0 0 0.9919800145959462 0.12639482047230546 2.8881250474939457
cell 32.52383751040673 64.90293250702382 0.0 2.23606797749979 0.4472135954999579 1 0 0 0.1377596228312634 -0.9904656916407494 6.006787079926602
cell 67.12858175419238 41.12183145483268 0.0 2.23606797749979 0.4472135954999579 1 0 0 0.9887107627106082 0.1498366700784801 2.8407865018643146
cell 69.35086093297949 55.03418752145787 0.0 2.23606797749979 0.4472135954999579 1 0 0 0.9872281890981809 -0.15931259413469584 3.4615812834077286
cell 69.32895124719656 46.80302172981753 0.0 2.23606797749979 0.4472135954999579 1 0 0 0.999943890775423 0.010593172372279329 3.1204059125865493
cell 14.000364181937854 45.15611956072328 0.0 2.23606797749979 0.4472135954999579 1 0 0 0.990738545084307 0.13578341314104048 2.8691843411536087
cell 53.77873642635088 41.561732798731754 0.0 2.23606797749979 0.4472135954999579 1 0 0 0.9864968684062265 0.16378012280099277 2.812550035183865
cell 4.935062766947978 49.59879355554518 0.0 2.23606797749979 0.4472135954999579 1 0 0 0.9973885526330312 -0.07222240010264908 3.286163321948521
cell 32.13387327625729 45.65184791991984 0.0 2.23606797749979 0.4472135954999579 1 0 0 0.997585796762726 0.06944478452178478 3.0025912072852523
cell 58.35129635890524 41.624164342751804 0.0 2.23606797749979 0.4472135954999579 1 0 0 0.9926099803519997 0.12134837001625921 2.898296296149404
cell 45.99837125060808 37.74837869170185 0.0 2.23606797749979 0.4472135954999579 1 0 0 0.9827921095182629 0.18471510352064538 2.7700287143008824
cell 43.457434103787485 46.93379870211371 0.0 2.23606797749979 0.4472135954999579 1 0 0 0.9992312892948223 0.03920242969775141 3.0631676977965765
cell 53.47545055382007 39.85395963455556 0.0 2.23606797749979 0.4472135954999579 1 0 0 0.985241525259054 0.17116990654087788 2.797558697257945
cell 37.31500186723511 39.628981662164136 0.0 2.23606797749979 0.4472135954999579 1 0 0 0.9895578586189209 0.14413620102366972 2.852312647941468
cell 66.08898741376535 23.97480888268034 0.0 2.23606797749979 0.4472135954999579 1 0 0 0.969437543395836 0.2453382347997282 2.645855503353638
cell 50.714243346504766 48.20222000760419 0.0 2.23606797749979 0.4472135954999579 1 0 0 0.9995950594473937 -0.028455528959438564 3.198511394618247
cell 1.955189461209775 52.601758495462754 0.0 2.23606797749979 0.4472135954999579 1 0 0 0.9903346272919018 -0.13869868776095162 3.4198872150676043
cell 32.45524762178443 48.003784482080924 0.0 2.23606797749979 0.4472135954999579 1 0 0 0.9998011787201351 0.019939985702814102 3.1017100389783017
cell 57.69481555638645 38.29521815599858 0.0 2.23606797749979 0.4472135954999579 1 0 0 0.9774023841230368 0.21138727376690306 2.71560447340356
cell 12.559461509945123 41.03994118789572 0.0 2.23606797749979 0.4472135954999579 1 0 0 0.992300849791994 0.12385081147124787 2.893253369099676
cell 49.793554267308906 2.564349829624701 0.0 2.23606797749979 0.4472135954999579 1 0 0 -0.009510565575648068 -0.9999547735484997 0.01902141790923917
cell 17.961264140682694 43.209583700079634 0.0 2.23606797749979 0.4472135954999579 1 0 0 0.9843935348913097 0.17598115940120407 2.7877878653137613
cell 19.612682192385783 51.36061332839328 0.0 2.23606797749979 0.4472135954999579 1 0 0 0.99347767113865 -0.11402682556716366 3.370143415531203
cell 52.09805986570557 58.00045063388545 0.0 2.23606797749979 0.4472135954999579 1 0 0 0.9896982176284927 -0.143169263541392 3.4289185161295914
cell 62.519456519368084 40.07746416722132 0.0 2.23606797749979 0.4472135954999579 1 0 0 0.9891056211602796 0.14720757517579547 2.846103665531428
cell 48.469884278302644 55.50798160717304 0.0 2.23606797749979 0.4472135954999579 1 0 0 0.990829238590019 -0.13512002055625635 3.4126618393698713
cell 55.15635588876137 48.4029273872346 0.0 2.23606797749979 0.4472135954999579 1 0 0 0.9992137348381162 -0.039647346832578936 3.220908136011672
cell 47.41219813962092 59.10217174681534 0.0 2.23606797749979 0.4472135954999579 1 0 0 -0.9842473817470049 0.17679675201814538 3.497054610653461
cell 44.86075305869391 41.36731952007077 0.0 2.23606797749979 0.4472135954999579 1 0 0 0.9890048030451286 0.14788339850593935 2.8447370617350396
cell 65.80205831360242 58.74649023442098 0.0 2.23606797749979 0.4472135954999579 1 0 0 0.9960832907653944 -0.08841989514799722 3.3186636828846394
cell 26.9338299041547 41.60670378519186 0.0 2.23606797749979 0.4472135954999579 1 0 0 0.9907906011376556 0.13540304537669362 2.869952167880559
cell 49.523938529940395 53.39399463718445 0.0 2.23606797749979 0.4472135954999579 1 0 0 0.9965225868380018 -0.08332306956478078 3.3084322276332268
cell 45.1866861765009 52.52784691166639 0.0 2.23606797749979 0.4472135954999579 1 0 0 0.9979247709595037 -0.06439061659451623 3.270463044310464
cell 12.369642510321462 38.8601889263781 0.0 2.23606797749979 0.4472135954999579 1 0 0 0.9882109843542259 0.15309817243080268 2.8341873546838743
cell 63.01535778321202 43.441768204207136 0.0 2.23606797749979 0.4472135954999579 1 0 0 0.9934210307193501 0.11451923735558246 2.9120505743197707
cell 72.25772291444551 44.29935650489577 0.0 2.23606797749979 0.4472135954999579 1 0 0 0.9973913931269841 0.07218316227634937 2.9971006662432305
cell 63.35584893663018 3.441059252272293 0.0 2.23606797749979 0.4472135954999579 1 0 0 -0.02205020436710919 -0.999756864686294 0.04410398320409037
cell 61.20021365635556 47.30844412090216 0.0 2.23606797749979 0.4472135954999579 1 0 0 0.9999854839658157 0.005388121904099121 3.1308163576385177
cell 43.425566954877596 56.17695410858979 0.0 2.23606797749979 0.4472135954999579 1 0 0 0.9877304501910747 -0.15616836352263141 3.455213093425332
cell 61.90504239853681 46.50245951981872 0.0 2.23606797749979 0.4472135954999579 1 0 0 0.9993026529513378 0.03733909217453054 3.0668971055267367
cell 65.28350195844217 59.687285295963775 0.0 2.23606797749979 0.4472135954999579 1 0 0 0.9965263730040488 -0.08327777559106245 3.3083413237475257
cell 37.0325889197421 42.23343703312483 0.0 2.23606797749979 0.4472135954999579 1 0 0 0.9953189117813948 0.09664504048475593 2.948000404113273
cell 25.22571287094869 54.91127555480167 0.0 2.23606797749979 0.4472135954999579 1 0 0 0.9869548278205236 -0.16099741563690007 3.464994991414992
cell 70.79641315663798 70.6477287693158 0.0 2.23606797749979 0.4472135954999579 1 0 0 -0.12428789765142513 -0.9922461985300769 0.24922026370092443
cell 56.23871179811852 59.71634395870891 0.0 2.23606797749979 0.4472135954999579 1 0 0 0.9883823443188405 -0.15198796478271848 3.44675124344286
cell 48.31782930770397 51.67038874855701 0.0 2.23606797749979 0.4472135954999579 1 0 0 0.9970966116592677 -0.0761468779242302 3.294033970127907
cell 61.26530417448194 55.133968055636515 0.0 2.23606797749979 0.4472135954999579 1 0 0 0.9902693864631074 -0.13916372456204568 3.420826396830983
cell 33.04685465592331 47.0896536305967 0.0 2.23606797749979 0.4472135954999579 1 0 0 0.9982265714504485 0.05952908575043468 3.0224640517383143
cell 5.628873147860984 56.05456084508213 0.0 2.23606797749979 0.4472135954999579 1 0 0 -0.9754793141285514 0.22009113500386837 3.585408444354936
cell 41.1649188087896 60.19800567417049 0.0 2.23606797749979 0.4472135954999579 1 0 0 0.998887525287005 -0.0471562490662997 3.235940140715733
cell 65.47159881993582 46.71215863429562 0.0 2.23606797749979 0.4472135954999579 1 0 0 0.999918374410197 0.012776717765879696 3.1160385227639167
cell 7.154847836942585 43.44632297919046 0.0 2.23606797749979 0.4472135954999579 1 0 0 0.9933294817233354 0.11531062717395145 2.9104572393306896
cell 49.2096954795387 54.849929779878664 0.0 2.23606797749979 0.4472135954999579 1 0 0 0.9920798882746265 -0.125608500034849 3.393474984170219
cell 53.11030347448115 37.87290079041055 0.0 2.23606797749979 0.4472135954999579 1 0 0 -0.9808403368360934 -0.19481333022988664 2.7494583927864866
cell 9.85275352034162 57.176470163101186 0.0 2.23606797749979 0.4472135954999579 1 0 0 -0.9786004469202692 0.20576968991435404 3.556092980448925
cell 45.44654082298199 39.191410244657035 0.0 2.23606797749979 0.4472135954999579 1 0 0 0.9807879454552192 0.19507692341671293 2.7489208940409404
cell 24.862456848621342 47.40901609737662 0.0 2.23606797749979 0.4472135954999579 1 0 0 0.9989124790721691 0.04662466250701944 3.048309510333259
cell 65.13778550222126 55.470997006033365 0.0 2.23606797749979 0.4472135954999579 1 0 0 0.9911107498303996 -0.13303939856532365 3.4084626784694088
cell 63.88344592807908 48.87332385174367 0.0 2.23606797749979 0.4472135954999579 1 0 0 0.9997754348626015 -0.02119150408291209 3.1839788346226428
cell 1.3517365411349682 51.64188462691314 0.0 2.23606797749979 0.4472135954999579 1 0 0 0.9918843992803816 -0.12714298432944093 3.3965687575778025
cell 60.55591785824964 60.358723581467636 0.0 2.23606797749979 0.4472135954999579 1 0 0 0.9869226784664321 -0.16119437561107214 3.4653941245382804
cell 17.634931265689563 45.64249954810046 0.0 2.23606797749979 0.4472135954999579 1 0 0 0.9920149737065372 0.12612014883442768 2.888678822352738
cell 40.61137538532767 48.315123342140666 0.0 2.23606797749979 0.4472135954999579 1 0 0 0.9990204464110043 -0.04425096216759188 3.2301234867115816
cell 55.85546624529845 60.781189780511504 0.0 2.23606797749979 0.4472135954999579 1 0 0 0.9899214805134612 -0.14161730974014808 3.4257826542572207
cell 49.89489527646629 44.63006870168451 0.0 2.23606797749979 0.4472135954999579 1 0 0 0.9938898298929302 0.11037665530084804 2.920388627790371
cell 25.588455789738273 50.20307215216529 0.0 2.23606797749979 0.4472135954999579 1 0 0 0.9994630491873168 -0.03276603896095977 3.207136463198986
cell 46.449078055107464 53.51393763573244 0.0 2.23606797749979 0.4472135954999579 1 0 0 0.9954549054943808 -0.09523408595231825 3.3323499164215376
cell 22.611115389378718 42.744615345228105 0.0 2.23606797749979 0.4472135954999579 1 0 0 0.9891436394355699 0.14695189881098908 2.8466206405526764
cell 0.8756138266858516 47.694085523967665 0.0 2.23606797749979 0.4472135954999579 1 0 0 0.999194828834391 0.04012099239315935 3.061329125687483
cell 19.80610539098553 50.563241270866826 0.0 2.23606797749979 0.4472135954999579 1 0 0 0.9980812717630629 -0.061917485057348176 3.2655068864259014
cell 27.85454538049069 18.76841166731717 0.0 2.23606797749979 0.4472135954999579 1 0 0 0.9490422941589645 0.3151487329777633 2.5003659156059057
cell 19.374626935423958 47.26913184248121 0.0 2.23606797749979 0.4472135954999579 1 0 0 0.9967920477327141 0.08003507716509388 2.981351113515681
cell 54.269935029346826 63.65940849899223 0.0 2.23606797749979 0.4472135954999579 1 0 0 0.04474614140626779 -0.9989983898031319 6.193663133596813
cell 5.266250485401151 47.0479571704068 0.0 2.23606797749979 0.4472135954999579 1 0 0 0.9946967852573568 0.10285088914870738 2.93552647527739
cell 2.2351177653112053 69.9192507393843 0.0 2.23606797749979 0.4472135954999579 1 0 0 0.06086221498591924 0.9981461770637644 0.12179970430630552
cell 23.58838451415468 58.35051908445319 0.0 2.23606797749979 0.4472135954999579 1 0 0 0.968208760659766 -0.250143550349954 3.647249685878438
cell 46.49631272134931 48.00923890671077 0.0 2.23606797749979 0.4472135954999579 1 0 0 0.9999489613201712 -0.010103205170183885 3.161799407706682
cell 71.00317483107645 37.64249135259341 0.0 2.23606797749979 0.4472135954999579 1 0 0 0.986593135037248 0.1631992214974522 2.8137276830068085
cell 5.503363607984096 67.21707877615859 0.0 2.23606797749979 0.4472135954999579 1 0 0 0.9991109049693463 -0.042159216920310605 3.225936085354359
cell 60.83310016818152 59.21464238299102 0.0 2.23606797749979 0.4472135954999579 1 0 0 0.9937926945674992 -0.11124783244750985 3.3645498307706014
cell 39.06213635260768 49.55117112834313 0.0 2.23606797749979 0.4472135954999579 1 0 0 0.9998335726435879 -0.018243547208787937 3.1780817722923507
cell 39.13489174936658 47.41013908012196 0.0 2.23606797749979 0.4472135954999579 1 0 0 0.9996556275783003 0.026241689180281528 3.0891032497898556
cell 37.62717161344962 52.01430827010627 0.0 2.23606797749979 0.4472135954999579 1 0 0 0.9974017273279686 -0.07204022711780231 3.2857980244309415
cell 56.403827984484366 58.66599408031179 0.0 2.23606797749979 0.4472135954999579 1 0 0 0.9912572776136009 -0.13194320588068364 3.406250793374948
cell 28.688345759622102 48.15252545312871 0.0 2.23606797749979 0.4472135954999579 1 0 0 0.9976176083014863 0.06898628564303427 3.0035104095470686
cell 67.72440473815001 35.8894930623634 0.0 2.23606797749979 0.4472135954999579 1 0 0 -0.014711149449266764 0.9998917851857176 6.253761946925573
cell 48.4166442861641 68.96525039891111 0.0 2.23606797749979 0.4472135954999579 1 0 0 0.015646214258252324 -0.9998775904976493 6.251891601770359
cell 71.51295135170619 49.851453696132566 0.0 2.23606797749979 0.4472135954999579 1 0 0 0.9982262734636261 -0.05953408239758076 3.260731266490937
cell 9.379722988104973 43.754800693246935 0.0 2.23606797749979 0.4472135954999579 1 0 0 0.986440824235819 0.16411733692988706 2.8118663559640535
cell 71.63822780277744 41.30625685357237 0.0 2.23606797749979 0.4472135954999579 1 0 0 0.9876587415911978 0.1566212315061133 2.8270551934983335
cell 19.439183372181038 58.099676091635075 0.0 2.23606797749979 0.4472135954999579 1 0 0 0.973813150158381 -0.22734983742815928 3.6003034260097597
cell 57.03204082749587 36.31057158997831 0.0 2.23606797749979 0.4472135954999579 1 0 0 0.9273214903831136 0.37426575247227867 2.37438294573724
cell 11.507866669591325 53.0122357352995 0.0 2.23606797749979 0.4472135954999579 1 0 0 0.9861324713841352 -0.1659600821939355 3.4750556838015143
cell 23.303128036572826 31.237779977788165 0.0 2.23606797749979 0.4472135954999579 1 0 0 0.04678338103109499 -0.9989050581808561 6.189584380099891
cell 52.18287206934983 50.291113552883594 0.0 2.23606797749979 0.4472135954999579 1 0 0 0.998388043867953 -0.056756619539243124 3.2551669248098136
cell 65.30995332411817 52.16744393829409 0.0 2.23606797749979 0.4472135954999579 1 0 0 0.9947413760778686 -0.10241872250086144 3.34678990991317
cell 36.37360795260535 51.099065471911025 0.0 2.23606797749979 0.4472135954999579 1 0 0 0.9990098995480793 -0.04448843225982034 3.230598895088818
cell 22.01839219674448 48.25965059825037 0.0 2.23606797749979 0.4472135954999579 1 0 0 0.997790397798538 0.06644036469673652 3.008613966427704
cell 9.281030809731577 44.648231189915215 0.0 2.23606797749979 0.4472135954999579 1 0 0 0.989820430197555 0.1423218745081982 2.85597910425778
cell 69.37179508826935 56.910578624640465 0.0 2.23606797749979 0.4472135954999579 1 0 0 0.9854754531784532 -0.16981793539765547 3.4828824899979405
cell 15.839450466471725 51.08311485217092 0.0 2.23606797749979 0.4472135954999579 1 0 0 0.9950299018772285 -0.09957657540904374 3.3410763986359764
cell 49.01554493611976 39.72351256761227 0.0 2.23606797749979 0.4472135954999579 1 0 0 0.9844084218957666 0.17589786496909615 2.787957093979491
cell 14.712856821775768 48.99243521656349 0.0 2.23606797749979 0.4472135954999579 1 0 0 0.9997881035686881 -0.02058513936134842 3.1827658405040316
cell 70.06074556518833 51.209639747409454 0.0 2.23606797749979 0.4472135954999579 1 0 0 0.9950667725256864 -0.09920745040224516 3.3403344748745565
cell 68.37130570262991 48.924929819608096 0.0 2.23606797749979 0.4472135954999579 1 0 0 0.9993305130266454 -0.03658586795337392 3.214780723045333
cell 58.94459179979322 45.41302462323853 0.0 2.23606797749979 0.4472135954999579 1 0 0 0.9995208699281952 0.030952069042052083 3.0796786268991165
cell 3.489149646086049 39.82718455605828 0.0 2.23606797749979 0.4472135954999579 1 0 0 0.9897097019073574 0.14308985271656982 2.854427264945236
cell 20.03601395179564 55.24427805091113 0.0 2.23606797749979 0.4472135954999579 1 0 0 -0.9776208770353432 0.21037447750296695 3.5655086411971344
cell 52.11269482561554 50.95015950264081 0.0 2.23606797749979 0.4472135954999579 1 0 0 0.996700295431445 -0.081169705474828 3.304110857913164
cell 22.601028060714278 48.892551614346885 0.0 2.23606797749979 0.4472135954999579 1 0 0 0.9997293096806767 0.023266013096306867 3.0950564283528434
cell 25.585602151214076 48.14322121131312 0.0 2.23606797749979 0.4472135954999579 1 0 0 0.9973572870676038 0.07265288661264087 2.9961587444216535
cell 47.8628012270072 50.83337026903017 0.0 2.23606797749979 0.4472135954999579 1 0 0 0.9976254361585546 -0.06887299274355521 3.2794477716196306
cell 59.512411048268724 48.68548109326818 0.0 2.23606797749979 0.4472135954999579 1 0 0 0.9989617820753817 -0.045556096768464255 3.232736391664646
cell 33.313994596736634 57.410041152613076 0.0 2.23606797749979 0.4472135954999579 1 0 0 0.9929774193418437 -0.11830403491518056 3.3787561503642483
cell 9.421750334318869 45.401499744533446 0.0 2.23606797749979 0.4472135954999579 1 0 0 0.993326786154197 0.11533384545992639 2.9104104908592014
cell 32.09411648329986 52.10648271826638 0.0 2.23606797749979 0.4472135954999579 1 0 0 0.9961655477265599 -0.08748829363202275 3.3167932309007844
cell 43.402237495248826 57.13734765219623 0.0 2.23606797749979 0.4472135954999579 1 0 0 0.9836289530286211 -0.18020566795697307 3.503983730067661
cell 55.22811890168603 46.00716443850715 0.0 2.23606797749979 0.4472135954999579 1 0 0 0.9992947575170692 0.0375498015827238 3.066475390965697
cell 2.887266208634471 8.98112168474389 0.0 2.23606797749979 0.4472135954999579 1 0 0 0.999999692412983 0.0007843302489574231 3.140023992931045
cell 62.8438472730793 41.78252645562159 0.0 2.23606797749979 0.4472135954999579 1 0 0 0.9900103938504691 0.1409943972930807 2.8586611051642445
cell 3.4286206319045793 50.78834745768343 0.0 2.23606797749979 0.4472135954999579 1 0 0 0.9925750040799196 -0.12163412874579033 3.385464793599159
cell 67.71040653843063 44.29269718805456 0.0 2.23606797749979 0.4472135954999579 1 0 0 0.9923278693727445 0.12363413633034054 2.8936900757500514
cell 69.7860665442064 46.02860664260595 0.0 2.23606797749979 0.4472135954999579 1 0 0 0.9996177003665783 0.02764874524881471 3.086288115277619
cell 40.738619717834204 43.64543900372373 0.0 2.23606797749979 0.4472135954999579 1 0 0 0.9939148582940528 0.11015105293329273 2.920842600694102
cell 27.383255912911515 52.254639436060316 0.0 2.23606797749979 0.4472135954999579 1 0 0 -0.992918837529155 0.1187947056048855 3.3797444611645178
cell 19.18023548198255 49.333014573466656 0.0 2.23606797749979 0.4472135954999579 1 0 0 0.9999270646805681 -0.012077471560839284 3.1657481839781023
cell 58.14213403900377 40.85066564733382 0.0 2.23606797749979 0.4472135954999579 1 0 0 0.9894103153362566 0.1451455404282518 2.8502725154515276
cell 27.952987602927333 51.69583997276039 0.0 2.23606797749979 0.4472135954999579 1 0 0 0.9960392834320375 -0.08891426128688962 3.3196563248739372
cell 71.7912869587265 42.108240694041896 0.0 2.23606797749979 0.4472135954999579 1 0 0 0.989882984043558 0.1418861441474149 2.8568594994737757
cell 58.999176906064015 46.17477423020354 0.0 2.23606797749979 0.4472135954999579 1 0 0 0.9982755236334913 0.05870246088775882 3.024120197890079
cell 33.20708041210077 51.430949044265134 0.0 2.23606797749979 0.4472135954999579 1 0 0 0.9987061424380573 -0.05085313221911471 3.243342805215484
cell 15.782182936638332 41.03930935678178 0.0 2.23606797749979 0.4472135954999579 1 0 0 0.9886340322046951 0.15034211108896225 2.8397640377988194
cell 8.143785096685882 40.3194574413808 0.0 2.23606797749979 0.4472135954999579 1 0 0 0.994013641959477 0.10925602774427072 2.922643520854826
cell 38.89356183466353 48.793858206374054 0.0 2.23606797749979 0.4472135954999579 1 0 0 0.9991755391596174 -0.04059854609573845 3.222812067750501
cell 56.6131162198628 50.56787695729073 0.0 2.23606797749979 0.4472135954999579 1 0 0 0.9977960907451703 -0.06635481364344274 3.2743998602297752
cell 15.73933972112483 54.050801440312 0.0 2.23606797749979 0.4472135954999579 1 0 0 0.9829462479791421 -0.18389310368724213 3.511483939379613
cell 31.48628296046272 52.85116939258936 0.0 2.23606797749979 0.4472135954999579 1 0 0 -0.9942819187991536 0.10678701208046465 3.355574688990827
cell 30.023587327223293 50.54993196747582 0.0 2.23606797749979 0.4472135954999579 1 0 0 0.9978974097814284 -0.06481326678633097 3.2713101141337684
cell 37.09542791706946 63.06570133759354 0.0 2.23606797749979 0.4472135954999579 1 0 0 0.9961575949578734 0.08757879884849729 2.966210368373145
cell 29.250049739760197 47.22958543420083 0.0 2.23606797749979 0.4472135954999579 1 0 0 0.9982098880358248 0.059808188632545965 3.021904849608005
cell 17.99473852149566 52.337816163152276 0.0 2.23606797749979 0.4472135954999579 1 0 0 0.9906836754857639 -0.1361831675575867 3.4148079710286923
cell 67.55380552070591 43.53697709690667 0.0 2.23606797749979 0.4472135954999579 1 0 0 0.9891965032263597 0.14659562750894914 2.847340984421773
cell 8.144951457326439 26.65058237245559 0.0 2.23606797749979 0.4472135954999579 1 0 0 -0.0713894508172429 0.9974485181261299 6.140284848883039
cell 62.683546030201036 40.94493434997663 0.0 2.23606797749979 0.4472135954999579 1 0 0 0.9877682543676902 0.15592907254070987 2.8284567313703866
cell 52.66097998397525 52.602254852328635 0.0 2.23606797749979 0.4472135954999579 1 0 0 0.994321071495739 -0.10642183412986962 3.3548401473085057
cell 39.1450432238739 57.19836458389493 0.0 2.23606797749979 0.4472135954999579 1 0 0 0.9752290410000461 -0.22119746289261638 3.587677010575453
cell 20.42114320321586 47.735624912491275 0.0 2.23606797749979 0.4472135954999579 1 0 0 0.9981252494500368 0.061204463973650314 3.0191071728307826
cell 57.498146479578445 54.85137141478447 0.0 2.23606797749979 0.4472135954999579 1 0 0 0.9910258875872795 -0.13367007941886175 3.4097354077461883
cell 36.79372743876436 46.23029044817114 0.0 2.23606797749979 0.4472135954999579 1 0 0 0.9975849286628731 0.0694572537946213 3.002566208376282
cell 53.219725034229945 53.55939274948618 0.0 2.23606797749979 0.4472135954999579 1 0 0 0.9931871845453561 -0.1165298951122356 3.375183154797588
cell 54.27003509261406 43.77464151935977 0.0 2.23606797749979 0.4472135954999579 1 0 0 0.9973335053411416 0.07297862100609276 2.995505541645973
cell 5.372353803264844 44.66657568693903 0.0 2.23606797749979 0.4472135954999579 1 0 0 0.9930838961181442 0.11740687914601498 2.906236061166495
cell 56.538027437519645 52.8783869036378 0.0 2.23606797749979 0.4472135954999579 1 0 0 0.9930295366254547 -0.11786576852264961 3.3778734417028313
cell 23.784734569825517 52.976794645882926 0.0 2.23606797749979 0.4472135954999579 1 0 0 0.9888428397561132 -0.1489625397979835 3.440630701082901
cell 57.48496232562055 37.33771244032356 0.0 2.23606797749979 0.4472135954999579 1 0 0 0.9651342193470661 0.2617554940117384 2.6119113190312135
cell 20.96911429152522 53.813064379835 0.0 2.23606797749979 0.4472135954999579 1 0 0 0.9871470439498083 -0.15981462267625965 3.4625983717956728
cell 13.20749568228329 64.95399671428036 0.0 2.23606797749979 0.4472135954999579 1 0 0 0.9922184022019488 0.12450960738759007 2.891925499105006
cell 21.103441646205198 50.09444782921706 0.0 2.23606797749979 0.4472135954999579 1 0 0 0.9996060043361825 -0.028068418107401707 3.197736863523378
cell 31.212515315684975 40.38464327807686 0.0 2.23606797749979 0.4472135954999579 1 0 0 0.9847603062766334 0.17391704684116271 2.791980756211146
cell 17.198541009872333 58.89221074999969 0.0 2.23606797749979 0.4472135954999579 1 0 0 0.9991396517740133 -0.041472355285219 3.224561159460862
cell 67.03933996315985 40.26709580249036 0.0 2.23606797749979 0.4472135954999579 1 0 0 0.9880310987811738 0.15425481464533428 2.8318462607615564
cell 45.13273082764992 43.01570403575662 0.0 2.23606797749979 0.4472135954999579 1 0 0 0.9903774499473077 0.13839258157816162 2.8639162661189377
cell 51.72552494778106 45.863810199181806 0.0 2.23606797749979 0.4472135954999579 1 0 0 0.9994345775890399 0.03362328240100191 3.074333411682309
cell 34.592001630889186 38.41970458157853 0.0 2.23606797749979 0.4472135954999579 1 0 0 0.990871704232369 0.13480825550254888 2.871152755598601
cell 53.620193431955514 49.00177001402422 0.0 2.23606797749979 0.4472135954999579 1 0 0 0.9988645902674912 -0.04763958763210517 3.2369079055402303
cell 35.30019388709661 57.02166930665792 0.0 2.23606797749979 0.4472135954999579 1 0 0 0.9720550006147769 -0.23475322315104885 3.6155220316437715
cell 21.70970692756971 61.92301179969141 0.0 2.23606797749979 0.4472135954999579 1 0 0 -0.06256034214900064 0.9980411833136947 6.157982862655278
cell 56.511638043853466 51.30003618323365 0.0 2.23606797749979 0.4472135954999579 1 0 0 0.9964535166441857 -0.08414504838334558 3.310081979018647
cell 47.61276285434552 46.37092309431033 0.0 2.23606797749979 0.4472135954999579 1 0 0 0.9987187857789942 0.050604218521102744 3.040340971154523
cell 1.4488113249441408 45.38389760668233 0.0 2.23606797749979 0.4472135954999579 1 0 0 0.9980899423171641 0.06177756101789701 3.017958805598903
cell 58.63109729759676 43.18311015561983 0.0 2.23606797749979 0.4472135954999579 1 0 0 0.9940327831594145 0.1090817400133885 2.9229941922038116
cell 47.73020619805725 50.12565897626451 0.0 2.23606797749979 0.4472135954999579 1 0 0 0.9981173915275924 -0.06133247696086381 3.26433464221896
cell 57.82679585314766 39.16898216126766 0.0 2.23606797749979 0.4472135954999579 1 0 0 0.9806891112422066 0.19557317579609693 2.747908896746144
cell 36.95812917963541 17.28039931356074 0.0 2.23606797749979 0.4472135954999579 1 0 0 -0.05484049895843871 0.9984951275163988 6.173449257484341
cell 8.92120728712798 47.709047350131726 0.0 2.23606797749979 0.4472135954999579 1 0 0 0.9973225068693076 0.0731287719842202 2.995204435135528
cell 36.11924250494451 52.52902352721394 0.0 2.23606797749979 0.4472135954999579 1 0 0 0.9949893382316249 -0.09998108223755608 3.34188946981597
cell 23.497787538117105 51.393412228961786 0.0 2.23606797749979 0.4472135954999579 1 0 0 0.9964784898175408 -0.08384878848828493 3.3094873578435786
cell 40.79736559099952 61.43495393075367 0.0 2.23606797749979 0.4472135954999579 1 0 0 -0.045518168156720204 0.9989635110291349 6.192117505100679
cell 2.7980013604264675 44.41962442821463 0.0 2.23606797749979 0.4472135954999579 1 0 0 0.9960704273916958 0.08856468639206268 2.9642309012598904
cell 70.64258863148615 36.56545856035567 0.0 2.23606797749979 0.4472135954999579 1 0 0 0.9944197598687279 0.10549569272070619 2.9302079291723526
cell 41.29469100667085 40.92484402329172 0.0 2.23606797749979 0.4472135954999579 1 0 0 0.9868155148724792 0.16184912606178556 2.8164642580696366
cell 61.76575822766879 56.22356852224946 0.0 2.23606797749979 0.4472135954999579 1 0 0 0.989825410904131 -0.14228723037738944 3.427136202257878
cell 11.696866729694712 52.25425051863498 0.0 2.23606797749979 0.4472135954999579 1 0 0 0.9873675700624516 -0.15844646284777003 3.4598267344528675
cell 49.13346999565972 38.61528628110546 0.0 2.23606797749979 0.4472135954999579 1 0 0 0.983172468106631 0.18267976887744242 2.774169854867096
cell 15.541278581067745 54.88907505009952 0.0 2.23606797749979 0.4472135954999579 1 0 0 0.9798700463663538 -0.19963640007273142 3.543566328018332
cell 64.96925194688899 60.778166549385965 0.0 2.23606797749979 0.4472135954999579 1 0 0 0.9962428497600143 -0.08660360444026295 3.3150171108347712
cell 7.633657406586242 49.296366248237014 0.0 2.23606797749979 0.4472135954999579 1 0 0 0.9992378107271562 -0.03903585035835648 3.2196841954933335
cell 16.012786875641872 53.29660167956001 0.0 2.23606797749979 0.4472135954999579 1 0 0 0.9842516034514267 -0.17677324770251734 3.497006849763964
cell 48.053642139221786 56.267843260321996 0.0 2.23606797749979 0.4472135954999579 1 0 0 0.9903843011517084 -0.13834354351483893 3.4191700123646727
cell 40.47953895503692 53.16887158689933 0.0 2.23606797749979 0.4472135954999579 1 0 0 0.9939335107697429 -0.10998261757629409 3.362003776496222
cell 65.10010954458902 53.714579898532364 0.0 2.23606797749979 0.4472135954999579 1 0 0 0.9928715098178827 -0.11918961780271817 3.3805399372693428
cell 32.69141031210214 58.41546136075694 0.0 2.23606797749979 0.4472135954999579 1 0 0 0.9938192471197809 -0.11101037813768555 3.364071962221486
cell 40.984570335648584 45.09365142756846 0.0 2.23606797749979 0.4472135954999579 1 0 0 0.9948127262261705 0.10172334903282756 2.9377934460833113
cell 18.22914503603074 48.66763139200704 0.0 2.23606797749979 0.4472135954999579 1 0 0 0.9997245022017814 0.023471678623402967 3.0946449849373496
cell 31.325746971538166 49.47125237628868 0.0 2.23606797749979 0.4472135954999579 1 0 0 0.9993672340998143 -0.03556868577396285 3.2127450333707817
cell 1.5989614093253521 54.16120692526657 0.0 2.23606797749979 0.4472135954999579 1 0 0 0.9831182664420158 -0.18297123869079934 3.509608385607859
cell 66.61707691839267 38.358030671629955 0.0 2.23606797749979 0.4472135954999579 1 0 0 0.9892389828495591 0.1463086969758452 2.8479211004439766
cell 66.85663600603742 39.3551038095209 0.0 2.23606797749979 0.4472135954999579 1 0 0 0.9866054112605256 0.16312499033394381 2.8138781618597606
cell 51.47649396390141 60.95045326811526 0.0 2.23606797749979 0.4472135954999579 1 0 0 0.9876869835281019 -0.15644303298376339 3.455769268448744
cell 1.7700638343983166 53.339296428782866 0.0 2.23606797749979 0.4472135954999579 1 0 0 0.9866115673375357 -0.16308775305267786 3.469231659893407
cell 3.6909820699606746 40.75342191615904 0.0 2.23606797749979 0.4472135954999579 1 0 0 0.9928351764333766 0.11949189276476413 2.902036468380518
cell 58.0100526035991 40.02098809085569 0.0 2.23606797749979 0.4472135954999579 1 0 0 0.9843182236150793 0.17640191228910962 2.7869329857110334
