step,msd_global,msd_round,msd_elongated,n_round,n_elongated
0,0.0,0.0,,500,0
100,6.209240806495419,6.209240806495419,,500,0
200,81.73108210365396,3.2719263120219693,84.66109207097631,18,482
300,156.17200894771736,114.980883706399,157.01264415672387,10,490
400,221.85022890374327,172.7405763678665,223.05784331036318,12,488
500,305.34756372724405,315.23933499036673,305.1456908443232,10,490
600,383.45352355200345,468.138452833395,380.8344020278367,15,485
700,466.6409655971105,455.4552887536098,467.15578754388247,22,478
800,544.4663412440948,402.48398640972323,552.5710422600102,27,473
900,615.3447759331411,483.4867594694709,620.2689342243154,18,482
1000,664.3331907226185,567.9168375741981,667.9338014211071,18,482
1100,722.3313170364262,610.4468396992283,728.2199737383839,25,475
1200,768.3345837648947,749.0698886820697,769.2634893978192,23,477
1300,814.6468864441716,782.2984651441847,816.4934136642555,27,473
1400,852.8984488441154,812.6693029131446,855.557518191365,31,469
1500,925.7376324108376,1067.8227192035636,918.5736784549017,24,476
1600,993.449549132942,1021.4324190410122,992.2835962201059,20,480
1700,1071.9758752942807,874.9851703265365,1077.234354071654,13,487
1800,1158.5027722709494,957.8814299534902,1163.4360839672802,12,488
1900,1251.4592144107567,991.5933057755303,1260.0498229606815,16,484
2000,1373.8701008623573,1016.2920480797115,1387.223638103203,18,482
2100,1553.4736471054036,1194.8671143084666,1566.0954091293124,17,483
2200,1742.3858602033104,1515.8492166234876,1750.3591996253745,17,483
2300,1970.928828449315,1637.0265508238328,1987.0289382719277,23,477
2400,2183.6942580077557,1599.3116282014075,2206.7779793514574,19,481
2500,2358.919835813354,1882.665553660242,2376.7052654373288,18,482
2600,2469.2904343726123,1741.270145548139,2487.192572622394,12,488
2700,2532.2945093097082,3028.6008134032777,2511.6150799724765,20,480
2800,2534.8780018270822,3581.4210511583965,2482.1111253902095,24,476
2900,2578.9295802431984,3809.942624818809,2524.9603235916584,21,479
3000,2590.9336021631752,4010.2876799143205,2531.7938489235444,20,480
3100,2685.4841823196507,3323.693912219795,2656.1105127426567,22,478
3200,2770.2056672511285,3141.358125860837,2756.345201991845,18,482
3300,2919.020814226013,2219.0252702677776,2943.6583385475246,17,483
3400,3148.3582987545205,1975.7292758407725,3184.625175751853,15,485
3500,3379.6443084562993,2090.262734605923,3438.9882302653127,22,478
3600,3596.5483111413905,1979.9391737479752,3663.9070251994494,20,480
3700,3813.5578152251164,2008.8700768982005,3880.9527930049603,18,482
3800,4067.479928047645,2242.7822706072707,4123.913876215905,15,485
3900,4396.913222528072,2896.7894674873105,4436.957593812529,13,487
4000,4793.298818461428,2975.359231406621,4815.379056360878,6,494
4100,5115.0867313856625,3546.2848516500976,5137.361808785558,7,493
4200,5455.698204120448,6248.643135956698,5432.856169046976,14,486
4300,5689.79487452141,6393.417141057928,5657.410586103412,22,478
4400,5934.323287114522,6770.152103296457,5873.3400687664835,34,466
4500,6085.203877138309,6867.061476057616,6020.895243460963,38,462
4600,6248.571842964386,6774.914018431045,6200.30465656788,42,458
4700,6378.736878639009,6744.3211615424,6347.808924120067,39,461
4800,6560.798477359309,6786.704249140961,6543.2713054107335,36,464
4900,6754.659275172857,7012.346675052243,6734.66628725118,36,464
5000,7073.722773187064,7298.799127906905,7057.818020069817,33,467
5100,7359.165932509955,6597.371394555217,7400.952130794392,26,474
5200,7715.123677160541,6254.983864703406,7763.392761869868,16,484
5300,7966.870889787324,5748.385205132359,7984.761903373251,4,496
5400,8252.311973013868,6692.796983674048,8258.575085420855,2,498
5500,8511.495488619516,6788.027496947,8521.898715933434,3,497
5600,8816.981819806024,,8816.981819806024,0,500
5700,9209.870639232346,880.6554552842645,9226.562453228235,1,499
5800,9673.849977621265,4142.327823330421,9729.723938775718,5,495
5900,10205.579366040514,,10205.579366040514,0,500
6000,10612.100072452857,11285.911484691445,10610.749748981436,1,499
6100,10887.649518757149,7358.937514897951,10894.721085899153,1,499
6200,11014.898495206085,7570.998264902208,11028.729419825782,2,498
6300,11253.181413315871,9558.388813687816,11259.987809298313,2,498
6400,11432.252226272292,6427.62734565383,11462.461229575825,3,497
6500,11622.312115038387,11075.962152542965,11626.718163123027,4,496
6600,11933.341139527152,11804.793299802177,11934.117082221674,3,497
6700,12187.0404763037,9814.882285086638,12196.567216027464,2,498
6800,12503.965775557732,8660.1250793117,12511.66886312536,1,499
6900,12862.770182953089,,12862.770182953089,0,500
7000,13248.785831609799,10125.273773699688,13255.045374812025,1,499
7100,13688.958807579089,,13688.958807579089,0,500
7200,14182.462204418849,,14182.462204418849,0,500
7300,14764.994472731027,,14764.994472731027,0,500
7400,15389.430646044455,,15389.430646044455,0,500
7500,16114.530322424162,,16114.530322424162,0,500
7600,16783.58440311915,,16783.58440311915,0,500
7700,17239.39509181739,,17239.39509181739,0,500
7800,17634.48135727183,,17634.48135727183,0,500
7900,18112.07407688886,,18112.07407688886,0,500
8000,18463.235292792648,,18463.235292792648,0,500
8100,18940.8535979539,,18940.8535979539,0,500
8200,19437.118535811256,,19437.118535811256,0,500
8300,19941.295461496047,,19941.295461496047,0,500
8400,20571.966625214107,,20571.966625214107,0,500
8500,21093.27244992754,,21093.27244992754,0,500
8600,21851.33068223466,,21851.33068223466,0,500
8700,22686.566133621895,,22686.566133621895,0,500
8800,23568.16059129268,,23568.16059129268,0,500
8900,24345.075539670204,,24345.075539670204,0,500
9000,25229.16606598752,,25229.16606598752,0,500
9100,26088.63428770498,,26088.63428770498,0,500
9200,26795.549139213643,22748.174651990936,26828.189256046084,4,496
9300,27598.32649337019,26230.625322031818,27609.356341526145,4,496
9400,28354.660453442903,31228.45413898239,28325.63223439705,5,495
9500,28993.07858754826,27001.75950333159,29013.192921732276,5,495
9600,29675.111262357445,37833.59932944195,29625.864855513875,3,497
9700,30302.79407571496,30498.59003729939,30300.816338729255,5,495
9800,30851.327150864505,30657.956275162636,30852.494379490472,3,497
9900,31477.629720809742,14201.076171745672,31652.140362719478,5,495
10000,32079.046485380662,16724.405288603924,32202.874236967567,4,496
10100,32875.22918817037,19204.163081452843,32957.75071396545,3,497
10200,33621.70920288699,18418.877778128553,33713.476797000214,3,497
10300,34394.420992374835,20767.934482904875,34449.14583779439,2,498
10400,35016.036986722735,38544.66907352738,35008.965579735166,1,499
10500,35547.649808855334,,35547.649808855334,0,500
10600,36121.65432469198,,36121.65432469198,0,500
10700,36911.19072393175,10567.947644009757,36963.98279423219,1,499
10800,37534.33875052482,11344.141881942654,37586.824114990915,1,499
10900,38397.82795107121,12141.942412712964,38450.4449561581,1,499
11000,39242.782994998575,12920.972747931577,39295.53211373017,1,499
11100,40145.19101545456,13907.378379774114,40197.77180229961,1,499
11200,41011.62483497743,14857.108184388793,41064.038696000665,1,499
11300,41889.80467882593,15899.300755014587,41941.88985702996,1,499
11400,42707.64956512363,16950.63596567329,42759.26682684598,1,499
11500,43312.09085915961,18229.241088865754,43362.3570911642,1,499
11600,44283.937780493696,19554.18367310704,44333.4964059594,1,499
11700,45204.7403745767,20898.964628390262,45253.44934400794,1,499
11800,46062.35994605364,30790.24952250393,46123.693722855045,2,498
11900,46883.87827162581,23731.121125451387,46930.27658253999,1,499
12000,47479.625211488674,25189.041306761814,47524.295720315786,1,499
12100,48092.83130800086,17351.922786275914,48154.436335098515,1,499
12200,49021.32980566831,18451.380899538148,49082.59222832589,1,499
12300,49892.29072708795,19541.026382803964,49953.114904130605,1,499
12400,50781.81726137452,20738.2729486988,50842.02476500714,1,499
12500,51684.08090509357,22111.986100688882,51743.34362013245,1,499
12600,52684.891483412386,23426.835979399766,52743.524861175945,1,499
12700,53711.62457807034,24478.19935761921,53770.208596548204,1,499
12800,54890.65475028488,25824.161551070898,54948.90423565405,1,499
12900,55891.437261156505,27193.416354824076,55948.94832509705,1,499
13000,56705.150597483786,28707.795585308966,56761.25752135588,1,499
13100,57877.198322620556,30367.822415587907,57932.32733245428,1,499
13200,59079.86104658537,55361.7301951791,59094.79329900067,2,498
13300,60145.426419225616,33848.02460159495,60198.12662326896,1,499
13400,61076.347412155774,35580.512157981015,61127.44127038057,1,499
13500,61869.44733961798,37433.588959388806,61918.41699569059,1,499
13600,62600.468297870466,39240.416544191205,62647.28202883976,1,499
13700,63848.42084026551,41086.11723228682,63894.03667915925,1,499
13800,64912.149446864394,76769.45456990987,64840.576176503964,3,497
13900,66195.41737223344,59246.30855146591,66251.45857240092,4,496
14000,67513.13158998646,76935.72937854113,67456.25474216822,3,497
14100,68809.354336244,61764.60896517437,68866.16679891391,4,496
14200,70094.81670659127,70001.37968553168,70095.76051488481,5,495
14300,71257.59239099915,86376.93629757053,71073.95663504889,6,494
14400,72425.00075310653,78749.38972002044,72361.11803626902,5,495
14500,73538.94062877685,68787.9721092154,73586.93020978253,5,495
14600,74865.79755008982,68758.18418081304,74927.49061442596,5,495
14700,76343.42281260678,68447.46365808122,76375.13349194222,2,498
14800,77701.82566761713,,77701.82566761713,0,500
14900,79007.56098418566,,79007.56098418566,0,500
15000,79942.89229257403,,79942.89229257403,0,500
15100,80740.7224318242,,80740.7224318242,0,500
15200,81742.94220583598,119947.53711395411,81589.51009777126,2,498
15300,83061.73990225255,,83061.73990225255,0,500
15400,84446.46771592386,,84446.46771592386,0,500
15500,85819.617716235,,85819.617716235,0,500
15600,87213.1443394787,,87213.1443394787,0,500
15700,88688.37090341962,,88688.37090341962,0,500
15800,90316.16751948452,,90316.16751948452,0,500
15900,92014.54484364814,,92014.54484364814,0,500
16000,93344.10612462169,,93344.10612462169,0,500
16100,94740.91843917921,61439.71291635045,94807.65432199047,1,499
16200,96254.30034027125,,96254.30034027125,0,500
16300,97993.82712506289,,97993.82712506289,0,500
16400,99483.93745355755,,99483.93745355755,0,500
16500,100688.6820603476,,100688.6820603476,0,500
16600,101837.49044996541,,101837.49044996541,0,500
16700,102968.51934851203,,102968.51934851203,0,500
16800,104522.51951574122,,104522.51951574122,0,500
16900,106235.51217819825,,106235.51217819825,0,500
17000,107835.12104769601,,107835.12104769601,0,500
17100,109556.63095157068,,109556.63095157068,0,500
17200,111224.99774511388,,111224.99774511388,0,500
17300,113072.50141681731,,113072.50141681731,0,500
17400,114773.81363640472,,114773.81363640472,0,500
17500,116499.76475978924,,116499.76475978924,0,500
17600,118074.39135758975,,118074.39135758975,0,500
17700,119586.76987805501,,119586.76987805501,0,500
17800,121596.67943528217,,121596.67943528217,0,500
17900,123608.76861768759,,123608.76861768759,0,500
18000,125159.51858243116,,125159.51858243116,0,500
18100,126686.67763521093,,126686.67763521093,0,500
18200,128157.56121849442,,128157.56121849442,0,500
18300,129571.81801103515,,129571.81801103515,0,500
18400,131230.3136077051,,131230.3136077051,0,500
18500,133322.6397870841,151000.83181555237,133287.2125485501,1,499
18600,135579.72323781298,,135579.72323781298,0,500
18700,137519.48267612304,,137519.48267612304,0,500
18800,139663.5231384411,,139663.5231384411,0,500
18900,141455.3487784586,,141455.3487784586,0,500
19000,143246.91665774834,,143246.91665774834,0,500
19100,144685.72934648243,,144685.72934648243,0,500
19200,146088.4686860407,,146088.4686860407,0,500
19300,147844.30627227027,,147844.30627227027,0,500
19400,149683.476091433,,149683.476091433,0,500
19500,151433.5907756834,,151433.5907756834,0,500
19600,152780.28696945464,,152780.28696945464,0,500
19700,154224.21681640213,,154224.21681640213,0,500
19800,155478.86990225833,,155478.86990225833,0,500
19900,157026.1030630622,,157026.1030630622,0,500
20000,158469.66479402405,,158469.66479402405,0,500
20100,160540.66775723343,,160540.66775723343,0,500
20200,162673.003132168,,162673.003132168,0,500
20300,164768.4608168597,,164768.4608168597,0,500
20400,167172.44660900102,,167172.44660900102,0,500
20500,169244.51344974563,,169244.51344974563,0,500
20600,171414.55188181973,,171414.55188181973,0,500
20700,173342.56180256445,,173342.56180256445,0,500
20800,175311.25914265795,,175311.25914265795,0,500
20900,177435.77538847845,,177435.77538847845,0,500
21000,179467.49289832142,,179467.49289832142,0,500
21100,181035.4526523969,,181035.4526523969,0,500
21200,183210.40168704707,,183210.40168704707,0,500
21300,184972.6233424127,,184972.6233424127,0,500
21400,186692.9198094228,,186692.9198094228,0,500
21500,188743.27104754857,,188743.27104754857,0,500
21600,190954.69478545213,,190954.69478545213,0,500
21700,193037.09853992512,,193037.09853992512,0,500
21800,195260.96297339548,,195260.96297339548,0,500
21900,197874.726643045,,197874.726643045,0,500
22000,200332.4139887124,,200332.4139887124,0,500
22100,202799.0384008642,,202799.0384008642,0,500
22200,205144.13962727255,,205144.13962727255,0,500
22300,207750.04508000435,,207750.04508000435,0,500
22400,210349.6771259781,,210349.6771259781,0,500
22500,212854.75931452287,12258.046763570745,213256.75673446467,1,499
22600,215167.29263814923,,215167.29263814923,0,500
22700,217480.60543320805,,217480.60543320805,0,500
22800,220160.82750734483,,220160.82750734483,0,500
22900,222131.74654931022,,222131.74654931022,0,500
23000,223860.6977290842,,223860.6977290842,0,500
23100,225883.04731176211,,225883.04731176211,0,500
23200,228063.709065017,18530.49741551239,228483.61530078753,1,499
23300,229935.75810522644,18501.488387618778,230359.47407660444,1,499
23400,232099.68982738652,,232099.68982738652,0,500
23500,234447.98924782925,,234447.98924782925,0,500
23600,236893.09800937714,,236893.09800937714,0,500
23700,239096.33021154895,,239096.33021154895,0,500
23800,241241.89300826463,,241241.89300826463,0,500
23900,243512.22307314718,168780.14796938206,244114.90109817756,4,496
24000,245906.29033672524,145444.76197015768,246921.05324951885,5,495
24100,248023.1107303318,368597.0101087639,247295.3004725143,3,497
24200,249889.9365964736,,249889.9365964736,0,500
24300,251846.12368047738,111365.53470644158,252694.0950424937,3,497
24400,254138.71610705092,62758.95321238942,254522.24268599812,1,499
24500,255746.3136423211,,255746.3136423211,0,500
24600,257592.9098364224,,257592.9098364224,0,500
24700,259196.75180239856,244978.23104301,259225.2458319765,1,499
24800,260883.33987971657,,260883.33987971657,0,500
24900,262237.61155367375,17762.106022478903,263219.44089315645,2,498
25000,264281.4265820789,122823.56323551195,264564.9092741562,1,499
25100,266280.4015762026,,266280.4015762026,0,500
25200,268466.3681446215,233866.63867675504,268535.70627982763,1,499
25300,271203.35989505507,235409.33117850352,271275.0914155291,1,499
25400,274093.7699381842,,274093.7699381842,0,500
25500,276790.6363480727,,276790.6363480727,0,500
25600,279539.9727670251,,279539.9727670251,0,500
25700,282655.65287890885,,282655.65287890885,0,500
25800,286218.8046987237,,286218.8046987237,0,500
25900,289619.34698606335,,289619.34698606335,0,500
26000,292684.95158361545,,292684.95158361545,0,500
26100,295424.8675615798,,295424.8675615798,0,500
26200,297695.48955875746,,297695.48955875746,0,500
26300,299489.8991186409,,299489.8991186409,0,500
26400,301347.1387213414,,301347.1387213414,0,500
26500,303318.21576113306,,303318.21576113306,0,500
26600,305090.87452424323,,305090.87452424323,0,500
26700,306885.5848496116,,306885.5848496116,0,500
26800,308785.00506057584,347828.8590942994,308706.7608641155,1,499
26900,310389.6433296714,,310389.6433296714,0,500
27000,312303.85896655725,,312303.85896655725,0,500
27100,314520.0384042547,,314520.0384042547,0,500
27200,317100.62483333366,,317100.62483333366,0,500
27300,319457.5176415503,,319457.5176415503,0,500
27400,321980.65779178584,,321980.65779178584,0,500
27500,325602.5126683321,,325602.5126683321,0,500
27600,328834.3811069924,,328834.3811069924,0,500
27700,331869.22644231556,403402.5901740287,331725.8730079835,1,499
27800,334773.41615486814,,334773.41615486814,0,500
27900,337664.95934732864,,337664.95934732864,0,500
28000,340599.9211470408,,340599.9211470408,0,500
28100,344292.0960855211,,344292.0960855211,0,500
28200,347349.62027591903,,347349.62027591903,0,500
28300,350918.94010943075,,350918.94010943075,0,500
28400,353874.08702570066,,353874.08702570066,0,500
28500,356196.8711766493,,356196.8711766493,0,500
28600,357957.72293405497,,357957.72293405497,0,500
28700,359680.6596929671,,359680.6596929671,0,500
28800,362426.28997218295,256100.19899314607,362639.3683108183,1,499
28900,364551.0283924984,136808.7716946211,365465.65592943766,2,498
29000,366553.30424113217,138530.77149752507,367469.0573846807,2,498
29100,368497.76482180046,137528.20478802078,369425.3534163136,2,498
29200,371125.3377217716,136934.98059535393,372065.86124436767,2,498
29300,374265.5370970972,247232.4023355293,374520.11251746106,1,499
29400,376913.3511437211,,376913.3511437211,0,500
29500,379887.1484934832,,379887.1484934832,0,500
29600,382902.55964364996,,382902.55964364996,0,500
29700,386234.03303267667,,386234.03303267667,0,500
29800,389211.3177949447,,389211.3177949447,0,500
29900,392895.2838944631,,392895.2838944631,0,500
30000,395850.76325946354,,395850.76325946354,0,500
