step,msd_global,msd_round,msd_elongated,n_round,n_elongated
0,0.0,0.0,,500,0
100,0.37055557958549024,0.37055557958549024,,500,0
200,69.98633401733386,4.377826094804996,72.57793828038594,19,481
300,154.78322213666047,141.05909827206003,155.00637862226375,8,492
400,215.64484302311524,175.30032686608135,217.06483634541252,17,483
500,298.41471656046446,215.56925599049714,301.68719837092056,19,481
600,384.63707019797084,219.90953860889712,391.1439789301795,19,481
700,446.4144491822623,284.78095402995774,453.8536477039164,22,478
800,515.5594125906595,302.89560870573257,524.420404419198,20,480
900,581.2147448608303,440.2448007371449,588.0120377640689,23,477
1000,646.8610784710319,588.1156493082465,648.8030761293057,16,484
1100,698.386981357663,603.8233974316216,701.1110352156147,14,486
1200,762.4309431365824,591.7210941539447,764.155285045498,5,495
1300,851.9412829526842,816.835882883366,852.7309749787834,11,489
1400,931.1536827674729,850.9830891903315,934.8435427229061,22,478
1500,1012.1789597934126,837.5044411042473,1024.1225166268596,32,468
1600,1109.6791525706556,881.6778223053739,1125.7905956086731,33,467
1700,1245.8545237113794,934.1340358186056,1262.26086517942,25,475
1800,1389.8291993161831,769.5113750814314,1411.662331846185,17,483
1900,1542.4815299965849,1167.5825272279296,1547.0349591800098,6,494
2000,1697.993031537996,1337.2585848429628,1700.9021803016656,4,496
2100,1831.5907479116884,973.098830657288,1847.3268523012803,9,491
2200,2008.9578769770776,1554.5181112943,2017.287730115866,9,491
2300,2138.4421331958333,2363.3670532795563,2135.710251575383,6,494
2400,2247.4331074548277,1855.3856523332097,2252.1948174360614,6,494
2500,2328.2271532341238,990.6123701763385,2355.5254141128535,10,490
2600,2447.51687454969,1079.1464943058681,2472.5990200124074,9,491
2700,2528.9919609784038,863.2260640776427,2552.6438094131,7,493
2800,2624.1554736277762,1056.6023184443893,2643.1945807757525,6,494
2900,2741.460694571556,1262.4879785656385,2753.387893894184,4,496
3000,2958.850190405544,1501.2594235519937,2976.553721986761,6,494
3100,3246.500820822838,1817.7250297955707,3266.7876981802224,7,493
3200,3558.0676363748257,1808.7419437448316,3568.626946390701,3,497
3300,3855.96092896931,1437.929393134535,3865.6718989927426,2,498
3400,4152.101676228143,1589.5561578555603,4162.3930236914875,2,498
3500,4442.160829875626,1919.6050303310726,4452.2915760585365,2,498
3600,4679.643259689498,2017.3354229985816,4750.711025350653,13,487
3700,4920.518874232144,2098.574844529562,5007.795493707481,15,485
3800,5143.971088268033,2136.6931517257976,5230.60049384744,14,486
3900,5410.592212078968,2936.5618971801387,5450.820347280575,8,492
4000,5667.653784137557,4755.034534638655,5671.318921685745,2,498
4100,5866.5316635761,4875.196592641656,5870.512928921218,2,498
4200,6152.7819238156735,5822.42813101789,6156.118830813632,5,495
4300,6467.295510649367,4766.045113242108,6481.015271918781,4,496
4400,6724.78060298672,6789.286196772331,6724.651333259694,1,499
4500,7101.994366267442,4886.766607584697,7110.890863290265,2,498
4600,7399.790182369154,8221.2705087558,7398.143929210063,1,499
4700,7805.631606579812,6046.118271584287,7837.8833785043735,9,491
4800,8203.012635918092,6043.563063926712,8229.240768371428,6,494
4900,8690.553646612312,5546.7785278367555,8741.671941226548,8,492
5000,9189.650277350385,4892.3109719668955,9259.525713210278,8,492
5100,9659.35764195174,5944.511000575893,9750.706329854427,12,488
5200,10190.819600541401,5606.697298958254,10313.18836834547,13,487
5300,10679.209306631383,6006.494184461149,10833.679228025438,16,484
5400,11076.638374083692,5917.8980686737095,11269.288426982823,18,482
5500,11352.530181049262,6381.8227707236265,11538.158258613288,18,482
5600,11699.870066495674,6005.257827783619,11888.121710750616,16,484
5700,12189.350878901225,5845.136086717048,12345.356160676245,12,488
5800,12630.277385323809,6629.9360624799065,12752.733330687972,10,490
5900,12929.808005161358,7564.895790434064,12994.968882263309,6,494
6000,13352.327500180254,7453.056262782015,13485.030943148313,11,489
6100,13834.862892394733,8007.627232648641,14015.08667568585,15,485
6200,14179.21132103181,11526.382219445508,14284.000828163074,19,481
6300,14619.778007788243,13941.41934206799,14650.999536336038,22,478
6400,15084.746297817617,14813.037538576378,15100.864614043794,28,472
6500,15589.526895657636,14540.353518556372,15673.37012449726,37,463
6600,16068.09398420797,14046.283093057153,16263.181000020768,44,456
6700,16659.027996649776,14558.431253062374,16871.863790052907,46,454
6800,17272.36606280955,15037.847227830352,17509.66009838256,48,452
6900,17808.83701289291,16025.109251315385,17959.738059967796,39,461
7000,18269.202349482686,15548.257483832474,18412.409973990594,25,475
7100,18689.34401027126,16167.467426930238,18822.074356762896,25,475
7200,19206.290469398038,17124.829333785896,19311.238089680995,24,476
7300,19707.422378168056,16480.38720330399,19834.893622081607,19,481
7400,20204.255252121315,15379.53708459235,20312.786744642417,11,489
7500,20735.496300893283,19357.508966690268,20749.415364875134,5,495
7600,21171.08833709645,32185.808584286096,21126.85251281055,2,498
7700,21640.153109112187,23562.4178080481,21624.650974443346,4,496
7800,22082.037606393194,23593.210815553535,22054.337893801665,9,491
7900,22471.33286335843,19893.630141797683,22540.1421762543,13,487
8000,22847.52609102116,19853.13565497605,22921.158642727187,12,488
8100,23301.21724398747,20534.197338273538,23351.936549794853,9,491
8200,23939.692824315884,22550.79782987527,23962.276482762074,8,492
8300,24528.221777271563,21153.55315536351,24569.20965527044,6,494
8400,25092.141481977353,12515.068875742336,25168.059425274543,3,497
8500,25677.268768311085,8410.600765907071,25781.49412848656,3,497
8600,26329.373639362962,19431.084368236698,26441.540944584525,8,492
8700,26834.480043468713,28335.340205282137,26800.71836293713,11,489
8800,27342.495006258912,30198.065116145965,27235.855458586782,18,482
8900,27943.115613480113,28192.71070161968,27926.617857121208,31,469
9000,28530.88549086529,29206.28856688019,28473.74726968399,39,461
9100,29218.144184692657,29384.725231977278,29200.45416197217,48,452
9200,29737.12005734297,28834.248921708946,29835.214704008307,49,451
9300,30271.10832383849,29668.575984044484,30333.622716708942,47,453
9400,30672.16738950348,26890.851869284586,30992.06176106213,39,461
9500,30941.43873849804,29146.348114753608,31060.090783990745,31,469
9600,31141.504168118536,26633.066673494322,31378.790352046122,25,475
9700,31299.77133767051,23648.66292531567,31504.010371265194,13,487
9800,31556.40248017326,8801.696986589826,31739.908169637645,4,496
9900,31739.614706159635,21508.246947599266,31801.373465265635,3,497
10000,32251.033975413502,38561.829461385365,32225.68941522887,2,498
10100,32631.522374154836,17462.505051714532,32661.92120646433,1,499
10200,33251.75439417137,37039.05759059014,33228.893409082324,3,497
10300,33964.13934817865,57349.21275180376,33775.55004653651,4,496
10400,34494.64531286553,47213.46750176024,34128.25948849407,14,486
10500,35195.31170652652,42823.09699533443,34810.7174902841,24,476
10600,35711.040587397336,44886.21380350698,34934.83287497157,39,461
10700,36395.08000510527,47780.68883606985,35458.60135667095,38,462
10800,36980.82633669123,47881.76525899022,35769.61090088023,50,450
10900,37639.428996562434,48146.70324462776,36419.83466419771,52,448
11000,38274.950473733494,48622.42343832468,36943.560047138235,57,443
11100,39030.46824371802,48819.1258099669,37869.844415952495,53,447
11200,39511.52645802735,48342.53271590541,38616.754898859086,46,454
11300,39960.22815214354,39108.33284217826,40024.34930450653,35,465
11400,40375.326972448354,34818.65411792236,40767.98265595876,33,467
11500,40822.75810532004,30901.316947873962,41433.63240163838,29,471
11600,41070.57135398276,33221.39100295121,41679.55948466624,36,464
11700,41167.770320364834,25693.0069233415,42513.40192010599,40,460
11800,41221.56672862098,29207.476858069203,42409.77341911511,45,455
11900,41214.6429649363,30347.27347256079,42134.00827990949,39,461
12000,41614.63572927871,34005.95562349487,42152.29406651824,33,467
12100,42179.520871104345,39601.195248581775,42403.72309914979,40,460
12200,42597.599378032995,37590.64276211544,42974.46708030635,35,465
12300,42944.47483460007,39718.71911783339,43150.374135670274,30,470
12400,43218.70753711678,45929.28535390813,43088.008816391,23,477
12500,43443.557345442176,59655.69554760447,42942.15100929282,15,485
12600,43764.35429573867,60816.11686151429,43236.98019576623,15,485
12700,43988.398424989886,64714.90620972739,43694.10723940538,7,493
12800,44219.394295616345,46389.96481367919,44188.57483592782,7,493
12900,44559.719219830426,39501.46520899932,44652.436706790664,9,491
13000,45128.06131593637,35219.30034192921,45289.17938055437,8,492
13100,45618.29725379137,20384.636244610425,45976.584529783795,7,493
13200,46192.87403505314,41153.14000448779,46285.25205190667,9,491
13300,46660.012498568525,43622.2935982462,46722.00676184041,10,490
13400,47011.900329734286,36855.15090149505,47219.18093031059,10,490
13500,47472.46984825292,52894.771309727585,47417.699126419844,5,495
13600,48102.65473512179,38528.69326167479,48199.361416671745,5,495
13700,48611.28263830825,59605.84654167453,48567.12776319433,2,498
13800,49227.62668951263,4608.436977017886,49317.04390336533,1,499
13900,49608.11184301204,34602.746772342936,49698.68748730179,3,497
14000,49987.02420981325,29964.406461669056,50395.64906181619,10,490
14100,50544.06485740687,34399.30361747993,50941.06718297884,12,488
14200,50985.1473657543,42864.878526871595,51412.52993622182,25,475
14300,51247.60243641889,42515.22879238157,51785.26450792013,29,471
14400,51554.01938790444,43257.31627076728,52140.29605356937,33,467
14500,51835.81132537889,44310.03367749399,52299.181923656295,29,471
14600,52206.19193332964,45909.302046185614,52523.68217974027,24,476
14700,52665.6524610921,46664.2139255265,52889.77257237877,18,482
14800,53096.69438925265,41556.53528280844,53332.207840404575,10,490
14900,53778.53992994745,58573.87425178953,53730.10220952481,5,495
15000,54395.76206707588,84253.66233227207,54094.16711490217,5,495
15100,55010.795114341716,43422.09548942072,55223.21527039933,9,491
15200,55562.781570791485,34619.80796489475,56033.891406506955,11,489
15300,56052.026655771035,31753.77035673563,56700.645407079995,13,487
15400,56650.12341346994,38487.115368777275,57211.865930316104,15,485
15500,57124.132613001166,46057.484708220436,57537.40992064859,18,482
15600,57649.26359640294,65048.00605249647,57308.73570093421,22,478
15700,58189.26809546197,67906.93229463062,57784.36542049662,20,480
15800,58839.303735362824,59326.129543952055,58820.07360986762,19,481
15900,59464.23807497291,52210.02695779177,59704.04670694585,16,484
16000,59872.823262124875,44255.28900273528,60557.51683090814,21,479
16100,60283.854255490594,47622.5191084229,60783.99015527082,19,481
16200,60643.5222506797,42541.044788491075,61280.66949054969,17,483
16300,61000.01239359986,27108.142354984313,61833.41903389369,12,488
16400,61260.965073944615,31146.051915456796,61688.5601897852,7,493
16500,61711.37070974159,816.0818822493696,61833.40535669048,1,499
16600,62143.54513482719,,62143.54513482719,0,500
16700,62752.38602505617,25740.84124001876,62826.557457491115,1,499
16800,63136.754063787994,42987.86761330751,63258.377120833145,3,497
16900,63784.24020517847,73965.81871015906,63660.577308356835,6,494
17000,64367.57757269521,86317.56325144817,64145.86054563711,5,495
17100,64541.44275208987,56878.00619248345,64603.24465982864,4,496
17200,64966.21774702536,87907.64855914195,64781.20620821796,4,496
17300,65587.19692716791,56685.01931028105,65713.59701503445,7,493
17400,65761.39401619142,84259.37695431676,65612.21673443232,4,496
17500,65842.16200216342,102879.6615612417,65543.4724895902,4,496
17600,65922.69740449278,65113.09795087126,65929.22643234456,4,496
17700,65681.6848652879,92524.42814735445,65465.2111291422,4,496
17800,65810.66034119579,66492.23342947758,65805.16378403222,4,496
17900,65570.19878111217,88471.5837466813,65431.961044901494,3,497
18000,65394.92446923944,57396.53039052776,65475.71632862036,5,495
18100,65267.335292967204,69911.85341461172,65229.879501663614,4,496
18200,65404.51810040941,70358.85512664757,65364.56376955265,4,496
18300,65097.31397782505,70877.19456251778,65050.7020376259,4,496
18400,64616.723677041526,36928.658309943494,64896.40110499201,5,495
18500,64609.881089590504,50185.49928615324,64755.58191588785,5,495
18600,64723.336520389545,45788.73807679447,64876.034894934666,4,496
18700,64735.26696974419,29397.725856269186,64877.184805541285,2,498
18800,65049.26269492911,29471.011279294984,65192.14723876699,2,498
18900,64940.829837313926,29392.362645911984,65083.59476579346,2,498
19000,64957.63380693554,29190.145016650986,65101.27834022985,2,498
19100,65261.136341880476,28992.236232202253,65406.79457525268,2,498
19200,65567.12040958214,28757.03780488311,65714.95206662914,2,498
19300,65843.43805759038,28521.944034592318,65993.32357575503,2,498
19400,66435.23515534162,23208.02426984263,66696.16399368468,3,497
19500,67005.36947482778,27890.095733388116,67162.45892760463,2,498
19600,67535.98897732979,18890.284201097944,67633.4753596469,1,499
19700,68090.99318806594,,68090.99318806594,0,500
19800,68585.08994313543,,68585.08994313543,0,500
19900,69313.04503211149,,69313.04503211149,0,500
20000,69814.48946858598,,69814.48946858598,0,500
20100,70311.3702912985,,70311.3702912985,0,500
20200,71003.11438932447,,71003.11438932447,0,500
20300,71675.20575798843,,71675.20575798843,0,500
20400,72220.9553442111,,72220.9553442111,0,500
20500,72702.76231324342,,72702.76231324342,0,500
20600,73019.39890709004,,73019.39890709004,0,500
20700,73284.5115357962,,73284.5115357962,0,500
20800,73812.8942489966,,73812.8942489966,0,500
20900,74288.7559876878,,74288.7559876878,0,500
21000,74816.47315815059,,74816.47315815059,0,500
21100,75116.37282736604,,75116.37282736604,0,500
21200,75501.66190821314,,75501.66190821314,0,500
21300,76198.80852199718,,76198.80852199718,0,500
21400,76945.65902799291,,76945.65902799291,0,500
21500,78016.29555963131,,78016.29555963131,0,500
21600,79002.97702249918,,79002.97702249918,0,500
21700,80037.45461897174,107984.34991938045,79981.44881676651,1,499
21800,81334.31686782814,38114.666922852906,81420.92939276797,1,499
21900,82436.06138040239,,82436.06138040239,0,500
22000,83326.05744411898,,83326.05744411898,0,500
22100,84174.64248635151,,84174.64248635151,0,500
22200,85030.38004796347,,85030.38004796347,0,500
22300,85842.3700924162,,85842.3700924162,0,500
22400,86730.4538380323,,86730.4538380323,0,500
22500,87264.5932213222,,87264.5932213222,0,500
22600,87669.5806128653,,87669.5806128653,0,500
22700,88159.05007368827,,88159.05007368827,0,500
22800,88692.87284610608,,88692.87284610608,0,500
22900,89172.01660411344,,89172.01660411344,0,500
23000,89637.45970235455,,89637.45970235455,0,500
23100,90399.15537845141,,90399.15537845141,0,500
23200,91001.34460616474,,91001.34460616474,0,500
23300,91589.3276890342,,91589.3276890342,0,500
23400,92571.42390476663,,92571.42390476663,0,500
23500,93478.6780874226,,93478.6780874226,0,500
23600,94579.68225667214,,94579.68225667214,0,500
23700,96045.14613622177,,96045.14613622177,0,500
23800,97701.51052768418,99988.39400762616,97692.3262566804,2,498
23900,99060.65768498671,,99060.65768498671,0,500
24000,100504.86989458436,,100504.86989458436,0,500
24100,101784.23476536981,,101784.23476536981,0,500
24200,103020.07118215004,,103020.07118215004,0,500
24300,104063.20197471986,,104063.20197471986,0,500
24400,105168.59987226095,,105168.59987226095,0,500
24500,106446.6031186096,,106446.6031186096,0,500
24600,107284.4131738564,,107284.4131738564,0,500
24700,108280.47518832397,,108280.47518832397,0,500
24800,108971.66821129461,,108971.66821129461,0,500
24900,109831.50305794529,,109831.50305794529,0,500
25000,110785.01914455347,,110785.01914455347,0,500
25100,111438.14179154838,,111438.14179154838,0,500
25200,112251.02543865958,,112251.02543865958,0,500
25300,113160.34141788048,,113160.34141788048,0,500
25400,114168.99557503978,,114168.99557503978,0,500
25500,115315.56511122783,,115315.56511122783,0,500
25600,116545.23261676358,,116545.23261676358,0,500
25700,117975.99429831967,,117975.99429831967,0,500
25800,119397.71248736963,,119397.71248736963,0,500
25900,121100.94489769085,,121100.94489769085,0,500
26000,122925.78264918852,,122925.78264918852,0,500
26100,124463.73029451948,,124463.73029451948,0,500
26200,125901.32510728585,,125901.32510728585,0,500
26300,127096.50533240067,,127096.50533240067,0,500
26400,128212.35373355776,,128212.35373355776,0,500
26500,129557.15098017816,,129557.15098017816,0,500
26600,131240.60294660056,,131240.60294660056,0,500
26700,132705.47147031396,,132705.47147031396,0,500
26800,133753.59907869744,,133753.59907869744,0,500
26900,135027.88703569325,,135027.88703569325,0,500
27000,136029.04882380794,,136029.04882380794,0,500
27100,136956.2658498111,,136956.2658498111,0,500
27200,137890.31656565506,,137890.31656565506,0,500
27300,139078.0938969574,,139078.0938969574,0,500
27400,140431.29129702252,,140431.29129702252,0,500
27500,141752.43437013103,,141752.43437013103,0,500
27600,143180.14528480702,,143180.14528480702,0,500
27700,145150.06512488032,,145150.06512488032,0,500
27800,147207.2252238488,,147207.2252238488,0,500
27900,148964.80896088923,,148964.80896088923,0,500
28000,150795.23792048503,,150795.23792048503,0,500
28100,152932.48695118743,,152932.48695118743,0,500
28200,154555.9139887861,,154555.9139887861,0,500
28300,156227.21882973527,,156227.21882973527,0,500
28400,158156.84424600768,3867.2907694447003,158466.0417479647,1,499
28500,160172.50607178692,70645.94424493315,160532.0504967943,2,498
28600,162042.21668959525,71205.91886525557,162407.02109852835,2,498
28700,163842.92203949016,71742.62734837725,164212.8027410609,2,498
28800,165586.59847549105,72284.41468213563,165961.30604092623,2,498
28900,167348.76567950117,72694.87013206516,167728.90180619774,2,498
29000,169161.33547871662,72838.7896394481,169548.17301220767,2,498
29100,170714.57816528808,72917.80091820915,171107.33630684263,2,498
29200,172080.47122980983,,172080.47122980983,0,500
29300,173462.52939493055,,173462.52939493055,0,500
29400,174758.9633722378,,174758.9633722378,0,500
29500,176178.07795390204,,176178.07795390204,0,500
29600,177425.6227481826,,177425.6227481826,0,500
29700,178723.12417031176,,178723.12417031176,0,500
29800,180774.96526830285,,180774.96526830285,0,500
29900,182679.3606340983,,182679.3606340983,0,500
30000,184570.27354284306,,184570.27354284306,0,500
