1000
 Lattice="59.41278806836073 0.0 0.0 0.0 59.41278806836073 0.0 0.0 0.0 1.0"Properties=species:S:1:pos:R:3:aspherical_shape:R:3:orientation:R:4:Color:R:1
cell 47.116459965422386 43.438169784743685 0.0 1.0 1.0 1 0 0 0.0 1.0 0
cell 19.78723082876884 47.767050174312224 0.0 1.0 1.0 1 0 0 0.0 1.0 0
cell 21.793622635951582 41.48169093466488 0.0 1.0 1.0 1 0 0 0.0 1.0 0
cell 48.86873777666129 19.182415184110138 0.0 1.0 1.0 1 0 0 0.0 1.0 0
cell 24.274802916334373 20.396761614569613 0.0 1.0 1.0 1 0 0 0.0 1.0 0
cell 41.558101950690954 58.94052151216853 0.0 1.0 1.0 1 0 0 0.0 1.0 0
cell 48.99381556379418 46.979369627323855 0.0 1.0 1.0 1 0 0 0.0 1.0 0
cell 35.50188281306047 58.737631856529056 0.0 1.0 1.0 1 0 0 0.0 1.0 0
cell 27.219234259988543 5.988506310872393 0.0 1.0 1.0 1 0 0 0.0 1.0 0
cell 15.25442212599226 21.646433618940797 0.0 1.0 1.0 1 0 0 0.0 1.0 0
cell 52.641255272270556 34.37026442334482 0.0 1.0 1.0 1 0 0 0.0 1.0 0
cell 57.64164718304153 0.09601627656977281 0.0 1.0 1.0 1 0 0 0.0 1.0 0
cell 32.047653168849344 25.097218904011974 0.0 1.0 1.0 1 0 0 0.0 1.0 0
cell 28.364115657815525 0.7989799744266176 0.0 1.0 1.0 1 0 0 0.0 1.0 0
cell 20.017451925181394 32.945958438584455 0.0 1.0 1.0 1 0 0 0.0 1.0 0
cell 43.15784962074271 9.995175605861593 0.0 1.0 1.0 1 0 0 0.0 1.0 0
cell 31.601867911439808 55.122723727202256 0.0 1.0 1.0 1 0 0 0.0 1.0 0
cell 12.541767678114844 26.19261190540271 0.0 1.0 1.0 1 0 0 0.0 1.0 0
cell 9.96178796375134 47.175863308050744 0.0 1.0 1.0 1 0 0 0.0 1.0 0
cell 6.115969440877439 48.52077708279986 0.0 1.0 1.0 1 0 0 0.0 1.0 0
cell 52.194866841789825 41.830671132444444 0.0 1.0 1.0 1 0 0 0.0 1.0 0
cell 50.67711416734392 8.7230419580618 0.0 1.0 1.0 1 0 0 0.0 1.0 0
cell 39.9618824088898 29.742202325776677 0.0 1.0 1.0 1 0 0 0.0 1.0 0
cell 27.163892397571235 39.45660066302497 0.0 1.0 1.0 1 0 0 0.0 1.0 0
cell 49.61230502325108 24.443768813117916 0.0 1.0 1.0 1 0 0 0.0 1.0 0
cell 30.93630117151272 46.42650649315002 0.0 1.0 1.0 1 0 0 0.0 1.0 0
cell 18.02982498932715 42.817987997227945 0.0 1.0 1.0 1 0 0 0.0 1.0 0
cell 14.272181112572763 44.04253560944179 0.0 1.0 1.0 1 0 0 0.0 1.0 0
cell 8.310272617043214 0.27490426157748366 0.0 1.0 1.0 1 0 0 0.0 1.0 0
cell 16.94178021127699 39.4904238049471 0.0 1.0 1.0 1 0 0 0.0 1.0 0
cell 41.81302817861306 29.065282339473114 0.0 1.0 1.0 1 0 0 0.0 1.0 0
cell 39.179227721027765 39.77348575589053 0.0 1.0 1.0 1 0 0 0.0 1.0 0
cell 40.715622548687534 53.64965961018719 0.0 1.0 1.0 1 0 0 0.0 1.0 0
cell 45.55769156386776 59.112948175017 0.0 1.0 1.0 1 0 0 0.0 1.0 0
cell 33.74561173613404 51.70529830593047 0.0 1.0 1.0 1 0 0 0.0 1.0 0
cell 53.06627224032634 15.912242325393093 0.0 1.0 1.0 1 0 0 0.0 1.0 0
cell 1.435768083596747 37.15336788411578 0.0 1.0 1.0 1 0 0 0.0 1.0 0
cell 47.85112547460752 15.829423979018717 0.0 1.0 1.0 1 0 0 0.0 1.0 0
cell 14.773420624319725 32.85677679133628 0.0 1.0 1.0 1 0 0 0.0 1.0 0
cell 2.318248654338886 56.150734206333375 0.0 1.0 1.0 1 0 0 0.0 1.0 0
cell 32.89797285076592 46.47623216279318 0.0 1.0 1.0 1 0 0 0.0 1.0 0
cell 1.9102065328209477 9.25049794183303 0.0 1.0 1.0 1 0 0 0.0 1.0 0
cell 39.73972473726724 51.90530376859199 0.0 1.0 1.0 1 0 0 0.0 1.0 0
cell 18.63037813073496 52.88355970012244 0.0 1.0 1.0 1 0 0 0.0 1.0 0
cell 34.710372299544694 53.46258861577692 0.0 1.0 1.0 1 0 0 0.0 1.0 0
cell 46.144521051289296 41.6844232836146 0.0 1.0 1.0 1 0 0 0.0 1.0 0
cell 19.521493632542605 54.678721139670095 0.0 1.0 1.0 1 0 0 0.0 1.0 0
cell 9.18634724331692 8.950645121324872 0.0 1.0 1.0 1 0 0 0.0 1.0 0
cell 20.26456683142355 3.9471172053607417 0.0 1.0 1.0 1 0 0 0.0 1.0 0
cell 38.227955951858796 37.93938921406682 0.0 1.0 1.0 1 0 0 0.0 1.0 0
cell 18.855761107732487 38.81848060793583 0.0 1.0 1.0 1 0 0 0.0 1.0 0
cell 49.69687369403825 55.75143902045239 0.0 1.0 1.0 1 0 0 0.0 1.0 0
cell 42.47776120893342 1.2962958176051438 0.0 1.0 1.0 1 0 0 0.0 1.0 0
cell 59.14578586218827 45.03290165482771 0.0 1.0 1.0 1 0 0 0.0 1.0 0
cell 23.30161077053595 2.3143616424707445 0.0 1.0 1.0 1 0 0 0.0 1.0 0
cell 42.17007642355798 17.845867697156653 0.0 1.0 1.0 1 0 0 0.0 1.0 0
cell 21.393622054407732 58.21116524556937 0.0 1.0 1.0 1 0 0 0.0 1.0 0
cell 25.703705223943317 51.42264534487541 0.0 1.0 1.0 1 0 0 0.0 1.0 0
cell 54.840584386906116 24.50096090861724 0.0 1.0 1.0 1 0 0 0.0 1.0 0
cell 17.495908004520416 54.637466925594005 0.0 1.0 1.0 1 0 0 0.0 1.0 0
cell 13.39707749609023 22.235182022082412 0.0 1.0 1.0 1 0 0 0.0 1.0 0
cell 59.388637090430386 19.298689378026236 0.0 1.0 1.0 1 0 0 0.0 1.0 0
cell 5.209970745253358 1.9807455626986814 0.0 1.0 1.0 1 0 0 0.0 1.0 0
cell 20.54173304312558 21.723101379182953 0.0 1.0 1.0 1 0 0 0.0 1.0 0
cell 8.657016173621898 36.671096299867465 0.0 1.0 1.0 1 0 0 0.0 1.0 0
cell 0.8584259985040452 31.88006747332612 0.0 1.0 1.0 1 0 0 0.0 1.0 0
cell 21.665777127702345 51.2754437833217 0.0 1.0 1.0 1 0 0 0.0 1.0 0
cell 0.012159468361936376 35.826080088575914 0.0 1.0 1.0 1 0 0 0.0 1.0 0
cell 17.745046294520282 35.572019428531355 0.0 1.0 1.0 1 0 0 0.0 1.0 0
cell 48.748400560329365 53.94398360144273 0.0 1.0 1.0 1 0 0 0.0 1.0 0
cell 5.482268879651987 26.713361161086613 0.0 1.0 1.0 1 0 0 0.0 1.0 0
cell 29.218715931303475 6.082693784248256 0.0 1.0 1.0 1 0 0 0.0 1.0 0
cell 21.517373508274982 34.22864992396863 0.0 1.0 1.0 1 0 0 0.0 1.0 0
cell 45.48134192335445 27.72230821799483 0.0 1.0 1.0 1 0 0 0.0 1.0 0
cell 53.445903290909456 13.885277175023635 0.0 1.0 1.0 1 0 0 0.0 1.0 0
cell 8.897391202589922 43.87909871019037 0.0 1.0 1.0 1 0 0 0.0 1.0 0
cell 37.267838719178414 6.365337114911503 0.0 1.0 1.0 1 0 0 0.0 1.0 0
cell 24.260165018848802 4.091213366662135 0.0 1.0 1.0 1 0 0 0.0 1.0 0
cell 56.318782594243764 25.87221505714981 0.0 1.0 1.0 1 0 0 0.0 1.0 0
cell 56.585574273015844 1.8397827376750464 0.0 1.0 1.0 1 0 0 0.0 1.0 0
cell 7.433326961875215 42.58122044771352 0.0 1.0 1.0 1 0 0 0.0 1.0 0
cell 10.154478290207164 7.174563142080968 0.0 1.0 1.0 1 0 0 0.0 1.0 0
cell 6.429991693266831 52.394435158808705 0.0 1.0 1.0 1 0 0 0.0 1.0 0
cell 5.317152006259862 57.9150957236288 0.0 1.0 1.0 1 0 0 0.0 1.0 0
cell 46.32997634218406 34.60724875624858 0.0 1.0 1.0 1 0 0 0.0 1.0 0
cell 40.62508139091281 25.74246292339706 0.0 1.0 1.0 1 0 0 0.0 1.0 0
cell 59.20302593427681 28.57098909123903 0.0 1.0 1.0 1 0 0 0.0 1.0 0
cell 31.112602029652518 39.4430107063837 0.0 1.0 1.0 1 0 0 0.0 1.0 0
cell 16.242208558783176 34.192119547859726 0.0 1.0 1.0 1 0 0 0.0 1.0 0
cell 4.242700082081893 32.594491332119276 0.0 1.0 1.0 1 0 0 0.0 1.0 0
cell 36.70411128316289 53.58577580645229 0.0 1.0 1.0 1 0 0 0.0 1.0 0
cell 27.972914264161865 37.62410062193194 0.0 1.0 1.0 1 0 0 0.0 1.0 0
cell 0.13023698562431318 7.267041494407004 0.0 1.0 1.0 1 0 0 0.0 1.0 0
cell 6.187441021281369 3.7432596247295953 0.0 1.0 1.0 1 0 0 0.0 1.0 0
cell 37.10103692296365 9.812494465583333 0.0 1.0 1.0 1 0 0 0.0 1.0 0
cell 18.797923403281594 13.137492349058643 0.0 1.0 1.0 1 0 0 0.0 1.0 0
cell 46.88996779825498 29.059375136541608 0.0 1.0 1.0 1 0 0 0.0 1.0 0
cell 18.26216836672234 3.8825306823800747 0.0 1.0 1.0 1 0 0 0.0 1.0 0
cell 27.257181934555952 23.096801186075087 0.0 1.0 1.0 1 0 0 0.0 1.0 0
cell 1.1168626561704877 5.487130117968169 0.0 1.0 1.0 1 0 0 0.0 1.0 0
cell 42.11790512306352 41.5104038860814 0.0 1.0 1.0 1 0 0 0.0 1.0 0
cell 10.611550979060063 36.09025218835251 0.0 1.0 1.0 1 0 0 0.0 1.0 0
cell 20.97607484799368 19.720534170717837 0.0 1.0 1.0 1 0 0 0.0 1.0 0
cell 17.469609531573084 28.22046103697003 0.0 1.0 1.0 1 0 0 0.0 1.0 0
cell 46.4702904358066 1.4267182586607092 0.0 1.0 1.0 1 0 0 0.0 1.0 0
cell 57.346803549366186 29.230368827023582 0.0 1.0 1.0 1 0 0 0.0 1.0 0
cell 45.149278882797965 20.436853697704972 0.0 1.0 1.0 1 0 0 0.0 1.0 0
cell 55.61489997784161 0.02566810882075367 0.0 1.0 1.0 1 0 0 0.0 1.0 0
cell 7.7169074710526795 24.084443808772672 0.0 1.0 1.0 1 0 0 0.0 1.0 0
cell 41.94055721929168 48.50581116453933 0.0 1.0 1.0 1 0 0 0.0 1.0 0
cell 29.84018566981027 48.10018524703934 0.0 1.0 1.0 1 0 0 0.0 1.0 0
cell 0.3720867164418553 17.332803296211836 0.0 1.0 1.0 1 0 0 0.0 1.0 0
cell 51.13625142286861 43.52724393179848 0.0 1.0 1.0 1 0 0 0.0 1.0 0
cell 16.111448577402015 43.408094805603675 0.0 1.0 1.0 1 0 0 0.0 1.0 0
cell 8.347736138614314 52.810887699974685 0.0 1.0 1.0 1 0 0 0.0 1.0 0
cell 53.816147300696336 52.3937151810691 0.0 1.0 1.0 1 0 0 0.0 1.0 0
cell 55.734494467017775 11.290826123817862 0.0 1.0 1.0 1 0 0 0.0 1.0 0
cell 58.95865824589552 37.77445658338778 0.0 1.0 1.0 1 0 0 0.0 1.0 0
cell 35.28838789720135 36.12305767039939 0.0 1.0 1.0 1 0 0 0.0 1.0 0
cell 50.37969467314655 5.043210774678028 0.0 1.0 1.0 1 0 0 0.0 1.0 0
cell 24.152168953349488 7.597355969402543 0.0 1.0 1.0 1 0 0 0.0 1.0 0
cell 42.26566159670515 38.02484706593322 0.0 1.0 1.0 1 0 0 0.0 1.0 0
cell 28.133519007807788 41.129601324568554 0.0 1.0 1.0 1 0 0 0.0 1.0 0
cell 52.908667349556666 50.61861052836252 0.0 1.0 1.0 1 0 0 0.0 1.0 0
cell 41.413749553643065 21.808218917308864 0.0 1.0 1.0 1 0 0 0.0 1.0 0
cell 47.39539557109106 17.85277282129453 0.0 1.0 1.0 1 0 0 0.0 1.0 0
cell 51.85064579708487 52.330715041869176 0.0 1.0 1.0 1 0 0 0.0 1.0 0
cell 25.975546687580096 38.19576200419975 0.0 1.0 1.0 1 0 0 0.0 1.0 0
cell 3.597050399876931 43.798621916118215 0.0 1.0 1.0 1 0 0 0.0 1.0 0
cell 57.66760828280412 43.63792987894663 0.0 1.0 1.0 1 0 0 0.0 1.0 0
cell 58.528176325845756 39.71548822483013 0.0 1.0 1.0 1 0 0 0.0 1.0 0
cell 2.2417897931078676 0.24226855876078884 0.0 1.0 1.0 1 0 0 0.0 1.0 0
cell 31.782547462666713 15.032164792081037 0.0 1.0 1.0 1 0 0 0.0 1.0 0
cell 8.110744517470796 22.136800768374027 0.0 1.0 1.0 1 0 0 0.0 1.0 0
cell 52.62283809757573 17.878846657453003 0.0 1.0 1.0 1 0 0 0.0 1.0 0
cell 28.511415185713954 56.760525357586964 0.0 1.0 1.0 1 0 0 0.0 1.0 0
cell 17.188793839602823 20.972266626990304 0.0 1.0 1.0 1 0 0 0.0 1.0 0
cell 10.236609719115432 3.7675779092101362 0.0 1.0 1.0 1 0 0 0.0 1.0 0
cell 51.23879008530572 33.05480753493685 0.0 1.0 1.0 1 0 0 0.0 1.0 0
cell 13.362890495746427 57.99384661272288 0.0 1.0 1.0 1 0 0 0.0 1.0 0
cell 50.51932108511193 1.5826949372658614 0.0 1.0 1.0 1 0 0 0.0 1.0 0
cell 24.701455746268767 18.442677367285118 0.0 1.0 1.0 1 0 0 0.0 1.0 0
cell 25.926640605599413 44.4643925278981 0.0 1.0 1.0 1 0 0 0.0 1.0 0
cell 9.732878758147931 14.221661028386139 0.0 1.0 1.0 1 0 0 0.0 1.0 0
cell 35.210821005095674 6.248290399390254 0.0 1.0 1.0 1 0 0 0.0 1.0 0
cell 33.88153340211517 48.242963251987874 0.0 1.0 1.0 1 0 0 0.0 1.0 0
cell 42.518496076646066 25.068378186528385 0.0 1.0 1.0 1 0 0 0.0 1.0 0
cell 4.691469742678567 47.12546000579463 0.0 1.0 1.0 1 0 0 0.0 1.0 0
cell 40.605502249441976 57.12393585283854 0.0 1.0 1.0 1 0 0 0.0 1.0 0
cell 8.519278829113198 45.91804171753137 0.0 1.0 1.0 1 0 0 0.0 1.0 0
cell 55.30087378308422 13.249216034278922 0.0 1.0 1.0 1 0 0 0.0 1.0 0
cell 31.77799018326447 17.804866055845203 0.0 1.0 1.0 1 0 0 0.0 1.0 0
cell 6.330990794039359 56.18521906921328 0.0 1.0 1.0 1 0 0 0.0 1.0 0
cell 26.666358629161405 53.2159990405642 0.0 1.0 1.0 1 0 0 0.0 1.0 0
cell 55.72524637345339 55.959197260425086 0.0 1.0 1.0 1 0 0 0.0 1.0 0
cell 32.40348452723983 0.9629432961201398 0.0 1.0 1.0 1 0 0 0.0 1.0 0
cell 1.4688682503740198 50.94803806355452 0.0 1.0 1.0 1 0 0 0.0 1.0 0
cell 18.485256807279523 56.367508120582706 0.0 1.0 1.0 1 0 0 0.0 1.0 0
cell 54.00231324039378 28.466135742312026 0.0 1.0 1.0 1 0 0 0.0 1.0 0
cell 48.279981144648005 34.849584566134325 0.0 1.0 1.0 1 0 0 0.0 1.0 0
cell 48.51543646582604 1.506885809009816 0.0 1.0 1.0 1 0 0 0.0 1.0 0
cell 49.29625839221831 17.165018381119037 0.0 1.0 1.0 1 0 0 0.0 1.0 0
cell 12.410775915408715 56.24008878110361 0.0 1.0 1.0 1 0 0 0.0 1.0 0
cell 49.347846486063325 33.48890108551262 0.0 1.0 1.0 1 0 0 0.0 1.0 0
cell 54.15775363228461 19.218996919782278 0.0 1.0 1.0 1 0 0 0.0 1.0 0
cell 30.30249878330662 4.36508586862381 0.0 1.0 1.0 1 0 0 0.0 1.0 0
cell 31.19199766259487 6.115574254285069 0.0 1.0 1.0 1 0 0 0.0 1.0 0
cell 34.97247847423951 13.177989916609084 0.0 1.0 1.0 1 0 0 0.0 1.0 0
cell 23.080108842952246 9.721005657333613 0.0 1.0 1.0 1 0 0 0.0 1.0 0
cell 4.689079144624202 30.66621262270296 0.0 1.0 1.0 1 0 0 0.0 1.0 0
cell 31.335820455649483 29.02389158456362 0.0 1.0 1.0 1 0 0 0.0 1.0 0
cell 21.753811078238183 15.796620300017779 0.0 1.0 1.0 1 0 0 0.0 1.0 0
cell 56.8203557818769 14.59731095694828 0.0 1.0 1.0 1 0 0 0.0 1.0 0
cell 28.76007004533926 49.7760874812316 0.0 1.0 1.0 1 0 0 0.0 1.0 0
cell 29.97288755752162 44.613896701801266 0.0 1.0 1.0 1 0 0 0.0 1.0 0
cell 13.308437109599918 31.468111178229524 0.0 1.0 1.0 1 0 0 0.0 1.0 0
cell 38.429124918616445 28.40925014123716 0.0 1.0 1.0 1 0 0 0.0 1.0 0
cell 10.200716644290564 38.03158069435377 0.0 1.0 1.0 1 0 0 0.0 1.0 0
cell 1.6975564294013974 27.94523884877856 0.0 1.0 1.0 1 0 0 0.0 1.0 0
cell 44.33575345046185 4.8396611473043745 0.0 1.0 1.0 1 0 0 0.0 1.0 0
cell 54.85119891655095 50.72470333162541 0.0 1.0 1.0 1 0 0 0.0 1.0 0
cell 26.412974457319166 0.7105095889782785 0.0 1.0 1.0 1 0 0 0.0 1.0 0
cell 10.124432531603635 12.293246248035818 0.0 1.0 1.0 1 0 0 0.0 1.0 0
cell 48.13209424523103 23.09857561572697 0.0 1.0 1.0 1 0 0 0.0 1.0 0
cell 41.45931398571158 31.000948573208117 0.0 1.0 1.0 1 0 0 0.0 1.0 0
cell 3.9667176026339055 41.829299226980325 0.0 1.0 1.0 1 0 0 0.0 1.0 0
cell 37.61298092440466 55.35776726134986 0.0 1.0 1.0 1 0 0 0.0 1.0 0
cell 22.18182598913979 7.458534387586882 0.0 1.0 1.0 1 0 0 0.0 1.0 0
cell 3.14529095933514 29.277137813129823 0.0 1.0 1.0 1 0 0 0.0 1.0 0
cell 42.902397694727554 23.10567575637129 0.0 1.0 1.0 1 0 0 0.0 1.0 0
cell 28.023548156028475 11.336606780260087 0.0 1.0 1.0 1 0 0 0.0 1.0 0
cell 8.065116297775317 47.88619880737275 0.0 1.0 1.0 1 0 0 0.0 1.0 0
cell 57.52215437590815 3.641225304095059 0.0 1.0 1.0 1 0 0 0.0 1.0 0
cell 11.63936394373609 13.637569290011774 0.0 1.0 1.0 1 0 0 0.0 1.0 0
cell 20.394733838615675 0.4510959417604613 0.0 1.0 1.0 1 0 0 0.0 1.0 0
cell 13.254905225521403 2.037815137945001 0.0 1.0 1.0 1 0 0 0.0 1.0 0
cell 28.68371359886507 33.59704298797556 0.0 1.0 1.0 1 0 0 0.0 1.0 0
cell 39.907580342942666 20.47630987947396 0.0 1.0 1.0 1 0 0 0.0 1.0 0
cell 13.800027932152965 45.994677199857335 0.0 1.0 1.0 1 0 0 0.0 1.0 0
cell 40.10841643049258 11.64786543924 0.0 1.0 1.0 1 0 0 0.0 1.0 0
cell 16.306917491119908 24.91457722957582 0.0 1.0 1.0 1 0 0 0.0 1.0 0
cell 16.414463338274754 56.30481722114594 0.0 1.0 1.0 1 0 0 0.0 1.0 0
cell 24.50074636212229 56.62828468927003 0.0 1.0 1.0 1 0 0 0.0 1.0 0
cell 29.895920069449755 18.445409757693195 0.0 1.0 1.0 1 0 0 0.0 1.0 0
cell 36.825051181535535 50.104019211068234 0.0 1.0 1.0 1 0 0 0.0 1.0 0
cell 6.944586639998693 44.527463220210244 0.0 1.0 1.0 1 0 0 0.0 1.0 0
cell 54.412332810044816 26.503482531868436 0.0 1.0 1.0 1 0 0 0.0 1.0 0
cell 23.0337008425103 42.76497545871923 0.0 1.0 1.0 1 0 0 0.0 1.0 0
cell 26.175723223285146 12.136105001434503 0.0 1.0 1.0 1 0 0 0.0 1.0 0
cell 56.036411042590835 18.592594580690573 0.0 1.0 1.0 1 0 0 0.0 1.0 0
cell 12.711909677777973 16.94781705704039 0.0 1.0 1.0 1 0 0 0.0 1.0 0
cell 24.882735528733285 46.18065958690034 0.0 1.0 1.0 1 0 0 0.0 1.0 0
cell 56.47898895369688 5.31387236682019 0.0 1.0 1.0 1 0 0 0.0 1.0 0
cell 31.003315630961076 21.767133416449337 0.0 1.0 1.0 1 0 0 0.0 1.0 0
cell 21.07273947671717 10.610580499816075 0.0 1.0 1.0 1 0 0 0.0 1.0 0
cell 58.330412015382095 32.495767102432765 0.0 1.0 1.0 1 0 0 0.0 1.0 0
cell 22.571950693917255 11.841893014512562 0.0 1.0 1.0 1 0 0 0.0 1.0 0
cell 43.98090464081439 26.389895417432832 0.0 1.0 1.0 1 0 0 0.0 1.0 0
cell 19.983706010525772 42.20480122278061 0.0 1.0 1.0 1 0 0 0.0 1.0 0
cell 29.165526901651617 39.40998213784483 0.0 1.0 1.0 1 0 0 0.0 1.0 0
cell 15.014902535143795 14.359049502889821 0.0 1.0 1.0 1 0 0 0.0 1.0 0
cell 17.814960255335258 26.296506849137216 0.0 1.0 1.0 1 0 0 0.0 1.0 0
cell 32.44332089900377 23.085310655572396 0.0 1.0 1.0 1 0 0 0.0 1.0 0
cell 42.35510228231244 4.807703495522933 0.0 1.0 1.0 1 0 0 0.0 1.0 0
cell 43.62339142774605 28.40489163022794 0.0 1.0 1.0 1 0 0 0.0 1.0 0
cell 11.496110720818894 22.843575582612008 0.0 1.0 1.0 1 0 0 0.0 1.0 0
cell 11.40551487128643 54.511917404360766 0.0 1.0 1.0 1 0 0 0.0 1.0 0
cell 14.605249278044017 42.07269121487048 0.0 1.0 1.0 1 0 0 0.0 1.0 0
cell 27.313053421227767 2.4581222086005363 0.0 1.0 1.0 1 0 0 0.0 1.0 0
cell 15.730299753615505 45.427945804952984 0.0 1.0 1.0 1 0 0 0.0 1.0 0
cell 2.1880664488876476 16.6725544047592 0.0 1.0 1.0 1 0 0 0.0 1.0 0
cell 37.08986709839329 43.16787584739459 0.0 1.0 1.0 1 0 0 0.0 1.0 0
cell 21.559894228297928 44.16534776576047 0.0 1.0 1.0 1 0 0 0.0 1.0 0
cell 10.276367477260129 28.789499375311422 0.0 1.0 1.0 1 0 0 0.0 1.0 0
cell 7.176486709645991 5.487591644835466 0.0 1.0 1.0 1 0 0 0.0 1.0 0
cell 40.2898840515424 27.753492097531453 0.0 1.0 1.0 1 0 0 0.0 1.0 0
cell 28.493468709800695 17.120817249878247 0.0 1.0 1.0 1 0 0 0.0 1.0 0
cell 35.12335526331002 9.7786403765103 0.0 1.0 1.0 1 0 0 0.0 1.0 0
cell 55.58387951671085 20.55412735331757 0.0 1.0 1.0 1 0 0 0.0 1.0 0
cell 13.708529204962925 29.519019914007803 0.0 1.0 1.0 1 0 0 0.0 1.0 0
cell 58.478374459407576 5.49499207474989 0.0 1.0 1.0 1 0 0 0.0 1.0 0
cell 45.427792453527225 3.1678788719518223 0.0 1.0 1.0 1 0 0 0.0 1.0 0
cell 34.35871608379399 31.651683926300556 0.0 1.0 1.0 1 0 0 0.0 1.0 0
cell 25.44376194410865 58.32206648550694 0.0 1.0 1.0 1 0 0 0.0 1.0 0
cell 31.334208042548454 36.136163752749745 0.0 1.0 1.0 1 0 0 0.0 1.0 0
cell 44.91830783301439 13.267820216489138 0.0 1.0 1.0 1 0 0 0.0 1.0 0
cell 31.730155341923602 51.63368740504115 0.0 1.0 1.0 1 0 0 0.0 1.0 0
cell 45.68482740293682 55.59958717572513 0.0 1.0 1.0 1 0 0 0.0 1.0 0
cell 28.707854256706195 24.378884184073044 0.0 1.0 1.0 1 0 0 0.0 1.0 0
cell 23.80708279718849 47.88215519742818 0.0 1.0 1.0 1 0 0 0.0 1.0 0
cell 19.178917300647814 11.124311530543116 0.0 1.0 1.0 1 0 0 0.0 1.0 0
cell 35.841900374099914 48.26705685963809 0.0 1.0 1.0 1 0 0 0.0 1.0 0
cell 51.92388247618325 12.595750267848132 0.0 1.0 1.0 1 0 0 0.0 1.0 0
cell 29.93040582467122 37.589657221820396 0.0 1.0 1.0 1 0 0 0.0 1.0 0
cell 46.22046002093206 8.403104012388374 0.0 1.0 1.0 1 0 0 0.0 1.0 0
cell 12.880784935927245 33.49111258989492 0.0 1.0 1.0 1 0 0 0.0 1.0 0
cell 23.244300253126887 5.765576050649185 0.0 1.0 1.0 1 0 0 0.0 1.0 0
cell 42.94849689970144 46.82878795030679 0.0 1.0 1.0 1 0 0 0.0 1.0 0
cell 6.769867397606774 37.32527529252025 0.0 1.0 1.0 1 0 0 0.0 1.0 0
cell 55.69116371786889 44.21800556816853 0.0 1.0 1.0 1 0 0 0.0 1.0 0
cell 18.23303219112851 24.323859562362728 0.0 1.0 1.0 1 0 0 0.0 1.0 0
cell 13.118621768503958 14.97175993923075 0.0 1.0 1.0 1 0 0 0.0 1.0 0
cell 23.806906809975878 31.633199782440176 0.0 1.0 1.0 1 0 0 0.0 1.0 0
cell 52.24640853967837 19.82354115872603 0.0 1.0 1.0 1 0 0 0.0 1.0 0
cell 41.81302258380619 19.791282153502312 0.0 1.0 1.0 1 0 0 0.0 1.0 0
cell 41.05365566202869 23.77254963517939 0.0 1.0 1.0 1 0 0 0.0 1.0 0
cell 14.295026927070923 0.30507011711605925 0.0 1.0 1.0 1 0 0 0.0 1.0 0
cell 52.08653304916375 29.128667247658043 0.0 1.0 1.0 1 0 0 0.0 1.0 0
cell 14.412452270591388 56.239896693401235 0.0 1.0 1.0 1 0 0 0.0 1.0 0
cell 5.074509656774691 28.681942717318957 0.0 1.0 1.0 1 0 0 0.0 1.0 0
cell 58.90144511796775 50.80644587549662 0.0 1.0 1.0 1 0 0 0.0 1.0 0
cell 9.378681118546416 54.45143291197231 0.0 1.0 1.0 1 0 0 0.0 1.0 0
cell 40.35665361753465 34.53760658206925 0.0 1.0 1.0 1 0 0 0.0 1.0 0
cell 55.565450848963174 3.5175880847705514 0.0 1.0 1.0 1 0 0 0.0 1.0 0
cell 33.57748393349491 17.108785388699808 0.0 1.0 1.0 1 0 0 0.0 1.0 0
cell 52.64860071083715 8.667545627387163 0.0 1.0 1.0 1 0 0 0.0 1.0 0
cell 52.08359033667226 45.33164224520171 0.0 1.0 1.0 1 0 0 0.0 1.0 0
cell 41.776644312214906 51.98892250952132 0.0 1.0 1.0 1 0 0 0.0 1.0 0
cell 48.52767642852319 21.151050921493837 0.0 1.0 1.0 1 0 0 0.0 1.0 0
cell 52.18607074269507 38.37261772828165 0.0 1.0 1.0 1 0 0 0.0 1.0 0
cell 51.00266297465072 47.04675876314454 0.0 1.0 1.0 1 0 0 0.0 1.0 0
cell 19.680024071736902 25.645120214843566 0.0 1.0 1.0 1 0 0 0.0 1.0 0
cell 15.496632074342298 54.566577442767674 0.0 1.0 1.0 1 0 0 0.0 1.0 0
cell 22.321563296474622 3.9868882980541787 0.0 1.0 1.0 1 0 0 0.0 1.0 0
cell 14.646618828007698 16.347831456540515 0.0 1.0 1.0 1 0 0 0.0 1.0 0
cell 43.537165885799034 59.030559319344796 0.0 1.0 1.0 1 0 0 0.0 1.0 0
cell 37.703725879443894 23.10713381671367 0.0 1.0 1.0 1 0 0 0.0 1.0 0
cell 9.768042334729689 39.99497279357706 0.0 1.0 1.0 1 0 0 0.0 1.0 0
cell 57.20838595802014 12.642109696999707 0.0 1.0 1.0 1 0 0 0.0 1.0 0
cell 8.301825459364192 12.88430626632029 0.0 1.0 1.0 1 0 0 0.0 1.0 0
cell 53.25822064069489 40.08166093684715 0.0 1.0 1.0 1 0 0 0.0 1.0 0
cell 50.19412782105792 41.79808675031916 0.0 1.0 1.0 1 0 0 0.0 1.0 0
cell 34.295317780635884 4.528166886776678 0.0 1.0 1.0 1 0 0 0.0 1.0 0
cell 2.9869715987885517 38.495056679197106 0.0 1.0 1.0 1 0 0 0.0 1.0 0
cell 44.03951893046164 45.05207356095746 0.0 1.0 1.0 1 0 0 0.0 1.0 0
cell 4.854985535759578 37.90950852438015 0.0 1.0 1.0 1 0 0 0.0 1.0 0
cell 29.085973632606827 22.43604763348837 0.0 1.0 1.0 1 0 0 0.0 1.0 0
cell 55.01922453790953 31.791702687060212 0.0 1.0 1.0 1 0 0 0.0 1.0 0
cell 20.34894177640392 40.159713478316114 0.0 1.0 1.0 1 0 0 0.0 1.0 0
cell 32.11235570586349 41.24440268727456 0.0 1.0 1.0 1 0 0 0.0 1.0 0
cell 20.28013444194262 14.464202323576085 0.0 1.0 1.0 1 0 0 0.0 1.0 0
cell 47.583407722653604 59.164820523917015 0.0 1.0 1.0 1 0 0 0.0 1.0 0
cell 11.803027523417303 30.14744313727389 0.0 1.0 1.0 1 0 0 0.0 1.0 0
cell 29.464052445814804 20.418567926277326 0.0 1.0 1.0 1 0 0 0.0 1.0 0
cell 29.360688140041077 2.604598245322485 0.0 1.0 1.0 1 0 0 0.0 1.0 0
cell 33.55883114672528 26.38000284582794 0.0 1.0 1.0 1 0 0 0.0 1.0 0
cell 23.49843515196125 24.351381560494293 0.0 1.0 1.0 1 0 0 0.0 1.0 0
cell 20.742131902293202 38.185531974774804 0.0 1.0 1.0 1 0 0 0.0 1.0 0
cell 27.9361895188131 28.351029360322578 0.0 1.0 1.0 1 0 0 0.0 1.0 0
cell 4.444870243835878 52.73159623801001 0.0 1.0 1.0 1 0 0 0.0 1.0 0
cell 46.27786950212049 14.557826932211302 0.0 1.0 1.0 1 0 0 0.0 1.0 0
cell 26.83380205531411 25.041839457137314 0.0 1.0 1.0 1 0 0 0.0 1.0 0
cell 16.581230203475805 52.83423875586791 0.0 1.0 1.0 1 0 0 0.0 1.0 0
cell 28.922241146557024 46.349486087626794 0.0 1.0 1.0 1 0 0 0.0 1.0 0
cell 13.5496760488576 38.74387875204755 0.0 1.0 1.0 1 0 0 0.0 1.0 0
cell 15.674068364522658 19.649101918590954 0.0 1.0 1.0 1 0 0 0.0 1.0 0
cell 5.2865298584346005 35.93462716354206 0.0 1.0 1.0 1 0 0 0.0 1.0 0
cell 12.344098081566385 0.29766651237900743 0.0 1.0 1.0 1 0 0 0.0 1.0 0
cell 32.6554063179005 53.40804609061539 0.0 1.0 1.0 1 0 0 0.0 1.0 0
cell 56.61906389684875 40.35713667654536 0.0 1.0 1.0 1 0 0 0.0 1.0 0
cell 8.040071607634736 31.390648234477464 0.0 1.0 1.0 1 0 0 0.0 1.0 0
cell 41.082842736078064 43.27807495441909 0.0 1.0 1.0 1 0 0 0.0 1.0 0
cell 52.54782691062461 27.081026978019477 0.0 1.0 1.0 1 0 0 0.0 1.0 0
cell 42.71595862629299 53.704271143569265 0.0 1.0 1.0 1 0 0 0.0 1.0 0
cell 52.53334951344959 1.6908303351850562 0.0 1.0 1.0 1 0 0 0.0 1.0 0
cell 17.232717397011633 9.064345429291823 0.0 1.0 1.0 1 0 0 0.0 1.0 0
cell 24.048255053212944 13.16807044503793 0.0 1.0 1.0 1 0 0 0.0 1.0 0
cell 24.609365008929625 53.105800445485784 0.0 1.0 1.0 1 0 0 0.0 1.0 0
cell 34.69437286855472 20.478254516125993 0.0 1.0 1.0 1 0 0 0.0 1.0 0
cell 49.477203655214055 3.3005379871375893 0.0 1.0 1.0 1 0 0 0.0 1.0 0
cell 50.093635230493085 45.26016619245053 0.0 1.0 1.0 1 0 0 0.0 1.0 0
cell 3.2611496270379052 57.878854175996786 0.0 1.0 1.0 1 0 0 0.0 1.0 0
cell 56.9307083245936 47.37952341400493 0.0 1.0 1.0 1 0 0 0.0 1.0 0
cell 7.065269048173008 18.774082054742497 0.0 1.0 1.0 1 0 0 0.0 1.0 0
cell 37.556200916476655 58.80393134723774 0.0 1.0 1.0 1 0 0 0.0 1.0 0
cell 44.419799904959255 24.423482416472257 0.0 1.0 1.0 1 0 0 0.0 1.0 0
cell 34.24265331401602 37.821248205667594 0.0 1.0 1.0 1 0 0 0.0 1.0 0
cell 56.67919130136353 57.75379579507842 0.0 1.0 1.0 1 0 0 0.0 1.0 0
cell 50.74589580446596 54.03119358595678 0.0 1.0 1.0 1 0 0 0.0 1.0 0
cell 15.213101034029858 5.5323471094993675 0.0 1.0 1.0 1 0 0 0.0 1.0 0
cell 12.098816558191198 11.637514921270288 0.0 1.0 1.0 1 0 0 0.0 1.0 0
cell 48.203888531403194 41.72544390949666 0.0 1.0 1.0 1 0 0 0.0 1.0 0
cell 30.106940157090524 7.850962536591122 0.0 1.0 1.0 1 0 0 0.0 1.0 0
cell 13.148177687197144 40.71965074410023 0.0 1.0 1.0 1 0 0 0.0 1.0 0
cell 26.74657669530882 49.74584583716959 0.0 1.0 1.0 1 0 0 0.0 1.0 0
cell 57.71926907429208 55.99341138696192 0.0 1.0 1.0 1 0 0 0.0 1.0 0
cell 46.230670891262434 23.769463638051345 0.0 1.0 1.0 1 0 0 0.0 1.0 0
cell 2.920603360042139 22.00035586416635 0.0 1.0 1.0 1 0 0 0.0 1.0 0
cell 24.75508123929121 49.65332613882677 0.0 1.0 1.0 1 0 0 0.0 1.0 0
cell 9.172856317265513 5.440555979265578 0.0 1.0 1.0 1 0 0 0.0 1.0 0
cell 19.289599590162368 2.2241683296029264 0.0 1.0 1.0 1 0 0 0.0 1.0 0
cell 3.4036954634497154 36.550983600250014 0.0 1.0 1.0 1 0 0 0.0 1.0 0
cell 1.6912755156386479 44.41670121654108 0.0 1.0 1.0 1 0 0 0.0 1.0 0
cell 36.960108874566735 17.84578308478712 0.0 1.0 1.0 1 0 0 0.0 1.0 0
cell 52.63266327718247 57.60879843079413 0.0 1.0 1.0 1 0 0 0.0 1.0 0
cell 22.715002113609106 28.280147769935084 0.0 1.0 1.0 1 0 0 0.0 1.0 0
cell 10.395100228345122 45.269949959131466 0.0 1.0 1.0 1 0 0 0.0 1.0 0
cell 4.432006709129769 39.90651341642918 0.0 1.0 1.0 1 0 0 0.0 1.0 0
cell 48.030017715126526 45.190483751636954 0.0 1.0 1.0 1 0 0 0.0 1.0 0
cell 6.273368139600379 22.770502020547543 0.0 1.0 1.0 1 0 0 0.0 1.0 0
cell 35.14432919268711 39.57964981871027 0.0 1.0 1.0 1 0 0 0.0 1.0 0
cell 30.954787774906602 31.011006407678593 0.0 1.0 1.0 1 0 0 0.0 1.0 0
cell 49.292129530978805 6.779793922936316 0.0 1.0 1.0 1 0 0 0.0 1.0 0
cell 46.38718004377287 4.890009394197532 0.0 1.0 1.0 1 0 0 0.0 1.0 0
cell 29.095305074810714 9.563199838311025 0.0 1.0 1.0 1 0 0 0.0 1.0 0
cell 9.218655854872242 51.05881733165497 0.0 1.0 1.0 1 0 0 0.0 1.0 0
cell 42.20589439811009 8.273115651789187 0.0 1.0 1.0 1 0 0 0.0 1.0 0
cell 57.657068777140836 10.674197406541001 0.0 1.0 1.0 1 0 0 0.0 1.0 0
cell 6.251907527622172 0.2732937598702675 0.0 1.0 1.0 1 0 0 0.0 1.0 0
cell 53.69580751641909 55.87386587130862 0.0 1.0 1.0 1 0 0 0.0 1.0 0
cell 23.75995737850177 40.922940803143945 0.0 1.0 1.0 1 0 0 0.0 1.0 0
cell 22.733048377450253 49.54315894443032 0.0 1.0 1.0 1 0 0 0.0 1.0 0
cell 39.65331356375353 55.41800464598712 0.0 1.0 1.0 1 0 0 0.0 1.0 0
cell 22.77439851554516 19.090434066418002 0.0 1.0 1.0 1 0 0 0.0 1.0 0
cell 57.497147212479824 19.914717848658512 0.0 1.0 1.0 1 0 0 0.0 1.0 0
cell 33.08031912641447 9.6836135280773 0.0 1.0 1.0 1 0 0 0.0 1.0 0
cell 27.08092467676404 9.527596457389803 0.0 1.0 1.0 1 0 0 0.0 1.0 0
cell 49.55545941796195 59.250732975965114 0.0 1.0 1.0 1 0 0 0.0 1.0 0
cell 15.293935041708503 2.1191526546232526 0.0 1.0 1.0 1 0 0 0.0 1.0 0
cell 9.521687052371357 49.17225673285852 0.0 1.0 1.0 1 0 0 0.0 1.0 0
cell 35.1224391558428 18.495002571041 0.0 1.0 1.0 1 0 0 0.0 1.0 0
cell 31.33406820578591 2.6398669420903715 0.0 1.0 1.0 1 0 0 0.0 1.0 0
cell 42.42393836820713 15.52813770452761 0.0 1.0 1.0 1 0 0 0.0 1.0 0
cell 17.222472106175445 5.607694908714232 0.0 1.0 1.0 1 0 0 0.0 1.0 0
cell 32.24770367070893 4.447347686885915 0.0 1.0 1.0 1 0 0 0.0 1.0 0
cell 27.67251223143437 51.51768396870584 0.0 1.0 1.0 1 0 0 0.0 1.0 0
cell 19.234920545029656 36.848834061366794 0.0 1.0 1.0 1 0 0 0.0 1.0 0
cell 38.0982919753097 30.419296026677873 0.0 1.0 1.0 1 0 0 0.0 1.0 0
cell 50.027350064757776 22.42995046660695 0.0 1.0 1.0 1 0 0 0.0 1.0 0
cell 19.64100782003734 51.21216425010745 0.0 1.0 1.0 1 0 0 0.0 1.0 0
cell 58.695513897354836 57.808246683037645 0.0 1.0 1.0 1 0 0 0.0 1.0 0
cell 12.979211156384931 24.259099628989595 0.0 1.0 1.0 1 0 0 0.0 1.0 0
cell 0.58642670831916 41.1156810112795 0.0 1.0 1.0 1 0 0 0.0 1.0 0
cell 43.304951942852284 6.525823374860288 0.0 1.0 1.0 1 0 0 0.0 1.0 0
cell 7.412267862602056 54.4518546706648 0.0 1.0 1.0 1 0 0 0.0 1.0 0
cell 46.909303968243066 50.40825210388342 0.0 1.0 1.0 1 0 0 0.0 1.0 0
cell 4.115315535814813 16.06286272455774 0.0 1.0 1.0 1 0 0 0.0 1.0 0
cell 51.68805102646173 55.855095309816654 0.0 1.0 1.0 1 0 0 0.0 1.0 0
cell 51.477630848403535 23.7834756847029 0.0 1.0 1.0 1 0 0 0.0 1.0 0
cell 14.233209353203703 18.296155228510464 0.0 1.0 1.0 1 0 0 0.0 1.0 0
cell 16.892426675544424 13.749051272765888 0.0 1.0 1.0 1 0 0 0.0 1.0 0
cell 11.201214542552037 8.857311802713333 0.0 1.0 1.0 1 0 0 0.0 1.0 0
cell 38.347523274471996 34.32757932407036 0.0 1.0 1.0 1 0 0 0.0 1.0 0
cell 54.190271142745274 9.926512667125582 0.0 1.0 1.0 1 0 0 0.0 1.0 0
cell 1.2637554200956183 46.38295657587002 0.0 1.0 1.0 1 0 0 0.0 1.0 0
cell 39.03670224410278 13.336844983273064 0.0 1.0 1.0 1 0 0 0.0 1.0 0
cell 41.9997449000634 45.01744554282193 0.0 1.0 1.0 1 0 0 0.0 1.0 0
cell 45.27054590067392 6.654310372067287 0.0 1.0 1.0 1 0 0 0.0 1.0 0
cell 4.382487035052381 23.356410802771286 0.0 1.0 1.0 1 0 0 0.0 1.0 0
cell 19.293520407620562 27.64127850096497 0.0 1.0 1.0 1 0 0 0.0 1.0 0
cell 40.28859864397536 18.486572998886114 0.0 1.0 1.0 1 0 0 0.0 1.0 0
cell 36.250306783741955 37.86222768571834 0.0 1.0 1.0 1 0 0 0.0 1.0 0
cell 35.3708768527057 2.792343665905956 0.0 1.0 1.0 1 0 0 0.0 1.0 0
cell 37.07695733497319 13.274996957764456 0.0 1.0 1.0 1 0 0 0.0 1.0 0
cell 58.624146739869985 1.8887621446113623 0.0 1.0 1.0 1 0 0 0.0 1.0 0
cell 23.979637248602454 44.4291782523143 0.0 1.0 1.0 1 0 0 0.0 1.0 0
cell 38.82110369947625 50.14217681144696 0.0 1.0 1.0 1 0 0 0.0 1.0 0
cell 36.1965467207644 8.024363902627082 0.0 1.0 1.0 1 0 0 0.0 1.0 0
cell 40.252627070188545 37.98813078418053 0.0 1.0 1.0 1 0 0 0.0 1.0 0
cell 7.633858122887123 49.86338857329372 0.0 1.0 1.0 1 0 0 0.0 1.0 0
cell 40.71440996563292 16.503047494868696 0.0 1.0 1.0 1 0 0 0.0 1.0 0
cell 44.023312110340065 11.761492017569587 0.0 1.0 1.0 1 0 0 0.0 1.0 0
cell 3.0987645940763744 5.425962774864135 0.0 1.0 1.0 1 0 0 0.0 1.0 0
cell 13.181832179575597 5.485600992626061 0.0 1.0 1.0 1 0 0 0.0 1.0 0
cell 57.73882680704281 27.238625306859117 0.0 1.0 1.0 1 0 0 0.0 1.0 0
cell 5.0699776564224175 45.13501833492383 0.0 1.0 1.0 1 0 0 0.0 1.0 0
cell 24.54141958099333 27.67834653798944 0.0 1.0 1.0 1 0 0 0.0 1.0 0
cell 21.182671436488217 36.204432193686124 0.0 1.0 1.0 1 0 0 0.0 1.0 0
cell 22.26335715742507 39.543978727614494 0.0 1.0 1.0 1 0 0 0.0 1.0 0
cell 28.270445198786486 26.368882787714703 0.0 1.0 1.0 1 0 0 0.0 1.0 0
cell 11.273903684221938 1.9874335002898444 0.0 1.0 1.0 1 0 0 0.0 1.0 0
cell 25.728993369154928 40.863643873933924 0.0 1.0 1.0 1 0 0 0.0 1.0 0
cell 54.728269716682775 8.006243253424284 0.0 1.0 1.0 1 0 0 0.0 1.0 0
cell 29.746614685710078 51.583488449227254 0.0 1.0 1.0 1 0 0 0.0 1.0 0
cell 18.190372016089448 7.347926482521226 0.0 1.0 1.0 1 0 0 0.0 1.0 0
cell 31.674476784014544 27.063033819801184 0.0 1.0 1.0 1 0 0 0.0 1.0 0
cell 47.42699550996357 32.9253296094398 0.0 1.0 1.0 1 0 0 0.0 1.0 0
cell 43.29241769207212 21.082987331244734 0.0 1.0 1.0 1 0 0 0.0 1.0 0
cell 47.66039151724888 55.71620837255249 0.0 1.0 1.0 1 0 0 0.0 1.0 0
cell 41.38599752855298 3.0130717329200296 0.0 1.0 1.0 1 0 0 0.0 1.0 0
cell 23.471074442302278 58.28602480754096 0.0 1.0 1.0 1 0 0 0.0 1.0 0
cell 51.320482886560896 6.860117663759134 0.0 1.0 1.0 1 0 0 0.0 1.0 0
cell 28.343372249802627 35.61534924889463 0.0 1.0 1.0 1 0 0 0.0 1.0 0
cell 10.351516428736375 56.24342628905525 0.0 1.0 1.0 1 0 0 0.0 1.0 0
cell 0.5762342277935427 24.611587782757116 0.0 1.0 1.0 1 0 0 0.0 1.0 0
cell 20.61256661593482 52.90874305680326 0.0 1.0 1.0 1 0 0 0.0 1.0 0
cell 5.716566270108839 50.4893034931025 0.0 1.0 1.0 1 0 0 0.0 1.0 0
cell 32.123928739617234 34.292477848544166 0.0 1.0 1.0 1 0 0 0.0 1.0 0
cell 25.30628966391881 32.93178029141449 0.0 1.0 1.0 1 0 0 0.0 1.0 0
cell 31.135077457557497 9.628096960506042 0.0 1.0 1.0 1 0 0 0.0 1.0 0
cell 25.22862056736361 5.8831700625680385 0.0 1.0 1.0 1 0 0 0.0 1.0 0
cell 52.41189014890309 5.147733654056241 0.0 1.0 1.0 1 0 0 0.0 1.0 0
cell 23.668764193256667 51.367051621286514 0.0 1.0 1.0 1 0 0 0.0 1.0 0
cell 53.76647982600896 21.191560502772663 0.0 1.0 1.0 1 0 0 0.0 1.0 0
cell 54.745747993435145 54.19778236780467 0.0 1.0 1.0 1 0 0 0.0 1.0 0
cell 53.62687396272597 59.36028366033511 0.0 1.0 1.0 1 0 0 0.0 1.0 0
cell 2.5280544949714816 23.997719564909406 0.0 1.0 1.0 1 0 0 0.0 1.0 0
cell 9.888459716070269 30.7541506439584 0.0 1.0 1.0 1 0 0 0.0 1.0 0
cell 10.271499400064458 0.2853205327953453 0.0 1.0 1.0 1 0 0 0.0 1.0 0
cell 18.15691499977287 33.52049880486502 0.0 1.0 1.0 1 0 0 0.0 1.0 0
cell 9.318805696872507 41.97005644214371 0.0 1.0 1.0 1 0 0 0.0 1.0 0
cell 56.146049815689516 42.31579784081514 0.0 1.0 1.0 1 0 0 0.0 1.0 0
cell 0.20812802356299448 0.21317096997371332 0.0 1.0 1.0 1 0 0 0.0 1.0 0
cell 39.042829416701764 43.169686843571995 0.0 1.0 1.0 1 0 0 0.0 1.0 0
cell 5.614918451506616 17.4418410892872 0.0 1.0 1.0 1 0 0 0.0 1.0 0
cell 36.074311309910925 11.487847067541182 0.0 1.0 1.0 1 0 0 0.0 1.0 0
cell 32.79738579054307 21.126577607675973 0.0 1.0 1.0 1 0 0 0.0 1.0 0
cell 4.199849581621355 3.7101602512971774 0.0 1.0 1.0 1 0 0 0.0 1.0 0
cell 3.1628864251920716 45.72071275646805 0.0 1.0 1.0 1 0 0 0.0 1.0 0
cell 17.330182409849442 47.40082228178632 0.0 1.0 1.0 1 0 0 0.0 1.0 0
cell 3.5431283555355586 27.31544112589346 0.0 1.0 1.0 1 0 0 0.0 1.0 0
cell 11.243123414361964 15.619816187993896 0.0 1.0 1.0 1 0 0 0.0 1.0 0
cell 53.295880048389186 6.813270236539171 0.0 1.0 1.0 1 0 0 0.0 1.0 0
cell 54.65495498375426 57.7346690265877 0.0 1.0 1.0 1 0 0 0.0 1.0 0
cell 9.65314665727631 23.487059061258943 0.0 1.0 1.0 1 0 0 0.0 1.0 0
cell 50.2552241864663 38.325214087492306 0.0 1.0 1.0 1 0 0 0.0 1.0 0
cell 1.2776251762143773 29.914945025267784 0.0 1.0 1.0 1 0 0 0.0 1.0 0
cell 29.449807730589853 29.7154483159693 0.0 1.0 1.0 1 0 0 0.0 1.0 0
cell 15.419674056376824 12.441335471571083 0.0 1.0 1.0 1 0 0 0.0 1.0 0
cell 52.95199723261721 25.129955653393555 0.0 1.0 1.0 1 0 0 0.0 1.0 0
cell 29.591520887043806 55.03965391114857 0.0 1.0 1.0 1 0 0 0.0 1.0 0
cell 30.35420875885505 16.40620528781454 0.0 1.0 1.0 1 0 0 0.0 1.0 0
cell 13.93990624673669 36.796217471429365 0.0 1.0 1.0 1 0 0 0.0 1.0 0
cell 10.466652343381112 19.570215801869217 0.0 1.0 1.0 1 0 0 0.0 1.0 0
cell 41.15483081215945 9.923092952087075 0.0 1.0 1.0 1 0 0 0.0 1.0 0
cell 32.83863876114957 30.329178940628022 0.0 1.0 1.0 1 0 0 0.0 1.0 0
cell 9.317402174521883 57.92763575625211 0.0 1.0 1.0 1 0 0 0.0 1.0 0
cell 15.143853173427091 30.863137134411925 0.0 1.0 1.0 1 0 0 0.0 1.0 0
cell 11.866419168807163 46.531328935883174 0.0 1.0 1.0 1 0 0 0.0 1.0 0
cell 43.91028616092099 48.58912593476599 0.0 1.0 1.0 1 0 0 0.0 1.0 0
cell 1.1838832228159093 13.394146170564776 0.0 1.0 1.0 1 0 0 0.0 1.0 0
cell 48.528226136945285 11.890388546218436 0.0 1.0 1.0 1 0 0 0.0 1.0 0
cell 37.32437877658229 36.207310191126034 0.0 1.0 1.0 1 0 0 0.0 1.0 0
cell 21.6226401378524 24.99131100853947 0.0 1.0 1.0 1 0 0 0.0 1.0 0
cell 12.07361980765718 37.38087641403501 0.0 1.0 1.0 1 0 0 0.0 1.0 0
cell 19.206149952072586 9.150686967402905 0.0 1.0 1.0 1 0 0 0.0 1.0 0
cell 35.44886381344772 25.73928685223628 0.0 1.0 1.0 1 0 0 0.0 1.0 0
cell 5.379695798878485 54.464702028311784 0.0 1.0 1.0 1 0 0 0.0 1.0 0
cell 36.43903758337028 1.1172915012627325 0.0 1.0 1.0 1 0 0 0.0 1.0 0
cell 26.295488167796623 4.218903299084107 0.0 1.0 1.0 1 0 0 0.0 1.0 0
cell 29.853388441482604 27.689343305553752 0.0 1.0 1.0 1 0 0 0.0 1.0 0
cell 49.37514151664836 36.50308848396889 0.0 1.0 1.0 1 0 0 0.0 1.0 0
cell 58.65619973661391 13.999720434951762 0.0 1.0 1.0 1 0 0 0.0 1.0 0
cell 2.5413913915233346 40.47432962362826 0.0 1.0 1.0 1 0 0 0.0 1.0 0
cell 48.14895659292765 13.867392019601162 0.0 1.0 1.0 1 0 0 0.0 1.0 0
cell 15.449979219977491 38.16393330139431 0.0 1.0 1.0 1 0 0 0.0 1.0 0
cell 28.258598640489602 4.302726926838252 0.0 1.0 1.0 1 0 0 0.0 1.0 0
cell 30.044023812702772 11.335898506943305 0.0 1.0 1.0 1 0 0 0.0 1.0 0
cell 58.26354658345409 15.938160541555769 0.0 1.0 1.0 1 0 0 0.0 1.0 0
cell 52.17825536690052 36.35413279449367 0.0 1.0 1.0 1 0 0 0.0 1.0 0
cell 11.350715098295224 57.93229466846549 0.0 1.0 1.0 1 0 0 0.0 1.0 0
cell 35.72557812470828 32.906693191125754 0.0 1.0 1.0 1 0 0 0.0 1.0 0
cell 18.418187629623386 15.075167920600043 0.0 1.0 1.0 1 0 0 0.0 1.0 0
cell 40.02861719783172 44.950939964898545 0.0 1.0 1.0 1 0 0 0.0 1.0 0
cell 10.379537385113613 52.78322576101954 0.0 1.0 1.0 1 0 0 0.0 1.0 0
cell 31.040832487920614 42.913700559795394 0.0 1.0 1.0 1 0 0 0.0 1.0 0
cell 35.013744160901524 43.06084335182223 0.0 1.0 1.0 1 0 0 0.0 1.0 0
cell 34.462284734804314 1.0550162503060752 0.0 1.0 1.0 1 0 0 0.0 1.0 0
cell 36.326776133834684 4.549364768426889 0.0 1.0 1.0 1 0 0 0.0 1.0 0
cell 49.776755660278475 52.26375194631201 0.0 1.0 1.0 1 0 0 0.0 1.0 0
cell 7.780775784133545 40.59761845282469 0.0 1.0 1.0 1 0 0 0.0 1.0 0
cell 25.130497250317738 16.44713099762442 0.0 1.0 1.0 1 0 0 0.0 1.0 0
cell 57.05613942704424 38.435401386761555 0.0 1.0 1.0 1 0 0 0.0 1.0 0
cell 1.4247677398601064 20.683770795790583 0.0 1.0 1.0 1 0 0 0.0 1.0 0
cell 25.705125507063208 30.962653872124 0.0 1.0 1.0 1 0 0 0.0 1.0 0
cell 49.12131076939623 43.47504758383885 0.0 1.0 1.0 1 0 0 0.0 1.0 0
cell 12.21928730669349 3.7683146033217114 0.0 1.0 1.0 1 0 0 0.0 1.0 0
cell 45.784134122741094 52.128908406702564 0.0 1.0 1.0 1 0 0 0.0 1.0 0
cell 57.956568664026626 49.06846690657915 0.0 1.0 1.0 1 0 0 0.0 1.0 0
cell 39.869387689339966 48.421190277895064 0.0 1.0 1.0 1 0 0 0.0 1.0 0
cell 42.85465757672671 50.24805196948393 0.0 1.0 1.0 1 0 0 0.0 1.0 0
cell 14.257526351417082 3.794967058158204 0.0 1.0 1.0 1 0 0 0.0 1.0 0
cell 53.80164876003397 11.909705939828262 0.0 1.0 1.0 1 0 0 0.0 1.0 0
cell 1.8337315947617447 18.652947045111354 0.0 1.0 1.0 1 0 0 0.0 1.0 0
cell 33.20142304639957 28.417254465450878 0.0 1.0 1.0 1 0 0 0.0 1.0 0
cell 20.126729490113945 23.667612129943734 0.0 1.0 1.0 1 0 0 0.0 1.0 0
cell 3.5341595217383204 50.97512353645932 0.0 1.0 1.0 1 0 0 0.0 1.0 0
cell 57.08480140613093 21.90870776116914 0.0 1.0 1.0 1 0 0 0.0 1.0 0
cell 12.284529615321997 44.65208699288702 0.0 1.0 1.0 1 0 0 0.0 1.0 0
cell 53.49365624235633 3.4442484326825444 0.0 1.0 1.0 1 0 0 0.0 1.0 0
cell 50.04915688341602 13.204690044483609 0.0 1.0 1.0 1 0 0 0.0 1.0 0
cell 0.17190938058811606 43.03433501810562 0.0 1.0 1.0 1 0 0 0.0 1.0 0
cell 54.54576598535421 1.7678102159776563 0.0 1.0 1.0 1 0 0 0.0 1.0 0
cell 27.16249946809489 32.265657437141 0.0 1.0 1.0 1 0 0 0.0 1.0 0
cell 55.03695558033888 39.115327890272404 0.0 1.0 1.0 1 0 0 0.0 1.0 0
cell 19.444589019132856 18.366672676846488 0.0 1.0 1.0 1 0 0 0.0 1.0 0
cell 6.360241288248978 39.22325613060326 0.0 1.0 1.0 1 0 0 0.0 1.0 0
cell 21.228718560505815 8.97568718333896 0.0 1.0 1.0 1 0 0 0.0 1.0 0
cell 57.20459570769522 45.54285569488996 0.0 1.0 1.0 1 0 0 0.0 1.0 0
cell 18.003211468174065 17.074850723803497 0.0 1.0 1.0 1 0 0 0.0 1.0 0
cell 54.21193083311798 41.84541276410757 0.0 1.0 1.0 1 0 0 0.0 1.0 0
cell 37.35501776273797 15.847397606186098 0.0 1.0 1.0 1 0 0 0.0 1.0 0
cell 55.43247231423076 29.831439264704 0.0 1.0 1.0 1 0 0 0.0 1.0 0
cell 25.852852791854254 47.95229603572102 0.0 1.0 1.0 1 0 0 0.0 1.0 0
cell 6.369624175947455 13.476488884789664 0.0 1.0 1.0 1 0 0 0.0 1.0 0
cell 38.46573413681205 1.151056883710562 0.0 1.0 1.0 1 0 0 0.0 1.0 0
cell 33.294734004878876 35.98947142278403 0.0 1.0 1.0 1 0 0 0.0 1.0 0
cell 11.429965411251596 48.518253682169195 0.0 1.0 1.0 1 0 0 0.0 1.0 0
cell 15.29558127960727 47.39783789970444 0.0 1.0 1.0 1 0 0 0.0 1.0 0
cell 11.023653150887421 34.07509092592204 0.0 1.0 1.0 1 0 0 0.0 1.0 0
cell 36.6006200463484 57.05477374196356 0.0 1.0 1.0 1 0 0 0.0 1.0 0
cell 43.09322492388259 43.34032783900686 0.0 1.0 1.0 1 0 0 0.0 1.0 0
cell 22.182639178473885 13.79689649454744 0.0 1.0 1.0 1 0 0 0.0 1.0 0
cell 3.8909053155202185 8.850820792092554 0.0 1.0 1.0 1 0 0 0.0 1.0 0
cell 5.982532249996457 15.464897622264102 0.0 1.0 1.0 1 0 0 0.0 1.0 0
cell 46.59853870969591 57.35417694353475 0.0 1.0 1.0 1 0 0 0.0 1.0 0
cell 5.176887872517411 5.424176368678477 0.0 1.0 1.0 1 0 0 0.0 1.0 0
cell 32.17985589029866 7.930312699694385 0.0 1.0 1.0 1 0 0 0.0 1.0 0
cell 8.362159833449391 56.2457899974084 0.0 1.0 1.0 1 0 0 0.0 1.0 0
cell 58.746239575372485 54.326095801563355 0.0 1.0 1.0 1 0 0 0.0 1.0 0
cell 32.04864676485607 11.438404990068708 0.0 1.0 1.0 1 0 0 0.0 1.0 0
cell 22.31804213173961 30.304906302553444 0.0 1.0 1.0 1 0 0 0.0 1.0 0
cell 30.789406133965873 49.86707756712295 0.0 1.0 1.0 1 0 0 0.0 1.0 0
cell 55.90853761926565 49.06157042654504 0.0 1.0 1.0 1 0 0 0.0 1.0 0
cell 17.602384637817156 44.73758278728267 0.0 1.0 1.0 1 0 0 0.0 1.0 0
cell 16.3510326456 0.3625155086609932 0.0 1.0 1.0 1 0 0 0.0 1.0 0
cell 38.54821599482944 57.08629780143662 0.0 1.0 1.0 1 0 0 0.0 1.0 0
cell 56.89647607911314 50.80255721220352 0.0 1.0 1.0 1 0 0 0.0 1.0 0
cell 38.08810123422608 21.15112565134079 0.0 1.0 1.0 1 0 0 0.0 1.0 0
cell 4.339307362135822 56.18316573325177 0.0 1.0 1.0 1 0 0 0.0 1.0 0
cell 18.450440443520943 40.82036356327502 0.0 1.0 1.0 1 0 0 0.0 1.0 0
cell 51.614243238538165 59.28708344514427 0.0 1.0 1.0 1 0 0 0.0 1.0 0
cell 39.52434451200982 22.416580172299366 0.0 1.0 1.0 1 0 0 0.0 1.0 0
cell 38.01301434028919 44.86196162401142 0.0 1.0 1.0 1 0 0 0.0 1.0 0
cell 29.03859600227456 13.081807825681228 0.0 1.0 1.0 1 0 0 0.0 1.0 0
cell 47.31198550992832 6.694007385011343 0.0 1.0 1.0 1 0 0 0.0 1.0 0
cell 40.954124715080745 46.71697543665284 0.0 1.0 1.0 1 0 0 0.0 1.0 0
cell 58.606432184274894 23.26599651675215 0.0 1.0 1.0 1 0 0 0.0 1.0 0
cell 4.291750025195435 49.08514460253438 0.0 1.0 1.0 1 0 0 0.0 1.0 0
cell 22.658084227922288 37.54840470208792 0.0 1.0 1.0 1 0 0 0.0 1.0 0
cell 17.57747641577887 19.034111776460687 0.0 1.0 1.0 1 0 0 0.0 1.0 0
cell 25.728208766045885 21.72564570835013 0.0 1.0 1.0 1 0 0 0.0 1.0 0
cell 52.98611013146351 47.145160624160326 0.0 1.0 1.0 1 0 0 0.0 1.0 0
cell 7.610081734284574 33.38759218919805 0.0 1.0 1.0 1 0 0 0.0 1.0 0
cell 27.53818764208042 55.01554334320622 0.0 1.0 1.0 1 0 0 0.0 1.0 0
cell 0.2165002571759551 26.58654965537724 0.0 1.0 1.0 1 0 0 0.0 1.0 0
cell 26.814633203188414 34.31188195357693 0.0 1.0 1.0 1 0 0 0.0 1.0 0
cell 18.83214690660918 46.07384625724742 0.0 1.0 1.0 1 0 0 0.0 1.0 0
cell 28.17211826444302 7.787382535634981 0.0 1.0 1.0 1 0 0 0.0 1.0 0
cell 11.235479327367383 50.987368853340406 0.0 1.0 1.0 1 0 0 0.0 1.0 0
cell 10.567029036120221 10.400108593261468 0.0 1.0 1.0 1 0 0 0.0 1.0 0
cell 13.654823993474318 51.245474829119 0.0 1.0 1.0 1 0 0 0.0 1.0 0
cell 12.178743960500293 28.14708483709742 0.0 1.0 1.0 1 0 0 0.0 1.0 0
cell 30.418183829153815 0.8606943701011147 0.0 1.0 1.0 1 0 0 0.0 1.0 0
cell 55.81757312791996 52.46012192375418 0.0 1.0 1.0 1 0 0 0.0 1.0 0
cell 19.664356858574415 34.912897469499725 0.0 1.0 1.0 1 0 0 0.0 1.0 0
cell 32.02815597555497 44.69434911033083 0.0 1.0 1.0 1 0 0 0.0 1.0 0
cell 45.20964226908436 39.88783925590995 0.0 1.0 1.0 1 0 0 0.0 1.0 0
cell 23.113015520259015 26.34488245887176 0.0 1.0 1.0 1 0 0 0.0 1.0 0
cell 15.378624662832303 58.02997914791456 0.0 1.0 1.0 1 0 0 0.0 1.0 0
cell 47.724194729802846 25.112758547600272 0.0 1.0 1.0 1 0 0 0.0 1.0 0
cell 32.57034485526426 56.891247131409564 0.0 1.0 1.0 1 0 0 0.0 1.0 0
cell 8.173174824507832 3.7406072099608245 0.0 1.0 1.0 1 0 0 0.0 1.0 0
cell 31.02708958927506 13.161509283380235 0.0 1.0 1.0 1 0 0 0.0 1.0 0
cell 14.076885062739597 27.5764005348297 0.0 1.0 1.0 1 0 0 0.0 1.0 0
cell 15.076771564098223 40.068503435006036 0.0 1.0 1.0 1 0 0 0.0 1.0 0
cell 47.17011245519244 10.217419421519006 0.0 1.0 1.0 1 0 0 0.0 1.0 0
cell 8.463076348879346 29.412114017591765 0.0 1.0 1.0 1 0 0 0.0 1.0 0
cell 46.079379400745594 45.16773525241748 0.0 1.0 1.0 1 0 0 0.0 1.0 0
cell 17.081889179516633 30.254957636330023 0.0 1.0 1.0 1 0 0 0.0 1.0 0
cell 36.62815453685566 29.048593809611635 0.0 1.0 1.0 1 0 0 0.0 1.0 0
cell 37.863156827069886 48.358138463395925 0.0 1.0 1.0 1 0 0 0.0 1.0 0
cell 6.102171941352351 7.736282873024624 0.0 1.0 1.0 1 0 0 0.0 1.0 0
cell 35.84797206454304 23.80485737962514 0.0 1.0 1.0 1 0 0 0.0 1.0 0
cell 25.331795301808445 23.711336270453167 0.0 1.0 1.0 1 0 0 0.0 1.0 0
cell 26.157417806858916 7.715767209886344 0.0 1.0 1.0 1 0 0 0.0 1.0 0
cell 4.9466189907903875 12.110834932285792 0.0 1.0 1.0 1 0 0 0.0 1.0 0
cell 30.624870939579623 32.98423415919656 0.0 1.0 1.0 1 0 0 0.0 1.0 0
cell 22.85352369859953 46.10292802143519 0.0 1.0 1.0 1 0 0 0.0 1.0 0
cell 2.0853858735956905 25.966235012831085 0.0 1.0 1.0 1 0 0 0.0 1.0 0
cell 6.498198851190883 30.037737750020806 0.0 1.0 1.0 1 0 0 0.0 1.0 0
cell 31.367625441834868 19.803546623391288 0.0 1.0 1.0 1 0 0 0.0 1.0 0
cell 3.9346497252211026 25.368946592386905 0.0 1.0 1.0 1 0 0 0.0 1.0 0
cell 18.645909507459166 22.32956669355316 0.0 1.0 1.0 1 0 0 0.0 1.0 0
cell 18.52994550297867 31.585124126642867 0.0 1.0 1.0 1 0 0 0.0 1.0 0
cell 38.85521612054778 26.454931069517933 0.0 1.0 1.0 1 0 0 0.0 1.0 0
cell 53.16868660667002 43.622995435489884 0.0 1.0 1.0 1 0 0 0.0 1.0 0
cell 46.98398027067828 46.90629841067446 0.0 1.0 1.0 1 0 0 0.0 1.0 0
cell 45.19911847530434 10.115688578005539 0.0 1.0 1.0 1 0 0 0.0 1.0 0
cell 22.50556626322868 56.50022673165253 0.0 1.0 1.0 1 0 0 0.0 1.0 0
cell 56.19020909073679 9.32091138433411 0.0 1.0 1.0 1 0 0 0.0 1.0 0
cell 0.12366915143178464 10.00121004015542 0.0 1.0 1.0 1 0 0 0.0 1.0 0
cell 58.1757803311911 25.235854511618427 0.0 1.0 1.0 1 0 0 0.0 1.0 0
cell 6.671686056884201 20.787628537782847 0.0 1.0 1.0 1 0 0 0.0 1.0 0
cell 48.33026183166827 30.386997717201144 0.0 1.0 1.0 1 0 0 0.0 1.0 0
cell 26.155352322426683 19.734306773527276 0.0 1.0 1.0 1 0 0 0.0 1.0 0
cell 20.473860529575624 56.39796731918795 0.0 1.0 1.0 1 0 0 0.0 1.0 0
cell 36.00718193364933 44.8306587796565 0.0 1.0 1.0 1 0 0 0.0 1.0 0
cell 23.639761124799563 15.139698302197433 0.0 1.0 1.0 1 0 0 0.0 1.0 0
cell 45.85804169318962 25.75662658874055 0.0 1.0 1.0 1 0 0 0.0 1.0 0
cell 0.3362149095496032 56.104373603330046 0.0 1.0 1.0 1 0 0 0.0 1.0 0
cell 56.7930772630735 54.25565046831196 0.0 1.0 1.0 1 0 0 0.0 1.0 0
cell 6.557484140751381 46.50749634745907 0.0 1.0 1.0 1 0 0 0.0 1.0 0
cell 44.146597794326595 41.59586920119493 0.0 1.0 1.0 1 0 0 0.0 1.0 0
cell 33.597645126212406 55.21576297343668 0.0 1.0 1.0 1 0 0 0.0 1.0 0
cell 49.92870782115742 48.778189414558945 0.0 1.0 1.0 1 0 0 0.0 1.0 0
cell 51.695438749083365 31.058489298896777 0.0 1.0 1.0 1 0 0 0.0 1.0 0
cell 7.876187563624578 14.828312407794638 0.0 1.0 1.0 1 0 0 0.0 1.0 0
cell 48.79753835821793 28.400646423240925 0.0 1.0 1.0 1 0 0 0.0 1.0 0
cell 7.299026698846063 57.91039075861768 0.0 1.0 1.0 1 0 0 0.0 1.0 0
cell 45.91883220269626 48.59727655971349 0.0 1.0 1.0 1 0 0 0.0 1.0 0
cell 35.765546991635055 51.80286397240468 0.0 1.0 1.0 1 0 0 0.0 1.0 0
cell 45.529143400259535 18.461621272276954 0.0 1.0 1.0 1 0 0 0.0 1.0 0
cell 3.057725650572828 12.721853523255502 0.0 1.0 1.0 1 0 0 0.0 1.0 0
cell 25.01544578306883 42.71747489154927 0.0 1.0 1.0 1 0 0 0.0 1.0 0
cell 47.294359482166016 36.47331777259289 0.0 1.0 1.0 1 0 0 0.0 1.0 0
cell 12.382498632241498 52.759525048750696 0.0 1.0 1.0 1 0 0 0.0 1.0 0
cell 56.61613585226959 7.30352224043049 0.0 1.0 1.0 1 0 0 0.0 1.0 0
cell 1.1587534752972874 1.9280447044024283 0.0 1.0 1.0 1 0 0 0.0 1.0 0
cell 37.18840184686571 39.64360233377063 0.0 1.0 1.0 1 0 0 0.0 1.0 0
cell 0.14045780409676867 3.671788039869979 0.0 1.0 1.0 1 0 0 0.0 1.0 0
cell 11.39862163023565 32.10844552705337 0.0 1.0 1.0 1 0 0 0.0 1.0 0
cell 38.3010029615391 4.635327231942553 0.0 1.0 1.0 1 0 0 0.0 1.0 0
cell 17.30104119244456 11.839817536363384 0.0 1.0 1.0 1 0 0 0.0 1.0 0
cell 53.95694673860447 48.93097057888071 0.0 1.0 1.0 1 0 0 0.0 1.0 0
cell 18.94874112314161 29.57951510200274 0.0 1.0 1.0 1 0 0 0.0 1.0 0
cell 10.71434245680104 26.769303481977104 0.0 1.0 1.0 1 0 0 0.0 1.0 0
cell 31.80907345914988 48.170920958861444 0.0 1.0 1.0 1 0 0 0.0 1.0 0
cell 44.60811733304755 57.27173783939866 0.0 1.0 1.0 1 0 0 0.0 1.0 0
cell 30.63952974592276 53.409283868484145 0.0 1.0 1.0 1 0 0 0.0 1.0 0
cell 49.2392356727704 39.98129871049984 0.0 1.0 1.0 1 0 0 0.0 1.0 0
cell 45.06762615309643 43.36590751065694 0.0 1.0 1.0 1 0 0 0.0 1.0 0
cell 21.355226026965045 2.2504498526657115 0.0 1.0 1.0 1 0 0 0.0 1.0 0
cell 24.19583261481599 29.615530951234106 0.0 1.0 1.0 1 0 0 0.0 1.0 0
cell 49.17614635918027 26.43570402795468 0.0 1.0 1.0 1 0 0 0.0 1.0 0
cell 33.790720538171165 15.108726375962368 0.0 1.0 1.0 1 0 0 0.0 1.0 0
cell 5.907936174167637 41.194534768593954 0.0 1.0 1.0 1 0 0 0.0 1.0 0
cell 26.996806425289964 15.792773457200804 0.0 1.0 1.0 1 0 0 0.0 1.0 0
cell 20.71876698732175 49.48537424791545 0.0 1.0 1.0 1 0 0 0.0 1.0 0
cell 56.02658048183638 35.14235316176633 0.0 1.0 1.0 1 0 0 0.0 1.0 0
cell 38.97758570289287 46.67807695766461 0.0 1.0 1.0 1 0 0 0.0 1.0 0
cell 16.09863891489948 17.690591595555652 0.0 1.0 1.0 1 0 0 0.0 1.0 0
cell 45.30924451361764 36.358647489042944 0.0 1.0 1.0 1 0 0 0.0 1.0 0
cell 11.093476799426124 24.83122967247381 0.0 1.0 1.0 1 0 0 0.0 1.0 0
cell 9.48770429491307 32.73263606153314 0.0 1.0 1.0 1 0 0 0.0 1.0 0
cell 37.68218499179717 32.450610627834244 0.0 1.0 1.0 1 0 0 0.0 1.0 0
cell 46.62787834588202 21.81901043081013 0.0 1.0 1.0 1 0 0 0.0 1.0 0
cell 52.332200993857285 10.639474005305503 0.0 1.0 1.0 1 0 0 0.0 1.0 0
cell 51.550581754785775 14.529748795965153 0.0 1.0 1.0 1 0 0 0.0 1.0 0
cell 39.14182295806363 9.904053012667438 0.0 1.0 1.0 1 0 0 0.0 1.0 0
cell 30.209455020293777 25.737704469350952 0.0 1.0 1.0 1 0 0 0.0 1.0 0
cell 29.459951094250666 58.50295178235611 0.0 1.0 1.0 1 0 0 0.0 1.0 0
cell 36.91945592312964 46.602499061718426 0.0 1.0 1.0 1 0 0 0.0 1.0 0
cell 10.85799008007012 17.5840919631588 0.0 1.0 1.0 1 0 0 0.0 1.0 0
cell 20.44316069714514 30.930078770908377 0.0 1.0 1.0 1 0 0 0.0 1.0 0
cell 55.00254420106662 47.212532385242504 0.0 1.0 1.0 1 0 0 0.0 1.0 0
cell 38.84794994061227 17.189083825096148 0.0 1.0 1.0 1 0 0 0.0 1.0 0
cell 9.204878410313148 25.46594018461221 0.0 1.0 1.0 1 0 0 0.0 1.0 0
cell 36.20692872402164 21.806109903909334 0.0 1.0 1.0 1 0 0 0.0 1.0 0
cell 44.37587607132396 15.193174618202455 0.0 1.0 1.0 1 0 0 0.0 1.0 0
cell 1.0238592227299472 22.632898259993528 0.0 1.0 1.0 1 0 0 0.0 1.0 0
cell 3.7048488287493853 18.054984883834784 0.0 1.0 1.0 1 0 0 0.0 1.0 0
cell 2.750416147674907 31.279535708709833 0.0 1.0 1.0 1 0 0 0.0 1.0 0
cell 53.36646271198498 23.216376677366892 0.0 1.0 1.0 1 0 0 0.0 1.0 0
cell 35.76166757485337 14.769925496134391 0.0 1.0 1.0 1 0 0 0.0 1.0 0
cell 29.089760477008728 31.666599004420082 0.0 1.0 1.0 1 0 0 0.0 1.0 0
cell 35.47619240291126 16.551106070158124 0.0 1.0 1.0 1 0 0 0.0 1.0 0
cell 48.22701234367148 8.437346652145937 0.0 1.0 1.0 1 0 0 0.0 1.0 0
cell 34.075117030122016 11.422437318207137 0.0 1.0 1.0 1 0 0 0.0 1.0 0
cell 17.63850110973251 51.16919003578115 0.0 1.0 1.0 1 0 0 0.0 1.0 0
cell 43.46974989350522 3.1081623901055138 0.0 1.0 1.0 1 0 0 0.0 1.0 0
cell 13.367006394895256 47.89634403835983 0.0 1.0 1.0 1 0 0 0.0 1.0 0
cell 15.561784646696703 28.906933041132284 0.0 1.0 1.0 1 0 0 0.0 1.0 0
cell 55.86671758969647 27.85340297450194 0.0 1.0 1.0 1 0 0 0.0 1.0 0
cell 8.22981299631569 38.64278708608336 0.0 1.0 1.0 1 0 0 0.0 1.0 0
cell 17.391329251764642 37.47611125786658 0.0 1.0 1.0 1 0 0 0.0 1.0 0
cell 54.90878094438459 15.232483289113464 0.0 1.0 1.0 1 0 0 0.0 1.0 0
cell 51.84625046240711 21.82094942804437 0.0 1.0 1.0 1 0 0 0.0 1.0 0
cell 9.236866661253158 1.9917725882704678 0.0 1.0 1.0 1 0 0 0.0 1.0 0
cell 50.655023152196414 27.747110210759512 0.0 1.0 1.0 1 0 0 0.0 1.0 0
cell 36.939202366416765 27.104838769678754 0.0 1.0 1.0 1 0 0 0.0 1.0 0
cell 37.29408345266116 25.083944970645884 0.0 1.0 1.0 1 0 0 0.0 1.0 0
cell 40.46599372623324 1.2279013758489128 0.0 1.0 1.0 1 0 0 0.0 1.0 0
cell 5.165960120612416 19.411375789071332 0.0 1.0 1.0 1 0 0 0.0 1.0 0
cell 49.152247026209615 9.998528102582366 0.0 1.0 1.0 1 0 0 0.0 1.0 0
cell 27.47764559368641 58.43243075317908 0.0 1.0 1.0 1 0 0 0.0 1.0 0
cell 21.95016566211948 32.24070461070898 0.0 1.0 1.0 1 0 0 0.0 1.0 0
cell 42.549003783321965 57.203233031830734 0.0 1.0 1.0 1 0 0 0.0 1.0 0
cell 16.714762853943096 49.32974436435036 0.0 1.0 1.0 1 0 0 0.0 1.0 0
cell 12.79651046997913 49.76500131681253 0.0 1.0 1.0 1 0 0 0.0 1.0 0
cell 3.8182008224704957 34.59401639652396 0.0 1.0 1.0 1 0 0 0.0 1.0 0
cell 30.589476239621835 23.74475786669976 0.0 1.0 1.0 1 0 0 0.0 1.0 0
cell 15.86706455161812 36.11604544785174 0.0 1.0 1.0 1 0 0 0.0 1.0 0
cell 57.82876098263255 52.52219497418072 0.0 1.0 1.0 1 0 0 0.0 1.0 0
cell 42.33348211014889 34.55924104017209 0.0 1.0 1.0 1 0 0 0.0 1.0 0
cell 16.23554193613838 3.8153489178922166 0.0 1.0 1.0 1 0 0 0.0 1.0 0
cell 32.495087642813374 32.349194987374645 0.0 1.0 1.0 1 0 0 0.0 1.0 0
cell 41.350541837568876 32.868952310761685 0.0 1.0 1.0 1 0 0 0.0 1.0 0
cell 24.948699646554157 34.92324820877853 0.0 1.0 1.0 1 0 0 0.0 1.0 0
cell 2.1649256619238164 7.224253884446796 0.0 1.0 1.0 1 0 0 0.0 1.0 0
cell 17.395721770809693 58.12108672298459 0.0 1.0 1.0 1 0 0 0.0 1.0 0
cell 33.20060749117453 19.132743951242414 0.0 1.0 1.0 1 0 0 0.0 1.0 0
cell 7.472046697847357 16.828388648959457 0.0 1.0 1.0 1 0 0 0.0 1.0 0
cell 41.67843543917704 55.47944909044371 0.0 1.0 1.0 1 0 0 0.0 1.0 0
cell 46.50642587248201 12.126152682112814 0.0 1.0 1.0 1 0 0 0.0 1.0 0
cell 54.133990025946005 35.719143887760495 0.0 1.0 1.0 1 0 0 0.0 1.0 0
cell 3.3166793986150225 20.038970289764215 0.0 1.0 1.0 1 0 0 0.0 1.0 0
cell 13.530709080641971 13.009831843203353 0.0 1.0 1.0 1 0 0 0.0 1.0 0
cell 40.3378104602414 4.68878539543027 0.0 1.0 1.0 1 0 0 0.0 1.0 0
cell 36.09435188501473 41.35271676048614 0.0 1.0 1.0 1 0 0 0.0 1.0 0
cell 27.969602298838126 44.54824720586908 0.0 1.0 1.0 1 0 0 0.0 1.0 0
cell 58.80683527909271 46.96945475088647 0.0 1.0 1.0 1 0 0 0.0 1.0 0
cell 3.3846365395729054 54.43031605156513 0.0 1.0 1.0 1 0 0 0.0 1.0 0
cell 34.12413933571422 41.28020434122155 0.0 1.0 1.0 1 0 0 0.0 1.0 0
cell 30.506891637144967 56.85806689244078 0.0 1.0 1.0 1 0 0 0.0 1.0 0
cell 34.31888734761302 22.470549850551993 0.0 1.0 1.0 1 0 0 0.0 1.0 0
cell 32.24120423146615 37.751983715292695 0.0 1.0 1.0 1 0 0 0.0 1.0 0
cell 15.1825246567753 8.988005541303988 0.0 1.0 1.0 1 0 0 0.0 1.0 0
cell 47.2030137592854 39.90258365802553 0.0 1.0 1.0 1 0 0 0.0 1.0 0
cell 2.297666780395181 33.19673599873157 0.0 1.0 1.0 1 0 0 0.0 1.0 0
cell 22.367307907536816 0.5677536047643401 0.0 1.0 1.0 1 0 0 0.0 1.0 0
cell 26.086266713977313 29.024203239010088 0.0 1.0 1.0 1 0 0 0.0 1.0 0
cell 48.62330351010546 57.426485662665776 0.0 1.0 1.0 1 0 0 0.0 1.0 0
cell 48.257214783871575 38.255533080392944 0.0 1.0 1.0 1 0 0 0.0 1.0 0
cell 21.83179478904699 47.81553707937441 0.0 1.0 1.0 1 0 0 0.0 1.0 0
cell 25.372635041449175 2.4206256855556063 0.0 1.0 1.0 1 0 0 0.0 1.0 0
cell 50.41521213304854 20.521743696358474 0.0 1.0 1.0 1 0 0 0.0 1.0 0
cell 57.9451189346399 34.473930260288846 0.0 1.0 1.0 1 0 0 0.0 1.0 0
cell 43.805600932057274 52.05095590650277 0.0 1.0 1.0 1 0 0 0.0 1.0 0
cell 39.28479217291171 36.22205462321868 0.0 1.0 1.0 1 0 0 0.0 1.0 0
cell 2.5931854262692893 14.729481429882597 0.0 1.0 1.0 1 0 0 0.0 1.0 0
cell 23.51641973854495 54.803565541924804 0.0 1.0 1.0 1 0 0 0.0 1.0 0
cell 0.7834137225171092 15.349744508675155 0.0 1.0 1.0 1 0 0 0.0 1.0 0
cell 40.96330774815655 14.081043998266786 0.0 1.0 1.0 1 0 0 0.0 1.0 0
cell 26.90310595885655 46.27682834059931 0.0 1.0 1.0 1 0 0 0.0 1.0 0
cell 38.714211854899425 53.60500038547265 0.0 1.0 1.0 1 0 0 0.0 1.0 0
cell 38.416960624973015 19.150879555831356 0.0 1.0 1.0 1 0 0 0.0 1.0 0
cell 34.13022330487733 7.976853595961947 0.0 1.0 1.0 1 0 0 0.0 1.0 0
cell 28.638069435319995 53.31937267462884 0.0 1.0 1.0 1 0 0 0.0 1.0 0
cell 40.23521002180978 8.195732900785995 0.0 1.0 1.0 1 0 0 0.0 1.0 0
cell 21.984582927587997 23.025845346735814 0.0 1.0 1.0 1 0 0 0.0 1.0 0
cell 23.407476249731324 33.54916604679315 0.0 1.0 1.0 1 0 0 0.0 1.0 0
cell 57.857199812335764 17.91461443011256 0.0 1.0 1.0 1 0 0 0.0 1.0 0
cell 45.897589308477734 16.52298286545267 0.0 1.0 1.0 1 0 0 0.0 1.0 0
cell 4.518940245660566 14.084523270614381 0.0 1.0 1.0 1 0 0 0.0 1.0 0
cell 43.302833735203116 36.360183133509274 0.0 1.0 1.0 1 0 0 0.0 1.0 0
cell 51.07381422112608 25.804587100682543 0.0 1.0 1.0 1 0 0 0.0 1.0 0
cell 39.21730669001138 15.23673946457579 0.0 1.0 1.0 1 0 0 0.0 1.0 0
cell 42.06797065162496 11.745570336061975 0.0 1.0 1.0 1 0 0 0.0 1.0 0
cell 44.7988286009589 22.44665989283915 0.0 1.0 1.0 1 0 0 0.0 1.0 0
cell 47.42383903828969 3.2127317139667873 0.0 1.0 1.0 1 0 0 0.0 1.0 0
cell 2.7513701959354604 47.68328171566293 0.0 1.0 1.0 1 0 0 0.0 1.0 0
cell 21.23049557004533 5.674624866975003 0.0 1.0 1.0 1 0 0 0.0 1.0 0
cell 2.3127670627733514 49.38748962521202 0.0 1.0 1.0 1 0 0 0.0 1.0 0
cell 1.600870940726955 11.377078903960621 0.0 1.0 1.0 1 0 0 0.0 1.0 0
cell 29.026352747828952 42.87582052801112 0.0 1.0 1.0 1 0 0 0.0 1.0 0
cell 46.74229212018363 53.87864990126242 0.0 1.0 1.0 1 0 0 0.0 1.0 0
cell 54.46266156786913 5.218757854607596 0.0 1.0 1.0 1 0 0 0.0 1.0 0
cell 52.76043428554922 54.14412219750083 0.0 1.0 1.0 1 0 0 0.0 1.0 0
cell 8.95687329471016 18.1596880025506 0.0 1.0 1.0 1 0 0 0.0 1.0 0
cell 36.55841721823893 19.789610373476158 0.0 1.0 1.0 1 0 0 0.0 1.0 0
cell 51.15337558305078 16.577257293280766 0.0 1.0 1.0 1 0 0 0.0 1.0 0
cell 4.249129842398849 0.2559731483310371 0.0 1.0 1.0 1 0 0 0.0 1.0 0
cell 12.176837746677707 7.227489248599502 0.0 1.0 1.0 1 0 0 0.0 1.0 0
cell 27.561035546832173 30.342953056830122 0.0 1.0 1.0 1 0 0 0.0 1.0 0
cell 15.926067760102757 10.60525341879191 0.0 1.0 1.0 1 0 0 0.0 1.0 0
cell 7.196655598870626 35.3265087320958 0.0 1.0 1.0 1 0 0 0.0 1.0 0
cell 54.545915503178485 33.73743972106088 0.0 1.0 1.0 1 0 0 0.0 1.0 0
cell 7.2405893641836405 9.392723307951993 0.0 1.0 1.0 1 0 0 0.0 1.0 0
cell 6.9045209487438335 28.044332512918505 0.0 1.0 1.0 1 0 0 0.0 1.0 0
cell 57.4854905995116 36.44166934631606 0.0 1.0 1.0 1 0 0 0.0 1.0 0
cell 16.569322075752137 41.450975299681915 0.0 1.0 1.0 1 0 0 0.0 1.0 0
cell 22.365673950466103 21.036537437535845 0.0 1.0 1.0 1 0 0 0.0 1.0 0
cell 45.375575943314885 32.85524429190729 0.0 1.0 1.0 1 0 0 0.0 1.0 0
cell 14.581233106226046 52.84090506044913 0.0 1.0 1.0 1 0 0 0.0 1.0 0
cell 26.606267321016016 17.76433377750612 0.0 1.0 1.0 1 0 0 0.0 1.0 0
cell 36.23143900118183 31.022076130871962 0.0 1.0 1.0 1 0 0 0.0 1.0 0
cell 23.015222821418078 35.60014159219259 0.0 1.0 1.0 1 0 0 0.0 1.0 0
cell 14.908960640111033 23.60408439049157 0.0 1.0 1.0 1 0 0 0.0 1.0 0
cell 50.631244225108055 57.49778423671402 0.0 1.0 1.0 1 0 0 0.0 1.0 0
cell 20.872262773777507 45.99534276389989 0.0 1.0 1.0 1 0 0 0.0 1.0 0
cell 23.90231330735333 22.3973916095156 0.0 1.0 1.0 1 0 0 0.0 1.0 0
cell 58.77136073216709 30.546513579794876 0.0 1.0 1.0 1 0 0 0.0 1.0 0
cell 5.488707872830804 43.208312422646955 0.0 1.0 1.0 1 0 0 0.0 1.0 0
cell 8.5030691712263 20.174902826968772 0.0 1.0 1.0 1 0 0 0.0 1.0 0
cell 19.04147014416299 20.37075729919003 0.0 1.0 1.0 1 0 0 0.0 1.0 0
cell 44.484612033628714 1.3436334724833003 0.0 1.0 1.0 1 0 0 0.0 1.0 0
cell 24.161923747165634 38.926868354577316 0.0 1.0 1.0 1 0 0 0.0 1.0 0
cell 24.438126917216803 11.219273506576583 0.0 1.0 1.0 1 0 0 0.0 1.0 0
cell 10.033123831675656 21.532886727856347 0.0 1.0 1.0 1 0 0 0.0 1.0 0
cell 7.267223733026142 1.972581190852451 0.0 1.0 1.0 1 0 0 0.0 1.0 0
cell 1.412731007342907 54.372648198964114 0.0 1.0 1.0 1 0 0 0.0 1.0 0
cell 45.084226226423375 29.722854413509 0.0 1.0 1.0 1 0 0 0.0 1.0 0
cell 10.815076908599785 43.24530626693155 0.0 1.0 1.0 1 0 0 0.0 1.0 0
cell 0.4469175922885331 33.89389956009414 0.0 1.0 1.0 1 0 0 0.0 1.0 0
cell 0.4022752584717055 52.61939038783701 0.0 1.0 1.0 1 0 0 0.0 1.0 0
cell 8.14564567971383 7.268872105121069 0.0 1.0 1.0 1 0 0 0.0 1.0 0
cell 13.981866189361556 10.996618884078917 0.0 1.0 1.0 1 0 0 0.0 1.0 0
cell 20.641667967465363 12.506601416462386 0.0 1.0 1.0 1 0 0 0.0 1.0 0
cell 47.03485746484443 19.77018051798729 0.0 1.0 1.0 1 0 0 0.0 1.0 0
cell 54.518095565781195 17.208863474378692 0.0 1.0 1.0 1 0 0 0.0 1.0 0
cell 39.53031531679102 58.91351463770078 0.0 1.0 1.0 1 0 0 0.0 1.0 0
cell 56.68497129529322 23.88944317647952 0.0 1.0 1.0 1 0 0 0.0 1.0 0
cell 21.200539565797364 27.00003188624309 0.0 1.0 1.0 1 0 0 0.0 1.0 0
cell 5.669295918135195 33.96764304964786 0.0 1.0 1.0 1 0 0 0.0 1.0 0
cell 15.679793460894711 51.137058375058324 0.0 1.0 1.0 1 0 0 0.0 1.0 0
cell 39.403372751433615 2.9400340385425836 0.0 1.0 1.0 1 0 0 0.0 1.0 0
cell 2.461122315457322 52.68247389037075 0.0 1.0 1.0 1 0 0 0.0 1.0 0
cell 39.274396250864356 6.416933029918632 0.0 1.0 1.0 1 0 0 0.0 1.0 0
cell 53.755689195709486 37.63942466789763 0.0 1.0 1.0 1 0 0 0.0 1.0 0
cell 16.765906622413404 22.946013243606018 0.0 1.0 1.0 1 0 0 0.0 1.0 0
cell 5.38121135784789 10.158893458481963 0.0 1.0 1.0 1 0 0 0.0 1.0 0
cell 53.16243789986499 32.41407709557435 0.0 1.0 1.0 1 0 0 0.0 1.0 0
cell 0.4915782922643007 48.66022536167308 0.0 1.0 1.0 1 0 0 0.0 1.0 0
cell 25.508467972461986 14.486373605421143 0.0 1.0 1.0 1 0 0 0.0 1.0 0
cell 43.68483871090254 19.142093406420557 0.0 1.0 1.0 1 0 0 0.0 1.0 0
cell 31.45489849281222 58.63412081231956 0.0 1.0 1.0 1 0 0 0.0 1.0 0
cell 58.106049206696454 41.71465880240692 0.0 1.0 1.0 1 0 0 0.0 1.0 0
cell 44.996892852423194 46.868048762658695 0.0 1.0 1.0 1 0 0 0.0 1.0 0
cell 20.195436030567812 7.365315171914598 0.0 1.0 1.0 1 0 0 0.0 1.0 0
cell 56.411109279639405 16.617663941055206 0.0 1.0 1.0 1 0 0 0.0 1.0 0
cell 14.76771303570708 49.30654599048588 0.0 1.0 1.0 1 0 0 0.0 1.0 0
cell 16.675704131638618 32.208231247993645 0.0 1.0 1.0 1 0 0 0.0 1.0 0
cell 37.798858813475405 51.82247108313826 0.0 1.0 1.0 1 0 0 0.0 1.0 0
cell 13.42770224387207 54.511532990700616 0.0 1.0 1.0 1 0 0 0.0 1.0 0
cell 34.70721044405574 29.663217932066754 0.0 1.0 1.0 1 0 0 0.0 1.0 0
cell 47.30578371506711 27.060624399158826 0.0 1.0 1.0 1 0 0 0.0 1.0 0
cell 22.6387285100275 53.0306421276898 0.0 1.0 1.0 1 0 0 0.0 1.0 0
cell 56.45650891643967 33.14654342789872 0.0 1.0 1.0 1 0 0 0.0 1.0 0
cell 9.049389913416983 34.69782849660382 0.0 1.0 1.0 1 0 0 0.0 1.0 0
cell 50.795997821296886 18.527133302697386 0.0 1.0 1.0 1 0 0 0.0 1.0 0
cell 41.18838562940171 39.80392225100562 0.0 1.0 1.0 1 0 0 0.0 1.0 0
cell 8.844032941565288 27.47493821749447 0.0 1.0 1.0 1 0 0 0.0 1.0 0
cell 39.569323017432055 31.78257545426364 0.0 1.0 1.0 1 0 0 0.0 1.0 0
cell 33.49420508968892 58.65683846162772 0.0 1.0 1.0 1 0 0 0.0 1.0 0
cell 43.35337313236115 32.84990718200056 0.0 1.0 1.0 1 0 0 0.0 1.0 0
cell 19.234376877239903 5.6428820906201835 0.0 1.0 1.0 1 0 0 0.0 1.0 0
cell 13.839260076451247 20.276740062208205 0.0 1.0 1.0 1 0 0 0.0 1.0 0
cell 12.763247986991654 42.64096437428336 0.0 1.0 1.0 1 0 0 0.0 1.0 0
cell 23.208660250940987 17.099923670170135 0.0 1.0 1.0 1 0 0 0.0 1.0 0
cell 51.90589334194452 48.82552810125011 0.0 1.0 1.0 1 0 0 0.0 1.0 0
cell 21.374283748078554 17.780806463670334 0.0 1.0 1.0 1 0 0 0.0 1.0 0
cell 28.88094026726059 15.035244087884424 0.0 1.0 1.0 1 0 0 0.0 1.0 0
cell 24.399892867592158 0.6100253652368358 0.0 1.0 1.0 1 0 0 0.0 1.0 0
cell 3.4481019941906568 10.755056677147985 0.0 1.0 1.0 1 0 0 0.0 1.0 0
cell 43.43538061866225 30.82893317779083 0.0 1.0 1.0 1 0 0 0.0 1.0 0
cell 43.65532078265956 55.55710790168323 0.0 1.0 1.0 1 0 0 0.0 1.0 0
cell 33.01620887378254 13.24066878570107 0.0 1.0 1.0 1 0 0 0.0 1.0 0
cell 27.86383488490862 48.05037366095185 0.0 1.0 1.0 1 0 0 0.0 1.0 0
cell 30.136371393493214 34.876777535308634 0.0 1.0 1.0 1 0 0 0.0 1.0 0
cell 30.075492063568003 41.15638256278917 0.0 1.0 1.0 1 0 0 0.0 1.0 0
cell 48.86267213153489 50.46386819047639 0.0 1.0 1.0 1 0 0 0.0 1.0 0
cell 44.37755647145427 34.58933070642011 0.0 1.0 1.0 1 0 0 0.0 1.0 0
cell 41.315728481802324 6.45307599533044 0.0 1.0 1.0 1 0 0 0.0 1.0 0
cell 38.1200515509474 41.40822560584311 0.0 1.0 1.0 1 0 0 0.0 1.0 0
cell 50.70680725437036 34.988230795407 0.0 1.0 1.0 1 0 0 0.0 1.0 0
cell 27.3318721965881 13.826994152019662 0.0 1.0 1.0 1 0 0 0.0 1.0 0
cell 2.079165602697672 42.40250581122576 0.0 1.0 1.0 1 0 0 0.0 1.0 0
cell 44.84021684941744 50.318395097236454 0.0 1.0 1.0 1 0 0 0.0 1.0 0
cell 38.16724227986993 8.096988100689238 0.0 1.0 1.0 1 0 0 0.0 1.0 0
cell 27.643138223682488 21.095461774165702 0.0 1.0 1.0 1 0 0 0.0 1.0 0
cell 34.938599045591644 46.563369630229595 0.0 1.0 1.0 1 0 0 0.0 1.0 0
cell 7.341890951030382 26.075792651097935 0.0 1.0 1.0 1 0 0 0.0 1.0 0
cell 5.8702703615284015 24.760664461349478 0.0 1.0 1.0 1 0 0 0.0 1.0 0
cell 24.93708902610307 25.679460258931858 0.0 1.0 1.0 1 0 0 0.0 1.0 0
cell 26.438885658990777 36.234279777444605 0.0 1.0 1.0 1 0 0 0.0 1.0 0
cell 18.34565368267519 0.41742543423926665 0.0 1.0 1.0 1 0 0 0.0 1.0 0
cell 58.08414537175978 8.6444193291503 0.0 1.0 1.0 1 0 0 0.0 1.0 0
cell 2.1334911965164753 3.705359323113085 0.0 1.0 1.0 1 0 0 0.0 1.0 0
cell 13.212434463500893 9.132414354666695 0.0 1.0 1.0 1 0 0 0.0 1.0 0
cell 14.191192045107808 7.30329614927426 0.0 1.0 1.0 1 0 0 0.0 1.0 0
cell 4.18799913802186 7.0972090555671 0.0 1.0 1.0 1 0 0 0.0 1.0 0
cell 34.53892363454153 56.97118494613178 0.0 1.0 1.0 1 0 0 0.0 1.0 0
cell 48.373127530076154 4.992256787162959 0.0 1.0 1.0 1 0 0 0.0 1.0 0
cell 42.13876552827127 27.067822124567083 0.0 1.0 1.0 1 0 0 0.0 1.0 0
cell 11.194575398534331 5.4601525422547015 0.0 1.0 1.0 1 0 0 0.0 1.0 0
cell 33.04427672533406 42.99782495158138 0.0 1.0 1.0 1 0 0 0.0 1.0 0
cell 9.350874686476498 16.207737793884625 0.0 1.0 1.0 1 0 0 0.0 1.0 0
cell 15.980645425407664 26.94701772793703 0.0 1.0 1.0 1 0 0 0.0 1.0 0
cell 44.232789361555746 8.333637301011672 0.0 1.0 1.0 1 0 0 0.0 1.0 0
cell 4.757336705154564 21.378729956907073 0.0 1.0 1.0 1 0 0 0.0 1.0 0
cell 44.260689390664375 38.12176865077769 0.0 1.0 1.0 1 0 0 0.0 1.0 0
cell 34.15032091087303 34.1233307398911 0.0 1.0 1.0 1 0 0 0.0 1.0 0
cell 41.29569856776381 36.29396447808247 0.0 1.0 1.0 1 0 0 0.0 1.0 0
cell 11.242292823831717 41.32828110986906 0.0 1.0 1.0 1 0 0 0.0 1.0 0
cell 55.26968168707745 22.554427757732533 0.0 1.0 1.0 1 0 0 0.0 1.0 0
cell 16.21339278640405 7.295232054858869 0.0 1.0 1.0 1 0 0 0.0 1.0 0
cell 32.792346620992895 49.956841924395334 0.0 1.0 1.0 1 0 0 0.0 1.0 0
cell 43.21337323744931 39.84422946923931 0.0 1.0 1.0 1 0 0 0.0 1.0 0
cell 25.078104897490377 9.384779489320026 0.0 1.0 1.0 1 0 0 0.0 1.0 0
cell 33.22354126353372 6.210150513528592 0.0 1.0 1.0 1 0 0 0.0 1.0 0
cell 6.113829691113618 32.007188284015726 0.0 1.0 1.0 1 0 0 0.0 1.0 0
cell 8.680544092866347 10.9070114525687 0.0 1.0 1.0 1 0 0 0.0 1.0 0
cell 42.907193515157104 13.556612154167896 0.0 1.0 1.0 1 0 0 0.0 1.0 0
cell 33.98398592671789 44.73484881475993 0.0 1.0 1.0 1 0 0 0.0 1.0 0
cell 34.770792436185324 50.02874486039908 0.0 1.0 1.0 1 0 0 0.0 1.0 0
cell 11.898195797645979 20.901463100771817 0.0 1.0 1.0 1 0 0 0.0 1.0 0
cell 14.410526259005835 34.78879384544147 0.0 1.0 1.0 1 0 0 0.0 1.0 0
cell 14.469104953114805 25.541928020951353 0.0 1.0 1.0 1 0 0 0.0 1.0 0
cell 11.613812139989767 39.35662230772168 0.0 1.0 1.0 1 0 0 0.0 1.0 0
cell 54.05827212717129 45.41494761123996 0.0 1.0 1.0 1 0 0 0.0 1.0 0
cell 47.963908517863295 48.7278749118525 0.0 1.0 1.0 1 0 0 0.0 1.0 0
cell 46.44495613657509 31.162363722898302 0.0 1.0 1.0 1 0 0 0.0 1.0 0
cell 12.312132745927672 18.932266453826088 0.0 1.0 1.0 1 0 0 0.0 1.0 0
cell 24.484546838955207 36.875791057743676 0.0 1.0 1.0 1 0 0 0.0 1.0 0
cell 16.456963164299626 15.721878110180901 0.0 1.0 1.0 1 0 0 0.0 1.0 0
cell 33.382172864254336 2.7314137986215927 0.0 1.0 1.0 1 0 0 0.0 1.0 0
cell 25.588192714463027 54.91937562917551 0.0 1.0 1.0 1 0 0 0.0 1.0 0
cell 18.720078813797944 49.38391814026933 0.0 1.0 1.0 1 0 0 0.0 1.0 0
cell 50.858908013390796 50.52410930204296 0.0 1.0 1.0 1 0 0 0.0 1.0 0
cell 49.6388692357478 15.221567440693981 0.0 1.0 1.0 1 0 0 0.0 1.0 0
cell 19.841681705666225 16.423140500007058 0.0 1.0 1.0 1 0 0 0.0 1.0 0
cell 33.977334995061724 24.435814598548653 0.0 1.0 1.0 1 0 0 0.0 1.0 0
cell 1.2668671982495319 57.84976095643574 0.0 1.0 1.0 1 0 0 0.0 1.0 0
cell 3.23065162301876 1.9541528870805245 0.0 1.0 1.0 1 0 0 0.0 1.0 0
cell 1.8864169823244432 35.19020358205487 0.0 1.0 1.0 1 0 0 0.0 1.0 0
cell 35.640965350964585 55.261091310417406 0.0 1.0 1.0 1 0 0 0.0 1.0 0
cell 19.54959623316605 44.204697028274985 0.0 1.0 1.0 1 0 0 0.0 1.0 0
cell 17.291033612323705 2.1539863361202594 0.0 1.0 1.0 1 0 0 0.0 1.0 0
cell 39.16325609988726 24.457043908385657 0.0 1.0 1.0 1 0 0 0.0 1.0 0
cell 27.007679380711135 42.78251951713761 0.0 1.0 1.0 1 0 0 0.0 1.0 0
cell 38.09989287254618 11.526685950188801 0.0 1.0 1.0 1 0 0 0.0 1.0 0
cell 47.79704038726181 52.19755546808261 0.0 1.0 1.0 1 0 0 0.0 1.0 0
cell 56.949068887479946 31.194576139957114 0.0 1.0 1.0 1 0 0 0.0 1.0 0
cell 12.484517174426177 35.43493174629971 0.0 1.0 1.0 1 0 0 0.0 1.0 0
cell 20.81203732977778 28.950764809193377 0.0 1.0 1.0 1 0 0 0.0 1.0 0
cell 6.794175837631018 11.482883252208964 0.0 1.0 1.0 1 0 0 0.0 1.0 0
cell 35.08051758507381 27.7334559021526 0.0 1.0 1.0 1 0 0 0.0 1.0 0
cell 28.059290934336257 19.119431307706193 0.0 1.0 1.0 1 0 0 0.0 1.0 0
cell 55.61125625931078 37.10518758843652 0.0 1.0 1.0 1 0 0 0.0 1.0 0
cell 19.399703755642435 58.15099243927338 0.0 1.0 1.0 1 0 0 0.0 1.0 0
cell 51.22870846604974 40.08482204301776 0.0 1.0 1.0 1 0 0 0.0 1.0 0
cell 51.49428149799625 3.3277292606579474 0.0 1.0 1.0 1 0 0 0.0 1.0 0
cell 49.78958825534726 31.660963131379038 0.0 1.0 1.0 1 0 0 0.0 1.0 0
cell 44.04804575118376 17.12924467195902 0.0 1.0 1.0 1 0 0 0.0 1.0 0
cell 53.59493465095369 30.4595451767008 0.0 1.0 1.0 1 0 0 0.0 1.0 0
cell 21.547353880934534 54.77650652205952 0.0 1.0 1.0 1 0 0 0.0 1.0 0
cell 59.101663321783036 11.996489897727606 0.0 1.0 1.0 1 0 0 0.0 1.0 0
cell 1.025315399256086 39.1278116354436 0.0 1.0 1.0 1 0 0 0.0 1.0 0
cell 40.857942106831814 50.179438972627686 0.0 1.0 1.0 1 0 0 0.0 1.0 0
cell 58.99875769276686 21.27496618649173 0.0 1.0 1.0 1 0 0 0.0 1.0 0
cell 46.24467055992388 38.2061022394741 0.0 1.0 1.0 1 0 0 0.0 1.0 0
cell 26.45799743095577 27.005986727955282 0.0 1.0 1.0 1 0 0 0.0 1.0 0
cell 40.12499945438896 41.44803035893892 0.0 1.0 1.0 1 0 0 0.0 1.0 0
cell 50.254275943946695 29.71311310755601 0.0 1.0 1.0 1 0 0 0.0 1.0 0
cell 44.75435096476431 53.79440956054495 0.0 1.0 1.0 1 0 0 0.0 1.0 0
cell 36.40408997106045 34.48778771350513 0.0 1.0 1.0 1 0 0 0.0 1.0 0
cell 37.368892063925486 2.880512917212029 0.0 1.0 1.0 1 0 0 0.0 1.0 0
cell 33.20269120957884 39.50914273691061 0.0 1.0 1.0 1 0 0 0.0 1.0 0
cell 50.44213465244555 11.306847044393422 0.0 1.0 1.0 1 0 0 0.0 1.0 0
