1000
 Lattice="59.41278806836073 0.0 0.0 0.0 59.41278806836073 0.0 0.0 0.0 1.0"Properties=species:S:1:pos:R:3:aspherical_shape:R:3:orientation:R:4:Color:R:1
cell 23.038785432263328 42.534283797880306 0.0 1.0 1.0 1 0 0 0.0 1.0 0
cell 30.386929475361896 19.989152827059502 0.0 1.0 1.0 1 0 0 0.0 1.0 0
cell 31.973063842727885 0.06614719593496371 0.0 1.0 1.0 1 0 0 0.0 1.0 0
cell 57.71521579816584 26.854616409623628 0.0 1.0 1.0 1 0 0 0.0 1.0 0
cell 24.73556426432068 24.528655317111102 0.0 1.0 1.0 1 0 0 0.0 1.0 0
cell 37.261321442886874 59.01671714384386 0.0 1.0 1.0 1 0 0 0.0 1.0 0
cell 3.998674380784992 58.90147849969632 0.0 1.0 1.0 1 0 0 0.0 1.0 0
cell 31.461269067111015 27.185777801048374 0.0 1.0 1.0 1 0 0 0.0 1.0 0
cell 38.61557171860059 25.871001536263517 0.0 1.0 1.0 1 0 0 0.0 1.0 0
cell 58.95131848338094 32.04564965949632 0.0 1.0 1.0 1 0 0 0.0 1.0 0
cell 52.34879515379281 46.555920828135086 0.0 1.0 1.0 1 0 0 0.0 1.0 0
cell 38.26427363547481 29.821747016655358 0.0 1.0 1.0 1 0 0 0.0 1.0 0
cell 21.604528306508197 39.348218735269356 0.0 1.0 1.0 1 0 0 0.0 1.0 0
cell 15.277589437499204 11.601149637746149 0.0 1.0 1.0 1 0 0 0.0 1.0 0
cell 8.019859080769239 12.926392965420108 0.0 1.0 1.0 1 0 0 0.0 1.0 0
cell 45.819114148146454 1.5691407509632143 0.0 1.0 1.0 1 0 0 0.0 1.0 0
cell 43.81372208355818 4.346831737916589 0.0 1.0 1.0 1 0 0 0.0 1.0 0
cell 31.067306702142606 50.35013667300807 0.0 1.0 1.0 1 0 0 0.0 1.0 0
cell 10.399298590797843 46.37641697601622 0.0 1.0 1.0 1 0 0 0.0 1.0 0
cell 54.9426170840255 37.73749035853796 0.0 1.0 1.0 1 0 0 0.0 1.0 0
cell 4.589157229380531 52.88247725046102 0.0 1.0 1.0 1 0 0 0.0 1.0 0
cell 57.0838504942419 52.12203397801911 0.0 1.0 1.0 1 0 0 0.0 1.0 0
cell 8.364466948778137 8.930276324373454 0.0 1.0 1.0 1 0 0 0.0 1.0 0
cell 2.1476175176693046 0.3532357765649668 0.0 1.0 1.0 1 0 0 0.0 1.0 0
cell 20.112265151120468 55.371477367777864 0.0 1.0 1.0 1 0 0 0.0 1.0 0
cell 40.14142139321399 5.932606316370105 0.0 1.0 1.0 1 0 0 0.0 1.0 0
cell 22.51154469591979 8.282939354682673 0.0 1.0 1.0 1 0 0 0.0 1.0 0
cell 54.59649082555 41.73257015684698 0.0 1.0 1.0 1 0 0 0.0 1.0 0
cell 51.14427298599339 12.553070878049825 0.0 1.0 1.0 1 0 0 0.0 1.0 0
cell 14.846050487416333 17.520825812406382 0.0 1.0 1.0 1 0 0 0.0 1.0 0
cell 34.04645707996342 18.330836242699053 0.0 1.0 1.0 1 0 0 0.0 1.0 0
cell 55.08292541742678 54.98158889554014 0.0 1.0 1.0 1 0 0 0.0 1.0 0
cell 51.621332334591074 54.5644555672728 0.0 1.0 1.0 1 0 0 0.0 1.0 0
cell 27.055695775717137 56.01953814663961 0.0 1.0 1.0 1 0 0 0.0 1.0 0
cell 8.063352067657616 14.910149578132613 0.0 1.0 1.0 1 0 0 0.0 1.0 0
cell 12.304033447355774 26.3894285327693 0.0 1.0 1.0 1 0 0 0.0 1.0 0
cell 26.120949761463784 46.85275233632576 0.0 1.0 1.0 1 0 0 0.0 1.0 0
cell 8.298501164833837 32.002989095024 0.0 1.0 1.0 1 0 0 0.0 1.0 0
cell 27.05753304535397 17.675042229822292 0.0 1.0 1.0 1 0 0 0.0 1.0 0
cell 5.882426530839665 38.843892667259105 0.0 1.0 1.0 1 0 0 0.0 1.0 0
cell 52.447543370478904 27.266336812911668 0.0 1.0 1.0 1 0 0 0.0 1.0 0
cell 21.734660236898627 18.218644276312855 0.0 1.0 1.0 1 0 0 0.0 1.0 0
cell 24.65013224742177 43.68357738488627 0.0 1.0 1.0 1 0 0 0.0 1.0 0
cell 1.9453445801411953 2.3227629749156544 0.0 1.0 1.0 1 0 0 0.0 1.0 0
cell 15.879184636654392 3.6571106683182224 0.0 1.0 1.0 1 0 0 0.0 1.0 0
cell 53.285576279786895 19.136121556160003 0.0 1.0 1.0 1 0 0 0.0 1.0 0
cell 53.51502790252066 9.765661891190417 0.0 1.0 1.0 1 0 0 0.0 1.0 0
cell 6.021306692271851 56.03541992908604 0.0 1.0 1.0 1 0 0 0.0 1.0 0
cell 25.049185801678032 39.68323311299725 0.0 1.0 1.0 1 0 0 0.0 1.0 0
cell 53.784285390385534 7.767830278401343 0.0 1.0 1.0 1 0 0 0.0 1.0 0
cell 4.626411204055374 33.62761742201178 0.0 1.0 1.0 1 0 0 0.0 1.0 0
cell 47.9966139675913 56.15882722786303 0.0 1.0 1.0 1 0 0 0.0 1.0 0
cell 38.74964427298692 43.02230219226576 0.0 1.0 1.0 1 0 0 0.0 1.0 0
cell 20.531578441011337 11.08166817992685 0.0 1.0 1.0 1 0 0 0.0 1.0 0
cell 47.25745544072484 4.78704301761653 0.0 1.0 1.0 1 0 0 0.0 1.0 0
cell 45.84547710293759 41.75131370953932 0.0 1.0 1.0 1 0 0 0.0 1.0 0
cell 23.7746767168158 53.70923802061134 0.0 1.0 1.0 1 0 0 0.0 1.0 0
cell 41.06913500479954 55.42684987067486 0.0 1.0 1.0 1 0 0 0.0 1.0 0
cell 31.992460875052465 40.38500582931739 0.0 1.0 1.0 1 0 0 0.0 1.0 0
cell 48.822338762510626 28.851997908228427 0.0 1.0 1.0 1 0 0 0.0 1.0 0
cell 43.23162214498824 14.1924264417125 0.0 1.0 1.0 1 0 0 0.0 1.0 0
cell 12.663878542909808 22.397548042195268 0.0 1.0 1.0 1 0 0 0.0 1.0 0
cell 45.95530156904686 59.00971041944043 0.0 1.0 1.0 1 0 0 0.0 1.0 0
cell 24.878963649741458 41.70545415965452 0.0 1.0 1.0 1 0 0 0.0 1.0 0
cell 56.35887227581491 40.92930275801415 0.0 1.0 1.0 1 0 0 0.0 1.0 0
cell 33.83796440483235 20.372832140289844 0.0 1.0 1.0 1 0 0 0.0 1.0 0
cell 9.710602894716803 35.14427505183282 0.0 1.0 1.0 1 0 0 0.0 1.0 0
cell 36.50381386997669 47.91958796906042 0.0 1.0 1.0 1 0 0 0.0 1.0 0
cell 53.89296958398409 30.486695833395917 0.0 1.0 1.0 1 0 0 0.0 1.0 0
cell 45.11396179663721 49.76952577780867 0.0 1.0 1.0 1 0 0 0.0 1.0 0
cell 10.768232196269416 2.1394062566121765 0.0 1.0 1.0 1 0 0 0.0 1.0 0
cell 12.42148850805761 43.5344592940594 0.0 1.0 1.0 1 0 0 0.0 1.0 0
cell 43.3061575891256 50.60054620800777 0.0 1.0 1.0 1 0 0 0.0 1.0 0
cell 29.30577660951341 10.894011050789985 0.0 1.0 1.0 1 0 0 0.0 1.0 0
cell 43.98826767259429 2.380015110361875 0.0 1.0 1.0 1 0 0 0.0 1.0 0
cell 7.3881083696774015 22.872316689305944 0.0 1.0 1.0 1 0 0 0.0 1.0 0
cell 43.712258076730926 27.345121661665477 0.0 1.0 1.0 1 0 0 0.0 1.0 0
cell 39.27866343688967 56.21715713288526 0.0 1.0 1.0 1 0 0 0.0 1.0 0
cell 4.248329640939441 37.62954399194039 0.0 1.0 1.0 1 0 0 0.0 1.0 0
cell 7.9503653574654205 16.83611006047515 0.0 1.0 1.0 1 0 0 0.0 1.0 0
cell 18.272915163430124 56.24240581840273 0.0 1.0 1.0 1 0 0 0.0 1.0 0
cell 54.37370804639988 43.70997504652305 0.0 1.0 1.0 1 0 0 0.0 1.0 0
cell 54.483079558355094 1.5762180651706952 0.0 1.0 1.0 1 0 0 0.0 1.0 0
cell 0.32291379445800206 1.1560559615040924 0.0 1.0 1.0 1 0 0 0.0 1.0 0
cell 6.822219491713937 28.81105251242914 0.0 1.0 1.0 1 0 0 0.0 1.0 0
cell 52.43861031437501 4.450825414945622 0.0 1.0 1.0 1 0 0 0.0 1.0 0
cell 7.771771278071887 18.84891250843182 0.0 1.0 1.0 1 0 0 0.0 1.0 0
cell 48.00477179584833 19.599444266406802 0.0 1.0 1.0 1 0 0 0.0 1.0 0
cell 40.93800749237878 38.20567377114682 0.0 1.0 1.0 1 0 0 0.0 1.0 0
cell 21.410610243721255 1.1224643212905165 0.0 1.0 1.0 1 0 0 0.0 1.0 0
cell 0.5267078384790329 58.560613342704585 0.0 1.0 1.0 1 0 0 0.0 1.0 0
cell 53.82124095091021 49.771179424721296 0.0 1.0 1.0 1 0 0 0.0 1.0 0
cell 41.55866483447346 13.045512628524968 0.0 1.0 1.0 1 0 0 0.0 1.0 0
cell 26.526119202709715 23.736852459529523 0.0 1.0 1.0 1 0 0 0.0 1.0 0
cell 11.296729046251578 55.57624939794152 0.0 1.0 1.0 1 0 0 0.0 1.0 0
cell 42.328568411986836 1.205151418608296 0.0 1.0 1.0 1 0 0 0.0 1.0 0
cell 8.032546350636858 53.2415749733061 0.0 1.0 1.0 1 0 0 0.0 1.0 0
cell 51.380727902954995 10.531102058049559 0.0 1.0 1.0 1 0 0 0.0 1.0 0
cell 23.628956019146308 36.54034630464061 0.0 1.0 1.0 1 0 0 0.0 1.0 0
cell 49.97766871559067 53.360879319518666 0.0 1.0 1.0 1 0 0 0.0 1.0 0
cell 28.134709853072255 3.788465049953723 0.0 1.0 1.0 1 0 0 0.0 1.0 0
cell 58.67156721878592 9.568240199812323 0.0 1.0 1.0 1 0 0 0.0 1.0 0
cell 5.955569164888613 19.67116448019479 0.0 1.0 1.0 1 0 0 0.0 1.0 0
cell 56.29738388974486 23.633814248263974 0.0 1.0 1.0 1 0 0 0.0 1.0 0
cell 47.83133870962427 58.166086815581906 0.0 1.0 1.0 1 0 0 0.0 1.0 0
cell 17.185716262876603 29.90253902417863 0.0 1.0 1.0 1 0 0 0.0 1.0 0
cell 41.31326712121629 34.22567807050076 0.0 1.0 1.0 1 0 0 0.0 1.0 0
cell 30.708567103678128 15.991460905951318 0.0 1.0 1.0 1 0 0 0.0 1.0 0
cell 14.655664578528397 38.66938929607837 0.0 1.0 1.0 1 0 0 0.0 1.0 0
cell 57.2945532831795 30.881395474508075 0.0 1.0 1.0 1 0 0 0.0 1.0 0
cell 11.145475003677923 38.332829111611105 0.0 1.0 1.0 1 0 0 0.0 1.0 0
cell 37.82814094516009 53.096854563103285 0.0 1.0 1.0 1 0 0 0.0 1.0 0
cell 58.48576319607465 11.609809147052731 0.0 1.0 1.0 1 0 0 0.0 1.0 0
cell 36.420170244686076 30.67067402721602 0.0 1.0 1.0 1 0 0 0.0 1.0 0
cell 56.960573766299056 34.85450140862209 0.0 1.0 1.0 1 0 0 0.0 1.0 0
cell 48.2423373156624 34.90976745021944 0.0 1.0 1.0 1 0 0 0.0 1.0 0
cell 23.595160088738517 55.70497394868966 0.0 1.0 1.0 1 0 0 0.0 1.0 0
cell 40.542850474726436 1.980712790860244 0.0 1.0 1.0 1 0 0 0.0 1.0 0
cell 22.69489981071082 6.23057776486576 0.0 1.0 1.0 1 0 0 0.0 1.0 0
cell 7.81374596028694 55.22973280648795 0.0 1.0 1.0 1 0 0 0.0 1.0 0
cell 24.356942775440352 28.533613021878416 0.0 1.0 1.0 1 0 0 0.0 1.0 0
cell 43.1707371081853 33.32887506870647 0.0 1.0 1.0 1 0 0 0.0 1.0 0
cell 40.18019693101232 46.23532698812029 0.0 1.0 1.0 1 0 0 0.0 1.0 0
cell 55.306311569437064 33.70787568606664 0.0 1.0 1.0 1 0 0 0.0 1.0 0
cell 18.139927408372778 19.863209840475058 0.0 1.0 1.0 1 0 0 0.0 1.0 0
cell 17.56723454906699 45.039876676841516 0.0 1.0 1.0 1 0 0 0.0 1.0 0
cell 54.22768377817482 45.728215508414195 0.0 1.0 1.0 1 0 0 0.0 1.0 0
cell 52.65661699684881 25.25174998122241 0.0 1.0 1.0 1 0 0 0.0 1.0 0
cell 7.155151225181609 44.052000602079595 0.0 1.0 1.0 1 0 0 0.0 1.0 0
cell 44.31866936587472 57.79278184204117 0.0 1.0 1.0 1 0 0 0.0 1.0 0
cell 52.53836325546732 14.005672027587108 0.0 1.0 1.0 1 0 0 0.0 1.0 0
cell 56.2298695539229 42.89371668863238 0.0 1.0 1.0 1 0 0 0.0 1.0 0
cell 49.51150036729382 40.11953557825515 0.0 1.0 1.0 1 0 0 0.0 1.0 0
cell 32.36696257867139 17.128645015898602 0.0 1.0 1.0 1 0 0 0.0 1.0 0
cell 58.73447714820634 34.09182755001225 0.0 1.0 1.0 1 0 0 0.0 1.0 0
cell 11.67163025785274 13.267281685842228 0.0 1.0 1.0 1 0 0 0.0 1.0 0
cell 30.372257242716767 58.345783056272154 0.0 1.0 1.0 1 0 0 0.0 1.0 0
cell 1.7129320561181756 27.26244541989794 0.0 1.0 1.0 1 0 0 0.0 1.0 0
cell 5.052340827049936 6.671619436390828 0.0 1.0 1.0 1 0 0 0.0 1.0 0
cell 10.048573639468279 50.330426472515555 0.0 1.0 1.0 1 0 0 0.0 1.0 0
cell 4.412936345307328 54.85588442842757 0.0 1.0 1.0 1 0 0 0.0 1.0 0
cell 32.04462404148842 21.16023168365384 0.0 1.0 1.0 1 0 0 0.0 1.0 0
cell 10.62263170606762 25.1921849224573 0.0 1.0 1.0 1 0 0 0.0 1.0 0
cell 28.36360364266792 22.833858618751172 0.0 1.0 1.0 1 0 0 0.0 1.0 0
cell 19.02753021965511 7.931821139588944 0.0 1.0 1.0 1 0 0 0.0 1.0 0
cell 20.836684370199393 47.36875655839587 0.0 1.0 1.0 1 0 0 0.0 1.0 0
cell 19.574128993362947 42.1545942924965 0.0 1.0 1.0 1 0 0 0.0 1.0 0
cell 43.9016743203691 25.349413129980523 0.0 1.0 1.0 1 0 0 0.0 1.0 0
cell 59.16754235181052 30.060421361104815 0.0 1.0 1.0 1 0 0 0.0 1.0 0
cell 52.678821735604494 2.4256328794300157 0.0 1.0 1.0 1 0 0 0.0 1.0 0
cell 17.93150070513206 0.8122639406832587 0.0 1.0 1.0 1 0 0 0.0 1.0 0
cell 17.59035515979527 25.904441497959475 0.0 1.0 1.0 1 0 0 0.0 1.0 0
cell 18.09157855418879 39.02437907927969 0.0 1.0 1.0 1 0 0 0.0 1.0 0
cell 4.852016310412534 8.626782247214283 0.0 1.0 1.0 1 0 0 0.0 1.0 0
cell 35.75292919303461 55.92107606238954 0.0 1.0 1.0 1 0 0 0.0 1.0 0
cell 8.463571974961065 29.979020217857062 0.0 1.0 1.0 1 0 0 0.0 1.0 0
cell 29.092969604409284 34.03006632360972 0.0 1.0 1.0 1 0 0 0.0 1.0 0
cell 29.98670882790049 43.19955700575153 0.0 1.0 1.0 1 0 0 0.0 1.0 0
cell 20.642194476130047 49.36177204359451 0.0 1.0 1.0 1 0 0 0.0 1.0 0
cell 32.720531367792404 51.51231343465382 0.0 1.0 1.0 1 0 0 0.0 1.0 0
cell 46.797187054214234 31.69858458470462 0.0 1.0 1.0 1 0 0 0.0 1.0 0
cell 15.409993166841556 30.68993667971244 0.0 1.0 1.0 1 0 0 0.0 1.0 0
cell 12.779747175127595 58.714246472065454 0.0 1.0 1.0 1 0 0 0.0 1.0 0
cell 7.489795496083973 40.002754045057515 0.0 1.0 1.0 1 0 0 0.0 1.0 0
cell 42.89575457986856 54.579780669075035 0.0 1.0 1.0 1 0 0 0.0 1.0 0
cell 5.379841907175526 25.64740350265859 0.0 1.0 1.0 1 0 0 0.0 1.0 0
cell 41.211905096946715 16.974253269233483 0.0 1.0 1.0 1 0 0 0.0 1.0 0
cell 18.972287824844692 48.19414157244418 0.0 1.0 1.0 1 0 0 0.0 1.0 0
cell 29.82803835499213 26.056516979297122 0.0 1.0 1.0 1 0 0 0.0 1.0 0
cell 50.793783553705985 26.044255773005762 0.0 1.0 1.0 1 0 0 0.0 1.0 0
cell 19.388805922894022 44.20219157152128 0.0 1.0 1.0 1 0 0 0.0 1.0 0
cell 45.948564415824265 22.47353639819632 0.0 1.0 1.0 1 0 0 0.0 1.0 0
cell 10.18214133374201 8.152470400413398 0.0 1.0 1.0 1 0 0 0.0 1.0 0
cell 44.596003532659175 36.55795713573933 0.0 1.0 1.0 1 0 0 0.0 1.0 0
cell 24.307006353460622 47.67033608837748 0.0 1.0 1.0 1 0 0 0.0 1.0 0
cell 14.800883095049828 36.71446229605527 0.0 1.0 1.0 1 0 0 0.0 1.0 0
cell 13.566375667533991 10.435513907723445 0.0 1.0 1.0 1 0 0 0.0 1.0 0
cell 52.02259597933759 50.56527616992762 0.0 1.0 1.0 1 0 0 0.0 1.0 0
cell 34.35423776677368 14.401845108057499 0.0 1.0 1.0 1 0 0 0.0 1.0 0
cell 24.700878390247443 3.4259048266703926 0.0 1.0 1.0 1 0 0 0.0 1.0 0
cell 39.54960034594546 15.864486777700359 0.0 1.0 1.0 1 0 0 0.0 1.0 0
cell 7.726446503856319 37.98902875834142 0.0 1.0 1.0 1 0 0 0.0 1.0 0
cell 22.865522248842055 44.52651032393295 0.0 1.0 1.0 1 0 0 0.0 1.0 0
cell 39.43959331327918 54.289059400863025 0.0 1.0 1.0 1 0 0 0.0 1.0 0
cell 30.50646544275939 56.344719666315775 0.0 1.0 1.0 1 0 0 0.0 1.0 0
cell 6.149358297516829 13.745789350946163 0.0 1.0 1.0 1 0 0 0.0 1.0 0
cell 36.81059656618625 26.68191358283431 0.0 1.0 1.0 1 0 0 0.0 1.0 0
cell 35.33150865819941 23.517940064645433 0.0 1.0 1.0 1 0 0 0.0 1.0 0
cell 8.383174471259858 49.20168335828867 0.0 1.0 1.0 1 0 0 0.0 1.0 0
cell 38.153930603715736 49.09189750055688 0.0 1.0 1.0 1 0 0 0.0 1.0 0
cell 38.36944152264275 47.05963470013193 0.0 1.0 1.0 1 0 0 0.0 1.0 0
cell 46.17664042158388 20.48843026038252 0.0 1.0 1.0 1 0 0 0.0 1.0 0
cell 45.40260399538989 5.541006154263882 0.0 1.0 1.0 1 0 0 0.0 1.0 0
cell 32.31973093736009 55.51493260614058 0.0 1.0 1.0 1 0 0 0.0 1.0 0
cell 32.56014951667185 34.337196147068624 0.0 1.0 1.0 1 0 0 0.0 1.0 0
cell 51.701720474501954 35.34262747669547 0.0 1.0 1.0 1 0 0 0.0 1.0 0
cell 58.51515799487712 55.35017603478499 0.0 1.0 1.0 1 0 0 0.0 1.0 0
cell 24.530195310513744 5.451011093779853 0.0 1.0 1.0 1 0 0 0.0 1.0 0
cell 26.343934590261 4.589957690449869 0.0 1.0 1.0 1 0 0 0.0 1.0 0
cell 44.56275762928567 55.807499900118096 0.0 1.0 1.0 1 0 0 0.0 1.0 0
cell 6.1128512625353215 17.68305252584579 0.0 1.0 1.0 1 0 0 0.0 1.0 0
cell 27.198519765846026 15.749341401567023 0.0 1.0 1.0 1 0 0 0.0 1.0 0
cell 9.122044314176353 0.9913498258320077 0.0 1.0 1.0 1 0 0 0.0 1.0 0
cell 5.820282702080367 58.06825453980246 0.0 1.0 1.0 1 0 0 0.0 1.0 0
cell 5.212493906232669 4.65142917282598 0.0 1.0 1.0 1 0 0 0.0 1.0 0
cell 30.884664264565803 52.371079869459756 0.0 1.0 1.0 1 0 0 0.0 1.0 0
cell 30.206067104758034 41.17790048965389 0.0 1.0 1.0 1 0 0 0.0 1.0 0
cell 30.70464577423304 54.37976984894275 0.0 1.0 1.0 1 0 0 0.0 1.0 0
cell 55.673168430784216 48.97349306023593 0.0 1.0 1.0 1 0 0 0.0 1.0 0
cell 54.91755380599029 20.420348912424593 0.0 1.0 1.0 1 0 0 0.0 1.0 0
cell 0.5984027114709377 39.24521740071215 0.0 1.0 1.0 1 0 0 0.0 1.0 0
cell 8.854452723459396 25.974073194711856 0.0 1.0 1.0 1 0 0 0.0 1.0 0
cell 12.484831288691836 24.3566994237074 0.0 1.0 1.0 1 0 0 0.0 1.0 0
cell 2.8250391640699584 34.45337590471191 0.0 1.0 1.0 1 0 0 0.0 1.0 0
cell 3.3062814553836817 47.67237353265881 0.0 1.0 1.0 1 0 0 0.0 1.0 0
cell 19.541250716034508 1.9824799182246167 0.0 1.0 1.0 1 0 0 0.0 1.0 0
cell 35.26139521214418 2.4133964173102074 0.0 1.0 1.0 1 0 0 0.0 1.0 0
cell 35.50913961380236 21.52280909490348 0.0 1.0 1.0 1 0 0 0.0 1.0 0
cell 53.02239618504149 11.749935200387679 0.0 1.0 1.0 1 0 0 0.0 1.0 0
cell 50.0903135922532 7.66264243621886 0.0 1.0 1.0 1 0 0 0.0 1.0 0
cell 34.93758066228452 27.490991470689845 0.0 1.0 1.0 1 0 0 0.0 1.0 0
cell 9.897980325271362 33.203227684125004 0.0 1.0 1.0 1 0 0 0.0 1.0 0
cell 53.06816626393868 21.22980238508539 0.0 1.0 1.0 1 0 0 0.0 1.0 0
cell 41.29949787087129 53.417512120773 0.0 1.0 1.0 1 0 0 0.0 1.0 0
cell 17.713304549908536 43.02540476049726 0.0 1.0 1.0 1 0 0 0.0 1.0 0
cell 46.69804803152002 50.97612288997122 0.0 1.0 1.0 1 0 0 0.0 1.0 0
cell 0.11129944494535415 26.06736345012962 0.0 1.0 1.0 1 0 0 0.0 1.0 0
cell 42.65152683800348 20.134799051984633 0.0 1.0 1.0 1 0 0 0.0 1.0 0
cell 23.392399299312427 19.371968961304272 0.0 1.0 1.0 1 0 0 0.0 1.0 0
cell 39.80592070331058 50.25408597335331 0.0 1.0 1.0 1 0 0 0.0 1.0 0
cell 25.217293605597344 18.56474774533326 0.0 1.0 1.0 1 0 0 0.0 1.0 0
cell 13.523516531086136 31.557852035559186 0.0 1.0 1.0 1 0 0 0.0 1.0 0
cell 37.88883413178623 14.70582350612742 0.0 1.0 1.0 1 0 0 0.0 1.0 0
cell 16.6143903613097 55.03098078441282 0.0 1.0 1.0 1 0 0 0.0 1.0 0
cell 28.733596531893962 18.831123751435854 0.0 1.0 1.0 1 0 0 0.0 1.0 0
cell 2.9698856892976355 32.48380667169791 0.0 1.0 1.0 1 0 0 0.0 1.0 0
cell 19.73820995871985 59.36454806806461 0.0 1.0 1.0 1 0 0 0.0 1.0 0
cell 0.20199577430011428 43.30921967202804 0.0 1.0 1.0 1 0 0 0.0 1.0 0
cell 18.418825756459317 54.189998916711744 0.0 1.0 1.0 1 0 0 0.0 1.0 0
cell 38.524607149455385 4.7876087002073575 0.0 1.0 1.0 1 0 0 0.0 1.0 0
cell 0.30573190507955594 24.0514743910694 0.0 1.0 1.0 1 0 0 0.0 1.0 0
cell 11.12929057024511 57.51636284770551 0.0 1.0 1.0 1 0 0 0.0 1.0 0
cell 0.7900185421492765 37.298549788868456 0.0 1.0 1.0 1 0 0 0.0 1.0 0
cell 56.02109997438521 14.410169540065935 0.0 1.0 1.0 1 0 0 0.0 1.0 0
cell 40.56384521153737 42.247858536946325 0.0 1.0 1.0 1 0 0 0.0 1.0 0
cell 13.715018400860156 8.438206502629768 0.0 1.0 1.0 1 0 0 0.0 1.0 0
cell 15.112038772162837 51.864123333518656 0.0 1.0 1.0 1 0 0 0.0 1.0 0
cell 33.99975287768329 56.66017630870635 0.0 1.0 1.0 1 0 0 0.0 1.0 0
cell 18.473358267400315 35.02935740687655 0.0 1.0 1.0 1 0 0 0.0 1.0 0
cell 19.724664697895854 40.200159653858414 0.0 1.0 1.0 1 0 0 0.0 1.0 0
cell 21.922075942280774 54.5189148283079 0.0 1.0 1.0 1 0 0 0.0 1.0 0
cell 13.731949170248765 29.491545394773404 0.0 1.0 1.0 1 0 0 0.0 1.0 0
cell 51.0223977322078 24.040200554030026 0.0 1.0 1.0 1 0 0 0.0 1.0 0
cell 31.64617956003094 44.377211962403365 0.0 1.0 1.0 1 0 0 0.0 1.0 0
cell 19.40720333377674 3.939317926198213 0.0 1.0 1.0 1 0 0 0.0 1.0 0
cell 13.184827068023889 35.54720197453548 0.0 1.0 1.0 1 0 0 0.0 1.0 0
cell 36.26623529667637 11.573137057496186 0.0 1.0 1.0 1 0 0 0.0 1.0 0
cell 54.29555835405638 3.641254831926453 0.0 1.0 1.0 1 0 0 0.0 1.0 0
cell 3.180762431497987 7.500090877433368 0.0 1.0 1.0 1 0 0 0.0 1.0 0
cell 39.70725445054319 13.875949799084363 0.0 1.0 1.0 1 0 0 0.0 1.0 0
cell 1.3318312750483874 31.251322174314303 0.0 1.0 1.0 1 0 0 0.0 1.0 0
cell 28.326369294852515 42.03986549253312 0.0 1.0 1.0 1 0 0 0.0 1.0 0
cell 27.469435666959985 32.901151208429816 0.0 1.0 1.0 1 0 0 0.0 1.0 0
cell 55.25510563635933 52.963402255325484 0.0 1.0 1.0 1 0 0 0.0 1.0 0
cell 55.10448011178165 35.69175238074136 0.0 1.0 1.0 1 0 0 0.0 1.0 0
cell 3.5739578763704127 3.5018600376415714 0.0 1.0 1.0 1 0 0 0.0 1.0 0
cell 37.65014634262793 35.862885332012226 0.0 1.0 1.0 1 0 0 0.0 1.0 0
cell 31.738749395670652 2.1254166601874354 0.0 1.0 1.0 1 0 0 0.0 1.0 0
cell 31.298720180172154 8.071551818202998 0.0 1.0 1.0 1 0 0 0.0 1.0 0
cell 42.412502261168534 41.37740595885589 0.0 1.0 1.0 1 0 0 0.0 1.0 0
cell 16.15099634140676 22.693309221510702 0.0 1.0 1.0 1 0 0 0.0 1.0 0
cell 42.86234968608259 18.189585829468374 0.0 1.0 1.0 1 0 0 0.0 1.0 0
cell 13.480732917209666 12.400370842118111 0.0 1.0 1.0 1 0 0 0.0 1.0 0
cell 0.08031823731921905 3.16042414221476 0.0 1.0 1.0 1 0 0 0.0 1.0 0
cell 56.61020773481047 12.450888242010452 0.0 1.0 1.0 1 0 0 0.0 1.0 0
cell 27.81064692742228 48.02777402476304 0.0 1.0 1.0 1 0 0 0.0 1.0 0
cell 24.891081636424055 22.54816397691946 0.0 1.0 1.0 1 0 0 0.0 1.0 0
cell 6.343735875473801 11.741791863890382 0.0 1.0 1.0 1 0 0 0.0 1.0 0
cell 24.362164349959198 7.427882692930272 0.0 1.0 1.0 1 0 0 0.0 1.0 0
cell 27.41124784725751 52.048376403353416 0.0 1.0 1.0 1 0 0 0.0 1.0 0
cell 21.4106726819911 22.21997365621048 0.0 1.0 1.0 1 0 0 0.0 1.0 0
cell 9.676843572847357 54.36521599956227 0.0 1.0 1.0 1 0 0 0.0 1.0 0
cell 55.996469998739336 44.95810592321639 0.0 1.0 1.0 1 0 0 0.0 1.0 0
cell 16.289865828578417 39.83619266933811 0.0 1.0 1.0 1 0 0 0.0 1.0 0
cell 6.370095608395622 52.056074652468226 0.0 1.0 1.0 1 0 0 0.0 1.0 0
cell 25.720757302897315 50.873275184789826 0.0 1.0 1.0 1 0 0 0.0 1.0 0
cell 42.53257775385407 58.58317004180039 0.0 1.0 1.0 1 0 0 0.0 1.0 0
cell 11.496036184156189 53.54869258731012 0.0 1.0 1.0 1 0 0 0.0 1.0 0
cell 9.276085388778686 58.379674956728074 0.0 1.0 1.0 1 0 0 0.0 1.0 0
cell 12.381489802192988 3.335510399850038 0.0 1.0 1.0 1 0 0 0.0 1.0 0
cell 36.16581337343 51.887720070670994 0.0 1.0 1.0 1 0 0 0.0 1.0 0
cell 18.860252654360444 9.93026412461351 0.0 1.0 1.0 1 0 0 0.0 1.0 0
cell 27.65918332656539 30.877885136461845 0.0 1.0 1.0 1 0 0 0.0 1.0 0
cell 38.99153708037968 21.884151708505236 0.0 1.0 1.0 1 0 0 0.0 1.0 0
cell 14.151704650241534 25.521225021034937 0.0 1.0 1.0 1 0 0 0.0 1.0 0
cell 51.88772431981919 33.29985066363703 0.0 1.0 1.0 1 0 0 0.0 1.0 0
cell 30.14024982159726 0.9423073851916218 0.0 1.0 1.0 1 0 0 0.0 1.0 0
cell 54.244836581828444 26.447988717650386 0.0 1.0 1.0 1 0 0 0.0 1.0 0
cell 40.81077208339681 20.988042286898377 0.0 1.0 1.0 1 0 0 0.0 1.0 0
cell 40.94623050005378 57.41448847377654 0.0 1.0 1.0 1 0 0 0.0 1.0 0
cell 22.875408833038676 4.308668927597029 0.0 1.0 1.0 1 0 0 0.0 1.0 0
cell 39.52300321473263 35.059121075528076 0.0 1.0 1.0 1 0 0 0.0 1.0 0
cell 13.302439750448839 14.419399059781501 0.0 1.0 1.0 1 0 0 0.0 1.0 0
cell 45.123653818615885 13.288208209087573 0.0 1.0 1.0 1 0 0 0.0 1.0 0
cell 0.7217660472235682 56.53827398261818 0.0 1.0 1.0 1 0 0 0.0 1.0 0
cell 21.186715925487686 3.0894566941360226 0.0 1.0 1.0 1 0 0 0.0 1.0 0
cell 1.1233459590009809 10.298480369327393 0.0 1.0 1.0 1 0 0 0.0 1.0 0
cell 57.15306067489184 32.8787864810754 0.0 1.0 1.0 1 0 0 0.0 1.0 0
cell 51.2509980100357 58.601168492328924 0.0 1.0 1.0 1 0 0 0.0 1.0 0
cell 16.492376906707648 18.68545492704903 0.0 1.0 1.0 1 0 0 0.0 1.0 0
cell 4.913708968442192 48.843808186044306 0.0 1.0 1.0 1 0 0 0.0 1.0 0
cell 16.444066369688507 37.87612485900408 0.0 1.0 1.0 1 0 0 0.0 1.0 0
cell 51.932091491724094 15.920945175063574 0.0 1.0 1.0 1 0 0 0.0 1.0 0
cell 32.972436054351995 9.28837598587523 0.0 1.0 1.0 1 0 0 0.0 1.0 0
cell 42.606286189944974 39.40616485812158 0.0 1.0 1.0 1 0 0 0.0 1.0 0
cell 49.72616682162704 38.109219884412994 0.0 1.0 1.0 1 0 0 0.0 1.0 0
cell 6.60442904931278 30.805906320975012 0.0 1.0 1.0 1 0 0 0.0 1.0 0
cell 36.1816362247026 13.58162188046152 0.0 1.0 1.0 1 0 0 0.0 1.0 0
cell 45.690551189403145 43.73214197944515 0.0 1.0 1.0 1 0 0 0.0 1.0 0
cell 18.438029241447264 15.876300033560733 0.0 1.0 1.0 1 0 0 0.0 1.0 0
cell 14.430733844700395 0.4801058425357388 0.0 1.0 1.0 1 0 0 0.0 1.0 0
cell 5.5759001120576945 23.60559407478727 0.0 1.0 1.0 1 0 0 0.0 1.0 0
cell 58.224818247565395 40.10952677711187 0.0 1.0 1.0 1 0 0 0.0 1.0 0
cell 17.785913237833423 23.849613632782795 0.0 1.0 1.0 1 0 0 0.0 1.0 0
cell 2.5816115750155975 13.488982852323012 0.0 1.0 1.0 1 0 0 0.0 1.0 0
cell 10.035958045625545 10.12617228980046 0.0 1.0 1.0 1 0 0 0.0 1.0 0
cell 57.968226308555714 42.09069567669555 0.0 1.0 1.0 1 0 0 0.0 1.0 0
cell 42.699265158452015 56.60925544223278 0.0 1.0 1.0 1 0 0 0.0 1.0 0
cell 45.38564172519256 28.523659492134673 0.0 1.0 1.0 1 0 0 0.0 1.0 0
cell 35.644284947662975 38.730268119432175 0.0 1.0 1.0 1 0 0 0.0 1.0 0
cell 47.00183102204106 12.440300218188865 0.0 1.0 1.0 1 0 0 0.0 1.0 0
cell 34.62122994566254 10.427158019909479 0.0 1.0 1.0 1 0 0 0.0 1.0 0
cell 39.98573186788454 7.947678862761337 0.0 1.0 1.0 1 0 0 0.0 1.0 0
cell 1.3109107176932044 50.48533037177423 0.0 1.0 1.0 1 0 0 0.0 1.0 0
cell 6.513523936697386 9.799379869345623 0.0 1.0 1.0 1 0 0 0.0 1.0 0
cell 11.056788917498324 21.20562481795298 0.0 1.0 1.0 1 0 0 0.0 1.0 0
cell 42.202461177486974 43.405345691194356 0.0 1.0 1.0 1 0 0 0.0 1.0 0
cell 6.416413076984403 32.80773717551726 0.0 1.0 1.0 1 0 0 0.0 1.0 0
cell 38.55714689126158 45.08040035953447 0.0 1.0 1.0 1 0 0 0.0 1.0 0
cell 7.25890264200144 1.828862867160484 0.0 1.0 1.0 1 0 0 0.0 1.0 0
cell 30.947467179552202 33.18989579154531 0.0 1.0 1.0 1 0 0 0.0 1.0 0
cell 23.786918360894866 34.57201488935452 0.0 1.0 1.0 1 0 0 0.0 1.0 0
cell 10.057615587429858 31.158885233806707 0.0 1.0 1.0 1 0 0 0.0 1.0 0
cell 2.0481250426538598 42.45662799837428 0.0 1.0 1.0 1 0 0 0.0 1.0 0
cell 45.288858544972165 47.75017095202402 0.0 1.0 1.0 1 0 0 0.0 1.0 0
cell 52.20454278978763 48.53117479704896 0.0 1.0 1.0 1 0 0 0.0 1.0 0
cell 17.374515305912883 6.757823862852011 0.0 1.0 1.0 1 0 0 0.0 1.0 0
cell 14.588970974647456 57.87918731991087 0.0 1.0 1.0 1 0 0 0.0 1.0 0
cell 0.7095563026178597 20.02575359196189 0.0 1.0 1.0 1 0 0 0.0 1.0 0
cell 38.03964041430099 31.84999370471688 0.0 1.0 1.0 1 0 0 0.0 1.0 0
cell 59.11725708876915 49.290749297320666 0.0 1.0 1.0 1 0 0 0.0 1.0 0
cell 32.48703802966827 53.54902099957407 0.0 1.0 1.0 1 0 0 0.0 1.0 0
cell 16.577824559955765 16.743596409216906 0.0 1.0 1.0 1 0 0 0.0 1.0 0
cell 15.190213636023273 32.70325845717836 0.0 1.0 1.0 1 0 0 0.0 1.0 0
cell 55.7318149674901 16.386510667080515 0.0 1.0 1.0 1 0 0 0.0 1.0 0
cell 54.3841621773119 13.175533267795098 0.0 1.0 1.0 1 0 0 0.0 1.0 0
cell 2.2209002860944183 40.47505718023122 0.0 1.0 1.0 1 0 0 0.0 1.0 0
cell 30.161929526786224 22.032782866291623 0.0 1.0 1.0 1 0 0 0.0 1.0 0
cell 44.952925010049995 32.549025632536434 0.0 1.0 1.0 1 0 0 0.0 1.0 0
cell 14.663550087690085 19.555919602428506 0.0 1.0 1.0 1 0 0 0.0 1.0 0
cell 4.502642473851386 16.5147773653629 0.0 1.0 1.0 1 0 0 0.0 1.0 0
cell 22.099628539634057 52.52144741431361 0.0 1.0 1.0 1 0 0 0.0 1.0 0
cell 31.47381362078392 46.36691932295044 0.0 1.0 1.0 1 0 0 0.0 1.0 0
cell 43.612560376101584 10.247421183934415 0.0 1.0 1.0 1 0 0 0.0 1.0 0
cell 31.849570477616247 23.1932018924028 0.0 1.0 1.0 1 0 0 0.0 1.0 0
cell 36.746072282349814 45.864082996400384 0.0 1.0 1.0 1 0 0 0.0 1.0 0
cell 31.253940366751863 48.35663089104128 0.0 1.0 1.0 1 0 0 0.0 1.0 0
cell 2.7038464226261256 17.260409102733636 0.0 1.0 1.0 1 0 0 0.0 1.0 0
cell 35.04486871125476 4.454518043213233 0.0 1.0 1.0 1 0 0 0.0 1.0 0
cell 58.31485150175964 20.835831383663805 0.0 1.0 1.0 1 0 0 0.0 1.0 0
cell 20.249810643001226 15.081346255988418 0.0 1.0 1.0 1 0 0 0.0 1.0 0
cell 18.08546872280811 58.19776022295573 0.0 1.0 1.0 1 0 0 0.0 1.0 0
cell 32.931813633518374 30.347156710416495 0.0 1.0 1.0 1 0 0 0.0 1.0 0
cell 47.667748057545964 10.595380520865527 0.0 1.0 1.0 1 0 0 0.0 1.0 0
cell 22.3678316456322 10.207878978790141 0.0 1.0 1.0 1 0 0 0.0 1.0 0
cell 52.24439946234391 29.272401475431895 0.0 1.0 1.0 1 0 0 0.0 1.0 0
cell 19.208824238260338 5.934572914383778 0.0 1.0 1.0 1 0 0 0.0 1.0 0
cell 36.94404540175797 24.695673684711856 0.0 1.0 1.0 1 0 0 0.0 1.0 0
cell 18.623045808430554 52.222002847059464 0.0 1.0 1.0 1 0 0 0.0 1.0 0
cell 10.407055655785115 6.132999371344475 0.0 1.0 1.0 1 0 0 0.0 1.0 0
cell 33.332958564669276 26.332434088185494 0.0 1.0 1.0 1 0 0 0.0 1.0 0
cell 34.41787209327495 33.53989764632258 0.0 1.0 1.0 1 0 0 0.0 1.0 0
cell 23.960786978553084 51.66915994779664 0.0 1.0 1.0 1 0 0 0.0 1.0 0
cell 36.225832945726765 32.651044878806424 0.0 1.0 1.0 1 0 0 0.0 1.0 0
cell 53.02743616660111 57.79808440928362 0.0 1.0 1.0 1 0 0 0.0 1.0 0
cell 49.331820606364445 11.679156282258258 0.0 1.0 1.0 1 0 0 0.0 1.0 0
cell 54.75439558515276 39.71044300151666 0.0 1.0 1.0 1 0 0 0.0 1.0 0
cell 36.58175601349787 7.572531510330058 0.0 1.0 1.0 1 0 0 0.0 1.0 0
cell 28.168668903511882 24.878900792885773 0.0 1.0 1.0 1 0 0 0.0 1.0 0
cell 9.358863160296204 39.17613384435437 0.0 1.0 1.0 1 0 0 0.0 1.0 0
cell 48.70795895197704 13.617447677930777 0.0 1.0 1.0 1 0 0 0.0 1.0 0
cell 2.3070133183329404 21.218232885456597 0.0 1.0 1.0 1 0 0 0.0 1.0 0
cell 8.614091550781106 47.19003793828345 0.0 1.0 1.0 1 0 0 0.0 1.0 0
cell 27.24358685943703 54.00882923948303 0.0 1.0 1.0 1 0 0 0.0 1.0 0
cell 41.95861704227307 5.180441965844881 0.0 1.0 1.0 1 0 0 0.0 1.0 0
cell 44.93092483025806 15.30532900831156 0.0 1.0 1.0 1 0 0 0.0 1.0 0
cell 8.182369100447014 10.946206428280087 0.0 1.0 1.0 1 0 0 0.0 1.0 0
cell 32.767057842409805 11.297020011925467 0.0 1.0 1.0 1 0 0 0.0 1.0 0
cell 16.824352623714496 33.89360105552409 0.0 1.0 1.0 1 0 0 0.0 1.0 0
cell 47.1437490076034 27.69421913734788 0.0 1.0 1.0 1 0 0 0.0 1.0 0
cell 52.838335859762886 23.23602338281296 0.0 1.0 1.0 1 0 0 0.0 1.0 0
cell 20.7321389649171 9.090989236876458 0.0 1.0 1.0 1 0 0 0.0 1.0 0
cell 55.882099543041925 27.63817454820278 0.0 1.0 1.0 1 0 0 0.0 1.0 0
cell 36.397266991918464 9.632744329222065 0.0 1.0 1.0 1 0 0 0.0 1.0 0
cell 31.116693095390442 31.18998171123745 0.0 1.0 1.0 1 0 0 0.0 1.0 0
cell 28.843711321406914 55.2171519486664 0.0 1.0 1.0 1 0 0 0.0 1.0 0
cell 43.64163509448118 46.60915496549323 0.0 1.0 1.0 1 0 0 0.0 1.0 0
cell 13.943695259674875 27.540875804859898 0.0 1.0 1.0 1 0 0 0.0 1.0 0
cell 19.429416956831343 25.03917066376644 0.0 1.0 1.0 1 0 0 0.0 1.0 0
cell 54.69586874800407 22.44418749470433 0.0 1.0 1.0 1 0 0 0.0 1.0 0
cell 15.533679980186177 47.81870636256151 0.0 1.0 1.0 1 0 0 0.0 1.0 0
cell 48.85703738470008 6.095594889991156 0.0 1.0 1.0 1 0 0 0.0 1.0 0
cell 47.600227395250855 23.647555320255076 0.0 1.0 1.0 1 0 0 0.0 1.0 0
cell 29.643332032719538 47.183741361964 0.0 1.0 1.0 1 0 0 0.0 1.0 0
cell 14.983690270917878 53.90376187450154 0.0 1.0 1.0 1 0 0 0.0 1.0 0
cell 4.977681896824691 29.671025632259155 0.0 1.0 1.0 1 0 0 0.0 1.0 0
cell 11.856509872433405 9.297899043370727 0.0 1.0 1.0 1 0 0 0.0 1.0 0
cell 30.018671597929877 24.024798783174987 0.0 1.0 1.0 1 0 0 0.0 1.0 0
cell 21.973100418828114 35.39495324255994 0.0 1.0 1.0 1 0 0 0.0 1.0 0
cell 51.82424361875639 52.56633045237894 0.0 1.0 1.0 1 0 0 0.0 1.0 0
cell 55.37923576313116 9.019918345893583 0.0 1.0 1.0 1 0 0 0.0 1.0 0
cell 46.78512986746067 14.46244981875654 0.0 1.0 1.0 1 0 0 0.0 1.0 0
cell 35.85282101221096 17.546990637718984 0.0 1.0 1.0 1 0 0 0.0 1.0 0
cell 57.90632854909575 24.876729365384815 0.0 1.0 1.0 1 0 0 0.0 1.0 0
cell 57.61821282205635 46.13343593114673 0.0 1.0 1.0 1 0 0 0.0 1.0 0
cell 27.826855959366736 7.79876848736043 0.0 1.0 1.0 1 0 0 0.0 1.0 0
cell 40.40293510197073 44.243762658824366 0.0 1.0 1.0 1 0 0 0.0 1.0 0
cell 35.488386998809375 40.67440913477385 0.0 1.0 1.0 1 0 0 0.0 1.0 0
cell 31.451590381196063 6.137114433538361 0.0 1.0 1.0 1 0 0 0.0 1.0 0
cell 33.64349011570178 41.542816668820116 0.0 1.0 1.0 1 0 0 0.0 1.0 0
cell 38.173525216282016 8.74205125583945 0.0 1.0 1.0 1 0 0 0.0 1.0 0
cell 57.48716113717575 6.057042335294727 0.0 1.0 1.0 1 0 0 0.0 1.0 0
cell 2.637028956280848 36.44909123296516 0.0 1.0 1.0 1 0 0 0.0 1.0 0
cell 47.68800229453446 40.90239933416754 0.0 1.0 1.0 1 0 0 0.0 1.0 0
cell 25.19722297006714 56.866111786882115 0.0 1.0 1.0 1 0 0 0.0 1.0 0
cell 54.997790660703274 11.23453781368462 0.0 1.0 1.0 1 0 0 0.0 1.0 0
cell 29.162095279598333 12.918910042980821 0.0 1.0 1.0 1 0 0 0.0 1.0 0
cell 27.82154969115855 28.87932731394615 0.0 1.0 1.0 1 0 0 0.0 1.0 0
cell 34.18613941097522 16.415404724872698 0.0 1.0 1.0 1 0 0 0.0 1.0 0
cell 29.280156529813226 32.03184764260849 0.0 1.0 1.0 1 0 0 0.0 1.0 0
cell 42.102835684000695 26.15302343542853 0.0 1.0 1.0 1 0 0 0.0 1.0 0
cell 44.20810978711891 40.57983242077071 0.0 1.0 1.0 1 0 0 0.0 1.0 0
cell 51.10837035264421 41.33326293092937 0.0 1.0 1.0 1 0 0 0.0 1.0 0
cell 56.285162690520615 0.7778010688109086 0.0 1.0 1.0 1 0 0 0.0 1.0 0
cell 16.059508404326216 1.6073188145749155 0.0 1.0 1.0 1 0 0 0.0 1.0 0
cell 38.91376306649375 0.8116729737327659 0.0 1.0 1.0 1 0 0 0.0 1.0 0
cell 50.98303922775215 43.29255272774983 0.0 1.0 1.0 1 0 0 0.0 1.0 0
cell 41.92236308438276 28.185481547156765 0.0 1.0 1.0 1 0 0 0.0 1.0 0
cell 35.13935077818277 25.50704529229987 0.0 1.0 1.0 1 0 0 0.0 1.0 0
cell 8.248048966993311 51.193964061853094 0.0 1.0 1.0 1 0 0 0.0 1.0 0
cell 57.25083056299984 8.106373245106397 0.0 1.0 1.0 1 0 0 0.0 1.0 0
cell 33.398418072791564 3.285450583926412 0.0 1.0 1.0 1 0 0 0.0 1.0 0
cell 17.346174504474043 46.99863584582257 0.0 1.0 1.0 1 0 0 0.0 1.0 0
cell 12.568169224819624 1.3086240540966176 0.0 1.0 1.0 1 0 0 0.0 1.0 0
cell 0.5062280530772426 22.059704589979265 0.0 1.0 1.0 1 0 0 0.0 1.0 0
cell 56.67606219029745 19.61410354715072 0.0 1.0 1.0 1 0 0 0.0 1.0 0
cell 20.087524163784938 17.019351089956867 0.0 1.0 1.0 1 0 0 0.0 1.0 0
cell 58.483539730135526 18.815691243101643 0.0 1.0 1.0 1 0 0 0.0 1.0 0
cell 24.020713276133723 11.363577562190335 0.0 1.0 1.0 1 0 0 0.0 1.0 0
cell 34.62086468030114 31.51877735465598 0.0 1.0 1.0 1 0 0 0.0 1.0 0
cell 51.22798031562802 22.0030522336177 0.0 1.0 1.0 1 0 0 0.0 1.0 0
cell 48.07412172789088 36.90398875936449 0.0 1.0 1.0 1 0 0 0.0 1.0 0
cell 11.386541856893784 36.32519277545857 0.0 1.0 1.0 1 0 0 0.0 1.0 0
cell 6.978588282007603 26.840661381355766 0.0 1.0 1.0 1 0 0 0.0 1.0 0
cell 29.473411512002095 8.959907523670514 0.0 1.0 1.0 1 0 0 0.0 1.0 0
cell 58.58026873364124 36.07644785929825 0.0 1.0 1.0 1 0 0 0.0 1.0 0
cell 15.761981490636819 26.67008182420414 0.0 1.0 1.0 1 0 0 0.0 1.0 0
cell 20.684560597923166 30.169406937388057 0.0 1.0 1.0 1 0 0 0.0 1.0 0
cell 2.3490756991025905 57.70636815354787 0.0 1.0 1.0 1 0 0 0.0 1.0 0
cell 33.089842883067185 7.30788863342358 0.0 1.0 1.0 1 0 0 0.0 1.0 0
cell 5.438598053382102 2.694431736414375 0.0 1.0 1.0 1 0 0 0.0 1.0 0
cell 46.18088183851113 56.99062307454863 0.0 1.0 1.0 1 0 0 0.0 1.0 0
cell 3.1227121600300127 49.669200833120165 0.0 1.0 1.0 1 0 0 0.0 1.0 0
cell 30.547221801626836 18.006575447052896 0.0 1.0 1.0 1 0 0 0.0 1.0 0
cell 29.63529419821691 6.919593897270599 0.0 1.0 1.0 1 0 0 0.0 1.0 0
cell 12.641535997563597 41.50035841212597 0.0 1.0 1.0 1 0 0 0.0 1.0 0
cell 53.54121059897013 17.12333280941148 0.0 1.0 1.0 1 0 0 0.0 1.0 0
cell 48.22468579955691 17.623110267708377 0.0 1.0 1.0 1 0 0 0.0 1.0 0
cell 4.220240217204514 56.91086857609238 0.0 1.0 1.0 1 0 0 0.0 1.0 0
cell 11.538253092972203 15.202491663845533 0.0 1.0 1.0 1 0 0 0.0 1.0 0
cell 48.56289067853382 50.15534784123346 0.0 1.0 1.0 1 0 0 0.0 1.0 0
cell 0.13003064486055732 16.21284113207879 0.0 1.0 1.0 1 0 0 0.0 1.0 0
cell 21.20036634110004 24.28253964768399 0.0 1.0 1.0 1 0 0 0.0 1.0 0
cell 24.136097023850507 49.705731919702295 0.0 1.0 1.0 1 0 0 0.0 1.0 0
cell 25.781946672489248 31.68459111206934 0.0 1.0 1.0 1 0 0 0.0 1.0 0
cell 0.9288683008812008 18.06313894819013 0.0 1.0 1.0 1 0 0 0.0 1.0 0
cell 20.334160255719016 34.19905050149556 0.0 1.0 1.0 1 0 0 0.0 1.0 0
cell 14.071121600392273 44.699491300280606 0.0 1.0 1.0 1 0 0 0.0 1.0 0
cell 52.94675563606403 40.485379846604 0.0 1.0 1.0 1 0 0 0.0 1.0 0
cell 14.039933245691625 4.479363920439602 0.0 1.0 1.0 1 0 0 0.0 1.0 0
cell 12.064618324705263 47.554117589240484 0.0 1.0 1.0 1 0 0 0.0 1.0 0
cell 47.004017793288064 6.793420577988833 0.0 1.0 1.0 1 0 0 0.0 1.0 0
cell 6.716546255954149 7.7751346083064465 0.0 1.0 1.0 1 0 0 0.0 1.0 0
cell 12.982235204257055 37.47052169454622 0.0 1.0 1.0 1 0 0 0.0 1.0 0
cell 12.029581969836588 7.288578027789521 0.0 1.0 1.0 1 0 0 0.0 1.0 0
cell 57.684587156546 4.0318277415488595 0.0 1.0 1.0 1 0 0 0.0 1.0 0
cell 14.480402413918267 21.530395723376916 0.0 1.0 1.0 1 0 0 0.0 1.0 0
cell 31.341185281455914 29.195336346488848 0.0 1.0 1.0 1 0 0 0.0 1.0 0
cell 34.368522417568364 52.700678795611616 0.0 1.0 1.0 1 0 0 0.0 1.0 0
cell 36.57721165766647 28.651330904685107 0.0 1.0 1.0 1 0 0 0.0 1.0 0
cell 41.49536201703454 32.17666443531924 0.0 1.0 1.0 1 0 0 0.0 1.0 0
cell 56.077075068749835 2.8264357209200655 0.0 1.0 1.0 1 0 0 0.0 1.0 0
cell 58.1037477540793 22.849727980804776 0.0 1.0 1.0 1 0 0 0.0 1.0 0
cell 25.070629144268832 20.51630938670937 0.0 1.0 1.0 1 0 0 0.0 1.0 0
cell 40.334554972197175 4.007565246554141 0.0 1.0 1.0 1 0 0 0.0 1.0 0
cell 9.562567196282558 18.04948452644877 0.0 1.0 1.0 1 0 0 0.0 1.0 0
cell 50.56551535524618 47.29943774603138 0.0 1.0 1.0 1 0 0 0.0 1.0 0
cell 18.78332998080549 11.8964825206185 0.0 1.0 1.0 1 0 0 0.0 1.0 0
cell 20.27833287131012 53.36663593747811 0.0 1.0 1.0 1 0 0 0.0 1.0 0
cell 39.73247315327301 33.009690889417385 0.0 1.0 1.0 1 0 0 0.0 1.0 0
cell 1.945747389572878 15.376656965169532 0.0 1.0 1.0 1 0 0 0.0 1.0 0
cell 3.838060116871704 41.63286071481671 0.0 1.0 1.0 1 0 0 0.0 1.0 0
cell 35.110305111647044 44.68803575941275 0.0 1.0 1.0 1 0 0 0.0 1.0 0
cell 33.84760642251056 39.52672354486217 0.0 1.0 1.0 1 0 0 0.0 1.0 0
cell 45.3650877019413 11.30243268656946 0.0 1.0 1.0 1 0 0 0.0 1.0 0
cell 13.38465403420168 33.4902615458378 0.0 1.0 1.0 1 0 0 0.0 1.0 0
cell 55.810219977517285 4.875041747864935 0.0 1.0 1.0 1 0 0 0.0 1.0 0
cell 23.199057786461154 21.411433907718045 0.0 1.0 1.0 1 0 0 0.0 1.0 0
cell 18.7934607699994 50.19507970183651 0.0 1.0 1.0 1 0 0 0.0 1.0 0
cell 4.820392853439023 31.63485959557478 0.0 1.0 1.0 1 0 0 0.0 1.0 0
cell 3.692763434739349 43.65394825140515 0.0 1.0 1.0 1 0 0 0.0 1.0 0
cell 53.111561861962095 38.52506700194206 0.0 1.0 1.0 1 0 0 0.0 1.0 0
cell 12.794415957177979 39.508162948067856 0.0 1.0 1.0 1 0 0 0.0 1.0 0
cell 9.842733528296291 12.108153274181838 0.0 1.0 1.0 1 0 0 0.0 1.0 0
cell 12.864026975477508 20.354983105991597 0.0 1.0 1.0 1 0 0 0.0 1.0 0
cell 10.771855496894624 42.3641105938596 0.0 1.0 1.0 1 0 0 0.0 1.0 0
cell 41.78798642554944 7.114613748871217 0.0 1.0 1.0 1 0 0 0.0 1.0 0
cell 58.15411227069282 59.372504795950626 0.0 1.0 1.0 1 0 0 0.0 1.0 0
cell 49.33928191069004 42.079312203953236 0.0 1.0 1.0 1 0 0 0.0 1.0 0
cell 35.68883865034452 19.504782024637944 0.0 1.0 1.0 1 0 0 0.0 1.0 0
cell 5.319776810368829 44.80995931530015 0.0 1.0 1.0 1 0 0 0.0 1.0 0
cell 3.0045394507860754 9.492767257030255 0.0 1.0 1.0 1 0 0 0.0 1.0 0
cell 6.075590704764401 36.79071542807922 0.0 1.0 1.0 1 0 0 0.0 1.0 0
cell 29.42314791244002 49.1951050403714 0.0 1.0 1.0 1 0 0 0.0 1.0 0
cell 27.282469759996324 34.86564319435746 0.0 1.0 1.0 1 0 0 0.0 1.0 0
cell 22.180530381700223 12.22367481784591 0.0 1.0 1.0 1 0 0 0.0 1.0 0
cell 9.881260038590739 14.059731259651855 0.0 1.0 1.0 1 0 0 0.0 1.0 0
cell 47.87673521562585 38.91255507465152 0.0 1.0 1.0 1 0 0 0.0 1.0 0
cell 33.65489581880657 22.320195193519627 0.0 1.0 1.0 1 0 0 0.0 1.0 0
cell 8.531441550561292 6.982307432849899 0.0 1.0 1.0 1 0 0 0.0 1.0 0
cell 5.634767394606791 0.6330535845057024 0.0 1.0 1.0 1 0 0 0.0 1.0 0
cell 50.88499114098366 3.2420042813904155 0.0 1.0 1.0 1 0 0 0.0 1.0 0
cell 14.269730562916108 42.65764202508117 0.0 1.0 1.0 1 0 0 0.0 1.0 0
cell 2.4725916420123597 19.243703430822293 0.0 1.0 1.0 1 0 0 0.0 1.0 0
cell 1.92422451894853 25.215820452419123 0.0 1.0 1.0 1 0 0 0.0 1.0 0
cell 49.10883253345223 44.135016370878155 0.0 1.0 1.0 1 0 0 0.0 1.0 0
cell 6.578661765632298 50.01779330852767 0.0 1.0 1.0 1 0 0 0.0 1.0 0
cell 19.914094521486895 19.046735635895793 0.0 1.0 1.0 1 0 0 0.0 1.0 0
cell 30.968805058575814 12.044037695437426 0.0 1.0 1.0 1 0 0 0.0 1.0 0
cell 17.400905008943866 27.869053099851975 0.0 1.0 1.0 1 0 0 0.0 1.0 0
cell 51.46206695452066 56.609264034679164 0.0 1.0 1.0 1 0 0 0.0 1.0 0
cell 42.05220146313095 45.362017527079445 0.0 1.0 1.0 1 0 0 0.0 1.0 0
cell 20.459524174863006 51.35044528256387 0.0 1.0 1.0 1 0 0 0.0 1.0 0
cell 16.432809599808646 57.0413351252415 0.0 1.0 1.0 1 0 0 0.0 1.0 0
cell 40.07077976619617 29.055354804971614 0.0 1.0 1.0 1 0 0 0.0 1.0 0
cell 50.40028574382036 30.07892749561834 0.0 1.0 1.0 1 0 0 0.0 1.0 0
cell 20.843941108122124 7.1129739325369785 0.0 1.0 1.0 1 0 0 0.0 1.0 0
cell 4.481715366594959 12.574055058347763 0.0 1.0 1.0 1 0 0 0.0 1.0 0
cell 43.39132593680185 12.267557765359042 0.0 1.0 1.0 1 0 0 0.0 1.0 0
cell 51.8774528705568 8.598833271037208 0.0 1.0 1.0 1 0 0 0.0 1.0 0
cell 46.06582280149869 39.72540861766268 0.0 1.0 1.0 1 0 0 0.0 1.0 0
cell 33.45807922381484 24.34589503357104 0.0 1.0 1.0 1 0 0 0.0 1.0 0
cell 37.65924618341821 55.03104646030195 0.0 1.0 1.0 1 0 0 0.0 1.0 0
cell 26.34362454285858 25.70267216163058 0.0 1.0 1.0 1 0 0 0.0 1.0 0
cell 4.2807150952286905 14.5773468732747 0.0 1.0 1.0 1 0 0 0.0 1.0 0
cell 28.924855889462126 36.01896866454534 0.0 1.0 1.0 1 0 0 0.0 1.0 0
cell 0.05594221316951019 45.2790122105828 0.0 1.0 1.0 1 0 0 0.0 1.0 0
cell 40.70099149109083 0.0434627436773201 0.0 1.0 1.0 1 0 0 0.0 1.0 0
cell 48.37965537158422 52.14702369044903 0.0 1.0 1.0 1 0 0 0.0 1.0 0
cell 24.170122783709456 9.42952739290147 0.0 1.0 1.0 1 0 0 0.0 1.0 0
cell 25.966417379943724 48.81952997520799 0.0 1.0 1.0 1 0 0 0.0 1.0 0
cell 1.695296700257536 46.47950330270458 0.0 1.0 1.0 1 0 0 0.0 1.0 0
cell 44.809101040300824 34.54589087830745 0.0 1.0 1.0 1 0 0 0.0 1.0 0
cell 57.258219350090485 50.149161822666166 0.0 1.0 1.0 1 0 0 0.0 1.0 0
cell 31.618046074247655 4.0613574238761085 0.0 1.0 1.0 1 0 0 0.0 1.0 0
cell 46.231948846225976 37.745697237806915 0.0 1.0 1.0 1 0 0 0.0 1.0 0
cell 37.68701788936839 16.714947986724095 0.0 1.0 1.0 1 0 0 0.0 1.0 0
cell 23.199130702451487 0.280013225196376 0.0 1.0 1.0 1 0 0 0.0 1.0 0
cell 22.685126697836438 27.38936931858589 0.0 1.0 1.0 1 0 0 0.0 1.0 0
cell 31.668506957778867 25.156713271146035 0.0 1.0 1.0 1 0 0 0.0 1.0 0
cell 33.25409848742411 5.253866198062822 0.0 1.0 1.0 1 0 0 0.0 1.0 0
cell 43.55365863883475 29.31836574341427 0.0 1.0 1.0 1 0 0 0.0 1.0 0
cell 52.07943880858501 31.284148247463442 0.0 1.0 1.0 1 0 0 0.0 1.0 0
cell 17.540000416779037 4.818777198186465 0.0 1.0 1.0 1 0 0 0.0 1.0 0
cell 21.72779009592383 56.502465315107955 0.0 1.0 1.0 1 0 0 0.0 1.0 0
cell 24.857603999190427 1.4615551421577302 0.0 1.0 1.0 1 0 0 0.0 1.0 0
cell 44.1810708741562 0.39750546013397225 0.0 1.0 1.0 1 0 0 0.0 1.0 0
cell 41.34714212734498 15.042592616738872 0.0 1.0 1.0 1 0 0 0.0 1.0 0
cell 44.713710231513225 17.294721300635814 0.0 1.0 1.0 1 0 0 0.0 1.0 0
cell 7.876450135895464 36.04294121447111 0.0 1.0 1.0 1 0 0 0.0 1.0 0
cell 32.21017266269002 38.335222418422745 0.0 1.0 1.0 1 0 0 0.0 1.0 0
cell 43.09331704472063 52.61978393607499 0.0 1.0 1.0 1 0 0 0.0 1.0 0
cell 31.836197146629267 42.36461058507446 0.0 1.0 1.0 1 0 0 0.0 1.0 0
cell 27.369349989517662 13.740979258839708 0.0 1.0 1.0 1 0 0 0.0 1.0 0
cell 51.3682571459925 39.300712744308974 0.0 1.0 1.0 1 0 0 0.0 1.0 0
cell 9.193527451187183 22.024781354722275 0.0 1.0 1.0 1 0 0 0.0 1.0 0
cell 15.392081518827425 9.597676352037064 0.0 1.0 1.0 1 0 0 0.0 1.0 0
cell 39.890309321321865 31.012136279383856 0.0 1.0 1.0 1 0 0 0.0 1.0 0
cell 23.559735193508953 17.4053831848749 0.0 1.0 1.0 1 0 0 0.0 1.0 0
cell 44.76505144496339 53.76113445349356 0.0 1.0 1.0 1 0 0 0.0 1.0 0
cell 1.51255862115598 6.328174171289982 0.0 1.0 1.0 1 0 0 0.0 1.0 0
cell 7.672108030615643 57.21256632111721 0.0 1.0 1.0 1 0 0 0.0 1.0 0
cell 6.288840976623236 15.703842639725961 0.0 1.0 1.0 1 0 0 0.0 1.0 0
cell 39.11734232206391 39.05731166298585 0.0 1.0 1.0 1 0 0 0.0 1.0 0
cell 33.27649080544482 45.49925424274142 0.0 1.0 1.0 1 0 0 0.0 1.0 0
cell 22.08217825870503 14.213319855867205 0.0 1.0 1.0 1 0 0 0.0 1.0 0
cell 26.71548547614626 40.86977920275362 0.0 1.0 1.0 1 0 0 0.0 1.0 0
cell 19.191072867718134 27.02775881033602 0.0 1.0 1.0 1 0 0 0.0 1.0 0
cell 54.45118319433995 24.43804254881202 0.0 1.0 1.0 1 0 0 0.0 1.0 0
cell 25.59848718264458 52.87369253189008 0.0 1.0 1.0 1 0 0 0.0 1.0 0
cell 1.503768991285357 48.51083367376247 0.0 1.0 1.0 1 0 0 0.0 1.0 0
cell 49.43545492557812 22.828646211583266 0.0 1.0 1.0 1 0 0 0.0 1.0 0
cell 34.21794348379171 35.521101473109596 0.0 1.0 1.0 1 0 0 0.0 1.0 0
cell 41.84882094325816 47.44175036517601 0.0 1.0 1.0 1 0 0 0.0 1.0 0
cell 3.782222370672761 1.4593826027710308 0.0 1.0 1.0 1 0 0 0.0 1.0 0
cell 38.43698153181606 27.813749293595368 0.0 1.0 1.0 1 0 0 0.0 1.0 0
cell 44.48621896093746 19.307446520779383 0.0 1.0 1.0 1 0 0 0.0 1.0 0
cell 48.42548110639486 15.597906094865337 0.0 1.0 1.0 1 0 0 0.0 1.0 0
cell 59.32936159270217 5.230298558834271 0.0 1.0 1.0 1 0 0 0.0 1.0 0
cell 37.503104648330726 37.905379271547986 0.0 1.0 1.0 1 0 0 0.0 1.0 0
cell 29.471363591506673 30.068470423419978 0.0 1.0 1.0 1 0 0 0.0 1.0 0
cell 6.940207369112579 46.00180057094101 0.0 1.0 1.0 1 0 0 0.0 1.0 0
cell 37.43819831701844 57.07467507061762 0.0 1.0 1.0 1 0 0 0.0 1.0 0
cell 56.806528405367025 10.437230433731893 0.0 1.0 1.0 1 0 0 0.0 1.0 0
cell 25.404870224199904 54.83831328841774 0.0 1.0 1.0 1 0 0 0.0 1.0 0
cell 13.89096871238119 6.482614361057459 0.0 1.0 1.0 1 0 0 0.0 1.0 0
cell 16.784833419843682 14.701889532788273 0.0 1.0 1.0 1 0 0 0.0 1.0 0
cell 50.6376200063177 5.262657974771976 0.0 1.0 1.0 1 0 0 0.0 1.0 0
cell 43.57574256786645 6.342811804160083 0.0 1.0 1.0 1 0 0 0.0 1.0 0
cell 39.99774173165831 48.203303327898084 0.0 1.0 1.0 1 0 0 0.0 1.0 0
cell 25.52444271233305 14.585646782820408 0.0 1.0 1.0 1 0 0 0.0 1.0 0
cell 44.364467587958956 21.318619857861652 0.0 1.0 1.0 1 0 0 0.0 1.0 0
cell 18.27175901073249 17.896586592765853 0.0 1.0 1.0 1 0 0 0.0 1.0 0
cell 11.887924035075235 49.50268275025428 0.0 1.0 1.0 1 0 0 0.0 1.0 0
cell 56.48117533210972 58.174909856227075 0.0 1.0 1.0 1 0 0 0.0 1.0 0
cell 50.25439280403751 32.06506282709159 0.0 1.0 1.0 1 0 0 0.0 1.0 0
cell 28.528074852542773 20.847934309658392 0.0 1.0 1.0 1 0 0 0.0 1.0 0
cell 57.438219207686444 48.129983398827065 0.0 1.0 1.0 1 0 0 0.0 1.0 0
cell 13.133023312015792 54.756303702957865 0.0 1.0 1.0 1 0 0 0.0 1.0 0
cell 39.30853936397547 37.03090340752603 0.0 1.0 1.0 1 0 0 0.0 1.0 0
cell 15.531752038782326 7.612184265765768 0.0 1.0 1.0 1 0 0 0.0 1.0 0
cell 44.046560336108556 42.57710584670432 0.0 1.0 1.0 1 0 0 0.0 1.0 0
cell 47.578890610235774 0.8046688617065155 0.0 1.0 1.0 1 0 0 0.0 1.0 0
cell 50.744689064938534 45.34128750088144 0.0 1.0 1.0 1 0 0 0.0 1.0 0
cell 53.47979888331074 34.51627173667252 0.0 1.0 1.0 1 0 0 0.0 1.0 0
cell 26.524838242952875 42.842433915451906 0.0 1.0 1.0 1 0 0 0.0 1.0 0
cell 5.503192406534207 42.856171885847665 0.0 1.0 1.0 1 0 0 0.0 1.0 0
cell 50.167096323502335 51.367560341404335 0.0 1.0 1.0 1 0 0 0.0 1.0 0
cell 3.3756633574415353 28.43942093702999 0.0 1.0 1.0 1 0 0 0.0 1.0 0
cell 41.152593406726695 36.22717523336226 0.0 1.0 1.0 1 0 0 0.0 1.0 0
cell 53.22925008311976 55.77325251610864 0.0 1.0 1.0 1 0 0 0.0 1.0 0
cell 47.31688997976385 44.92212240408803 0.0 1.0 1.0 1 0 0 0.0 1.0 0
cell 32.35440288726153 36.39270838683285 0.0 1.0 1.0 1 0 0 0.0 1.0 0
cell 1.0872656299421275 52.525059867512134 0.0 1.0 1.0 1 0 0 0.0 1.0 0
cell 51.704319280026105 17.946548892438486 0.0 1.0 1.0 1 0 0 0.0 1.0 0
cell 38.043122869973914 10.762705565209272 0.0 1.0 1.0 1 0 0 0.0 1.0 0
cell 8.78114345291566 45.19756073548823 0.0 1.0 1.0 1 0 0 0.0 1.0 0
cell 12.1951622224459 5.316213457904439 0.0 1.0 1.0 1 0 0 0.0 1.0 0
cell 57.49013504947906 28.83990439221595 0.0 1.0 1.0 1 0 0 0.0 1.0 0
cell 34.713997731111554 8.474645998995236 0.0 1.0 1.0 1 0 0 0.0 1.0 0
cell 29.064125209816908 14.857934216266342 0.0 1.0 1.0 1 0 0 0.0 1.0 0
cell 25.82185555185398 10.600537022644344 0.0 1.0 1.0 1 0 0 0.0 1.0 0
cell 5.135272088288775 46.8202159255245 0.0 1.0 1.0 1 0 0 0.0 1.0 0
cell 33.12568046634 28.32691694244418 0.0 1.0 1.0 1 0 0 0.0 1.0 0
cell 58.69083064145992 53.32419834098563 0.0 1.0 1.0 1 0 0 0.0 1.0 0
cell 52.12594014761488 6.596718444119721 0.0 1.0 1.0 1 0 0 0.0 1.0 0
cell 23.850149076600864 13.422851474906992 0.0 1.0 1.0 1 0 0 0.0 1.0 0
cell 39.928659623683544 11.932929615786575 0.0 1.0 1.0 1 0 0 0.0 1.0 0
cell 57.92080585300498 14.981710678418231 0.0 1.0 1.0 1 0 0 0.0 1.0 0
cell 12.103848975062812 28.349083875386796 0.0 1.0 1.0 1 0 0 0.0 1.0 0
cell 5.740386238975461 21.644495202888393 0.0 1.0 1.0 1 0 0 0.0 1.0 0
cell 10.619150420941745 44.32359752272756 0.0 1.0 1.0 1 0 0 0.0 1.0 0
cell 49.04267388437507 4.024000029802728 0.0 1.0 1.0 1 0 0 0.0 1.0 0
cell 57.840589356353036 44.087330833782794 0.0 1.0 1.0 1 0 0 0.0 1.0 0
cell 4.311230515470345 18.44660121887247 0.0 1.0 1.0 1 0 0 0.0 1.0 0
cell 15.698635784199855 45.858380595672365 0.0 1.0 1.0 1 0 0 0.0 1.0 0
cell 18.842657356686303 31.04662608276035 0.0 1.0 1.0 1 0 0 0.0 1.0 0
cell 21.5569603181005 20.259108268319476 0.0 1.0 1.0 1 0 0 0.0 1.0 0
cell 34.75202445017753 48.68356450672553 0.0 1.0 1.0 1 0 0 0.0 1.0 0
cell 1.8385820305633627 44.48922268221905 0.0 1.0 1.0 1 0 0 0.0 1.0 0
cell 14.415071083863483 40.66482241084883 0.0 1.0 1.0 1 0 0 0.0 1.0 0
cell 7.2003207601248755 24.813742013483825 0.0 1.0 1.0 1 0 0 0.0 1.0 0
cell 36.87732368052945 3.578589632645128 0.0 1.0 1.0 1 0 0 0.0 1.0 0
cell 25.428493890983983 35.67925430881846 0.0 1.0 1.0 1 0 0 0.0 1.0 0
cell 50.046469676123436 34.08269245571907 0.0 1.0 1.0 1 0 0 0.0 1.0 0
cell 34.16789331702795 54.72053405786193 0.0 1.0 1.0 1 0 0 0.0 1.0 0
cell 10.553188792785663 4.158718836163314 0.0 1.0 1.0 1 0 0 0.0 1.0 0
cell 55.150407166865534 18.32863700708425 0.0 1.0 1.0 1 0 0 0.0 1.0 0
cell 26.01580751032771 29.705703905523634 0.0 1.0 1.0 1 0 0 0.0 1.0 0
cell 48.62446159412017 30.89881434269313 0.0 1.0 1.0 1 0 0 0.0 1.0 0
cell 37.516433299555246 18.672591884431466 0.0 1.0 1.0 1 0 0 0.0 1.0 0
cell 0.967987254969975 35.23316569075996 0.0 1.0 1.0 1 0 0 0.0 1.0 0
cell 1.7452163090790611 4.360624202401777 0.0 1.0 1.0 1 0 0 0.0 1.0 0
cell 2.0958993374127566 23.255517572991828 0.0 1.0 1.0 1 0 0 0.0 1.0 0
cell 52.86782698220103 0.4004227406206179 0.0 1.0 1.0 1 0 0 0.0 1.0 0
cell 28.169280948853768 44.039044113776626 0.0 1.0 1.0 1 0 0 0.0 1.0 0
cell 45.454780804745056 45.77215994243039 0.0 1.0 1.0 1 0 0 0.0 1.0 0
cell 21.254840045467876 43.34661703284222 0.0 1.0 1.0 1 0 0 0.0 1.0 0
cell 5.715100557350053 40.810269394185404 0.0 1.0 1.0 1 0 0 0.0 1.0 0
cell 21.908452664394403 16.249745851961375 0.0 1.0 1.0 1 0 0 0.0 1.0 0
cell 23.719227524359507 15.354184512595909 0.0 1.0 1.0 1 0 0 0.0 1.0 0
cell 3.3810135846753537 5.511505057953191 0.0 1.0 1.0 1 0 0 0.0 1.0 0
cell 6.222657538334041 54.04375574121816 0.0 1.0 1.0 1 0 0 0.0 1.0 0
cell 4.081031295960945 39.61824130433607 0.0 1.0 1.0 1 0 0 0.0 1.0 0
cell 41.024451489149996 19.04465639711171 0.0 1.0 1.0 1 0 0 0.0 1.0 0
cell 35.63065268280635 57.85298834154069 0.0 1.0 1.0 1 0 0 0.0 1.0 0
cell 12.261071069921131 45.49611868399834 0.0 1.0 1.0 1 0 0 0.0 1.0 0
cell 40.22169942958064 26.98219593646424 0.0 1.0 1.0 1 0 0 0.0 1.0 0
cell 23.95570283632841 32.51300836003457 0.0 1.0 1.0 1 0 0 0.0 1.0 0
cell 6.2477597267463905 34.80007083620929 0.0 1.0 1.0 1 0 0 0.0 1.0 0
cell 9.8292069458755 52.37295762816705 0.0 1.0 1.0 1 0 0 0.0 1.0 0
cell 41.666003122404234 49.41187848607298 0.0 1.0 1.0 1 0 0 0.0 1.0 0
cell 7.618049461425446 20.83722788960981 0.0 1.0 1.0 1 0 0 0.0 1.0 0
cell 52.745538144181666 42.526732841546995 0.0 1.0 1.0 1 0 0 0.0 1.0 0
cell 16.802587679434666 53.050994014759915 0.0 1.0 1.0 1 0 0 0.0 1.0 0
cell 23.047895572792346 2.2554254595272507 0.0 1.0 1.0 1 0 0 0.0 1.0 0
cell 27.622097952822106 50.0026706818307 0.0 1.0 1.0 1 0 0 0.0 1.0 0
cell 49.658817911866784 20.819491845327168 0.0 1.0 1.0 1 0 0 0.0 1.0 0
cell 42.16568931235977 3.15375679938671 0.0 1.0 1.0 1 0 0 0.0 1.0 0
cell 22.163391589840028 33.37742086146018 0.0 1.0 1.0 1 0 0 0.0 1.0 0
cell 21.031545148235583 5.121647768740767 0.0 1.0 1.0 1 0 0 0.0 1.0 0
cell 38.03494049526625 12.715622136075726 0.0 1.0 1.0 1 0 0 0.0 1.0 0
cell 37.0247475596076 1.644749088035198 0.0 1.0 1.0 1 0 0 0.0 1.0 0
cell 26.189149997893256 27.70184653915906 0.0 1.0 1.0 1 0 0 0.0 1.0 0
cell 56.54669568042898 38.86759285399877 0.0 1.0 1.0 1 0 0 0.0 1.0 0
cell 48.96573356252888 46.15537350376045 0.0 1.0 1.0 1 0 0 0.0 1.0 0
cell 55.51106564247643 31.672105529651045 0.0 1.0 1.0 1 0 0 0.0 1.0 0
cell 8.92121305920186 2.986125048775297 0.0 1.0 1.0 1 0 0 0.0 1.0 0
cell 28.02147364475882 26.868367176468396 0.0 1.0 1.0 1 0 0 0.0 1.0 0
cell 34.550339173808545 50.700263869506415 0.0 1.0 1.0 1 0 0 0.0 1.0 0
cell 20.864581445435746 28.231117342572187 0.0 1.0 1.0 1 0 0 0.0 1.0 0
cell 56.076911440733745 25.66599491655648 0.0 1.0 1.0 1 0 0 0.0 1.0 0
cell 42.78713707052123 37.352501270178315 0.0 1.0 1.0 1 0 0 0.0 1.0 0
cell 46.905950930618985 48.93136717966632 0.0 1.0 1.0 1 0 0 0.0 1.0 0
cell 49.42672032365708 0.008635280769514838 0.0 1.0 1.0 1 0 0 0.0 1.0 0
cell 27.66574358013093 9.748729891461322 0.0 1.0 1.0 1 0 0 0.0 1.0 0
cell 15.025580502472057 34.696694146518695 0.0 1.0 1.0 1 0 0 0.0 1.0 0
cell 29.800215033288957 45.19096541761889 0.0 1.0 1.0 1 0 0 0.0 1.0 0
cell 30.569418824224734 37.213839530572244 0.0 1.0 1.0 1 0 0 0.0 1.0 0
cell 15.917716961853188 43.84133696239188 0.0 1.0 1.0 1 0 0 0.0 1.0 0
cell 35.986766249764344 53.867645944841335 0.0 1.0 1.0 1 0 0 0.0 1.0 0
cell 11.947700984043752 30.359731941592667 0.0 1.0 1.0 1 0 0 0.0 1.0 0
cell 20.387174698841235 13.052350357084885 0.0 1.0 1.0 1 0 0 0.0 1.0 0
cell 11.009485644525373 40.32164692433801 0.0 1.0 1.0 1 0 0 0.0 1.0 0
cell 51.490070869981075 19.97115130133508 0.0 1.0 1.0 1 0 0 0.0 1.0 0
cell 11.756525063274363 32.327525386468025 0.0 1.0 1.0 1 0 0 0.0 1.0 0
cell 34.46270054201366 12.458216270682355 0.0 1.0 1.0 1 0 0 0.0 1.0 0
cell 15.722109822988145 5.600545622474823 0.0 1.0 1.0 1 0 0 0.0 1.0 0
cell 19.88177972076677 57.391453263117576 0.0 1.0 1.0 1 0 0 0.0 1.0 0
cell 40.767313121870004 40.21901948775818 0.0 1.0 1.0 1 0 0 0.0 1.0 0
cell 35.408289699825986 0.44018638762489515 0.0 1.0 1.0 1 0 0 0.0 1.0 0
cell 38.82189626201676 23.801302789958473 0.0 1.0 1.0 1 0 0 0.0 1.0 0
cell 54.899595844432426 56.97894767792039 0.0 1.0 1.0 1 0 0 0.0 1.0 0
cell 2.9469482735012784 51.68563046439176 0.0 1.0 1.0 1 0 0 0.0 1.0 0
cell 41.78081269018276 11.092800273189377 0.0 1.0 1.0 1 0 0 0.0 1.0 0
cell 39.19474864971814 19.875549858682774 0.0 1.0 1.0 1 0 0 0.0 1.0 0
cell 10.251695450928526 29.208645147617048 0.0 1.0 1.0 1 0 0 0.0 1.0 0
cell 35.83022393795221 36.680944995834636 0.0 1.0 1.0 1 0 0 0.0 1.0 0
cell 9.14046937428425 41.196811789540924 0.0 1.0 1.0 1 0 0 0.0 1.0 0
cell 14.97528439369062 15.56827900552591 0.0 1.0 1.0 1 0 0 0.0 1.0 0
cell 35.269656268469355 42.75313788508264 0.0 1.0 1.0 1 0 0 0.0 1.0 0
cell 32.6592825422816 13.302428402078542 0.0 1.0 1.0 1 0 0 0.0 1.0 0
cell 10.862510519751863 23.176185800844152 0.0 1.0 1.0 1 0 0 0.0 1.0 0
cell 36.676011515674006 5.642440110098312 0.0 1.0 1.0 1 0 0 0.0 1.0 0
cell 3.960744104580992 22.451391499856552 0.0 1.0 1.0 1 0 0 0.0 1.0 0
cell 13.14601268635418 16.362719456613036 0.0 1.0 1.0 1 0 0 0.0 1.0 0
cell 33.617292399745985 1.2792413166601149 0.0 1.0 1.0 1 0 0 0.0 1.0 0
cell 27.078854037434198 36.87583094981865 0.0 1.0 1.0 1 0 0 0.0 1.0 0
cell 7.343011524414013 41.991401705448446 0.0 1.0 1.0 1 0 0 0.0 1.0 0
cell 19.207445472021856 46.153173387322276 0.0 1.0 1.0 1 0 0 0.0 1.0 0
cell 33.099612695150384 47.477903780546384 0.0 1.0 1.0 1 0 0 0.0 1.0 0
cell 19.787982612533675 21.013451312946362 0.0 1.0 1.0 1 0 0 0.0 1.0 0
cell 17.939006894927005 21.896262496480453 0.0 1.0 1.0 1 0 0 0.0 1.0 0
cell 49.61171047122748 9.655975300122645 0.0 1.0 1.0 1 0 0 0.0 1.0 0
cell 57.67766458940363 16.966840613495776 0.0 1.0 1.0 1 0 0 0.0 1.0 0
cell 46.375674828909865 18.461219597895376 0.0 1.0 1.0 1 0 0 0.0 1.0 0
cell 42.50602335591758 22.178210893397274 0.0 1.0 1.0 1 0 0 0.0 1.0 0
cell 33.9941557824811 37.56420142713093 0.0 1.0 1.0 1 0 0 0.0 1.0 0
cell 43.034213867478556 16.189029460230117 0.0 1.0 1.0 1 0 0 0.0 1.0 0
cell 14.220683517352688 2.4566570255161775 0.0 1.0 1.0 1 0 0 0.0 1.0 0
cell 34.92736739194894 46.73980052972417 0.0 1.0 1.0 1 0 0 0.0 1.0 0
cell 59.367106148757784 28.04334356290614 0.0 1.0 1.0 1 0 0 0.0 1.0 0
cell 47.35541324212195 25.670026663150615 0.0 1.0 1.0 1 0 0 0.0 1.0 0
cell 50.35393211490328 49.33622316344258 0.0 1.0 1.0 1 0 0 0.0 1.0 0
cell 25.27946082962082 37.65667235034867 0.0 1.0 1.0 1 0 0 0.0 1.0 0
cell 16.673898436599018 35.85665261891893 0.0 1.0 1.0 1 0 0 0.0 1.0 0
cell 11.38712174545186 17.222949500296096 0.0 1.0 1.0 1 0 0 0.0 1.0 0
cell 53.61472494398034 51.793166905741586 0.0 1.0 1.0 1 0 0 0.0 1.0 0
cell 40.46865505953829 24.997920296996103 0.0 1.0 1.0 1 0 0 0.0 1.0 0
cell 43.81282699291704 44.59868114852971 0.0 1.0 1.0 1 0 0 0.0 1.0 0
cell 31.09881344870556 10.11035652153331 0.0 1.0 1.0 1 0 0 0.0 1.0 0
cell 10.45738481174968 27.169508942567468 0.0 1.0 1.0 1 0 0 0.0 1.0 0
cell 56.88315482804111 54.140231441088375 0.0 1.0 1.0 1 0 0 0.0 1.0 0
cell 39.85496725262469 9.902536279787427 0.0 1.0 1.0 1 0 0 0.0 1.0 0
cell 32.735341788368935 32.36986223004124 0.0 1.0 1.0 1 0 0 0.0 1.0 0
cell 45.77337950038804 24.48764428620635 0.0 1.0 1.0 1 0 0 0.0 1.0 0
cell 37.16614246036814 22.654136811267126 0.0 1.0 1.0 1 0 0 0.0 1.0 0
cell 16.08465257370087 41.86020231863668 0.0 1.0 1.0 1 0 0 0.0 1.0 0
cell 15.555408604145178 28.74106631502691 0.0 1.0 1.0 1 0 0 0.0 1.0 0
cell 54.071241803106055 28.438433941396617 0.0 1.0 1.0 1 0 0 0.0 1.0 0
cell 30.82442104760698 14.044072036425256 0.0 1.0 1.0 1 0 0 0.0 1.0 0
cell 32.179936354949334 19.174503951403196 0.0 1.0 1.0 1 0 0 0.0 1.0 0
cell 11.520790791974976 34.357341733479146 0.0 1.0 1.0 1 0 0 0.0 1.0 0
cell 49.8445703368021 36.10687254534549 0.0 1.0 1.0 1 0 0 0.0 1.0 0
cell 28.00660729656008 5.751644954586425 0.0 1.0 1.0 1 0 0 0.0 1.0 0
cell 43.36249090924725 31.376900038727946 0.0 1.0 1.0 1 0 0 0.0 1.0 0
cell 55.70952983485303 29.685258159924235 0.0 1.0 1.0 1 0 0 0.0 1.0 0
cell 56.784502596825526 36.90998272267368 0.0 1.0 1.0 1 0 0 0.0 1.0 0
cell 36.36304247384205 49.88625037302207 0.0 1.0 1.0 1 0 0 0.0 1.0 0
cell 13.008931897080863 18.42893306451168 0.0 1.0 1.0 1 0 0 0.0 1.0 0
cell 58.30680613158638 57.34821508231004 0.0 1.0 1.0 1 0 0 0.0 1.0 0
cell 18.715868426571536 33.03076881883752 0.0 1.0 1.0 1 0 0 0.0 1.0 0
cell 16.97761111027386 51.00287098797184 0.0 1.0 1.0 1 0 0 0.0 1.0 0
cell 19.035964507628584 29.071850473022213 0.0 1.0 1.0 1 0 0 0.0 1.0 0
cell 32.14553372881811 57.51761968275318 0.0 1.0 1.0 1 0 0 0.0 1.0 0
cell 32.90472824983037 49.50715263960497 0.0 1.0 1.0 1 0 0 0.0 1.0 0
cell 45.5984478370867 26.485515131016918 0.0 1.0 1.0 1 0 0 0.0 1.0 0
cell 21.049989940086665 26.203746265779742 0.0 1.0 1.0 1 0 0 0.0 1.0 0
cell 17.187483507219397 8.790135659377231 0.0 1.0 1.0 1 0 0 0.0 1.0 0
cell 6.755251111858597 48.018066468743854 0.0 1.0 1.0 1 0 0 0.0 1.0 0
cell 29.68054485075158 28.024968811165934 0.0 1.0 1.0 1 0 0 0.0 1.0 0
cell 24.542703580874537 26.536639546797648 0.0 1.0 1.0 1 0 0 0.0 1.0 0
cell 1.3573476040365393 8.337013899145107 0.0 1.0 1.0 1 0 0 0.0 1.0 0
cell 8.719467703763405 4.956897253472072 0.0 1.0 1.0 1 0 0 0.0 1.0 0
cell 25.394448870451125 16.5416888328495 0.0 1.0 1.0 1 0 0 0.0 1.0 0
cell 15.938964196058858 24.72880986641278 0.0 1.0 1.0 1 0 0 0.0 1.0 0
cell 22.45467599832062 48.53512147855941 0.0 1.0 1.0 1 0 0 0.0 1.0 0
cell 17.74460373217394 2.789998654281467 0.0 1.0 1.0 1 0 0 0.0 1.0 0
cell 26.707945036187727 0.5579468186970747 0.0 1.0 1.0 1 0 0 0.0 1.0 0
cell 7.43184588660067 59.19949094183889 0.0 1.0 1.0 1 0 0 0.0 1.0 0
cell 26.325095237716774 44.88606885358206 0.0 1.0 1.0 1 0 0 0.0 1.0 0
cell 38.943690682642895 41.08988544685619 0.0 1.0 1.0 1 0 0 0.0 1.0 0
cell 40.6168318151165 23.004044431808158 0.0 1.0 1.0 1 0 0 0.0 1.0 0
cell 9.374910377365204 20.00273029544876 0.0 1.0 1.0 1 0 0 0.0 1.0 0
cell 18.266567528748098 37.04843535463326 0.0 1.0 1.0 1 0 0 0.0 1.0 0
cell 29.023140246546383 53.16663385282414 0.0 1.0 1.0 1 0 0 0.0 1.0 0
cell 2.4422234528739373 38.42230137773853 0.0 1.0 1.0 1 0 0 0.0 1.0 0
cell 3.4649476367375107 45.68508351468788 0.0 1.0 1.0 1 0 0 0.0 1.0 0
cell 13.312658569504258 52.6808685814559 0.0 1.0 1.0 1 0 0 0.0 1.0 0
cell 59.256068732153196 47.308009789437804 0.0 1.0 1.0 1 0 0 0.0 1.0 0
cell 45.59883076764025 3.607778664922478 0.0 1.0 1.0 1 0 0 0.0 1.0 0
cell 57.930616702039885 1.9502609227867986 0.0 1.0 1.0 1 0 0 0.0 1.0 0
cell 13.699276022393589 48.70954977507384 0.0 1.0 1.0 1 0 0 0.0 1.0 0
cell 46.60806377016806 33.741021337974026 0.0 1.0 1.0 1 0 0 0.0 1.0 0
cell 26.160079672124127 6.606462177272783 0.0 1.0 1.0 1 0 0 0.0 1.0 0
cell 14.324303168930955 23.573552313870785 0.0 1.0 1.0 1 0 0 0.0 1.0 0
cell 24.488774366875003 45.736340943911955 0.0 1.0 1.0 1 0 0 0.0 1.0 0
cell 44.92201600376809 51.78404981999364 0.0 1.0 1.0 1 0 0 0.0 1.0 0
cell 9.528272331588266 37.2045848154713 0.0 1.0 1.0 1 0 0 0.0 1.0 0
cell 2.7703704287719892 11.506318328463532 0.0 1.0 1.0 1 0 0 0.0 1.0 0
cell 50.4879145925459 14.490568048031395 0.0 1.0 1.0 1 0 0 0.0 1.0 0
cell 12.965676766647388 56.7305529361644 0.0 1.0 1.0 1 0 0 0.0 1.0 0
cell 28.904182253803867 16.846745419344195 0.0 1.0 1.0 1 0 0 0.0 1.0 0
cell 6.841189369435796 5.817281758593935 0.0 1.0 1.0 1 0 0 0.0 1.0 0
cell 9.020979337981014 43.15781031720429 0.0 1.0 1.0 1 0 0 0.0 1.0 0
cell 46.052312007054866 9.40057126011806 0.0 1.0 1.0 1 0 0 0.0 1.0 0
cell 29.98450784046469 2.905019282805243 0.0 1.0 1.0 1 0 0 0.0 1.0 0
cell 4.711000812773635 10.65073552993861 0.0 1.0 1.0 1 0 0 0.0 1.0 0
cell 39.63027274172485 52.220533020308714 0.0 1.0 1.0 1 0 0 0.0 1.0 0
cell 11.698025829985987 11.263523373651784 0.0 1.0 1.0 1 0 0 0.0 1.0 0
cell 22.678407409146324 46.53140297390878 0.0 1.0 1.0 1 0 0 0.0 1.0 0
cell 13.920582287903867 46.66746627974133 0.0 1.0 1.0 1 0 0 0.0 1.0 0
cell 47.116005483336195 46.99587461310487 0.0 1.0 1.0 1 0 0 0.0 1.0 0
cell 42.954934475588374 35.40405091042004 0.0 1.0 1.0 1 0 0 0.0 1.0 0
cell 53.274193565661264 36.493241613701095 0.0 1.0 1.0 1 0 0 0.0 1.0 0
cell 0.925376574203499 54.514815036487924 0.0 1.0 1.0 1 0 0 0.0 1.0 0
cell 25.68276929569888 12.574265096243135 0.0 1.0 1.0 1 0 0 0.0 1.0 0
cell 44.12655634171185 23.308366653793453 0.0 1.0 1.0 1 0 0 0.0 1.0 0
cell 10.922551804344423 0.1856305850091297 0.0 1.0 1.0 1 0 0 0.0 1.0 0
cell 28.636728506177136 57.166607009009454 0.0 1.0 1.0 1 0 0 0.0 1.0 0
cell 3.1679923403469914 30.424111083539387 0.0 1.0 1.0 1 0 0 0.0 1.0 0
cell 26.857883426106188 58.035248545579314 0.0 1.0 1.0 1 0 0 0.0 1.0 0
cell 37.31603566494735 20.682950734751756 0.0 1.0 1.0 1 0 0 0.0 1.0 0
cell 49.244808229121034 2.0062967690168008 0.0 1.0 1.0 1 0 0 0.0 1.0 0
cell 20.124539676033542 36.21444188823661 0.0 1.0 1.0 1 0 0 0.0 1.0 0
cell 23.432849378310593 38.543151606166084 0.0 1.0 1.0 1 0 0 0.0 1.0 0
cell 49.21362270752993 24.83666294008983 0.0 1.0 1.0 1 0 0 0.0 1.0 0
cell 3.7544728626145583 24.460245735496606 0.0 1.0 1.0 1 0 0 0.0 1.0 0
cell 44.399554114776926 38.5352047397846 0.0 1.0 1.0 1 0 0 0.0 1.0 0
cell 17.021664543662375 31.863158165594825 0.0 1.0 1.0 1 0 0 0.0 1.0 0
cell 42.27596314590319 24.16282269312812 0.0 1.0 1.0 1 0 0 0.0 1.0 0
cell 19.931569518205336 38.20405437610932 0.0 1.0 1.0 1 0 0 0.0 1.0 0
cell 48.18401026038483 54.19392837071667 0.0 1.0 1.0 1 0 0 0.0 1.0 0
cell 20.499915146506442 32.2230977744287 0.0 1.0 1.0 1 0 0 0.0 1.0 0
cell 3.582018592043935 26.438533532834278 0.0 1.0 1.0 1 0 0 0.0 1.0 0
cell 22.49573373597658 29.392577931839718 0.0 1.0 1.0 1 0 0 0.0 1.0 0
cell 21.40427767393067 41.36680284936162 0.0 1.0 1.0 1 0 0 0.0 1.0 0
cell 54.67877029700503 58.97315534352762 0.0 1.0 1.0 1 0 0 0.0 1.0 0
cell 21.529171218639696 58.5531396882513 0.0 1.0 1.0 1 0 0 0.0 1.0 0
cell 45.16979683546212 30.543484443416578 0.0 1.0 1.0 1 0 0 0.0 1.0 0
cell 26.8453192958291 19.719262337937607 0.0 1.0 1.0 1 0 0 0.0 1.0 0
cell 37.27926023686656 39.89644173707105 0.0 1.0 1.0 1 0 0 0.0 1.0 0
cell 43.42067479903572 8.335762763733351 0.0 1.0 1.0 1 0 0 0.0 1.0 0
cell 56.656372874586246 56.1737398177468 0.0 1.0 1.0 1 0 0 0.0 1.0 0
cell 28.562881926010885 40.02330668307126 0.0 1.0 1.0 1 0 0 0.0 1.0 0
cell 9.700846873813516 16.07001976268964 0.0 1.0 1.0 1 0 0 0.0 1.0 0
cell 30.741214066794363 35.1945767496809 0.0 1.0 1.0 1 0 0 0.0 1.0 0
cell 48.43325260309456 32.89441147736658 0.0 1.0 1.0 1 0 0 0.0 1.0 0
cell 27.996021421092422 46.014037043819044 0.0 1.0 1.0 1 0 0 0.0 1.0 0
cell 26.492578126984682 2.5976053975476163 0.0 1.0 1.0 1 0 0 0.0 1.0 0
cell 7.071674175859524 3.781790393878576 0.0 1.0 1.0 1 0 0 0.0 1.0 0
cell 27.4720313433157 11.765210718845154 0.0 1.0 1.0 1 0 0 0.0 1.0 0
cell 16.939295457000966 12.782974822453335 0.0 1.0 1.0 1 0 0 0.0 1.0 0
cell 29.767392387368176 4.951957548884152 0.0 1.0 1.0 1 0 0 0.0 1.0 0
cell 11.217471916542213 19.216666595993715 0.0 1.0 1.0 1 0 0 0.0 1.0 0
cell 0.35769428977950063 14.195013258004643 0.0 1.0 1.0 1 0 0 0.0 1.0 0
cell 14.781009809948955 55.881587723144264 0.0 1.0 1.0 1 0 0 0.0 1.0 0
cell 23.051007753274472 23.364201927040718 0.0 1.0 1.0 1 0 0 0.0 1.0 0
cell 45.19875001624443 7.570061251256585 0.0 1.0 1.0 1 0 0 0.0 1.0 0
cell 25.04239802463176 58.82031629331501 0.0 1.0 1.0 1 0 0 0.0 1.0 0
cell 22.362830884625357 31.381609709212853 0.0 1.0 1.0 1 0 0 0.0 1.0 0
cell 36.90785611611236 43.89029896575613 0.0 1.0 1.0 1 0 0 0.0 1.0 0
cell 5.215377848047576 27.64384170625134 0.0 1.0 1.0 1 0 0 0.0 1.0 0
cell 1.5495478225682882 29.239465610699337 0.0 1.0 1.0 1 0 0 0.0 1.0 0
cell 8.658802734881228 28.020312496099415 0.0 1.0 1.0 1 0 0 0.0 1.0 0
cell 49.77097705072826 55.365256943378384 0.0 1.0 1.0 1 0 0 0.0 1.0 0
cell 50.08061411068797 16.769861491999656 0.0 1.0 1.0 1 0 0 0.0 1.0 0
cell 46.94873988708465 29.699147831474733 0.0 1.0 1.0 1 0 0 0.0 1.0 0
cell 22.86494993426711 25.415248162971242 0.0 1.0 1.0 1 0 0 0.0 1.0 0
cell 38.67734316382404 2.8047511874415143 0.0 1.0 1.0 1 0 0 0.0 1.0 0
cell 54.13194218071697 15.206741373288338 0.0 1.0 1.0 1 0 0 0.0 1.0 0
cell 23.390410939962738 57.693778298986025 0.0 1.0 1.0 1 0 0 0.0 1.0 0
cell 25.654416437617417 33.688700436662245 0.0 1.0 1.0 1 0 0 0.0 1.0 0
cell 58.394072294196015 38.040365899263946 0.0 1.0 1.0 1 0 0 0.0 1.0 0
cell 21.028760369891017 45.298609103977185 0.0 1.0 1.0 1 0 0 0.0 1.0 0
cell 48.73164967500752 48.16155243486724 0.0 1.0 1.0 1 0 0 0.0 1.0 0
cell 0.9632619878531478 12.28573914684823 0.0 1.0 1.0 1 0 0 0.0 1.0 0
cell 9.489460435983911 56.401980251775285 0.0 1.0 1.0 1 0 0 0.0 1.0 0
cell 47.46172939234367 2.7966186747940536 0.0 1.0 1.0 1 0 0 0.0 1.0 0
cell 55.85505948814879 46.913833399828334 0.0 1.0 1.0 1 0 0 0.0 1.0 0
cell 4.431206960972576 35.66499978299798 0.0 1.0 1.0 1 0 0 0.0 1.0 0
cell 17.96154125699215 41.05253652383029 0.0 1.0 1.0 1 0 0 0.0 1.0 0
cell 28.46557078768771 59.187537097147384 0.0 1.0 1.0 1 0 0 0.0 1.0 0
cell 26.720545350464903 21.69933363068193 0.0 1.0 1.0 1 0 0 0.0 1.0 0
cell 24.153460363348913 30.57332066060805 0.0 1.0 1.0 1 0 0 0.0 1.0 0
cell 28.704778489559796 38.0369196150341 0.0 1.0 1.0 1 0 0 0.0 1.0 0
cell 1.1910354882131977 33.24523625500594 0.0 1.0 1.0 1 0 0 0.0 1.0 0
cell 37.84102459984815 33.8511302577992 0.0 1.0 1.0 1 0 0 0.0 1.0 0
cell 59.06400551262365 7.2271106775109315 0.0 1.0 1.0 1 0 0 0.0 1.0 0
cell 50.59479345541291 28.049287510130508 0.0 1.0 1.0 1 0 0 0.0 1.0 0
cell 33.79610977116538 58.712807233658246 0.0 1.0 1.0 1 0 0 0.0 1.0 0
cell 49.59778347819419 57.41441088018772 0.0 1.0 1.0 1 0 0 0.0 1.0 0
cell 39.360629718571744 17.830797335572665 0.0 1.0 1.0 1 0 0 0.0 1.0 0
cell 38.329071098927145 6.799532783734656 0.0 1.0 1.0 1 0 0 0.0 1.0 0
cell 41.65411659270159 30.169817357285908 0.0 1.0 1.0 1 0 0 0.0 1.0 0
cell 41.45920542483413 51.437839078326725 0.0 1.0 1.0 1 0 0 0.0 1.0 0
cell 4.1252382533056915 20.48266188448283 0.0 1.0 1.0 1 0 0 0.0 1.0 0
cell 16.222776776118014 59.07468030359967 0.0 1.0 1.0 1 0 0 0.0 1.0 0
cell 47.77925532568098 21.618070221516582 0.0 1.0 1.0 1 0 0 0.0 1.0 0
cell 41.62166335981089 9.117863291290286 0.0 1.0 1.0 1 0 0 0.0 1.0 0
cell 22.31638581978856 50.531449498764665 0.0 1.0 1.0 1 0 0 0.0 1.0 0
cell 51.07557727964356 1.2174743181001981 0.0 1.0 1.0 1 0 0 0.0 1.0 0
cell 58.920652168449166 51.322973821589834 0.0 1.0 1.0 1 0 0 0.0 1.0 0
cell 15.157284597745809 13.567923833770664 0.0 1.0 1.0 1 0 0 0.0 1.0 0
cell 46.33033136063846 54.98653340642328 0.0 1.0 1.0 1 0 0 0.0 1.0 0
cell 4.769831307230548 50.839460921715876 0.0 1.0 1.0 1 0 0 0.0 1.0 0
cell 29.25915735126701 51.16927590653775 0.0 1.0 1.0 1 0 0 0.0 1.0 0
cell 36.04567916775456 15.541304810585785 0.0 1.0 1.0 1 0 0 0.0 1.0 0
cell 18.585433233494008 13.936113904280738 0.0 1.0 1.0 1 0 0 0.0 1.0 0
cell 46.54236493294957 16.44009677027831 0.0 1.0 1.0 1 0 0 0.0 1.0 0
cell 56.45597753653948 21.63743946360593 0.0 1.0 1.0 1 0 0 0.0 1.0 0
cell 38.02829595673663 51.0736426061227 0.0 1.0 1.0 1 0 0 0.0 1.0 0
cell 46.54482328370242 52.976986489574905 0.0 1.0 1.0 1 0 0 0.0 1.0 0
cell 2.7189219058936263 53.68869556913323 0.0 1.0 1.0 1 0 0 0.0 1.0 0
cell 8.989539808734916 24.022316349900244 0.0 1.0 1.0 1 0 0 0.0 1.0 0
cell 16.304398373289924 20.766882202409736 0.0 1.0 1.0 1 0 0 0.0 1.0 0
cell 55.639280966098745 6.92474167112163 0.0 1.0 1.0 1 0 0 0.0 1.0 0
cell 36.03333097947664 34.714738464407354 0.0 1.0 1.0 1 0 0 0.0 1.0 0
cell 53.979102738977296 47.699904971978285 0.0 1.0 1.0 1 0 0 0.0 1.0 0
cell 55.470234441288625 50.92687611011323 0.0 1.0 1.0 1 0 0 0.0 1.0 0
cell 26.927230778712595 38.848562312155906 0.0 1.0 1.0 1 0 0 0.0 1.0 0
cell 47.90447943067635 8.549773427998884 0.0 1.0 1.0 1 0 0 0.0 1.0 0
cell 15.3223992649121 49.86313009454284 0.0 1.0 1.0 1 0 0 0.0 1.0 0
cell 54.009204393091274 5.760169929456275 0.0 1.0 1.0 1 0 0 0.0 1.0 0
cell 2.5327784069766706 55.721960558040124 0.0 1.0 1.0 1 0 0 0.0 1.0 0
cell 17.187272736581633 49.03964477307513 0.0 1.0 1.0 1 0 0 0.0 1.0 0
cell 49.0237081527771 26.839577963761627 0.0 1.0 1.0 1 0 0 0.0 1.0 0
cell 10.225411185952433 48.35029625874581 0.0 1.0 1.0 1 0 0 0.0 1.0 0
cell 37.121703904845155 41.896968542036255 0.0 1.0 1.0 1 0 0 0.0 1.0 0
cell 23.234553691029326 40.47936470933871 0.0 1.0 1.0 1 0 0 0.0 1.0 0
cell 11.682851032264553 51.55483818147646 0.0 1.0 1.0 1 0 0 0.0 1.0 0
cell 47.48806574360339 42.93788067742448 0.0 1.0 1.0 1 0 0 0.0 1.0 0
cell 8.06275120330564 34.003835956374054 0.0 1.0 1.0 1 0 0 0.0 1.0 0
cell 34.896416607124365 6.426687784719205 0.0 1.0 1.0 1 0 0 0.0 1.0 0
cell 17.090773670767998 10.727548081964853 0.0 1.0 1.0 1 0 0 0.0 1.0 0
cell 39.08585651998877 58.250869041634076 0.0 1.0 1.0 1 0 0 0.0 1.0 0
cell 49.824049600502256 18.787036828121373 0.0 1.0 1.0 1 0 0 0.0 1.0 0
cell 53.71091083249901 32.448668044673425 0.0 1.0 1.0 1 0 0 0.0 1.0 0
cell 28.33990677982721 1.7517288853933233 0.0 1.0 1.0 1 0 0 0.0 1.0 0
cell 34.78511975316591 29.532143121463037 0.0 1.0 1.0 1 0 0 0.0 1.0 0
cell 21.79241226458177 37.37665272353571 0.0 1.0 1.0 1 0 0 0.0 1.0 0
cell 0.4126975807103981 41.27682076132701 0.0 1.0 1.0 1 0 0 0.0 1.0 0
cell 53.42338636966115 53.778430350208396 0.0 1.0 1.0 1 0 0 0.0 1.0 0
cell 46.472932735723276 35.70392458341645 0.0 1.0 1.0 1 0 0 0.0 1.0 0
cell 52.57483757581529 44.499843907901635 0.0 1.0 1.0 1 0 0 0.0 1.0 0
cell 19.570624347424726 23.052144139550652 0.0 1.0 1.0 1 0 0 0.0 1.0 0
cell 13.508510533067641 50.695421287027834 0.0 1.0 1.0 1 0 0 0.0 1.0 0
cell 26.054324384162896 8.585469262323658 0.0 1.0 1.0 1 0 0 0.0 1.0 0
cell 43.43320378962223 48.61139996047803 0.0 1.0 1.0 1 0 0 0.0 1.0 0
cell 30.355142604459388 39.204333253163426 0.0 1.0 1.0 1 0 0 0.0 1.0 0
