1000
 Lattice="59.41278806836073 0.0 0.0 0.0 59.41278806836073 0.0 0.0 0.0 1.0"Properties=species:S:1:pos:R:3:aspherical_shape:R:3:orientation:R:4:Color:R:1
cell 31.23033303204916 28.311920321472517 0.0 1.0 1.0 1 0 0 0.0 1.0 0
cell 41.54958590722118 56.68538903365746 0.0 1.0 1.0 1 0 0 0.0 1.0 0
cell 14.222913135004946 19.714277420146455 0.0 1.0 1.0 1 0 0 0.0 1.0 0
cell 11.882848415625194 49.51002297591453 0.0 1.0 1.0 1 0 0 0.0 1.0 0
cell 39.51264466900637 34.00452573303966 0.0 1.0 1.0 1 0 0 0.0 1.0 0
cell 54.27581717693031 2.7179781158759573 0.0 1.0 1.0 1 0 0 0.0 1.0 0
cell 6.314226661508368 34.208308991564486 0.0 1.0 1.0 1 0 0 0.0 1.0 0
cell 14.49649069955025 54.90032278089719 0.0 1.0 1.0 1 0 0 0.0 1.0 0
cell 2.289819924705259 54.820152544346534 0.0 1.0 1.0 1 0 0 0.0 1.0 0
cell 24.788883803988316 21.747437729975317 0.0 1.0 1.0 1 0 0 0.0 1.0 0
cell 58.5914737988377 46.76859885567574 0.0 1.0 1.0 1 0 0 0.0 1.0 0
cell 30.148181927779845 21.112326542262444 0.0 1.0 1.0 1 0 0 0.0 1.0 0
cell 18.323329454061586 15.179534237636659 0.0 1.0 1.0 1 0 0 0.0 1.0 0
cell 6.077515237069603 5.4062471899824605 0.0 1.0 1.0 1 0 0 0.0 1.0 0
cell 14.36658705526608 42.78823839556346 0.0 1.0 1.0 1 0 0 0.0 1.0 0
cell 27.17608293888857 11.020181176026021 0.0 1.0 1.0 1 0 0 0.0 1.0 0
cell 34.4052200755264 58.678780087600146 0.0 1.0 1.0 1 0 0 0.0 1.0 0
cell 0.2151072211511743 42.89866863715414 0.0 1.0 1.0 1 0 0 0.0 1.0 0
cell 44.04308545351528 54.20276313319568 0.0 1.0 1.0 1 0 0 0.0 1.0 0
cell 0.41776101888097816 21.88408689060771 0.0 1.0 1.0 1 0 0 0.0 1.0 0
cell 57.735014569120615 30.90590824955928 0.0 1.0 1.0 1 0 0 0.0 1.0 0
cell 41.3564272435023 44.162179156965834 0.0 1.0 1.0 1 0 0 0.0 1.0 0
cell 11.034059181515229 47.76195322511194 0.0 1.0 1.0 1 0 0 0.0 1.0 0
cell 17.580176838597218 29.15532650775963 0.0 1.0 1.0 1 0 0 0.0 1.0 0
cell 41.060454511210196 15.496876916522305 0.0 1.0 1.0 1 0 0 0.0 1.0 0
cell 44.73962627978136 5.432266478878637 0.0 1.0 1.0 1 0 0 0.0 1.0 0
cell 10.639505593009224 38.919755158719234 0.0 1.0 1.0 1 0 0 0.0 1.0 0
cell 32.54220907592491 6.218854284678799 0.0 1.0 1.0 1 0 0 0.0 1.0 0
cell 35.02053525759636 37.53488864421412 0.0 1.0 1.0 1 0 0 0.0 1.0 0
cell 31.42719792617877 26.252793461340268 0.0 1.0 1.0 1 0 0 0.0 1.0 0
cell 56.9992102460755 24.74785032308159 0.0 1.0 1.0 1 0 0 0.0 1.0 0
cell 24.106250721166276 34.99663608361415 0.0 1.0 1.0 1 0 0 0.0 1.0 0
cell 16.96054504786917 48.226071541899366 0.0 1.0 1.0 1 0 0 0.0 1.0 0
cell 49.784778072524915 52.616871477975174 0.0 1.0 1.0 1 0 0 0.0 1.0 0
cell 13.340740131482256 5.506161500665061 0.0 1.0 1.0 1 0 0 0.0 1.0 0
cell 3.030553023978241 45.77805344656513 0.0 1.0 1.0 1 0 0 0.0 1.0 0
cell 25.805124424431746 38.606152575218275 0.0 1.0 1.0 1 0 0 0.0 1.0 0
cell 38.80859592038572 20.79365547820802 0.0 1.0 1.0 1 0 0 0.0 1.0 0
cell 58.28517717832222 3.5795501164416925 0.0 1.0 1.0 1 0 0 0.0 1.0 0
cell 43.504721665667866 56.15536444982962 0.0 1.0 1.0 1 0 0 0.0 1.0 0
cell 37.98434234122797 30.874013305857744 0.0 1.0 1.0 1 0 0 0.0 1.0 0
cell 43.716900786661746 41.66096030910111 0.0 1.0 1.0 1 0 0 0.0 1.0 0
cell 30.28184242211837 19.152787143602122 0.0 1.0 1.0 1 0 0 0.0 1.0 0
cell 46.64126059650887 7.716528789876587 0.0 1.0 1.0 1 0 0 0.0 1.0 0
cell 27.35959487796003 5.107825786047601 0.0 1.0 1.0 1 0 0 0.0 1.0 0
cell 29.9864461256789 23.134386433511725 0.0 1.0 1.0 1 0 0 0.0 1.0 0
cell 16.391942272880538 42.914032168234755 0.0 1.0 1.0 1 0 0 0.0 1.0 0
cell 57.13721376873151 45.25070873177118 0.0 1.0 1.0 1 0 0 0.0 1.0 0
cell 8.9885958277491 20.390216421735502 0.0 1.0 1.0 1 0 0 0.0 1.0 0
cell 22.59174976432577 10.70861762445261 0.0 1.0 1.0 1 0 0 0.0 1.0 0
cell 15.818409630987034 37.64435171829347 0.0 1.0 1.0 1 0 0 0.0 1.0 0
cell 16.825766953304484 27.239088415292642 0.0 1.0 1.0 1 0 0 0.0 1.0 0
cell 42.68330097277352 0.5612354505813488 0.0 1.0 1.0 1 0 0 0.0 1.0 0
cell 42.74379368152582 45.56006061479896 0.0 1.0 1.0 1 0 0 0.0 1.0 0
cell 6.814024515823708 7.325045592297692 0.0 1.0 1.0 1 0 0 0.0 1.0 0
cell 55.35540982186467 58.27544445469376 0.0 1.0 1.0 1 0 0 0.0 1.0 0
cell 16.453743964706057 55.09297133898225 0.0 1.0 1.0 1 0 0 0.0 1.0 0
cell 47.277407007565145 22.58186647078235 0.0 1.0 1.0 1 0 0 0.0 1.0 0
cell 41.07317218560271 37.089122685652605 0.0 1.0 1.0 1 0 0 0.0 1.0 0
cell 43.01170172561194 4.418183424133334 0.0 1.0 1.0 1 0 0 0.0 1.0 0
cell 59.12058875174765 44.783035448810956 0.0 1.0 1.0 1 0 0 0.0 1.0 0
cell 11.223146331460768 44.27362495361697 0.0 1.0 1.0 1 0 0 0.0 1.0 0
cell 4.331775128826261 22.867061827992003 0.0 1.0 1.0 1 0 0 0.0 1.0 0
cell 4.367548162230729 34.68445115638577 0.0 1.0 1.0 1 0 0 0.0 1.0 0
cell 24.48655461785529 55.88221471944449 0.0 1.0 1.0 1 0 0 0.0 1.0 0
cell 43.87307451852135 22.27617370536349 0.0 1.0 1.0 1 0 0 0.0 1.0 0
cell 4.238849996069742 57.77449237562063 0.0 1.0 1.0 1 0 0 0.0 1.0 0
cell 9.656438558433424 27.57378326654257 0.0 1.0 1.0 1 0 0 0.0 1.0 0
cell 35.5211684250323 42.74235571345682 0.0 1.0 1.0 1 0 0 0.0 1.0 0
cell 51.342755875261545 34.310880006660774 0.0 1.0 1.0 1 0 0 0.0 1.0 0
cell 29.514572959140533 42.31725127428139 0.0 1.0 1.0 1 0 0 0.0 1.0 0
cell 14.129137802680876 33.977580769530775 0.0 1.0 1.0 1 0 0 0.0 1.0 0
cell 56.27661797149599 41.91732983913878 0.0 1.0 1.0 1 0 0 0.0 1.0 0
cell 21.003162611293693 48.594586981852096 0.0 1.0 1.0 1 0 0 0.0 1.0 0
cell 48.35177596737457 13.565595013956226 0.0 1.0 1.0 1 0 0 0.0 1.0 0
cell 10.298057924038536 29.749893856256794 0.0 1.0 1.0 1 0 0 0.0 1.0 0
cell 13.810898851717049 37.49073354625119 0.0 1.0 1.0 1 0 0 0.0 1.0 0
cell 18.183826566909225 58.73723535057274 0.0 1.0 1.0 1 0 0 0.0 1.0 0
cell 36.49589691165256 27.712838770554814 0.0 1.0 1.0 1 0 0 0.0 1.0 0
cell 58.02868575059414 48.63245886312737 0.0 1.0 1.0 1 0 0 0.0 1.0 0
cell 30.84812185018387 5.186428160637479 0.0 1.0 1.0 1 0 0 0.0 1.0 0
cell 21.85215620453201 8.739273446642272 0.0 1.0 1.0 1 0 0 0.0 1.0 0
cell 57.50561107386155 50.62725581105815 0.0 1.0 1.0 1 0 0 0.0 1.0 0
cell 32.489494765224805 10.273482088365984 0.0 1.0 1.0 1 0 0 0.0 1.0 0
cell 1.4050278196900787 13.228206882837542 0.0 1.0 1.0 1 0 0 0.0 1.0 0
cell 47.00817898665514 49.81364074092217 0.0 1.0 1.0 1 0 0 0.0 1.0 0
cell 18.76426188909849 27.54364575315568 0.0 1.0 1.0 1 0 0 0.0 1.0 0
cell 43.02561044101918 14.07801415207667 0.0 1.0 1.0 1 0 0 0.0 1.0 0
cell 46.86587966203841 26.580187216936203 0.0 1.0 1.0 1 0 0 0.0 1.0 0
cell 42.319733917434164 17.10288828966671 0.0 1.0 1.0 1 0 0 0.0 1.0 0
cell 57.26332518234208 19.444436717322805 0.0 1.0 1.0 1 0 0 0.0 1.0 0
cell 28.951592708679684 10.099998734604497 0.0 1.0 1.0 1 0 0 0.0 1.0 0
cell 6.776016584183915 50.90049977083652 0.0 1.0 1.0 1 0 0 0.0 1.0 0
cell 46.575963730932315 44.483672093949124 0.0 1.0 1.0 1 0 0 0.0 1.0 0
cell 1.2888281268803772 5.434514771019291 0.0 1.0 1.0 1 0 0 0.0 1.0 0
cell 16.120663488452287 46.41801381120136 0.0 1.0 1.0 1 0 0 0.0 1.0 0
cell 17.87968555990146 50.047204728368804 0.0 1.0 1.0 1 0 0 0.0 1.0 0
cell 34.29471313633736 7.273155652708519 0.0 1.0 1.0 1 0 0 0.0 1.0 0
cell 18.92766868350947 17.10319516464859 0.0 1.0 1.0 1 0 0 0.0 1.0 0
cell 41.85737702011716 25.109801756420076 0.0 1.0 1.0 1 0 0 0.0 1.0 0
cell 11.555738633375057 40.758081840169204 0.0 1.0 1.0 1 0 0 0.0 1.0 0
cell 56.949767588152554 12.231128220387037 0.0 1.0 1.0 1 0 0 0.0 1.0 0
cell 22.031462915758606 34.804496532183435 0.0 1.0 1.0 1 0 0 0.0 1.0 0
cell 11.113153694853036 15.432585150160445 0.0 1.0 1.0 1 0 0 0.0 1.0 0
cell 43.03627397021268 58.07486468584109 0.0 1.0 1.0 1 0 0 0.0 1.0 0
cell 54.628430860361824 35.25380553294328 0.0 1.0 1.0 1 0 0 0.0 1.0 0
cell 23.551371326803512 16.674137168484627 0.0 1.0 1.0 1 0 0 0.0 1.0 0
cell 42.99797008421957 34.30795809559232 0.0 1.0 1.0 1 0 0 0.0 1.0 0
cell 27.052589407245232 49.127195541657905 0.0 1.0 1.0 1 0 0 0.0 1.0 0
cell 31.83991072873443 39.04216559347594 0.0 1.0 1.0 1 0 0 0.0 1.0 0
cell 32.19213302276412 16.301538070174793 0.0 1.0 1.0 1 0 0 0.0 1.0 0
cell 57.981934397958135 36.18524607520735 0.0 1.0 1.0 1 0 0 0.0 1.0 0
cell 30.994538356906943 49.39686104630808 0.0 1.0 1.0 1 0 0 0.0 1.0 0
cell 9.74848215866364 16.95652573192688 0.0 1.0 1.0 1 0 0 0.0 1.0 0
cell 7.812245029690755 16.524653614098668 0.0 1.0 1.0 1 0 0 0.0 1.0 0
cell 6.074517462245647 10.764373472363783 0.0 1.0 1.0 1 0 0 0.0 1.0 0
cell 45.96519390504536 53.684760064026 0.0 1.0 1.0 1 0 0 0.0 1.0 0
cell 27.81625959480539 38.728151456642735 0.0 1.0 1.0 1 0 0 0.0 1.0 0
cell 12.738242388936643 51.35398562483543 0.0 1.0 1.0 1 0 0 0.0 1.0 0
cell 54.8518114353858 40.480725461087374 0.0 1.0 1.0 1 0 0 0.0 1.0 0
cell 45.26792234542298 25.4204180219336 0.0 1.0 1.0 1 0 0 0.0 1.0 0
cell 18.674095797247602 39.677775966658714 0.0 1.0 1.0 1 0 0 0.0 1.0 0
cell 9.083119735851811 0.31972562118795483 0.0 1.0 1.0 1 0 0 0.0 1.0 0
cell 38.442900799095554 24.817862251876818 0.0 1.0 1.0 1 0 0 0.0 1.0 0
cell 22.04312625036356 15.999850547480069 0.0 1.0 1.0 1 0 0 0.0 1.0 0
cell 19.21819322986391 32.811990267564944 0.0 1.0 1.0 1 0 0 0.0 1.0 0
cell 56.00109275864672 36.69353337321064 0.0 1.0 1.0 1 0 0 0.0 1.0 0
cell 7.996041459136878 2.014623307105438 0.0 1.0 1.0 1 0 0 0.0 1.0 0
cell 10.786420475457293 4.3919184596802365 0.0 1.0 1.0 1 0 0 0.0 1.0 0
cell 45.15058008481817 27.46691655263881 0.0 1.0 1.0 1 0 0 0.0 1.0 0
cell 40.352598309271684 40.87254808322043 0.0 1.0 1.0 1 0 0 0.0 1.0 0
cell 23.54925973414075 41.86251184622111 0.0 1.0 1.0 1 0 0 0.0 1.0 0
cell 13.284264429855796 56.53250787178952 0.0 1.0 1.0 1 0 0 0.0 1.0 0
cell 20.15891491976335 58.929370529931845 0.0 1.0 1.0 1 0 0 0.0 1.0 0
cell 30.93120491433108 58.6178282241532 0.0 1.0 1.0 1 0 0 0.0 1.0 0
cell 17.511061173469674 41.28453670730387 0.0 1.0 1.0 1 0 0 0.0 1.0 0
cell 14.98922979928944 35.830177776620026 0.0 1.0 1.0 1 0 0 0.0 1.0 0
cell 33.85552069525801 39.18571078596566 0.0 1.0 1.0 1 0 0 0.0 1.0 0
cell 31.918488124415756 20.244348517557523 0.0 1.0 1.0 1 0 0 0.0 1.0 0
cell 37.55309365574809 13.498250055416257 0.0 1.0 1.0 1 0 0 0.0 1.0 0
cell 30.913325576335335 1.1797398793510208 0.0 1.0 1.0 1 0 0 0.0 1.0 0
cell 39.656527047622944 32.019548733803354 0.0 1.0 1.0 1 0 0 0.0 1.0 0
cell 16.965659237174552 36.04781203397581 0.0 1.0 1.0 1 0 0 0.0 1.0 0
cell 20.952923737066683 36.42429210878923 0.0 1.0 1.0 1 0 0 0.0 1.0 0
cell 35.36823994126164 52.957894478771124 0.0 1.0 1.0 1 0 0 0.0 1.0 0
cell 16.575986038493603 9.582672055662234 0.0 1.0 1.0 1 0 0 0.0 1.0 0
cell 27.55410996702785 30.11054515421257 0.0 1.0 1.0 1 0 0 0.0 1.0 0
cell 38.37368859649816 48.570905661774766 0.0 1.0 1.0 1 0 0 0.0 1.0 0
cell 33.60317149922617 21.354064923727854 0.0 1.0 1.0 1 0 0 0.0 1.0 0
cell 48.10471928794165 18.815961837118362 0.0 1.0 1.0 1 0 0 0.0 1.0 0
cell 33.80676911059453 51.651461625656104 0.0 1.0 1.0 1 0 0 0.0 1.0 0
cell 24.793367912037723 52.41490590723277 0.0 1.0 1.0 1 0 0 0.0 1.0 0
cell 19.797976286993844 3.0106520029817876 0.0 1.0 1.0 1 0 0 0.0 1.0 0
cell 42.317270105888966 40.25794272477901 0.0 1.0 1.0 1 0 0 0.0 1.0 0
cell 29.826719557568918 51.06456928601266 0.0 1.0 1.0 1 0 0 0.0 1.0 0
cell 29.7839360661248 25.082119269095056 0.0 1.0 1.0 1 0 0 0.0 1.0 0
cell 39.41167227115501 44.70798751634261 0.0 1.0 1.0 1 0 0 0.0 1.0 0
cell 51.86325243672021 32.3815908252164 0.0 1.0 1.0 1 0 0 0.0 1.0 0
cell 47.36967675406157 55.09292850641655 0.0 1.0 1.0 1 0 0 0.0 1.0 0
cell 21.489016412045963 19.437598596647014 0.0 1.0 1.0 1 0 0 0.0 1.0 0
cell 35.980154958690356 33.8401056570853 0.0 1.0 1.0 1 0 0 0.0 1.0 0
cell 31.478775962886598 30.38152852008847 0.0 1.0 1.0 1 0 0 0.0 1.0 0
cell 40.34698361125472 48.08169018329271 0.0 1.0 1.0 1 0 0 0.0 1.0 0
cell 57.27987631572817 6.908282932645526 0.0 1.0 1.0 1 0 0 0.0 1.0 0
cell 32.372433552701466 44.276265515675085 0.0 1.0 1.0 1 0 0 0.0 1.0 0
cell 44.86050659741217 31.452757635016873 0.0 1.0 1.0 1 0 0 0.0 1.0 0
cell 9.22581659030304 44.13881206911632 0.0 1.0 1.0 1 0 0 0.0 1.0 0
cell 41.32528993691393 33.12586938554132 0.0 1.0 1.0 1 0 0 0.0 1.0 0
cell 23.930843122881882 50.59112347946615 0.0 1.0 1.0 1 0 0 0.0 1.0 0
cell 53.82577018555061 44.35341043311201 0.0 1.0 1.0 1 0 0 0.0 1.0 0
cell 13.532227514792831 40.95377805022117 0.0 1.0 1.0 1 0 0 0.0 1.0 0
cell 13.237712039281094 10.600104967812937 0.0 1.0 1.0 1 0 0 0.0 1.0 0
cell 13.5729334028877 28.47653793975172 0.0 1.0 1.0 1 0 0 0.0 1.0 0
cell 41.70245401131131 27.133819092869366 0.0 1.0 1.0 1 0 0 0.0 1.0 0
cell 57.71377058460202 43.41155841540133 0.0 1.0 1.0 1 0 0 0.0 1.0 0
cell 49.041413023099956 2.410411659489288 0.0 1.0 1.0 1 0 0 0.0 1.0 0
cell 10.063096598572113 6.233607057817169 0.0 1.0 1.0 1 0 0 0.0 1.0 0
cell 15.031096112384667 0.6750254938708806 0.0 1.0 1.0 1 0 0 0.0 1.0 0
cell 42.61942595048487 12.091975263200196 0.0 1.0 1.0 1 0 0 0.0 1.0 0
cell 40.676817048536236 17.90321690773304 0.0 1.0 1.0 1 0 0 0.0 1.0 0
cell 38.70844884335601 53.91312270998678 0.0 1.0 1.0 1 0 0 0.0 1.0 0
cell 6.263466149193414 23.348325608308674 0.0 1.0 1.0 1 0 0 0.0 1.0 0
cell 45.681878028769795 41.06161263091024 0.0 1.0 1.0 1 0 0 0.0 1.0 0
cell 11.037736050050103 0.4054170090767089 0.0 1.0 1.0 1 0 0 0.0 1.0 0
cell 50.45838634688379 43.43400038030856 0.0 1.0 1.0 1 0 0 0.0 1.0 0
cell 13.060789221505082 15.890358949577845 0.0 1.0 1.0 1 0 0 0.0 1.0 0
cell 20.535179949825146 10.284856571132247 0.0 1.0 1.0 1 0 0 0.0 1.0 0
cell 37.37192319203884 17.541306418961454 0.0 1.0 1.0 1 0 0 0.0 1.0 0
cell 6.876510346481226 25.27376073728228 0.0 1.0 1.0 1 0 0 0.0 1.0 0
cell 34.55995634312715 54.6987015242549 0.0 1.0 1.0 1 0 0 0.0 1.0 0
cell 46.480370555523415 51.739561788536584 0.0 1.0 1.0 1 0 0 0.0 1.0 0
cell 48.06520705646886 33.60975792297481 0.0 1.0 1.0 1 0 0 0.0 1.0 0
cell 26.002096695976803 26.60979940466284 0.0 1.0 1.0 1 0 0 0.0 1.0 0
cell 54.437337791504106 9.723589580676844 0.0 1.0 1.0 1 0 0 0.0 1.0 0
cell 50.85358202854807 48.74747274169446 0.0 1.0 1.0 1 0 0 0.0 1.0 0
cell 1.6250949401941317 44.30763584919436 0.0 1.0 1.0 1 0 0 0.0 1.0 0
cell 0.3035371754849159 30.396894225693583 0.0 1.0 1.0 1 0 0 0.0 1.0 0
cell 56.16408436583672 15.60100841814896 0.0 1.0 1.0 1 0 0 0.0 1.0 0
cell 48.20124222659464 58.482603542882146 0.0 1.0 1.0 1 0 0 0.0 1.0 0
cell 9.31460746542569 56.24187152577694 0.0 1.0 1.0 1 0 0 0.0 1.0 0
cell 37.80356192959821 32.866425010014254 0.0 1.0 1.0 1 0 0 0.0 1.0 0
cell 17.184220045241005 11.418247765244823 0.0 1.0 1.0 1 0 0 0.0 1.0 0
cell 28.469871065610715 20.042089368445343 0.0 1.0 1.0 1 0 0 0.0 1.0 0
cell 48.62233527695166 36.65373619879307 0.0 1.0 1.0 1 0 0 0.0 1.0 0
cell 39.054303628006124 37.94289677693964 0.0 1.0 1.0 1 0 0 0.0 1.0 0
cell 47.8794736462036 53.14190880156985 0.0 1.0 1.0 1 0 0 0.0 1.0 0
cell 27.937336793247482 25.996564190878058 0.0 1.0 1.0 1 0 0 0.0 1.0 0
cell 41.27287860460541 3.4201814574816285 0.0 1.0 1.0 1 0 0 0.0 1.0 0
cell 48.36641584423826 31.6438302321396 0.0 1.0 1.0 1 0 0 0.0 1.0 0
cell 23.104566335045156 12.679555925319047 0.0 1.0 1.0 1 0 0 0.0 1.0 0
cell 28.78478653323526 52.745866943962824 0.0 1.0 1.0 1 0 0 0.0 1.0 0
cell 36.05445260220151 4.331450435883486 0.0 1.0 1.0 1 0 0 0.0 1.0 0
cell 2.500981726289169 47.666225978320064 0.0 1.0 1.0 1 0 0 0.0 1.0 0
cell 59.18833147746886 7.442537589381628 0.0 1.0 1.0 1 0 0 0.0 1.0 0
cell 37.75724892241062 5.403493057035922 0.0 1.0 1.0 1 0 0 0.0 1.0 0
cell 27.046747698570606 14.933890340768091 0.0 1.0 1.0 1 0 0 0.0 1.0 0
cell 37.33516312068931 52.43780455617002 0.0 1.0 1.0 1 0 0 0.0 1.0 0
cell 42.02451052785034 54.76908475209565 0.0 1.0 1.0 1 0 0 0.0 1.0 0
cell 21.31257466923016 57.29479996420524 0.0 1.0 1.0 1 0 0 0.0 1.0 0
cell 4.666152895525471 39.955481451649895 0.0 1.0 1.0 1 0 0 0.0 1.0 0
cell 10.942266832773278 20.785703343746064 0.0 1.0 1.0 1 0 0 0.0 1.0 0
cell 49.97003733547828 45.33433474438126 0.0 1.0 1.0 1 0 0 0.0 1.0 0
cell 46.177580041583795 39.126265798980796 0.0 1.0 1.0 1 0 0 0.0 1.0 0
cell 10.703878336106891 51.194311650547505 0.0 1.0 1.0 1 0 0 0.0 1.0 0
cell 56.19797670449548 3.0179505659675017 0.0 1.0 1.0 1 0 0 0.0 1.0 0
cell 17.804816659290093 2.7581420210681764 0.0 1.0 1.0 1 0 0 0.0 1.0 0
cell 7.464735089753492 9.212192763996438 0.0 1.0 1.0 1 0 0 0.0 1.0 0
cell 18.55008117037036 4.574699305007786 0.0 1.0 1.0 1 0 0 0.0 1.0 0
cell 30.955772987043304 56.577900666530596 0.0 1.0 1.0 1 0 0 0.0 1.0 0
cell 5.272663613124339 38.02873406894132 0.0 1.0 1.0 1 0 0 0.0 1.0 0
cell 43.237512453609156 43.60865567543747 0.0 1.0 1.0 1 0 0 0.0 1.0 0
cell 8.390550098347376 54.49989120391743 0.0 1.0 1.0 1 0 0 0.0 1.0 0
cell 11.980431313359936 6.7759297071981175 0.0 1.0 1.0 1 0 0 0.0 1.0 0
cell 40.68517142750675 53.36943679400036 0.0 1.0 1.0 1 0 0 0.0 1.0 0
cell 53.902824619156846 7.813007472693296 0.0 1.0 1.0 1 0 0 0.0 1.0 0
cell 23.205218461630423 7.14218471964869 0.0 1.0 1.0 1 0 0 0.0 1.0 0
cell 17.923039145815075 8.041844753392413 0.0 1.0 1.0 1 0 0 0.0 1.0 0
cell 43.6654851030418 15.957242303732707 0.0 1.0 1.0 1 0 0 0.0 1.0 0
cell 13.60860334503633 53.10217626114477 0.0 1.0 1.0 1 0 0 0.0 1.0 0
cell 49.393070435640745 47.323288183693094 0.0 1.0 1.0 1 0 0 0.0 1.0 0
cell 31.73231130167474 22.230381978460514 0.0 1.0 1.0 1 0 0 0.0 1.0 0
cell 45.55209713642444 16.429481157518364 0.0 1.0 1.0 1 0 0 0.0 1.0 0
cell 39.48271039062252 0.3976200928436654 0.0 1.0 1.0 1 0 0 0.0 1.0 0
cell 30.616515553467227 13.156342433490385 0.0 1.0 1.0 1 0 0 0.0 1.0 0
cell 37.6707878784185 34.87764492553742 0.0 1.0 1.0 1 0 0 0.0 1.0 0
cell 22.328557877876367 5.193131715677551 0.0 1.0 1.0 1 0 0 0.0 1.0 0
cell 41.81821129467764 42.23382936926784 0.0 1.0 1.0 1 0 0 0.0 1.0 0
cell 2.210224002202117 9.884890095257818 0.0 1.0 1.0 1 0 0 0.0 1.0 0
cell 15.536988788257084 41.1000121677735 0.0 1.0 1.0 1 0 0 0.0 1.0 0
cell 8.584408384432743 13.077626314131486 0.0 1.0 1.0 1 0 0 0.0 1.0 0
cell 42.70804033177755 38.31534556032402 0.0 1.0 1.0 1 0 0 0.0 1.0 0
cell 9.917329222865638 11.628725373549493 0.0 1.0 1.0 1 0 0 0.0 1.0 0
cell 44.70702621086133 37.698112037622224 0.0 1.0 1.0 1 0 0 0.0 1.0 0
cell 42.29508044080559 21.063238407066194 0.0 1.0 1.0 1 0 0 0.0 1.0 0
cell 35.367356665304776 20.44945027717371 0.0 1.0 1.0 1 0 0 0.0 1.0 0
cell 19.53339703663231 41.44819916989155 0.0 1.0 1.0 1 0 0 0.0 1.0 0
cell 51.97046437155242 7.327157420391617 0.0 1.0 1.0 1 0 0 0.0 1.0 0
cell 56.08147287623959 49.12229257478283 0.0 1.0 1.0 1 0 0 0.0 1.0 0
cell 50.97777173598215 41.45543035552333 0.0 1.0 1.0 1 0 0 0.0 1.0 0
cell 55.33674744267867 18.925881628486348 0.0 1.0 1.0 1 0 0 0.0 1.0 0
cell 30.85625293415572 3.1828968442595644 0.0 1.0 1.0 1 0 0 0.0 1.0 0
cell 24.65295401704815 40.22294320009334 0.0 1.0 1.0 1 0 0 0.0 1.0 0
cell 55.958158054429504 56.37332139438197 0.0 1.0 1.0 1 0 0 0.0 1.0 0
cell 8.237665832351032 23.81691406578013 0.0 1.0 1.0 1 0 0 0.0 1.0 0
cell 16.94444444955079 16.684497721896676 0.0 1.0 1.0 1 0 0 0.0 1.0 0
cell 34.342555475233 3.307227300280657 0.0 1.0 1.0 1 0 0 0.0 1.0 0
cell 25.26533996913317 33.39693698597345 0.0 1.0 1.0 1 0 0 0.0 1.0 0
cell 17.742355189870217 13.294912427291568 0.0 1.0 1.0 1 0 0 0.0 1.0 0
cell 8.573623597439452 38.98589133471505 0.0 1.0 1.0 1 0 0 0.0 1.0 0
cell 6.3226655137752505 28.85181705891403 0.0 1.0 1.0 1 0 0 0.0 1.0 0
cell 43.111090842579756 32.29213572757268 0.0 1.0 1.0 1 0 0 0.0 1.0 0
cell 12.669457456728749 3.8690692641639566 0.0 1.0 1.0 1 0 0 0.0 1.0 0
cell 47.1026467672336 42.50233771089542 0.0 1.0 1.0 1 0 0 0.0 1.0 0
cell 6.003213931773343 1.9045709920568366 0.0 1.0 1.0 1 0 0 0.0 1.0 0
cell 55.06810408099391 53.049890151619536 0.0 1.0 1.0 1 0 0 0.0 1.0 0
cell 1.4222988528519698 51.533744793820226 0.0 1.0 1.0 1 0 0 0.0 1.0 0
cell 36.11615291828353 0.29627995203411955 0.0 1.0 1.0 1 0 0 0.0 1.0 0
cell 0.5438396738193827 48.14594487509241 0.0 1.0 1.0 1 0 0 0.0 1.0 0
cell 26.08012332957833 35.15324342580925 0.0 1.0 1.0 1 0 0 0.0 1.0 0
cell 41.18959781233838 9.449443682858474 0.0 1.0 1.0 1 0 0 0.0 1.0 0
cell 36.0206725850104 6.377162072531463 0.0 1.0 1.0 1 0 0 0.0 1.0 0
cell 52.43124563918521 30.421578803951057 0.0 1.0 1.0 1 0 0 0.0 1.0 0
cell 20.40463103133478 31.18167782934851 0.0 1.0 1.0 1 0 0 0.0 1.0 0
cell 14.830065797457697 26.93777562020425 0.0 1.0 1.0 1 0 0 0.0 1.0 0
cell 45.45408547636226 23.461367552097368 0.0 1.0 1.0 1 0 0 0.0 1.0 0
cell 28.149979937206506 23.970653503137342 0.0 1.0 1.0 1 0 0 0.0 1.0 0
cell 9.599409038820575 22.300753526440552 0.0 1.0 1.0 1 0 0 0.0 1.0 0
cell 57.50875912658459 14.120982161485879 0.0 1.0 1.0 1 0 0 0.0 1.0 0
cell 55.18326957829059 33.290132610432345 0.0 1.0 1.0 1 0 0 0.0 1.0 0
cell 3.340313963229007 13.712588172453732 0.0 1.0 1.0 1 0 0 0.0 1.0 0
cell 5.500318796540432 8.83331680571234 0.0 1.0 1.0 1 0 0 0.0 1.0 0
cell 12.500027803794158 13.92407763038917 0.0 1.0 1.0 1 0 0 0.0 1.0 0
cell 31.275835316196538 33.825939474845015 0.0 1.0 1.0 1 0 0 0.0 1.0 0
cell 35.9624981222972 8.348933947065104 0.0 1.0 1.0 1 0 0 0.0 1.0 0
cell 10.163765474274559 45.89477097404929 0.0 1.0 1.0 1 0 0 0.0 1.0 0
cell 26.523145316118498 22.816414542808864 0.0 1.0 1.0 1 0 0 0.0 1.0 0
cell 13.644169513440126 17.759744511171775 0.0 1.0 1.0 1 0 0 0.0 1.0 0
cell 50.99740167379016 1.9107750683056368 0.0 1.0 1.0 1 0 0 0.0 1.0 0
cell 47.52265363548255 16.894937978706167 0.0 1.0 1.0 1 0 0 0.0 1.0 0
cell 24.99909638430628 48.94532516327954 0.0 1.0 1.0 1 0 0 0.0 1.0 0
cell 11.890679284072267 12.0870020870045 0.0 1.0 1.0 1 0 0 0.0 1.0 0
cell 55.77328262556046 31.411611242023678 0.0 1.0 1.0 1 0 0 0.0 1.0 0
cell 44.88830510438686 57.520364797393825 0.0 1.0 1.0 1 0 0 0.0 1.0 0
cell 56.62844454658619 47.239421860650374 0.0 1.0 1.0 1 0 0 0.0 1.0 0
cell 20.060588990531805 34.58495767712585 0.0 1.0 1.0 1 0 0 0.0 1.0 0
cell 20.655548900171883 39.88680341840421 0.0 1.0 1.0 1 0 0 0.0 1.0 0
cell 37.72105800516508 9.42973876398663 0.0 1.0 1.0 1 0 0 0.0 1.0 0
cell 0.9012873192130121 53.46743893000806 0.0 1.0 1.0 1 0 0 0.0 1.0 0
cell 41.08980318717489 13.499908512062108 0.0 1.0 1.0 1 0 0 0.0 1.0 0
cell 12.376968800239558 42.60576467250713 0.0 1.0 1.0 1 0 0 0.0 1.0 0
cell 19.555508320633127 29.401834898545765 0.0 1.0 1.0 1 0 0 0.0 1.0 0
cell 25.723609532880946 57.51462923158101 0.0 1.0 1.0 1 0 0 0.0 1.0 0
cell 15.238679523907312 44.60449280560512 0.0 1.0 1.0 1 0 0 0.0 1.0 0
cell 46.15434295369914 46.42444040315437 0.0 1.0 1.0 1 0 0 0.0 1.0 0
cell 37.188992155044744 19.613316303347663 0.0 1.0 1.0 1 0 0 0.0 1.0 0
cell 8.723952093578351 7.788557519794077 0.0 1.0 1.0 1 0 0 0.0 1.0 0
cell 32.64127713430683 0.23953544791089199 0.0 1.0 1.0 1 0 0 0.0 1.0 0
cell 7.21325971045066 37.54993821078271 0.0 1.0 1.0 1 0 0 0.0 1.0 0
cell 37.62372506556598 11.406685003529054 0.0 1.0 1.0 1 0 0 0.0 1.0 0
cell 24.700260659314075 23.712730208794195 0.0 1.0 1.0 1 0 0 0.0 1.0 0
cell 14.201644521546006 58.30971706803558 0.0 1.0 1.0 1 0 0 0.0 1.0 0
cell 46.39438116205825 13.066419573949753 0.0 1.0 1.0 1 0 0 0.0 1.0 0
cell 4.344532404461034 29.15866125476225 0.0 1.0 1.0 1 0 0 0.0 1.0 0
cell 30.69168218999213 11.216889572158387 0.0 1.0 1.0 1 0 0 0.0 1.0 0
cell 55.58984910402585 51.10175531738541 0.0 1.0 1.0 1 0 0 0.0 1.0 0
cell 6.210868104530731 57.82254631912034 0.0 1.0 1.0 1 0 0 0.0 1.0 0
cell 21.175922493703162 12.148307509761455 0.0 1.0 1.0 1 0 0 0.0 1.0 0
cell 49.494384365911564 17.40896381486172 0.0 1.0 1.0 1 0 0 0.0 1.0 0
cell 43.72234079484716 24.28429401921062 0.0 1.0 1.0 1 0 0 0.0 1.0 0
cell 53.07093807583028 28.544536959981514 0.0 1.0 1.0 1 0 0 0.0 1.0 0
cell 44.96889332871888 29.426411771932603 0.0 1.0 1.0 1 0 0 0.0 1.0 0
cell 28.273139807931287 22.01080838447538 0.0 1.0 1.0 1 0 0 0.0 1.0 0
cell 21.272902537699775 24.401166931415343 0.0 1.0 1.0 1 0 0 0.0 1.0 0
cell 9.40409884676707 35.23624335787859 0.0 1.0 1.0 1 0 0 0.0 1.0 0
cell 56.623285845773715 34.76887367197818 0.0 1.0 1.0 1 0 0 0.0 1.0 0
cell 30.760174485040015 9.160215643841642 0.0 1.0 1.0 1 0 0 0.0 1.0 0
cell 26.398617626316458 43.825733572501925 0.0 1.0 1.0 1 0 0 0.0 1.0 0
cell 44.12671519024064 17.909093101596923 0.0 1.0 1.0 1 0 0 0.0 1.0 0
cell 10.540252484319371 13.54815203713808 0.0 1.0 1.0 1 0 0 0.0 1.0 0
cell 18.489829127423054 55.33329987391129 0.0 1.0 1.0 1 0 0 0.0 1.0 0
cell 50.866679936599986 15.985531448021096 0.0 1.0 1.0 1 0 0 0.0 1.0 0
cell 11.841058862123102 37.28462557869099 0.0 1.0 1.0 1 0 0 0.0 1.0 0
cell 5.067712909601237 19.48466203233447 0.0 1.0 1.0 1 0 0 0.0 1.0 0
cell 38.11113963005751 28.863147755882842 0.0 1.0 1.0 1 0 0 0.0 1.0 0
cell 13.066350894804728 31.95343208067815 0.0 1.0 1.0 1 0 0 0.0 1.0 0
cell 9.208560357082694 15.042798945036846 0.0 1.0 1.0 1 0 0 0.0 1.0 0
cell 52.20633747613558 50.19392231076978 0.0 1.0 1.0 1 0 0 0.0 1.0 0
cell 45.14163137976267 3.5353595072052246 0.0 1.0 1.0 1 0 0 0.0 1.0 0
cell 32.56575718013197 4.278139384989393 0.0 1.0 1.0 1 0 0 0.0 1.0 0
cell 25.59745661247566 29.975227064630555 0.0 1.0 1.0 1 0 0 0.0 1.0 0
cell 58.88498187394889 52.036889395205456 0.0 1.0 1.0 1 0 0 0.0 1.0 0
cell 33.25085046134372 46.13036180794183 0.0 1.0 1.0 1 0 0 0.0 1.0 0
cell 51.064877265332726 23.467642590019587 0.0 1.0 1.0 1 0 0 0.0 1.0 0
cell 50.68808568523502 55.997268917426624 0.0 1.0 1.0 1 0 0 0.0 1.0 0
cell 0.01950874461286046 14.66655265204453 0.0 1.0 1.0 1 0 0 0.0 1.0 0
cell 11.887239474332253 2.1877624811783623 0.0 1.0 1.0 1 0 0 0.0 1.0 0
cell 20.106727591142388 20.878770554599022 0.0 1.0 1.0 1 0 0 0.0 1.0 0
cell 36.07752186587398 2.375592612501793 0.0 1.0 1.0 1 0 0 0.0 1.0 0
cell 39.5263506170171 2.398819542592444 0.0 1.0 1.0 1 0 0 0.0 1.0 0
cell 20.064058747244665 25.994755010884504 0.0 1.0 1.0 1 0 0 0.0 1.0 0
cell 22.688366002838162 40.056418192958944 0.0 1.0 1.0 1 0 0 0.0 1.0 0
cell 55.58278587890554 13.631929026536794 0.0 1.0 1.0 1 0 0 0.0 1.0 0
cell 34.99895497814452 24.503130946165136 0.0 1.0 1.0 1 0 0 0.0 1.0 0
cell 24.40465368704372 43.648013548986945 0.0 1.0 1.0 1 0 0 0.0 1.0 0
cell 51.83402699835433 44.876443187304716 0.0 1.0 1.0 1 0 0 0.0 1.0 0
cell 5.912055093309586 16.069681673896252 0.0 1.0 1.0 1 0 0 0.0 1.0 0
cell 55.33078632906997 6.405547928864481 0.0 1.0 1.0 1 0 0 0.0 1.0 0
cell 2.9208405814609146 3.523729741296676 0.0 1.0 1.0 1 0 0 0.0 1.0 0
cell 35.91174901252 10.388578420588608 0.0 1.0 1.0 1 0 0 0.0 1.0 0
cell 45.00416433801263 14.481606460747031 0.0 1.0 1.0 1 0 0 0.0 1.0 0
cell 51.17547198230657 54.072438211568674 0.0 1.0 1.0 1 0 0 0.0 1.0 0
cell 27.269683714346282 33.53446055312775 0.0 1.0 1.0 1 0 0 0.0 1.0 0
cell 17.792124485996 37.81329990177522 0.0 1.0 1.0 1 0 0 0.0 1.0 0
cell 5.135456416590959 50.56203741229693 0.0 1.0 1.0 1 0 0 0.0 1.0 0
cell 52.45086346789375 3.625399857218682 0.0 1.0 1.0 1 0 0 0.0 1.0 0
cell 7.453006223823232 27.211586703988576 0.0 1.0 1.0 1 0 0 0.0 1.0 0
cell 17.00702510241036 0.8798051045888341 0.0 1.0 1.0 1 0 0 0.0 1.0 0
cell 0.25341385424976043 9.354456608859278 0.0 1.0 1.0 1 0 0 0.0 1.0 0
cell 40.148366617527444 55.33747169549213 0.0 1.0 1.0 1 0 0 0.0 1.0 0
cell 17.543831806429846 18.617360093552797 0.0 1.0 1.0 1 0 0 0.0 1.0 0
cell 47.145390594354545 2.9629779690277314 0.0 1.0 1.0 1 0 0 0.0 1.0 0
cell 1.8880648995839655 57.43179975497175 0.0 1.0 1.0 1 0 0 0.0 1.0 0
cell 56.80842345250905 40.01775805695497 0.0 1.0 1.0 1 0 0 0.0 1.0 0
cell 37.801512033904665 1.3941283425025295 0.0 1.0 1.0 1 0 0 0.0 1.0 0
cell 23.61080637163243 54.04395011681229 0.0 1.0 1.0 1 0 0 0.0 1.0 0
cell 46.72678892033712 20.223674988149696 0.0 1.0 1.0 1 0 0 0.0 1.0 0
cell 2.726817024331026 27.913977189642843 0.0 1.0 1.0 1 0 0 0.0 1.0 0
cell 30.480485897246346 15.185190554903787 0.0 1.0 1.0 1 0 0 0.0 1.0 0
cell 49.04457012500286 24.121046988199314 0.0 1.0 1.0 1 0 0 0.0 1.0 0
cell 3.5265079483992468 8.472300742322616 0.0 1.0 1.0 1 0 0 0.0 1.0 0
cell 22.113855354024334 59.14751951556168 0.0 1.0 1.0 1 0 0 0.0 1.0 0
cell 27.47329470285312 58.45652334727679 0.0 1.0 1.0 1 0 0 0.0 1.0 0
cell 15.330362318354767 5.824762400338193 0.0 1.0 1.0 1 0 0 0.0 1.0 0
cell 58.86801440422192 12.721004766898385 0.0 1.0 1.0 1 0 0 0.0 1.0 0
cell 48.612270883646595 25.921700868020007 0.0 1.0 1.0 1 0 0 0.0 1.0 0
cell 58.087149613840275 16.048552367537972 0.0 1.0 1.0 1 0 0 0.0 1.0 0
cell 12.44507874485878 54.779397620429215 0.0 1.0 1.0 1 0 0 0.0 1.0 0
cell 20.247744991677862 15.615014743951681 0.0 1.0 1.0 1 0 0 0.0 1.0 0
cell 59.07675563809839 32.30010015660363 0.0 1.0 1.0 1 0 0 0.0 1.0 0
cell 3.3109970235534534 51.036472852213215 0.0 1.0 1.0 1 0 0 0.0 1.0 0
cell 30.680091035512998 40.66301760206256 0.0 1.0 1.0 1 0 0 0.0 1.0 0
cell 10.688398060156377 8.213466615747445 0.0 1.0 1.0 1 0 0 0.0 1.0 0
cell 16.811187779496755 21.977965646068203 0.0 1.0 1.0 1 0 0 0.0 1.0 0
cell 38.478487407484394 41.42560745235375 0.0 1.0 1.0 1 0 0 0.0 1.0 0
cell 29.17384827600719 2.138716532455374 0.0 1.0 1.0 1 0 0 0.0 1.0 0
cell 32.92991961278269 49.53452767322213 0.0 1.0 1.0 1 0 0 0.0 1.0 0
cell 6.826026126450914 32.266381886073354 0.0 1.0 1.0 1 0 0 0.0 1.0 0
cell 13.01629570980871 47.89462087040125 0.0 1.0 1.0 1 0 0 0.0 1.0 0
cell 3.564000460470275 43.79138274020541 0.0 1.0 1.0 1 0 0 0.0 1.0 0
cell 12.876181808331394 26.585871570033554 0.0 1.0 1.0 1 0 0 0.0 1.0 0
cell 52.52133362453163 21.759596432685704 0.0 1.0 1.0 1 0 0 0.0 1.0 0
cell 46.104762140890976 18.360160459907824 0.0 1.0 1.0 1 0 0 0.0 1.0 0
cell 19.28856070274433 44.95961245957247 0.0 1.0 1.0 1 0 0 0.0 1.0 0
cell 25.638389933025298 54.23752484076223 0.0 1.0 1.0 1 0 0 0.0 1.0 0
cell 45.42359311366264 55.61118773894555 0.0 1.0 1.0 1 0 0 0.0 1.0 0
cell 30.135755419080706 47.5632611848968 0.0 1.0 1.0 1 0 0 0.0 1.0 0
cell 27.525425485587455 42.22139715496317 0.0 1.0 1.0 1 0 0 0.0 1.0 0
cell 3.3540051921650913 56.0895359287228 0.0 1.0 1.0 1 0 0 0.0 1.0 0
cell 36.70706467477818 25.638897021973392 0.0 1.0 1.0 1 0 0 0.0 1.0 0
cell 36.187222978323554 31.731105280193784 0.0 1.0 1.0 1 0 0 0.0 1.0 0
cell 23.554725323340232 14.720266186367983 0.0 1.0 1.0 1 0 0 0.0 1.0 0
cell 37.9600018242825 43.34925720158568 0.0 1.0 1.0 1 0 0 0.0 1.0 0
cell 8.250921951008223 33.62939842553362 0.0 1.0 1.0 1 0 0 0.0 1.0 0
cell 52.70529372452622 35.764208540865106 0.0 1.0 1.0 1 0 0 0.0 1.0 0
cell 48.893385432865976 29.74609880186164 0.0 1.0 1.0 1 0 0 0.0 1.0 0
cell 34.16234640650251 35.74112560280176 0.0 1.0 1.0 1 0 0 0.0 1.0 0
cell 34.5220775217622 30.54996597337075 0.0 1.0 1.0 1 0 0 0.0 1.0 0
cell 33.25301589014539 25.34924495127527 0.0 1.0 1.0 1 0 0 0.0 1.0 0
cell 5.514994275848316 43.33391389857668 0.0 1.0 1.0 1 0 0 0.0 1.0 0
cell 9.343163854352074 9.697603019531153 0.0 1.0 1.0 1 0 0 0.0 1.0 0
cell 29.289054059381755 55.54412154150918 0.0 1.0 1.0 1 0 0 0.0 1.0 0
cell 50.1341173294742 57.96679110017895 0.0 1.0 1.0 1 0 0 0.0 1.0 0
cell 50.00351752268954 27.328377452999217 0.0 1.0 1.0 1 0 0 0.0 1.0 0
cell 48.90173106726076 15.46960989728703 0.0 1.0 1.0 1 0 0 0.0 1.0 0
cell 36.23739872615701 44.464508602323725 0.0 1.0 1.0 1 0 0 0.0 1.0 0
cell 44.54829340887408 52.28527202012798 0.0 1.0 1.0 1 0 0 0.0 1.0 0
cell 6.41503429529664 54.32809515516916 0.0 1.0 1.0 1 0 0 0.0 1.0 0
cell 20.7720033908663 52.04500265642665 0.0 1.0 1.0 1 0 0 0.0 1.0 0
cell 54.70434771047567 47.72193219090085 0.0 1.0 1.0 1 0 0 0.0 1.0 0
cell 21.27150951364411 45.11096628935279 0.0 1.0 1.0 1 0 0 0.0 1.0 0
cell 58.277205247886116 28.983510264623547 0.0 1.0 1.0 1 0 0 0.0 1.0 0
cell 5.275528705883842 14.170896737814324 0.0 1.0 1.0 1 0 0 0.0 1.0 0
cell 42.94813979713555 36.31837791563381 0.0 1.0 1.0 1 0 0 0.0 1.0 0
cell 15.88388750821268 2.4976751655466303 0.0 1.0 1.0 1 0 0 0.0 1.0 0
cell 37.01938089975903 21.600542228975364 0.0 1.0 1.0 1 0 0 0.0 1.0 0
cell 40.49643482947243 21.934180405623547 0.0 1.0 1.0 1 0 0 0.0 1.0 0
cell 22.379867863347176 43.503853958177004 0.0 1.0 1.0 1 0 0 0.0 1.0 0
cell 43.38049602319558 28.294512024863376 0.0 1.0 1.0 1 0 0 0.0 1.0 0
cell 39.44755292040824 8.450179965205015 0.0 1.0 1.0 1 0 0 0.0 1.0 0
cell 45.199661472997825 43.07975294036648 0.0 1.0 1.0 1 0 0 0.0 1.0 0
cell 4.113757983555455 41.92342122384689 0.0 1.0 1.0 1 0 0 0.0 1.0 0
cell 59.27375942741803 57.429702146253135 0.0 1.0 1.0 1 0 0 0.0 1.0 0
cell 58.86848825684993 27.051416957551577 0.0 1.0 1.0 1 0 0 0.0 1.0 0
cell 7.469893596675151 30.477405634069502 0.0 1.0 1.0 1 0 0 0.0 1.0 0
cell 28.40613985621454 31.914919520497765 0.0 1.0 1.0 1 0 0 0.0 1.0 0
cell 50.3455498481422 50.701767311905904 0.0 1.0 1.0 1 0 0 0.0 1.0 0
cell 13.84109319577861 2.316689760053138 0.0 1.0 1.0 1 0 0 0.0 1.0 0
cell 2.7575989166301667 11.781037930844084 0.0 1.0 1.0 1 0 0 0.0 1.0 0
cell 35.25110086631145 46.20645911067779 0.0 1.0 1.0 1 0 0 0.0 1.0 0
cell 11.107423672766373 35.42566878582231 0.0 1.0 1.0 1 0 0 0.0 1.0 0
cell 38.9232382588182 46.708806532474775 0.0 1.0 1.0 1 0 0 0.0 1.0 0
cell 29.855115000736493 38.91718746091889 0.0 1.0 1.0 1 0 0 0.0 1.0 0
cell 12.181600487410845 33.72921136309318 0.0 1.0 1.0 1 0 0 0.0 1.0 0
cell 16.226102778891704 20.106380876800202 0.0 1.0 1.0 1 0 0 0.0 1.0 0
cell 41.538759109626746 29.123469645055373 0.0 1.0 1.0 1 0 0 0.0 1.0 0
cell 33.756206855800855 19.346505158123744 0.0 1.0 1.0 1 0 0 0.0 1.0 0
cell 11.553677132935666 22.756049208142 0.0 1.0 1.0 1 0 0 0.0 1.0 0
cell 34.41676580479644 32.55057208427357 0.0 1.0 1.0 1 0 0 0.0 1.0 0
cell 17.204553815057537 32.55406090959259 0.0 1.0 1.0 1 0 0 0.0 1.0 0
cell 8.413811738061579 18.455711156468496 0.0 1.0 1.0 1 0 0 0.0 1.0 0
cell 58.40007308783468 23.30780030996199 0.0 1.0 1.0 1 0 0 0.0 1.0 0
cell 28.96095730877503 12.075938448218372 0.0 1.0 1.0 1 0 0 0.0 1.0 0
cell 44.30827256871528 19.920443652414406 0.0 1.0 1.0 1 0 0 0.0 1.0 0
cell 37.02581606927735 37.67696386628034 0.0 1.0 1.0 1 0 0 0.0 1.0 0
cell 49.1539267321051 10.16553302260316 0.0 1.0 1.0 1 0 0 0.0 1.0 0
cell 21.616184977045656 14.075934985309814 0.0 1.0 1.0 1 0 0 0.0 1.0 0
cell 46.513260673324076 32.52238053511309 0.0 1.0 1.0 1 0 0 0.0 1.0 0
cell 39.29936970652543 14.599515962086166 0.0 1.0 1.0 1 0 0 0.0 1.0 0
cell 48.8681662265822 49.24173695481941 0.0 1.0 1.0 1 0 0 0.0 1.0 0
cell 14.144665260781379 46.22320083760948 0.0 1.0 1.0 1 0 0 0.0 1.0 0
cell 32.650916722739666 40.82747426640385 0.0 1.0 1.0 1 0 0 0.0 1.0 0
cell 45.575619371214074 48.37739103763788 0.0 1.0 1.0 1 0 0 0.0 1.0 0
cell 12.923352158961581 21.19523616910349 0.0 1.0 1.0 1 0 0 0.0 1.0 0
cell 54.76046380498582 16.992494643426163 0.0 1.0 1.0 1 0 0 0.0 1.0 0
cell 4.934841945648111 32.722940652421514 0.0 1.0 1.0 1 0 0 0.0 1.0 0
cell 22.49531254358639 55.67847419122151 0.0 1.0 1.0 1 0 0 0.0 1.0 0
cell 5.537105257055468 30.757805726306756 0.0 1.0 1.0 1 0 0 0.0 1.0 0
cell 44.461181292895276 12.604137141495364 0.0 1.0 1.0 1 0 0 0.0 1.0 0
cell 57.169525891584414 32.82058027382429 0.0 1.0 1.0 1 0 0 0.0 1.0 0
cell 23.038128812758753 48.7447252812975 0.0 1.0 1.0 1 0 0 0.0 1.0 0
cell 56.42333346800898 10.272153862386096 0.0 1.0 1.0 1 0 0 0.0 1.0 0
cell 35.93604592879914 51.00246927373496 0.0 1.0 1.0 1 0 0 0.0 1.0 0
cell 5.687065131691526 21.419243984941183 0.0 1.0 1.0 1 0 0 0.0 1.0 0
cell 12.160057296842066 58.19047572664048 0.0 1.0 1.0 1 0 0 0.0 1.0 0
cell 54.994408149662306 24.24031723704839 0.0 1.0 1.0 1 0 0 0.0 1.0 0
cell 26.759923838921733 28.372422077131045 0.0 1.0 1.0 1 0 0 0.0 1.0 0
cell 33.089412187394196 27.37550300694213 0.0 1.0 1.0 1 0 0 0.0 1.0 0
cell 46.66623670230296 37.184542891913985 0.0 1.0 1.0 1 0 0 0.0 1.0 0
cell 15.462503126613495 23.50880503637849 0.0 1.0 1.0 1 0 0 0.0 1.0 0
cell 23.779867348937138 38.44260885890288 0.0 1.0 1.0 1 0 0 0.0 1.0 0
cell 53.07808527541396 23.589219829543065 0.0 1.0 1.0 1 0 0 0.0 1.0 0
cell 53.487762324177204 39.09780611547233 0.0 1.0 1.0 1 0 0 0.0 1.0 0
cell 47.11530658681016 24.578199644927675 0.0 1.0 1.0 1 0 0 0.0 1.0 0
cell 2.581345421099412 17.065093429906085 0.0 1.0 1.0 1 0 0 0.0 1.0 0
cell 53.95785467509398 56.91071597091191 0.0 1.0 1.0 1 0 0 0.0 1.0 0
cell 37.62113894010585 45.34016811494379 0.0 1.0 1.0 1 0 0 0.0 1.0 0
cell 30.102450291714735 35.458079260758545 0.0 1.0 1.0 1 0 0 0.0 1.0 0
cell 36.19877465850441 55.91088185696319 0.0 1.0 1.0 1 0 0 0.0 1.0 0
cell 21.010486441642417 22.490729876574957 0.0 1.0 1.0 1 0 0 0.0 1.0 0
cell 3.1774925917944907 18.969830031594366 0.0 1.0 1.0 1 0 0 0.0 1.0 0
cell 37.020782022871 47.20657806577389 0.0 1.0 1.0 1 0 0 0.0 1.0 0
cell 55.47140149544394 38.609155147522046 0.0 1.0 1.0 1 0 0 0.0 1.0 0
cell 31.867124718231114 51.205394776812945 0.0 1.0 1.0 1 0 0 0.0 1.0 0
cell 35.91193939181601 12.398844009814876 0.0 1.0 1.0 1 0 0 0.0 1.0 0
cell 40.75939384431521 38.944288233973936 0.0 1.0 1.0 1 0 0 0.0 1.0 0
cell 52.10623435187024 37.6504029472395 0.0 1.0 1.0 1 0 0 0.0 1.0 0
cell 25.52842646901608 10.010663003426995 0.0 1.0 1.0 1 0 0 0.0 1.0 0
cell 16.38094479075098 14.795086162318503 0.0 1.0 1.0 1 0 0 0.0 1.0 0
cell 58.53372983327966 34.28093005917515 0.0 1.0 1.0 1 0 0 0.0 1.0 0
cell 7.557075322571157 52.699730722078776 0.0 1.0 1.0 1 0 0 0.0 1.0 0
cell 9.042467089237675 31.75825996261007 0.0 1.0 1.0 1 0 0 0.0 1.0 0
cell 40.30125487739357 23.963321540028648 0.0 1.0 1.0 1 0 0 0.0 1.0 0
cell 7.808190874546498 49.18139153928789 0.0 1.0 1.0 1 0 0 0.0 1.0 0
cell 6.068188948561863 41.423032923467474 0.0 1.0 1.0 1 0 0 0.0 1.0 0
cell 45.79943212036797 11.134437393424406 0.0 1.0 1.0 1 0 0 0.0 1.0 0
cell 26.662224294842535 20.87848995858306 0.0 1.0 1.0 1 0 0 0.0 1.0 0
cell 15.886812391958742 49.82876850021931 0.0 1.0 1.0 1 0 0 0.0 1.0 0
cell 9.944028185923466 2.1607311569532683 0.0 1.0 1.0 1 0 0 0.0 1.0 0
cell 56.64457567038165 0.26499096722089444 0.0 1.0 1.0 1 0 0 0.0 1.0 0
cell 54.853890106376646 4.473354940032424 0.0 1.0 1.0 1 0 0 0.0 1.0 0
cell 44.16893113782978 46.981001946445204 0.0 1.0 1.0 1 0 0 0.0 1.0 0
cell 15.992388234863187 7.702714758082384 0.0 1.0 1.0 1 0 0 0.0 1.0 0
cell 25.310686539850188 2.061333353859887 0.0 1.0 1.0 1 0 0 0.0 1.0 0
cell 23.143665098238024 24.57048744947502 0.0 1.0 1.0 1 0 0 0.0 1.0 0
cell 45.55426496885859 21.474215542863284 0.0 1.0 1.0 1 0 0 0.0 1.0 0
cell 35.792298150659356 14.44261856173224 0.0 1.0 1.0 1 0 0 0.0 1.0 0
cell 23.785249467276074 9.07755012650686 0.0 1.0 1.0 1 0 0 0.0 1.0 0
cell 55.87196930444235 20.86085145339875 0.0 1.0 1.0 1 0 0 0.0 1.0 0
cell 36.85975484003445 23.65119078657121 0.0 1.0 1.0 1 0 0 0.0 1.0 0
cell 22.95669722283796 1.594254880584483 0.0 1.0 1.0 1 0 0 0.0 1.0 0
cell 48.71032751430247 56.49799648102428 0.0 1.0 1.0 1 0 0 0.0 1.0 0
cell 15.246624713348082 11.015070352324944 0.0 1.0 1.0 1 0 0 0.0 1.0 0
cell 41.16568155694086 1.4423717333776638 0.0 1.0 1.0 1 0 0 0.0 1.0 0
cell 21.568584114864972 29.59273536446254 0.0 1.0 1.0 1 0 0 0.0 1.0 0
cell 39.81310526241633 30.004826224851225 0.0 1.0 1.0 1 0 0 0.0 1.0 0
cell 8.859365845923323 25.727771880682344 0.0 1.0 1.0 1 0 0 0.0 1.0 0
cell 5.427571264671775 27.01712811358265 0.0 1.0 1.0 1 0 0 0.0 1.0 0
cell 34.67770598037063 40.93804217672772 0.0 1.0 1.0 1 0 0 0.0 1.0 0
cell 4.957103155891262 3.5515907198251586 0.0 1.0 1.0 1 0 0 0.0 1.0 0
cell 31.57256271350652 24.24854605369716 0.0 1.0 1.0 1 0 0 0.0 1.0 0
cell 58.81460602553313 39.550350969945555 0.0 1.0 1.0 1 0 0 0.0 1.0 0
cell 58.29962524701058 10.780198054312889 0.0 1.0 1.0 1 0 0 0.0 1.0 0
cell 37.826660575006265 39.535340654120255 0.0 1.0 1.0 1 0 0 0.0 1.0 0
cell 4.120654789920434 10.297957986986567 0.0 1.0 1.0 1 0 0 0.0 1.0 0
cell 57.86512345341666 55.92148740188584 0.0 1.0 1.0 1 0 0 0.0 1.0 0
cell 24.377768392065224 31.56487382950053 0.0 1.0 1.0 1 0 0 0.0 1.0 0
cell 58.73268692303163 5.466465265093473 0.0 1.0 1.0 1 0 0 0.0 1.0 0
cell 54.97758240190657 11.67588018058375 0.0 1.0 1.0 1 0 0 0.0 1.0 0
cell 27.43072193792366 1.1028320495007498 0.0 1.0 1.0 1 0 0 0.0 1.0 0
cell 53.612556032997475 51.63065119720289 0.0 1.0 1.0 1 0 0 0.0 1.0 0
cell 7.616432347777391 42.86515831606954 0.0 1.0 1.0 1 0 0 0.0 1.0 0
cell 21.90201367992713 50.408595292787986 0.0 1.0 1.0 1 0 0 0.0 1.0 0
cell 19.251923162902866 6.528274189571292 0.0 1.0 1.0 1 0 0 0.0 1.0 0
cell 50.49546403424542 3.8295846715936026 0.0 1.0 1.0 1 0 0 0.0 1.0 0
cell 22.424303196172996 31.40373828793412 0.0 1.0 1.0 1 0 0 0.0 1.0 0
cell 46.723793116572075 30.599714058857383 0.0 1.0 1.0 1 0 0 0.0 1.0 0
cell 14.605356011621518 4.0139969167648974 0.0 1.0 1.0 1 0 0 0.0 1.0 0
cell 17.33068957546474 56.878453035878145 0.0 1.0 1.0 1 0 0 0.0 1.0 0
cell 49.93227379498507 32.89323363025979 0.0 1.0 1.0 1 0 0 0.0 1.0 0
cell 51.742513701545256 27.05945534542391 0.0 1.0 1.0 1 0 0 0.0 1.0 0
cell 7.976882065735967 40.91695066062327 0.0 1.0 1.0 1 0 0 0.0 1.0 0
cell 3.1259792909632984 0.018194198213906155 0.0 1.0 1.0 1 0 0 0.0 1.0 0
cell 1.6137788416293695 7.938839244291348 0.0 1.0 1.0 1 0 0 0.0 1.0 0
cell 30.97757874491879 37.275160660274594 0.0 1.0 1.0 1 0 0 0.0 1.0 0
cell 39.162772763425515 16.596739645795274 0.0 1.0 1.0 1 0 0 0.0 1.0 0
cell 25.807486283310364 0.1003024293629509 0.0 1.0 1.0 1 0 0 0.0 1.0 0
cell 26.16172581863698 47.287735101766444 0.0 1.0 1.0 1 0 0 0.0 1.0 0
cell 13.010962513893324 35.62409653997755 0.0 1.0 1.0 1 0 0 0.0 1.0 0
cell 9.582657293373153 52.78859468399675 0.0 1.0 1.0 1 0 0 0.0 1.0 0
cell 6.655880552969372 39.474508038999645 0.0 1.0 1.0 1 0 0 0.0 1.0 0
cell 47.17913934331614 9.689409832731465 0.0 1.0 1.0 1 0 0 0.0 1.0 0
cell 29.685377656711378 27.071180489191352 0.0 1.0 1.0 1 0 0 0.0 1.0 0
cell 49.98720569461217 6.778450664125811 0.0 1.0 1.0 1 0 0 0.0 1.0 0
cell 55.735225974285726 43.846283755533314 0.0 1.0 1.0 1 0 0 0.0 1.0 0
cell 2.036908819935456 1.6859865422561044 0.0 1.0 1.0 1 0 0 0.0 1.0 0
cell 0.8380872850936646 11.32030918241469 0.0 1.0 1.0 1 0 0 0.0 1.0 0
cell 51.48210785922857 59.373937920217436 0.0 1.0 1.0 1 0 0 0.0 1.0 0
cell 15.622312013800626 18.19392069889254 0.0 1.0 1.0 1 0 0 0.0 1.0 0
cell 3.8656261970829813 49.04468913758064 0.0 1.0 1.0 1 0 0 0.0 1.0 0
cell 58.66753576846242 18.030072015765345 0.0 1.0 1.0 1 0 0 0.0 1.0 0
cell 8.195938600066198 57.980940818861875 0.0 1.0 1.0 1 0 0 0.0 1.0 0
cell 27.90206338728369 50.9152510761956 0.0 1.0 1.0 1 0 0 0.0 1.0 0
cell 52.38425615287549 25.187720966932037 0.0 1.0 1.0 1 0 0 0.0 1.0 0
cell 26.964808081082627 16.96388056090964 0.0 1.0 1.0 1 0 0 0.0 1.0 0
cell 19.877702236864 8.379940821555666 0.0 1.0 1.0 1 0 0 0.0 1.0 0
cell 13.974243298188561 7.268735893508139 0.0 1.0 1.0 1 0 0 0.0 1.0 0
cell 48.36242582590832 27.893533800730527 0.0 1.0 1.0 1 0 0 0.0 1.0 0
cell 27.383832442593974 3.018643840954437 0.0 1.0 1.0 1 0 0 0.0 1.0 0
cell 5.84249809497497 48.69732728506464 0.0 1.0 1.0 1 0 0 0.0 1.0 0
cell 31.5728425250836 42.47829523993703 0.0 1.0 1.0 1 0 0 0.0 1.0 0
cell 46.79814790788093 35.195366279246606 0.0 1.0 1.0 1 0 0 0.0 1.0 0
cell 24.918344119604413 19.719942940762966 0.0 1.0 1.0 1 0 0 0.0 1.0 0
cell 52.37438585015241 42.92002065256957 0.0 1.0 1.0 1 0 0 0.0 1.0 0
cell 54.062787975579965 37.131847623092185 0.0 1.0 1.0 1 0 0 0.0 1.0 0
cell 33.003076535282155 37.39242328350437 0.0 1.0 1.0 1 0 0 0.0 1.0 0
cell 32.50065588052851 8.257002165464892 0.0 1.0 1.0 1 0 0 0.0 1.0 0
cell 22.751066480874456 27.96072997948703 0.0 1.0 1.0 1 0 0 0.0 1.0 0
cell 0.9590934274413356 23.825991740990595 0.0 1.0 1.0 1 0 0 0.0 1.0 0
cell 18.779211657510377 22.346881017857687 0.0 1.0 1.0 1 0 0 0.0 1.0 0
cell 42.45590654751437 19.043198608547954 0.0 1.0 1.0 1 0 0 0.0 1.0 0
cell 55.56424634976587 26.116637375324498 0.0 1.0 1.0 1 0 0 0.0 1.0 0
cell 39.354153192439995 36.03111920528319 0.0 1.0 1.0 1 0 0 0.0 1.0 0
cell 19.52242009657951 19.001569574305226 0.0 1.0 1.0 1 0 0 0.0 1.0 0
cell 29.114266331976623 4.079150134514641 0.0 1.0 1.0 1 0 0 0.0 1.0 0
cell 4.354556672916976 54.27806706779877 0.0 1.0 1.0 1 0 0 0.0 1.0 0
cell 25.84314447087775 50.772954545611285 0.0 1.0 1.0 1 0 0 0.0 1.0 0
cell 3.596271296888561 26.222468586344498 0.0 1.0 1.0 1 0 0 0.0 1.0 0
cell 41.22538361428971 5.427393473423518 0.0 1.0 1.0 1 0 0 0.0 1.0 0
cell 1.1588305967449026 18.543036565655733 0.0 1.0 1.0 1 0 0 0.0 1.0 0
cell 23.290113214196325 18.6445517887726 0.0 1.0 1.0 1 0 0 0.0 1.0 0
cell 8.723385858653296 51.00334967310675 0.0 1.0 1.0 1 0 0 0.0 1.0 0
cell 13.277959273908696 44.41384649822348 0.0 1.0 1.0 1 0 0 0.0 1.0 0
cell 18.355466326183368 43.120966758028665 0.0 1.0 1.0 1 0 0 0.0 1.0 0
cell 11.071327346306314 31.59163686300885 0.0 1.0 1.0 1 0 0 0.0 1.0 0
cell 48.100805488630414 38.62549589101187 0.0 1.0 1.0 1 0 0 0.0 1.0 0
cell 32.10283304301836 47.721960468654046 0.0 1.0 1.0 1 0 0 0.0 1.0 0
cell 13.850131952976017 49.68215964763911 0.0 1.0 1.0 1 0 0 0.0 1.0 0
cell 35.18644662510677 22.508091152481494 0.0 1.0 1.0 1 0 0 0.0 1.0 0
cell 14.323357615672355 30.36688891011188 0.0 1.0 1.0 1 0 0 0.0 1.0 0
cell 1.3275444662675144 39.06499198866839 0.0 1.0 1.0 1 0 0 0.0 1.0 0
cell 14.6117275372653 9.145363485365412 0.0 1.0 1.0 1 0 0 0.0 1.0 0
cell 4.029438432057074 1.7914947166374722 0.0 1.0 1.0 1 0 0 0.0 1.0 0
cell 28.125795908609483 35.30422248327379 0.0 1.0 1.0 1 0 0 0.0 1.0 0
cell 12.277167685632179 19.29395679998378 0.0 1.0 1.0 1 0 0 0.0 1.0 0
cell 25.538451825999317 8.013321493532796 0.0 1.0 1.0 1 0 0 0.0 1.0 0
cell 41.42155602188474 31.19389725066712 0.0 1.0 1.0 1 0 0 0.0 1.0 0
cell 39.81745115240367 50.06828882287829 0.0 1.0 1.0 1 0 0 0.0 1.0 0
cell 9.871118280539216 49.393607219596035 0.0 1.0 1.0 1 0 0 0.0 1.0 0
cell 34.13065411146762 47.910419872029344 0.0 1.0 1.0 1 0 0 0.0 1.0 0
cell 50.546158748036184 8.702467833091669 0.0 1.0 1.0 1 0 0 0.0 1.0 0
cell 2.9163068453055088 6.544278602576955 0.0 1.0 1.0 1 0 0 0.0 1.0 0
cell 44.66534030694878 7.408299406698952 0.0 1.0 1.0 1 0 0 0.0 1.0 0
cell 54.190463856005586 49.65357328613566 0.0 1.0 1.0 1 0 0 0.0 1.0 0
cell 11.308478021539912 56.34778029033048 0.0 1.0 1.0 1 0 0 0.0 1.0 0
cell 10.215451906869902 24.224842251343567 0.0 1.0 1.0 1 0 0 0.0 1.0 0
cell 21.76563411702696 3.2201044147573064 0.0 1.0 1.0 1 0 0 0.0 1.0 0
cell 15.364589251206088 56.69971953509352 0.0 1.0 1.0 1 0 0 0.0 1.0 0
cell 26.435978550294788 31.76596503384142 0.0 1.0 1.0 1 0 0 0.0 1.0 0
cell 28.977744536361907 37.09355751197803 0.0 1.0 1.0 1 0 0 0.0 1.0 0
cell 2.1769621928341762 42.38560108510857 0.0 1.0 1.0 1 0 0 0.0 1.0 0
cell 49.00027788077219 41.99352361435466 0.0 1.0 1.0 1 0 0 0.0 1.0 0
cell 52.49152238573814 9.202737957554374 0.0 1.0 1.0 1 0 0 0.0 1.0 0
cell 16.728789499656255 51.66595090163947 0.0 1.0 1.0 1 0 0 0.0 1.0 0
cell 13.839515139830503 12.489342940308182 0.0 1.0 1.0 1 0 0 0.0 1.0 0
cell 1.0856500594420357 46.25699368676306 0.0 1.0 1.0 1 0 0 0.0 1.0 0
cell 53.85372468524372 31.907089053880497 0.0 1.0 1.0 1 0 0 0.0 1.0 0
cell 36.09456672880633 35.91000507409428 0.0 1.0 1.0 1 0 0 0.0 1.0 0
cell 7.670742809261538 35.59183931115191 0.0 1.0 1.0 1 0 0 0.0 1.0 0
cell 48.602469511932114 8.203269877579753 0.0 1.0 1.0 1 0 0 0.0 1.0 0
cell 44.67611036802095 45.009608114313586 0.0 1.0 1.0 1 0 0 0.0 1.0 0
cell 15.029716593122986 48.02240709849934 0.0 1.0 1.0 1 0 0 0.0 1.0 0
cell 47.623635146818444 40.564598165838134 0.0 1.0 1.0 1 0 0 0.0 1.0 0
cell 2.3551318660256895 22.41685037324356 0.0 1.0 1.0 1 0 0 0.0 1.0 0
cell 26.769522277915698 18.895682020377144 0.0 1.0 1.0 1 0 0 0.0 1.0 0
cell 4.873675307563151 6.983856903811438 0.0 1.0 1.0 1 0 0 0.0 1.0 0
cell 14.652200403469028 39.310920242588104 0.0 1.0 1.0 1 0 0 0.0 1.0 0
cell 50.75058284701711 36.25723379346804 0.0 1.0 1.0 1 0 0 0.0 1.0 0
cell 19.338767224636698 57.09306624341317 0.0 1.0 1.0 1 0 0 0.0 1.0 0
cell 21.52380625971532 41.67676923315923 0.0 1.0 1.0 1 0 0 0.0 1.0 0
cell 14.724060965664005 51.49219305118444 0.0 1.0 1.0 1 0 0 0.0 1.0 0
cell 53.16713825587543 53.5216409820677 0.0 1.0 1.0 1 0 0 0.0 1.0 0
cell 22.007234193907678 26.22300608075414 0.0 1.0 1.0 1 0 0 0.0 1.0 0
cell 11.717954385030623 17.391557283421545 0.0 1.0 1.0 1 0 0 0.0 1.0 0
cell 32.69914814229121 57.64922247901995 0.0 1.0 1.0 1 0 0 0.0 1.0 0
cell 42.043904068838756 23.078785290821934 0.0 1.0 1.0 1 0 0 0.0 1.0 0
cell 56.83669838316923 4.957133736114774 0.0 1.0 1.0 1 0 0 0.0 1.0 0
cell 32.737589119570906 55.61117678876141 0.0 1.0 1.0 1 0 0 0.0 1.0 0
cell 34.344024008199696 44.46069188416108 0.0 1.0 1.0 1 0 0 0.0 1.0 0
cell 32.31035950084523 14.225705587434017 0.0 1.0 1.0 1 0 0 0.0 1.0 0
cell 21.650186957152595 53.848260624269024 0.0 1.0 1.0 1 0 0 0.0 1.0 0
cell 13.044197535104361 0.5369670885743907 0.0 1.0 1.0 1 0 0 0.0 1.0 0
cell 29.06136039824686 8.092799975838973 0.0 1.0 1.0 1 0 0 0.0 1.0 0
cell 7.640835478793248 21.86126945337035 0.0 1.0 1.0 1 0 0 0.0 1.0 0
cell 18.09382564946324 34.38127665090053 0.0 1.0 1.0 1 0 0 0.0 1.0 0
cell 50.26644568667522 13.997509936166553 0.0 1.0 1.0 1 0 0 0.0 1.0 0
cell 38.32196049666351 26.824058836663777 0.0 1.0 1.0 1 0 0 0.0 1.0 0
cell 40.95907508729201 11.502009042849767 0.0 1.0 1.0 1 0 0 0.0 1.0 0
cell 24.105081563841466 5.326108535278263 0.0 1.0 1.0 1 0 0 0.0 1.0 0
cell 46.9728088546684 14.96851210411243 0.0 1.0 1.0 1 0 0 0.0 1.0 0
cell 24.970639085563082 36.77439656813542 0.0 1.0 1.0 1 0 0 0.0 1.0 0
cell 54.81469226156747 0.8555160967841341 0.0 1.0 1.0 1 0 0 0.0 1.0 0
cell 37.491186726260025 15.509033341850568 0.0 1.0 1.0 1 0 0 0.0 1.0 0
cell 58.60364591926601 59.27340273603176 0.0 1.0 1.0 1 0 0 0.0 1.0 0
cell 48.355646213025835 51.18158366617065 0.0 1.0 1.0 1 0 0 0.0 1.0 0
cell 54.54205463046298 54.913141420286976 0.0 1.0 1.0 1 0 0 0.0 1.0 0
cell 29.239460478291747 57.50926014013091 0.0 1.0 1.0 1 0 0 0.0 1.0 0
cell 53.086340429165 11.17941671876665 0.0 1.0 1.0 1 0 0 0.0 1.0 0
cell 3.5480641493434235 31.297894828931273 0.0 1.0 1.0 1 0 0 0.0 1.0 0
cell 14.184001452717363 25.033784006780508 0.0 1.0 1.0 1 0 0 0.0 1.0 0
cell 39.923408107292246 42.78964563531593 0.0 1.0 1.0 1 0 0 0.0 1.0 0
cell 54.15178037539671 15.029170356525084 0.0 1.0 1.0 1 0 0 0.0 1.0 0
cell 51.95323762037893 19.794060356890565 0.0 1.0 1.0 1 0 0 0.0 1.0 0
cell 24.118073893632214 47.134110516403254 0.0 1.0 1.0 1 0 0 0.0 1.0 0
cell 10.392391861559478 18.861619959751007 0.0 1.0 1.0 1 0 0 0.0 1.0 0
cell 30.4077110728587 32.04919178555237 0.0 1.0 1.0 1 0 0 0.0 1.0 0
cell 48.00807768163591 45.89317384743045 0.0 1.0 1.0 1 0 0 0.0 1.0 0
cell 20.95079686814846 1.3821398730496597 0.0 1.0 1.0 1 0 0 0.0 1.0 0
cell 35.53713990401032 18.454062103520506 0.0 1.0 1.0 1 0 0 0.0 1.0 0
cell 15.090016202288945 32.23697367842006 0.0 1.0 1.0 1 0 0 0.0 1.0 0
cell 51.48387217286962 5.393137701777009 0.0 1.0 1.0 1 0 0 0.0 1.0 0
cell 5.424664393398523 52.56260647445112 0.0 1.0 1.0 1 0 0 0.0 1.0 0
cell 53.936940138258315 20.36013154995044 0.0 1.0 1.0 1 0 0 0.0 1.0 0
cell 6.39144145783358 46.72604373111485 0.0 1.0 1.0 1 0 0 0.0 1.0 0
cell 44.41575954773248 0.05300474418966768 0.0 1.0 1.0 1 0 0 0.0 1.0 0
cell 41.1758968753163 51.40606443885729 0.0 1.0 1.0 1 0 0 0.0 1.0 0
cell 57.66381921338027 1.6910802010053425 0.0 1.0 1.0 1 0 0 0.0 1.0 0
cell 50.602443693936905 21.25049728619908 0.0 1.0 1.0 1 0 0 0.0 1.0 0
cell 53.67036239608324 26.585729239529968 0.0 1.0 1.0 1 0 0 0.0 1.0 0
cell 19.558914063784194 53.658843207835716 0.0 1.0 1.0 1 0 0 0.0 1.0 0
cell 34.8594537960605 26.53071378587216 0.0 1.0 1.0 1 0 0 0.0 1.0 0
cell 16.66757441960293 39.51369309561136 0.0 1.0 1.0 1 0 0 0.0 1.0 0
cell 53.25236070468999 46.29672903064294 0.0 1.0 1.0 1 0 0 0.0 1.0 0
cell 43.1709650027763 50.84390987733821 0.0 1.0 1.0 1 0 0 0.0 1.0 0
cell 38.21528661384461 55.911322411238714 0.0 1.0 1.0 1 0 0 0.0 1.0 0
cell 28.976399778199376 49.27815250139325 0.0 1.0 1.0 1 0 0 0.0 1.0 0
cell 39.38219423037433 10.395941115671683 0.0 1.0 1.0 1 0 0 0.0 1.0 0
cell 25.375884913030518 13.806852757585851 0.0 1.0 1.0 1 0 0 0.0 1.0 0
cell 36.799932287662095 54.29023095862475 0.0 1.0 1.0 1 0 0 0.0 1.0 0
cell 25.16583682523841 17.838562842512022 0.0 1.0 1.0 1 0 0 0.0 1.0 0
cell 50.46335339871419 30.919965836629956 0.0 1.0 1.0 1 0 0 0.0 1.0 0
cell 19.780224509725226 38.032158801032956 0.0 1.0 1.0 1 0 0 0.0 1.0 0
cell 19.712986096702362 13.770948997594179 0.0 1.0 1.0 1 0 0 0.0 1.0 0
cell 2.9016842890903987 24.328514121662558 0.0 1.0 1.0 1 0 0 0.0 1.0 0
cell 33.482588165912034 42.63595886691044 0.0 1.0 1.0 1 0 0 0.0 1.0 0
cell 41.161839565999934 35.14634844625094 0.0 1.0 1.0 1 0 0 0.0 1.0 0
cell 32.15132286793301 35.61386502788524 0.0 1.0 1.0 1 0 0 0.0 1.0 0
cell 29.05828288128692 6.128967927482338 0.0 1.0 1.0 1 0 0 0.0 1.0 0
cell 18.153278502136853 46.595441138632545 0.0 1.0 1.0 1 0 0 0.0 1.0 0
cell 39.55116795672875 4.4222840765398495 0.0 1.0 1.0 1 0 0 0.0 1.0 0
cell 56.45113087820727 22.790084620993046 0.0 1.0 1.0 1 0 0 0.0 1.0 0
cell 53.38703999595814 5.870903215145854 0.0 1.0 1.0 1 0 0 0.0 1.0 0
cell 3.8456540187001096 36.626559684607905 0.0 1.0 1.0 1 0 0 0.0 1.0 0
cell 27.31481151633072 7.080681211477222 0.0 1.0 1.0 1 0 0 0.0 1.0 0
cell 23.560303160044572 29.80716249800745 0.0 1.0 1.0 1 0 0 0.0 1.0 0
cell 40.86693076214605 46.16613582056895 0.0 1.0 1.0 1 0 0 0.0 1.0 0
cell 19.052426843498953 48.40230151995065 0.0 1.0 1.0 1 0 0 0.0 1.0 0
cell 1.102240423487537 33.76144877206511 0.0 1.0 1.0 1 0 0 0.0 1.0 0
cell 55.242935326292255 45.76457598715627 0.0 1.0 1.0 1 0 0 0.0 1.0 0
cell 21.213714441895576 33.03453164484815 0.0 1.0 1.0 1 0 0 0.0 1.0 0
cell 29.27688475379993 45.831125933052654 0.0 1.0 1.0 1 0 0 0.0 1.0 0
cell 39.47129059150661 6.419261606046039 0.0 1.0 1.0 1 0 0 0.0 1.0 0
cell 34.615665624425674 49.83357686636224 0.0 1.0 1.0 1 0 0 0.0 1.0 0
cell 38.95145302057293 18.7729425633333 0.0 1.0 1.0 1 0 0 0.0 1.0 0
cell 32.756499586329426 53.42676797385596 0.0 1.0 1.0 1 0 0 0.0 1.0 0
cell 58.4317021827498 53.9749138905208 0.0 1.0 1.0 1 0 0 0.0 1.0 0
cell 52.89687167841508 1.354413634630163 0.0 1.0 1.0 1 0 0 0.0 1.0 0
cell 20.39720962207859 43.32265864921257 0.0 1.0 1.0 1 0 0 0.0 1.0 0
cell 54.286878281877726 42.434035158164946 0.0 1.0 1.0 1 0 0 0.0 1.0 0
cell 33.881750380437325 17.335445097328577 0.0 1.0 1.0 1 0 0 0.0 1.0 0
cell 19.349039360655578 24.139389188011123 0.0 1.0 1.0 1 0 0 0.0 1.0 0
cell 33.994657306610506 15.349121833111276 0.0 1.0 1.0 1 0 0 0.0 1.0 0
cell 11.597039941346878 28.138272356312118 0.0 1.0 1.0 1 0 0 0.0 1.0 0
cell 25.640017773262098 4.046177051279025 0.0 1.0 1.0 1 0 0 0.0 1.0 0
cell 4.084524990092403 5.138486830678889 0.0 1.0 1.0 1 0 0 0.0 1.0 0
cell 0.8638345796777758 3.4634464562332954 0.0 1.0 1.0 1 0 0 0.0 1.0 0
cell 28.598120017442486 18.041272459312733 0.0 1.0 1.0 1 0 0 0.0 1.0 0
cell 0.7513919591029401 40.92652765734143 0.0 1.0 1.0 1 0 0 0.0 1.0 0
cell 42.597001557665294 52.808915349177255 0.0 1.0 1.0 1 0 0 0.0 1.0 0
cell 36.13595476716504 57.763777048959646 0.0 1.0 1.0 1 0 0 0.0 1.0 0
cell 0.4713470612232937 35.67009837129363 0.0 1.0 1.0 1 0 0 0.0 1.0 0
cell 32.5960440351831 2.2239231458466526 0.0 1.0 1.0 1 0 0 0.0 1.0 0
cell 0.1553095848602228 1.6569053238190214 0.0 1.0 1.0 1 0 0 0.0 1.0 0
cell 21.802583425789926 38.196229320266866 0.0 1.0 1.0 1 0 0 0.0 1.0 0
cell 56.34649683722832 29.432937477374807 0.0 1.0 1.0 1 0 0 0.0 1.0 0
cell 17.275791283684338 6.212918121363623 0.0 1.0 1.0 1 0 0 0.0 1.0 0
cell 0.5917930086313586 16.564912489909524 0.0 1.0 1.0 1 0 0 0.0 1.0 0
cell 53.4469992100874 58.838666855115406 0.0 1.0 1.0 1 0 0 0.0 1.0 0
cell 24.94422111732185 11.85785937455237 0.0 1.0 1.0 1 0 0 0.0 1.0 0
cell 22.928986919066517 36.654869437517824 0.0 1.0 1.0 1 0 0 0.0 1.0 0
cell 18.595060772185693 9.92748375235139 0.0 1.0 1.0 1 0 0 0.0 1.0 0
cell 8.184168233596582 45.90670188145173 0.0 1.0 1.0 1 0 0 0.0 1.0 0
cell 19.17995699743671 11.791289982576377 0.0 1.0 1.0 1 0 0 0.0 1.0 0
cell 24.049511018140507 26.35749212810482 0.0 1.0 1.0 1 0 0 0.0 1.0 0
cell 34.43744103745436 56.735170438744724 0.0 1.0 1.0 1 0 0 0.0 1.0 0
cell 1.9287772308339401 49.605733028178 0.0 1.0 1.0 1 0 0 0.0 1.0 0
cell 28.668712875820024 40.552528307126515 0.0 1.0 1.0 1 0 0 0.0 1.0 0
cell 0.41513750501060165 55.428211404101624 0.0 1.0 1.0 1 0 0 0.0 1.0 0
cell 58.239481008762226 41.46471217764326 0.0 1.0 1.0 1 0 0 0.0 1.0 0
cell 2.8749821561433557 52.937238816202914 0.0 1.0 1.0 1 0 0 0.0 1.0 0
cell 17.257688139984733 44.74625529459498 0.0 1.0 1.0 1 0 0 0.0 1.0 0
cell 7.2931880515618674 56.12531065515124 0.0 1.0 1.0 1 0 0 0.0 1.0 0
cell 20.489787420697215 4.892338777640466 0.0 1.0 1.0 1 0 0 0.0 1.0 0
cell 54.47778266912826 22.2422456826755 0.0 1.0 1.0 1 0 0 0.0 1.0 0
cell 49.59047972127145 0.4988182461307981 0.0 1.0 1.0 1 0 0 0.0 1.0 0
cell 52.90989089156868 40.996990083749914 0.0 1.0 1.0 1 0 0 0.0 1.0 0
cell 14.438209560829637 14.415450694370572 0.0 1.0 1.0 1 0 0 0.0 1.0 0
cell 18.3838293499354 30.954758216682585 0.0 1.0 1.0 1 0 0 0.0 1.0 0
cell 39.93432863452609 27.994459490738496 0.0 1.0 1.0 1 0 0 0.0 1.0 0
cell 22.76363494554217 52.251112864382605 0.0 1.0 1.0 1 0 0 0.0 1.0 0
cell 14.859227464361638 21.5979819812622 0.0 1.0 1.0 1 0 0 0.0 1.0 0
cell 0.8252767682430903 28.43752633521559 0.0 1.0 1.0 1 0 0 0.0 1.0 0
cell 21.199264842792992 6.885743098995757 0.0 1.0 1.0 1 0 0 0.0 1.0 0
cell 5.111835821568914 0.09949547398200176 0.0 1.0 1.0 1 0 0 0.0 1.0 0
cell 43.5967595788414 10.397307377633734 0.0 1.0 1.0 1 0 0 0.0 1.0 0
cell 46.73682579967268 28.579315843572637 0.0 1.0 1.0 1 0 0 0.0 1.0 0
cell 10.437092384671292 54.62391173841922 0.0 1.0 1.0 1 0 0 0.0 1.0 0
cell 56.92767500411361 27.52916518673134 0.0 1.0 1.0 1 0 0 0.0 1.0 0
cell 10.196962584597877 58.077614402809 0.0 1.0 1.0 1 0 0 0.0 1.0 0
cell 48.52991851209911 43.93274035676593 0.0 1.0 1.0 1 0 0 0.0 1.0 0
cell 17.6556170263847 53.43348069545174 0.0 1.0 1.0 1 0 0 0.0 1.0 0
cell 16.06939778968445 25.39710595624652 0.0 1.0 1.0 1 0 0 0.0 1.0 0
cell 25.247232915103574 15.816515967232856 0.0 1.0 1.0 1 0 0 0.0 1.0 0
cell 56.672300166915754 17.509324517926935 0.0 1.0 1.0 1 0 0 0.0 1.0 0
cell 56.47431226070422 54.51321275165531 0.0 1.0 1.0 1 0 0 0.0 1.0 0
cell 3.924862546883925 15.602280784800486 0.0 1.0 1.0 1 0 0 0.0 1.0 0
cell 50.03631719669544 19.281526007617924 0.0 1.0 1.0 1 0 0 0.0 1.0 0
cell 48.6517343612975 20.72794635419478 0.0 1.0 1.0 1 0 0 0.0 1.0 0
cell 8.107985382748401 5.719694879218727 0.0 1.0 1.0 1 0 0 0.0 1.0 0
cell 10.32186608159085 42.4960375534233 0.0 1.0 1.0 1 0 0 0.0 1.0 0
cell 20.882083947679316 17.59848126533562 0.0 1.0 1.0 1 0 0 0.0 1.0 0
cell 31.236904618077208 45.92931578373448 0.0 1.0 1.0 1 0 0 0.0 1.0 0
cell 5.011155878527424 45.25608098981744 0.0 1.0 1.0 1 0 0 0.0 1.0 0
cell 26.670240477146073 40.36222445637953 0.0 1.0 1.0 1 0 0 0.0 1.0 0
cell 1.9916433824375945 15.114987386294956 0.0 1.0 1.0 1 0 0 0.0 1.0 0
cell 43.67130277803286 48.922032721361 0.0 1.0 1.0 1 0 0 0.0 1.0 0
cell 44.88690502481491 33.68142520892894 0.0 1.0 1.0 1 0 0 0.0 1.0 0
cell 3.311461287596557 38.529443205180414 0.0 1.0 1.0 1 0 0 0.0 1.0 0
cell 7.055015350036783 19.94846486960187 0.0 1.0 1.0 1 0 0 0.0 1.0 0
cell 1.3910438463933346 26.16106630710459 0.0 1.0 1.0 1 0 0 0.0 1.0 0
cell 5.343071980595876 56.07893508030904 0.0 1.0 1.0 1 0 0 0.0 1.0 0
cell 29.55885590870203 30.260238805486406 0.0 1.0 1.0 1 0 0 0.0 1.0 0
cell 2.468293405069924 35.14995425715306 0.0 1.0 1.0 1 0 0 0.0 1.0 0
cell 39.27766667352284 51.93267552192997 0.0 1.0 1.0 1 0 0 0.0 1.0 0
cell 37.74784657063824 3.351578528010595 0.0 1.0 1.0 1 0 0 0.0 1.0 0
cell 54.99486057176874 28.05110285189278 0.0 1.0 1.0 1 0 0 0.0 1.0 0
cell 45.26539407891335 9.26965593061042 0.0 1.0 1.0 1 0 0 0.0 1.0 0
cell 30.416605503951093 44.16465058585498 0.0 1.0 1.0 1 0 0 0.0 1.0 0
cell 20.12184897640352 46.77095147006079 0.0 1.0 1.0 1 0 0 0.0 1.0 0
cell 52.271980904123524 14.536492075833602 0.0 1.0 1.0 1 0 0 0.0 1.0 0
cell 42.21603921924137 47.50199276007445 0.0 1.0 1.0 1 0 0 0.0 1.0 0
cell 52.561103919109605 55.48831839650881 0.0 1.0 1.0 1 0 0 0.0 1.0 0
cell 7.994677591298486 11.17275291520572 0.0 1.0 1.0 1 0 0 0.0 1.0 0
cell 43.517008718225775 26.298659959724368 0.0 1.0 1.0 1 0 0 0.0 1.0 0
cell 51.0952241958868 10.657337392307669 0.0 1.0 1.0 1 0 0 0.0 1.0 0
cell 34.297203252067305 5.3110904847916185 0.0 1.0 1.0 1 0 0 0.0 1.0 0
cell 30.79264129931402 7.231669740555925 0.0 1.0 1.0 1 0 0 0.0 1.0 0
cell 45.705228663211464 1.5648133884162538 0.0 1.0 1.0 1 0 0 0.0 1.0 0
cell 34.74402047903094 28.525627920998765 0.0 1.0 1.0 1 0 0 0.0 1.0 0
cell 31.0582673645662 54.6057886118545 0.0 1.0 1.0 1 0 0 0.0 1.0 0
cell 37.98419871076457 58.52560750000778 0.0 1.0 1.0 1 0 0 0.0 1.0 0
cell 10.192175825905068 33.429047516957134 0.0 1.0 1.0 1 0 0 0.0 1.0 0
cell 49.563013186547494 40.03441398712746 0.0 1.0 1.0 1 0 0 0.0 1.0 0
cell 49.369811336284684 34.8458923386831 0.0 1.0 1.0 1 0 0 0.0 1.0 0
cell 37.87708753080062 50.51199660255975 0.0 1.0 1.0 1 0 0 0.0 1.0 0
cell 18.72959323549484 51.86930264488745 0.0 1.0 1.0 1 0 0 0.0 1.0 0
cell 48.539304357461404 4.397049213310727 0.0 1.0 1.0 1 0 0 0.0 1.0 0
cell 57.37636240554228 38.093865357207406 0.0 1.0 1.0 1 0 0 0.0 1.0 0
cell 42.96434108016341 6.468913213740403 0.0 1.0 1.0 1 0 0 0.0 1.0 0
cell 23.24120190955437 45.308734427124264 0.0 1.0 1.0 1 0 0 0.0 1.0 0
cell 0.02388649844248615 50.10485868449809 0.0 1.0 1.0 1 0 0 0.0 1.0 0
cell 20.473444333656087 55.497155424264164 0.0 1.0 1.0 1 0 0 0.0 1.0 0
cell 57.33481445803858 57.811108167439436 0.0 1.0 1.0 1 0 0 0.0 1.0 0
cell 48.07991714205593 6.344744256419168 0.0 1.0 1.0 1 0 0 0.0 1.0 0
cell 47.510824042010015 47.825020821180345 0.0 1.0 1.0 1 0 0 0.0 1.0 0
cell 32.383630516781984 12.265124554224059 0.0 1.0 1.0 1 0 0 0.0 1.0 0
cell 40.13178437269411 25.987451538423645 0.0 1.0 1.0 1 0 0 0.0 1.0 0
cell 25.513325846841305 42.06594651123017 0.0 1.0 1.0 1 0 0 0.0 1.0 0
cell 16.11207381215112 34.176402550312304 0.0 1.0 1.0 1 0 0 0.0 1.0 0
cell 27.603306570500287 54.417998535944214 0.0 1.0 1.0 1 0 0 0.0 1.0 0
cell 28.12004287324137 47.43840980276069 0.0 1.0 1.0 1 0 0 0.0 1.0 0
cell 38.62936457823593 22.78845642787831 0.0 1.0 1.0 1 0 0 0.0 1.0 0
cell 59.36668602188031 37.59599467984261 0.0 1.0 1.0 1 0 0 0.0 1.0 0
cell 44.20443135387619 39.6865458407532 0.0 1.0 1.0 1 0 0 0.0 1.0 0
cell 19.872380782279464 50.197142942679434 0.0 1.0 1.0 1 0 0 0.0 1.0 0
cell 41.6855146704385 49.49414944620356 0.0 1.0 1.0 1 0 0 0.0 1.0 0
cell 28.6998857777782 16.036717820839193 0.0 1.0 1.0 1 0 0 0.0 1.0 0
cell 49.267477410370496 54.56977968948029 0.0 1.0 1.0 1 0 0 0.0 1.0 0
cell 52.743811718130495 48.20993232985194 0.0 1.0 1.0 1 0 0 0.0 1.0 0
cell 24.055267936270603 59.358584849998806 0.0 1.0 1.0 1 0 0 0.0 1.0 0
cell 53.270026141757135 33.79078252233539 0.0 1.0 1.0 1 0 0 0.0 1.0 0
cell 6.885030730577732 44.72760241422454 0.0 1.0 1.0 1 0 0 0.0 1.0 0
cell 20.787822396737127 27.772709888951567 0.0 1.0 1.0 1 0 0 0.0 1.0 0
cell 8.982421586333524 47.59351249955316 0.0 1.0 1.0 1 0 0 0.0 1.0 0
cell 59.241643189116935 19.95397984577667 0.0 1.0 1.0 1 0 0 0.0 1.0 0
cell 46.839287423308214 57.07328884622541 0.0 1.0 1.0 1 0 0 0.0 1.0 0
cell 1.8768981693264624 37.097952365725696 0.0 1.0 1.0 1 0 0 0.0 1.0 0
cell 18.995939723786393 1.1425944665515757 0.0 1.0 1.0 1 0 0 0.0 1.0 0
cell 26.752025914917073 52.62136005100849 0.0 1.0 1.0 1 0 0 0.0 1.0 0
cell 44.84078112103083 35.71625491955812 0.0 1.0 1.0 1 0 0 0.0 1.0 0
cell 51.33926855426746 46.8109048888064 0.0 1.0 1.0 1 0 0 0.0 1.0 0
cell 47.79091153652816 11.617043289865494 0.0 1.0 1.0 1 0 0 0.0 1.0 0
cell 4.7209632523973015 12.244377366102116 0.0 1.0 1.0 1 0 0 0.0 1.0 0
cell 57.788047137460595 21.356244530266025 0.0 1.0 1.0 1 0 0 0.0 1.0 0
cell 6.494363496071732 17.975018050696224 0.0 1.0 1.0 1 0 0 0.0 1.0 0
cell 9.697208510116736 40.64188121995053 0.0 1.0 1.0 1 0 0 0.0 1.0 0
cell 26.960803282340276 36.983771832955284 0.0 1.0 1.0 1 0 0 0.0 1.0 0
cell 58.93519197353215 25.195722704588338 0.0 1.0 1.0 1 0 0 0.0 1.0 0
cell 32.05792572452314 18.21964270925682 0.0 1.0 1.0 1 0 0 0.0 1.0 0
cell 37.768639173402974 7.400087195464936 0.0 1.0 1.0 1 0 0 0.0 1.0 0
cell 39.322005426172176 12.56610884828098 0.0 1.0 1.0 1 0 0 0.0 1.0 0
cell 4.446129840198995 47.230302248374166 0.0 1.0 1.0 1 0 0 0.0 1.0 0
cell 36.60821308277909 41.1451842519488 0.0 1.0 1.0 1 0 0 0.0 1.0 0
cell 17.40660511688296 23.838338062737336 0.0 1.0 1.0 1 0 0 0.0 1.0 0
cell 18.93154250508394 36.2379103566136 0.0 1.0 1.0 1 0 0 0.0 1.0 0
cell 8.88307698102484 3.87510799377935 0.0 1.0 1.0 1 0 0 0.0 1.0 0
cell 47.67656599815659 1.0289463853884033 0.0 1.0 1.0 1 0 0 0.0 1.0 0
cell 53.62069686063901 13.094284258131818 0.0 1.0 1.0 1 0 0 0.0 1.0 0
cell 33.24041042236135 33.98763479263919 0.0 1.0 1.0 1 0 0 0.0 1.0 0
cell 50.55840027398123 25.41014786028636 0.0 1.0 1.0 1 0 0 0.0 1.0 0
cell 40.65649222156914 19.918593661375482 0.0 1.0 1.0 1 0 0 0.0 1.0 0
cell 1.1289998043815108 59.31202411931559 0.0 1.0 1.0 1 0 0 0.0 1.0 0
cell 11.558540552459085 52.95134061074726 0.0 1.0 1.0 1 0 0 0.0 1.0 0
cell 26.323215758813554 24.837327285136517 0.0 1.0 1.0 1 0 0 0.0 1.0 0
cell 6.61975845086906 12.638232039044203 0.0 1.0 1.0 1 0 0 0.0 1.0 0
cell 12.129302969739621 46.074250910551164 0.0 1.0 1.0 1 0 0 0.0 1.0 0
cell 52.05508079442165 57.40109076351021 0.0 1.0 1.0 1 0 0 0.0 1.0 0
cell 4.928397268413845 24.791819890816406 0.0 1.0 1.0 1 0 0 0.0 1.0 0
cell 32.45447731564989 32.14474673216552 0.0 1.0 1.0 1 0 0 0.0 1.0 0
cell 12.689167648273173 39.136529204506814 0.0 1.0 1.0 1 0 0 0.0 1.0 0
cell 13.49356512821702 23.087255618938695 0.0 1.0 1.0 1 0 0 0.0 1.0 0
cell 30.771412537754866 52.8404723540651 0.0 1.0 1.0 1 0 0 0.0 1.0 0
cell 27.285030296193334 45.64409338848362 0.0 1.0 1.0 1 0 0 0.0 1.0 0
cell 46.31032696741398 58.996268461263526 0.0 1.0 1.0 1 0 0 0.0 1.0 0
cell 3.7455751408053515 20.921767269062222 0.0 1.0 1.0 1 0 0 0.0 1.0 0
cell 41.13219886928764 58.690289919566794 0.0 1.0 1.0 1 0 0 0.0 1.0 0
cell 36.46910420069564 49.105091956541784 0.0 1.0 1.0 1 0 0 0.0 1.0 0
cell 28.814775929502787 14.087120643724717 0.0 1.0 1.0 1 0 0 0.0 1.0 0
cell 35.82150626356561 39.34327736509453 0.0 1.0 1.0 1 0 0 0.0 1.0 0
cell 12.181269955046357 24.62247302354922 0.0 1.0 1.0 1 0 0 0.0 1.0 0
cell 15.571722834985234 28.855097261360793 0.0 1.0 1.0 1 0 0 0.0 1.0 0
cell 39.635688389206805 57.30870301064379 0.0 1.0 1.0 1 0 0 0.0 1.0 0
cell 51.708783379654285 52.084410746461494 0.0 1.0 1.0 1 0 0 0.0 1.0 0
cell 8.436740460808528 28.965476871060215 0.0 1.0 1.0 1 0 0 0.0 1.0 0
cell 3.0050333297914094 33.26936995957789 0.0 1.0 1.0 1 0 0 0.0 1.0 0
cell 29.275367419870783 33.69749767202758 0.0 1.0 1.0 1 0 0 0.0 1.0 0
cell 2.723513009327559 40.47451265202108 0.0 1.0 1.0 1 0 0 0.0 1.0 0
cell 27.447016444130643 56.42871606435441 0.0 1.0 1.0 1 0 0 0.0 1.0 0
cell 52.82263688382889 16.469074645713132 0.0 1.0 1.0 1 0 0 0.0 1.0 0
cell 57.747675864031784 8.841756285015125 0.0 1.0 1.0 1 0 0 0.0 1.0 0
cell 28.385294709619657 43.95099175750401 0.0 1.0 1.0 1 0 0 0.0 1.0 0
cell 16.618235539072593 4.279906815265236 0.0 1.0 1.0 1 0 0 0.0 1.0 0
cell 22.997391957507418 22.606489966009764 0.0 1.0 1.0 1 0 0 0.0 1.0 0
cell 9.575684844068638 37.24682437017442 0.0 1.0 1.0 1 0 0 0.0 1.0 0
cell 34.33197537705396 1.3232204629777469 0.0 1.0 1.0 1 0 0 0.0 1.0 0
cell 12.61589765001251 8.672244499634802 0.0 1.0 1.0 1 0 0 0.0 1.0 0
cell 30.44248994310828 17.14544630917494 0.0 1.0 1.0 1 0 0 0.0 1.0 0
cell 50.046693344613956 38.1181051986471 0.0 1.0 1.0 1 0 0 0.0 1.0 0
cell 27.11209539787467 12.978088536088427 0.0 1.0 1.0 1 0 0 0.0 1.0 0
cell 16.353869044625423 30.689813473194782 0.0 1.0 1.0 1 0 0 0.0 1.0 0
cell 7.232490009211543 14.61738809331964 0.0 1.0 1.0 1 0 0 0.0 1.0 0
cell 18.06081395981641 25.734162958413556 0.0 1.0 1.0 1 0 0 0.0 1.0 0
cell 42.970589459617706 8.480904392299772 0.0 1.0 1.0 1 0 0 0.0 1.0 0
cell 51.50066075655393 39.57889821254981 0.0 1.0 1.0 1 0 0 0.0 1.0 0
cell 27.272400135922528 9.08287876314558 0.0 1.0 1.0 1 0 0 0.0 1.0 0
cell 51.39564955555297 17.889522846714954 0.0 1.0 1.0 1 0 0 0.0 1.0 0
cell 34.072550529133565 13.377429876823125 0.0 1.0 1.0 1 0 0 0.0 1.0 0
cell 45.04262192782406 50.3431418557495 0.0 1.0 1.0 1 0 0 0.0 1.0 0
cell 49.28395248122276 22.478045813750814 0.0 1.0 1.0 1 0 0 0.0 1.0 0
cell 51.67112642137593 12.589246685674237 0.0 1.0 1.0 1 0 0 0.0 1.0 0
cell 25.295978109497607 45.49510257149107 0.0 1.0 1.0 1 0 0 0.0 1.0 0
cell 24.774055172731707 28.150199169589595 0.0 1.0 1.0 1 0 0 0.0 1.0 0
cell 23.333864217719523 57.49037391551132 0.0 1.0 1.0 1 0 0 0.0 1.0 0
cell 49.74862607589542 12.098748294598598 0.0 1.0 1.0 1 0 0 0.0 1.0 0
cell 43.462357257633684 2.4607446862585416 0.0 1.0 1.0 1 0 0 0.0 1.0 0
cell 5.768403711524711 36.11271507188614 0.0 1.0 1.0 1 0 0 0.0 1.0 0
cell 2.2125147974482355 29.879590181364566 0.0 1.0 1.0 1 0 0 0.0 1.0 0
cell 32.967581810764614 29.361132880077474 0.0 1.0 1.0 1 0 0 0.0 1.0 0
cell 28.696224207232405 28.517473511543184 0.0 1.0 1.0 1 0 0 0.0 1.0 0
cell 46.60711012964003 4.920915645416951 0.0 1.0 1.0 1 0 0 0.0 1.0 0
cell 1.7357940054053689 20.455787383856762 0.0 1.0 1.0 1 0 0 0.0 1.0 0
cell 41.2413314594658 7.472085250706401 0.0 1.0 1.0 1 0 0 0.0 1.0 0
cell 35.68806247921329 16.43559040228142 0.0 1.0 1.0 1 0 0 0.0 1.0 0
cell 23.817492425393695 3.375100977068011 0.0 1.0 1.0 1 0 0 0.0 1.0 0
cell 18.119321203068385 20.476475204444224 0.0 1.0 1.0 1 0 0 0.0 1.0 0
cell 10.895861233943402 26.1012735950451 0.0 1.0 1.0 1 0 0 0.0 1.0 0
cell 11.28715970947964 10.161202674495787 0.0 1.0 1.0 1 0 0 0.0 1.0 0
cell 22.168693324577216 46.929154064094696 0.0 1.0 1.0 1 0 0 0.0 1.0 0
cell 1.6700744878549731 31.796818374650467 0.0 1.0 1.0 1 0 0 0.0 1.0 0
cell 34.23792778939142 9.347597695963126 0.0 1.0 1.0 1 0 0 0.0 1.0 0
cell 53.38393350425335 18.406469747949757 0.0 1.0 1.0 1 0 0 0.0 1.0 0
cell 34.20297263170504 11.302677523694966 0.0 1.0 1.0 1 0 0 0.0 1.0 0
cell 4.478545778912091 17.553158555928672 0.0 1.0 1.0 1 0 0 0.0 1.0 0
cell 55.85952773926923 8.338877337895758 0.0 1.0 1.0 1 0 0 0.0 1.0 0
cell 29.22634677531981 0.11730858694265617 0.0 1.0 1.0 1 0 0 0.0 1.0 0
cell 15.584341516241366 53.295271632264274 0.0 1.0 1.0 1 0 0 0.0 1.0 0
cell 36.365680808798324 29.691739248679088 0.0 1.0 1.0 1 0 0 0.0 1.0 0
cell 15.023667364498708 16.287855841159242 0.0 1.0 1.0 1 0 0 0.0 1.0 0
cell 16.1800979789033 58.491222459197004 0.0 1.0 1.0 1 0 0 0.0 1.0 0
cell 23.226909491628348 33.17529202117188 0.0 1.0 1.0 1 0 0 0.0 1.0 0
cell 7.14818429867576 0.21738416358998622 0.0 1.0 1.0 1 0 0 0.0 1.0 0
cell 56.982262861398176 52.51900689931018 0.0 1.0 1.0 1 0 0 0.0 1.0 0
cell 12.321232929901564 30.055235678462573 0.0 1.0 1.0 1 0 0 0.0 1.0 0
cell 15.835142938815642 12.936625902393752 0.0 1.0 1.0 1 0 0 0.0 1.0 0
cell 54.387954548340716 29.949520087839712 0.0 1.0 1.0 1 0 0 0.0 1.0 0
cell 51.057479464344674 29.02892045337482 0.0 1.0 1.0 1 0 0 0.0 1.0 0
cell 6.93149499098771 3.656317252141721 0.0 1.0 1.0 1 0 0 0.0 1.0 0
cell 33.437048398416536 23.394390211018326 0.0 1.0 1.0 1 0 0 0.0 1.0 0
cell 25.664367224199516 6.05526404655294 0.0 1.0 1.0 1 0 0 0.0 1.0 0
cell 23.153332559829206 20.63720044645952 0.0 1.0 1.0 1 0 0 0.0 1.0 0
cell 43.22156568502011 30.325696150517004 0.0 1.0 1.0 1 0 0 0.0 1.0 0
