1000
 Lattice="59.41278806836073 0.0 0.0 0.0 59.41278806836073 0.0 0.0 0.0 1.0"Properties=species:S:1:pos:R:3:aspherical_shape:R:3:orientation:R:4:Color:R:1
cell 38.544506087776284 58.009023303456054 0.0 1.0 1.0 1 0 0 0.0 1.0 0
cell 7.2232083143353485 24.959572833203993 0.0 1.0 1.0 1 0 0 0.0 1.0 0
cell 27.86031974730426 20.25026663776245 0.0 1.0 1.0 1 0 0 0.0 1.0 0
cell 25.826229005810735 11.221464534106781 0.0 1.0 1.0 1 0 0 0.0 1.0 0
cell 2.142431801763497 30.13575625574824 0.0 1.0 1.0 1 0 0 0.0 1.0 0
cell 13.169481445093565 49.94780294511666 0.0 1.0 1.0 1 0 0 0.0 1.0 0
cell 20.072610680810108 47.74732627125789 0.0 1.0 1.0 1 0 0 0.0 1.0 0
cell 42.53734270304443 57.49250905188768 0.0 1.0 1.0 1 0 0 0.0 1.0 0
cell 56.474086796861 35.29723302494737 0.0 1.0 1.0 1 0 0 0.0 1.0 0
cell 17.793890610814636 30.705177035742928 0.0 1.0 1.0 1 0 0 0.0 1.0 0
cell 34.39618601744202 17.378180507448608 0.0 1.0 1.0 1 0 0 0.0 1.0 0
cell 43.84203047961196 26.68431608908292 0.0 1.0 1.0 1 0 0 0.0 1.0 0
cell 34.227653430303974 55.405475187915 0.0 1.0 1.0 1 0 0 0.0 1.0 0
cell 23.910311780583616 2.2596782460551603 0.0 1.0 1.0 1 0 0 0.0 1.0 0
cell 32.912522328741375 48.62882171969805 0.0 1.0 1.0 1 0 0 0.0 1.0 0
cell 53.048984908866124 37.400298141555794 0.0 1.0 1.0 1 0 0 0.0 1.0 0
cell 8.518084624737053 9.80823176473831 0.0 1.0 1.0 1 0 0 0.0 1.0 0
cell 30.642085459182248 31.409040724338386 0.0 1.0 1.0 1 0 0 0.0 1.0 0
cell 37.060934316254695 2.430311592317631 0.0 1.0 1.0 1 0 0 0.0 1.0 0
cell 25.820716936375245 9.184440117976585 0.0 1.0 1.0 1 0 0 0.0 1.0 0
cell 42.85324919547768 24.905204684290386 0.0 1.0 1.0 1 0 0 0.0 1.0 0
cell 52.22054812640095 7.267122285877585 0.0 1.0 1.0 1 0 0 0.0 1.0 0
cell 30.9483088689394 6.0516900912647325 0.0 1.0 1.0 1 0 0 0.0 1.0 0
cell 36.48618398328533 58.29527286813699 0.0 1.0 1.0 1 0 0 0.0 1.0 0
cell 10.149321157581026 6.7400176615262675 0.0 1.0 1.0 1 0 0 0.0 1.0 0
cell 22.054778183642053 56.76075062963915 0.0 1.0 1.0 1 0 0 0.0 1.0 0
cell 45.75892483227645 58.85109438367957 0.0 1.0 1.0 1 0 0 0.0 1.0 0
cell 47.28798725170401 18.51916946843941 0.0 1.0 1.0 1 0 0 0.0 1.0 0
cell 45.80003213223814 21.447608783361655 0.0 1.0 1.0 1 0 0 0.0 1.0 0
cell 18.894940976855132 9.483872468325751 0.0 1.0 1.0 1 0 0 0.0 1.0 0
cell 49.060532175696885 0.751676076181109 0.0 1.0 1.0 1 0 0 0.0 1.0 0
cell 45.78522085130854 26.823293513722426 0.0 1.0 1.0 1 0 0 0.0 1.0 0
cell 34.4518751857297 35.03994446972903 0.0 1.0 1.0 1 0 0 0.0 1.0 0
cell 49.352732749322485 27.494450795620935 0.0 1.0 1.0 1 0 0 0.0 1.0 0
cell 49.50453958493151 35.44740177197761 0.0 1.0 1.0 1 0 0 0.0 1.0 0
cell 42.537695946026886 48.81996404552334 0.0 1.0 1.0 1 0 0 0.0 1.0 0
cell 19.44809295423993 29.67119376199254 0.0 1.0 1.0 1 0 0 0.0 1.0 0
cell 19.934186079292832 43.75342889758258 0.0 1.0 1.0 1 0 0 0.0 1.0 0
cell 10.819491078818649 28.89103089881351 0.0 1.0 1.0 1 0 0 0.0 1.0 0
cell 47.823112336310835 50.03040956445607 0.0 1.0 1.0 1 0 0 0.0 1.0 0
cell 53.34248177350769 43.298817171347125 0.0 1.0 1.0 1 0 0 0.0 1.0 0
cell 29.21676538149968 5.123628975801061 0.0 1.0 1.0 1 0 0 0.0 1.0 0
cell 36.577120384556096 31.656777353242575 0.0 1.0 1.0 1 0 0 0.0 1.0 0
cell 27.764259890317856 26.119219470804953 0.0 1.0 1.0 1 0 0 0.0 1.0 0
cell 58.89883397083106 56.481432394389515 0.0 1.0 1.0 1 0 0 0.0 1.0 0
cell 55.92788388105258 15.2353215391613 0.0 1.0 1.0 1 0 0 0.0 1.0 0
cell 58.14231901195551 32.294923458902296 0.0 1.0 1.0 1 0 0 0.0 1.0 0
cell 11.82157255027781 5.7090000374335235 0.0 1.0 1.0 1 0 0 0.0 1.0 0
cell 19.701341389310414 35.668993118743636 0.0 1.0 1.0 1 0 0 0.0 1.0 0
cell 41.57264145522294 17.824072514587662 0.0 1.0 1.0 1 0 0 0.0 1.0 0
cell 6.99942625481686 16.92107990525736 0.0 1.0 1.0 1 0 0 0.0 1.0 0
cell 55.60139625480696 5.161635177718942 0.0 1.0 1.0 1 0 0 0.0 1.0 0
cell 54.90322211861086 40.344499415645615 0.0 1.0 1.0 1 0 0 0.0 1.0 0
cell 35.82882692712065 13.602942607027101 0.0 1.0 1.0 1 0 0 0.0 1.0 0
cell 31.85748172524281 26.270463088327563 0.0 1.0 1.0 1 0 0 0.0 1.0 0
cell 15.430628482528252 9.576079878990509 0.0 1.0 1.0 1 0 0 0.0 1.0 0
cell 5.276805003350917 17.98351911581962 0.0 1.0 1.0 1 0 0 0.0 1.0 0
cell 46.94722496398692 51.86199615770272 0.0 1.0 1.0 1 0 0 0.0 1.0 0
cell 43.62300467162742 17.50307879333556 0.0 1.0 1.0 1 0 0 0.0 1.0 0
cell 57.59863959974436 12.149942681897002 0.0 1.0 1.0 1 0 0 0.0 1.0 0
cell 29.790732652760784 26.129997788909215 0.0 1.0 1.0 1 0 0 0.0 1.0 0
cell 29.58355261365459 33.14589792898904 0.0 1.0 1.0 1 0 0 0.0 1.0 0
cell 34.29173748653088 59.334047655382705 0.0 1.0 1.0 1 0 0 0.0 1.0 0
cell 10.415765134569062 14.783959899609409 0.0 1.0 1.0 1 0 0 0.0 1.0 0
cell 12.810440446857095 37.86198358790172 0.0 1.0 1.0 1 0 0 0.0 1.0 0
cell 0.8213863369814961 47.320762440592596 0.0 1.0 1.0 1 0 0 0.0 1.0 0
cell 21.377490904489424 34.606707878450955 0.0 1.0 1.0 1 0 0 0.0 1.0 0
cell 34.618858707682435 53.44488129147618 0.0 1.0 1.0 1 0 0 0.0 1.0 0
cell 23.20649422647857 35.562211891286346 0.0 1.0 1.0 1 0 0 0.0 1.0 0
cell 25.698214990608587 5.208315140354707 0.0 1.0 1.0 1 0 0 0.0 1.0 0
cell 27.5653960989747 10.155281680767636 0.0 1.0 1.0 1 0 0 0.0 1.0 0
cell 42.17220227638234 42.0544599925435 0.0 1.0 1.0 1 0 0 0.0 1.0 0
cell 56.26357672707684 27.281346466325306 0.0 1.0 1.0 1 0 0 0.0 1.0 0
cell 10.74626985645558 26.87446269841597 0.0 1.0 1.0 1 0 0 0.0 1.0 0
cell 52.61156554536505 21.35815283442675 0.0 1.0 1.0 1 0 0 0.0 1.0 0
cell 11.700954645499095 59.028422868801016 0.0 1.0 1.0 1 0 0 0.0 1.0 0
cell 53.667284556628 0.2069048957130685 0.0 1.0 1.0 1 0 0 0.0 1.0 0
cell 54.64660578245535 32.37239408210907 0.0 1.0 1.0 1 0 0 0.0 1.0 0
cell 2.7846395884645534 52.2668450883119 0.0 1.0 1.0 1 0 0 0.0 1.0 0
cell 4.1288287170806806 39.183771400455846 0.0 1.0 1.0 1 0 0 0.0 1.0 0
cell 18.422266530740213 50.81250015933235 0.0 1.0 1.0 1 0 0 0.0 1.0 0
cell 19.127875236154217 19.509273403154438 0.0 1.0 1.0 1 0 0 0.0 1.0 0
cell 41.7025095954006 30.107499846294875 0.0 1.0 1.0 1 0 0 0.0 1.0 0
cell 55.28320471049196 52.56469651214628 0.0 1.0 1.0 1 0 0 0.0 1.0 0
cell 24.148065316549584 12.291817218787473 0.0 1.0 1.0 1 0 0 0.0 1.0 0
cell 17.12248056137607 8.511138871477693 0.0 1.0 1.0 1 0 0 0.0 1.0 0
cell 23.979865220206303 4.300072922511353 0.0 1.0 1.0 1 0 0 0.0 1.0 0
cell 18.125323888296453 42.74901984069136 0.0 1.0 1.0 1 0 0 0.0 1.0 0
cell 39.754530163789 0.20902118960147364 0.0 1.0 1.0 1 0 0 0.0 1.0 0
cell 15.775113290653893 21.676135490303807 0.0 1.0 1.0 1 0 0 0.0 1.0 0
cell 12.599213158096756 31.869208911956445 0.0 1.0 1.0 1 0 0 0.0 1.0 0
cell 3.021331158080246 0.9093625165030029 0.0 1.0 1.0 1 0 0 0.0 1.0 0
cell 53.279300206930344 51.21522535313325 0.0 1.0 1.0 1 0 0 0.0 1.0 0
cell 27.711009976583693 29.58366309735113 0.0 1.0 1.0 1 0 0 0.0 1.0 0
cell 1.0566145019776105 53.332314761587696 0.0 1.0 1.0 1 0 0 0.0 1.0 0
cell 16.051725308247825 31.780262823217548 0.0 1.0 1.0 1 0 0 0.0 1.0 0
cell 23.756258102482075 55.7218791075174 0.0 1.0 1.0 1 0 0 0.0 1.0 0
cell 6.744397059831569 8.906506270974068 0.0 1.0 1.0 1 0 0 0.0 1.0 0
cell 12.299996174134522 21.793037344909365 0.0 1.0 1.0 1 0 0 0.0 1.0 0
cell 39.83073932100213 26.601627318585937 0.0 1.0 1.0 1 0 0 0.0 1.0 0
cell 27.165169793420848 22.322250103742643 0.0 1.0 1.0 1 0 0 0.0 1.0 0
cell 47.022705667967514 0.9989834338183581 0.0 1.0 1.0 1 0 0 0.0 1.0 0
cell 50.350054836426345 4.347777448684998 0.0 1.0 1.0 1 0 0 0.0 1.0 0
cell 54.514347459914276 26.319048445877094 0.0 1.0 1.0 1 0 0 0.0 1.0 0
cell 36.47625981142217 35.10472716597465 0.0 1.0 1.0 1 0 0 0.0 1.0 0
cell 54.595330410921754 30.340290572602285 0.0 1.0 1.0 1 0 0 0.0 1.0 0
cell 8.06497208450313 55.12281452601507 0.0 1.0 1.0 1 0 0 0.0 1.0 0
cell 48.1308195694459 53.45605290137338 0.0 1.0 1.0 1 0 0 0.0 1.0 0
cell 34.98402674050219 20.830678367138756 0.0 1.0 1.0 1 0 0 0.0 1.0 0
cell 5.308930985525831 20.00794326802286 0.0 1.0 1.0 1 0 0 0.0 1.0 0
cell 0.7804238395889158 45.31977568777628 0.0 1.0 1.0 1 0 0 0.0 1.0 0
cell 37.36349729362402 47.476870703732075 0.0 1.0 1.0 1 0 0 0.0 1.0 0
cell 24.027385308406505 8.268749549424898 0.0 1.0 1.0 1 0 0 0.0 1.0 0
cell 16.21063727849066 35.78370788090053 0.0 1.0 1.0 1 0 0 0.0 1.0 0
cell 43.465304607487944 47.03283000136881 0.0 1.0 1.0 1 0 0 0.0 1.0 0
cell 43.221990595990874 43.64500730386804 0.0 1.0 1.0 1 0 0 0.0 1.0 0
cell 54.18274004905072 14.269780012067208 0.0 1.0 1.0 1 0 0 0.0 1.0 0
cell 33.23317388406504 40.22271825045993 0.0 1.0 1.0 1 0 0 0.0 1.0 0
cell 0.07952914272349614 19.12137084428524 0.0 1.0 1.0 1 0 0 0.0 1.0 0
cell 15.891133510108983 25.697857106143974 0.0 1.0 1.0 1 0 0 0.0 1.0 0
cell 7.444014028628824 33.03755429782895 0.0 1.0 1.0 1 0 0 0.0 1.0 0
cell 44.9794948253881 8.44486212296876 0.0 1.0 1.0 1 0 0 0.0 1.0 0
cell 25.42696865343229 52.670615409983995 0.0 1.0 1.0 1 0 0 0.0 1.0 0
cell 19.03639984919788 15.502713303433227 0.0 1.0 1.0 1 0 0 0.0 1.0 0
cell 35.194314992782445 10.124295433228763 0.0 1.0 1.0 1 0 0 0.0 1.0 0
cell 24.093161321869818 10.272016342482498 0.0 1.0 1.0 1 0 0 0.0 1.0 0
cell 56.66198374400567 41.3339829997086 0.0 1.0 1.0 1 0 0 0.0 1.0 0
cell 39.28905505041235 56.17522348508261 0.0 1.0 1.0 1 0 0 0.0 1.0 0
cell 18.4459545717268 52.805108545596624 0.0 1.0 1.0 1 0 0 0.0 1.0 0
cell 13.70995237379886 10.623939872316262 0.0 1.0 1.0 1 0 0 0.0 1.0 0
cell 45.910575044354644 33.600101943271774 0.0 1.0 1.0 1 0 0 0.0 1.0 0
cell 2.2284228441771456 34.180184285485694 0.0 1.0 1.0 1 0 0 0.0 1.0 0
cell 52.73325962176139 25.366706281323104 0.0 1.0 1.0 1 0 0 0.0 1.0 0
cell 11.961791811168675 9.721912098333387 0.0 1.0 1.0 1 0 0 0.0 1.0 0
cell 54.12229872063785 12.282410818474686 0.0 1.0 1.0 1 0 0 0.0 1.0 0
cell 5.116193036401164 13.992214784684723 0.0 1.0 1.0 1 0 0 0.0 1.0 0
cell 28.88829482093218 50.55259737491018 0.0 1.0 1.0 1 0 0 0.0 1.0 0
cell 30.45540755622699 17.9552663989145 0.0 1.0 1.0 1 0 0 0.0 1.0 0
cell 57.058541522995704 53.496897974248014 0.0 1.0 1.0 1 0 0 0.0 1.0 0
cell 28.803634959237492 48.518936706665045 0.0 1.0 1.0 1 0 0 0.0 1.0 0
cell 25.939898570100123 15.313233526918916 0.0 1.0 1.0 1 0 0 0.0 1.0 0
cell 40.31080287152194 3.6579171647731616 0.0 1.0 1.0 1 0 0 0.0 1.0 0
cell 49.14885498072612 43.10648745144704 0.0 1.0 1.0 1 0 0 0.0 1.0 0
cell 23.806499047664925 57.66023879039183 0.0 1.0 1.0 1 0 0 0.0 1.0 0
cell 46.16343026188003 15.25190475961773 0.0 1.0 1.0 1 0 0 0.0 1.0 0
cell 58.019948741791794 30.252268019194833 0.0 1.0 1.0 1 0 0 0.0 1.0 0
cell 57.17172309683357 57.54224337084971 0.0 1.0 1.0 1 0 0 0.0 1.0 0
cell 34.629610574194544 31.58361297656388 0.0 1.0 1.0 1 0 0 0.0 1.0 0
cell 7.977976985018178 53.13075898495042 0.0 1.0 1.0 1 0 0 0.0 1.0 0
cell 47.764435048940285 58.60991342518403 0.0 1.0 1.0 1 0 0 0.0 1.0 0
cell 8.286805723595327 3.7649395346911994 0.0 1.0 1.0 1 0 0 0.0 1.0 0
cell 13.912379460870502 16.66409744819554 0.0 1.0 1.0 1 0 0 0.0 1.0 0
cell 10.85470327794661 30.90826610182198 0.0 1.0 1.0 1 0 0 0.0 1.0 0
cell 9.92010863030264 58.071566178267666 0.0 1.0 1.0 1 0 0 0.0 1.0 0
cell 47.8479069416062 38.53176084650117 0.0 1.0 1.0 1 0 0 0.0 1.0 0
cell 26.847897233521035 41.576211716373464 0.0 1.0 1.0 1 0 0 0.0 1.0 0
cell 12.020471721626276 11.707080062040939 0.0 1.0 1.0 1 0 0 0.0 1.0 0
cell 38.08626477165736 54.58406261705757 0.0 1.0 1.0 1 0 0 0.0 1.0 0
cell 22.417671180172665 13.373667099774465 0.0 1.0 1.0 1 0 0 0.0 1.0 0
cell 14.755455758783834 44.91364987865317 0.0 1.0 1.0 1 0 0 0.0 1.0 0
cell 50.78076606517431 16.362424720546667 0.0 1.0 1.0 1 0 0 0.0 1.0 0
cell 14.558038922145432 38.83990614755821 0.0 1.0 1.0 1 0 0 0.0 1.0 0
cell 45.32003968952466 55.444936539991744 0.0 1.0 1.0 1 0 0 0.0 1.0 0
cell 22.25033633957158 21.470635804863857 0.0 1.0 1.0 1 0 0 0.0 1.0 0
cell 4.95826772126545 7.916853990684191 0.0 1.0 1.0 1 0 0 0.0 1.0 0
cell 10.588322001079419 20.838537662426635 0.0 1.0 1.0 1 0 0 0.0 1.0 0
cell 2.33973165150385 36.149327734663146 0.0 1.0 1.0 1 0 0 0.0 1.0 0
cell 47.49919817067498 22.484836827259176 0.0 1.0 1.0 1 0 0 0.0 1.0 0
cell 28.761249219702222 46.539658876204165 0.0 1.0 1.0 1 0 0 0.0 1.0 0
cell 33.03899880811195 24.625677891595977 0.0 1.0 1.0 1 0 0 0.0 1.0 0
cell 1.7763263425279774 18.095662099180505 0.0 1.0 1.0 1 0 0 0.0 1.0 0
cell 2.1684787394536316 32.1541846929446 0.0 1.0 1.0 1 0 0 0.0 1.0 0
cell 40.46832539484696 35.2004741045202 0.0 1.0 1.0 1 0 0 0.0 1.0 0
cell 53.870855778796304 6.199972537089055 0.0 1.0 1.0 1 0 0 0.0 1.0 0
cell 42.922810160619186 14.079162896587128 0.0 1.0 1.0 1 0 0 0.0 1.0 0
cell 58.02496074454788 28.278979970773147 0.0 1.0 1.0 1 0 0 0.0 1.0 0
cell 20.4310030696332 2.3765829678638437 0.0 1.0 1.0 1 0 0 0.0 1.0 0
cell 15.550778566690715 13.610522428683806 0.0 1.0 1.0 1 0 0 0.0 1.0 0
cell 39.76703140400646 50.82834028762887 0.0 1.0 1.0 1 0 0 0.0 1.0 0
cell 44.398522098989154 38.724438144830124 0.0 1.0 1.0 1 0 0 0.0 1.0 0
cell 18.27403213357875 46.77044903731355 0.0 1.0 1.0 1 0 0 0.0 1.0 0
cell 3.905390324901912 29.10252251473046 0.0 1.0 1.0 1 0 0 0.0 1.0 0
cell 50.9921196021308 24.396812923066577 0.0 1.0 1.0 1 0 0 0.0 1.0 0
cell 13.522586724888622 2.6223398734446115 0.0 1.0 1.0 1 0 0 0.0 1.0 0
cell 38.22126503753703 42.1722737215013 0.0 1.0 1.0 1 0 0 0.0 1.0 0
cell 39.03727614911891 2.085638331505572 0.0 1.0 1.0 1 0 0 0.0 1.0 0
cell 29.072533111535712 56.535540737291136 0.0 1.0 1.0 1 0 0 0.0 1.0 0
cell 20.821713244394676 16.457627990055272 0.0 1.0 1.0 1 0 0 0.0 1.0 0
cell 47.61182050493799 26.51635133861041 0.0 1.0 1.0 1 0 0 0.0 1.0 0
cell 40.221915746134016 21.572042178720753 0.0 1.0 1.0 1 0 0 0.0 1.0 0
cell 39.16696616673262 43.85872292605622 0.0 1.0 1.0 1 0 0 0.0 1.0 0
cell 36.29341162247306 38.6161408208135 0.0 1.0 1.0 1 0 0 0.0 1.0 0
cell 7.121066023495508 22.97105397462209 0.0 1.0 1.0 1 0 0 0.0 1.0 0
cell 6.486810212675242 0.8029374705640262 0.0 1.0 1.0 1 0 0 0.0 1.0 0
cell 15.219399603027899 1.5510279711847952 0.0 1.0 1.0 1 0 0 0.0 1.0 0
cell 25.19947808500202 44.607638626771774 0.0 1.0 1.0 1 0 0 0.0 1.0 0
cell 46.14122437355909 41.58996525049085 0.0 1.0 1.0 1 0 0 0.0 1.0 0
cell 41.869661063744054 26.678824203774585 0.0 1.0 1.0 1 0 0 0.0 1.0 0
cell 57.20872019729829 0.07802171408503775 0.0 1.0 1.0 1 0 0 0.0 1.0 0
cell 43.40834972424865 37.016049551833625 0.0 1.0 1.0 1 0 0 0.0 1.0 0
cell 6.311710449340256 54.15574290519419 0.0 1.0 1.0 1 0 0 0.0 1.0 0
cell 14.475441128458884 34.81001986506437 0.0 1.0 1.0 1 0 0 0.0 1.0 0
cell 1.2458286685638118 2.009373551504656 0.0 1.0 1.0 1 0 0 0.0 1.0 0
cell 52.733553325961985 47.7466623046361 0.0 1.0 1.0 1 0 0 0.0 1.0 0
cell 26.892026918197462 43.575825897893125 0.0 1.0 1.0 1 0 0 0.0 1.0 0
cell 17.577975343744964 22.617449274463688 0.0 1.0 1.0 1 0 0 0.0 1.0 0
cell 46.34392145477453 45.08678453864189 0.0 1.0 1.0 1 0 0 0.0 1.0 0
cell 15.139400971515288 58.90517821319802 0.0 1.0 1.0 1 0 0 0.0 1.0 0
cell 34.80333242246983 28.101567218458353 0.0 1.0 1.0 1 0 0 0.0 1.0 0
cell 30.45978864343242 34.886297969922964 0.0 1.0 1.0 1 0 0 0.0 1.0 0
cell 20.35674739926676 57.80876597337468 0.0 1.0 1.0 1 0 0 0.0 1.0 0
cell 53.70242943919706 55.61588021366203 0.0 1.0 1.0 1 0 0 0.0 1.0 0
cell 49.256333105047084 25.487401879918032 0.0 1.0 1.0 1 0 0 0.0 1.0 0
cell 38.73283369306194 28.271680255466595 0.0 1.0 1.0 1 0 0 0.0 1.0 0
cell 15.838421698128931 23.722324134681486 0.0 1.0 1.0 1 0 0 0.0 1.0 0
cell 21.818934008417983 46.72956046608868 0.0 1.0 1.0 1 0 0 0.0 1.0 0
cell 4.828060982142191 3.883927418456444 0.0 1.0 1.0 1 0 0 0.0 1.0 0
cell 23.094946134602502 33.53361241833178 0.0 1.0 1.0 1 0 0 0.0 1.0 0
cell 20.872787591339765 18.424685598397797 0.0 1.0 1.0 1 0 0 0.0 1.0 0
cell 14.045843512301301 20.710464161916377 0.0 1.0 1.0 1 0 0 0.0 1.0 0
cell 10.921654493906802 32.921030726988015 0.0 1.0 1.0 1 0 0 0.0 1.0 0
cell 35.32500628173737 40.28300266363741 0.0 1.0 1.0 1 0 0 0.0 1.0 0
cell 19.10095107631377 17.53580478846853 0.0 1.0 1.0 1 0 0 0.0 1.0 0
cell 29.188770882997733 16.498150928641163 0.0 1.0 1.0 1 0 0 0.0 1.0 0
cell 0.24233979723749274 23.150367923701964 0.0 1.0 1.0 1 0 0 0.0 1.0 0
cell 32.43489181099797 54.45700290484618 0.0 1.0 1.0 1 0 0 0.0 1.0 0
cell 50.7273270135986 48.09138108247453 0.0 1.0 1.0 1 0 0 0.0 1.0 0
cell 42.41030035013237 35.29729690319499 0.0 1.0 1.0 1 0 0 0.0 1.0 0
cell 20.374271584088877 0.36262800999192923 0.0 1.0 1.0 1 0 0 0.0 1.0 0
cell 16.15936440124459 33.79194367291254 0.0 1.0 1.0 1 0 0 0.0 1.0 0
cell 8.800285881072496 19.89766566028984 0.0 1.0 1.0 1 0 0 0.0 1.0 0
cell 46.42230753410054 4.745748787405905 0.0 1.0 1.0 1 0 0 0.0 1.0 0
cell 25.943806040183915 20.71366519278076 0.0 1.0 1.0 1 0 0 0.0 1.0 0
cell 39.681069407223184 30.023579006182274 0.0 1.0 1.0 1 0 0 0.0 1.0 0
cell 36.97143489157666 24.279622481809586 0.0 1.0 1.0 1 0 0 0.0 1.0 0
cell 49.54895135567174 37.47924051936717 0.0 1.0 1.0 1 0 0 0.0 1.0 0
cell 29.20545490172215 7.068270837922091 0.0 1.0 1.0 1 0 0 0.0 1.0 0
cell 10.264988604348522 10.777781597747087 0.0 1.0 1.0 1 0 0 0.0 1.0 0
cell 58.83175429118587 54.43034718374347 0.0 1.0 1.0 1 0 0 0.0 1.0 0
cell 42.43386554763823 5.331997581637194 0.0 1.0 1.0 1 0 0 0.0 1.0 0
cell 28.7465793038995 40.27639128784803 0.0 1.0 1.0 1 0 0 0.0 1.0 0
cell 0.5413912554344287 35.188481330726916 0.0 1.0 1.0 1 0 0 0.0 1.0 0
cell 38.349996662691076 38.6316651097467 0.0 1.0 1.0 1 0 0 0.0 1.0 0
cell 32.511090529869136 34.97202891360728 0.0 1.0 1.0 1 0 0 0.0 1.0 0
cell 48.24169009805665 2.581078164589132 0.0 1.0 1.0 1 0 0 0.0 1.0 0
cell 35.85447134273399 26.37785605289664 0.0 1.0 1.0 1 0 0 0.0 1.0 0
cell 14.087122448510739 22.74861253117221 0.0 1.0 1.0 1 0 0 0.0 1.0 0
cell 43.57642053944551 33.59212857901397 0.0 1.0 1.0 1 0 0 0.0 1.0 0
cell 13.827240029099158 14.667613273894831 0.0 1.0 1.0 1 0 0 0.0 1.0 0
cell 40.164138409768476 42.10929063087248 0.0 1.0 1.0 1 0 0 0.0 1.0 0
cell 49.485323970762565 46.486611747047576 0.0 1.0 1.0 1 0 0 0.0 1.0 0
cell 21.88925436043743 50.718809507332004 0.0 1.0 1.0 1 0 0 0.0 1.0 0
cell 7.513794773328215 35.02692158957688 0.0 1.0 1.0 1 0 0 0.0 1.0 0
cell 17.179891363775134 10.554607586153853 0.0 1.0 1.0 1 0 0 0.0 1.0 0
cell 8.6435599640393 15.886474225417835 0.0 1.0 1.0 1 0 0 0.0 1.0 0
cell 19.775863685440083 37.728160386296786 0.0 1.0 1.0 1 0 0 0.0 1.0 0
cell 4.255973023299774 45.14116674303803 0.0 1.0 1.0 1 0 0 0.0 1.0 0
cell 11.117043514356657 40.93232406121914 0.0 1.0 1.0 1 0 0 0.0 1.0 0
cell 12.421120563102471 25.820315957370457 0.0 1.0 1.0 1 0 0 0.0 1.0 0
cell 15.023288801761222 54.905593376563125 0.0 1.0 1.0 1 0 0 0.0 1.0 0
cell 12.882421420181759 39.91057325665013 0.0 1.0 1.0 1 0 0 0.0 1.0 0
cell 26.41517553421809 37.68253768488485 0.0 1.0 1.0 1 0 0 0.0 1.0 0
cell 39.79074963558233 23.258197049527393 0.0 1.0 1.0 1 0 0 0.0 1.0 0
cell 4.2449116674079495 43.1896488157489 0.0 1.0 1.0 1 0 0 0.0 1.0 0
cell 26.808427220000215 39.5809661362263 0.0 1.0 1.0 1 0 0 0.0 1.0 0
cell 46.62354191469058 48.47258864787303 0.0 1.0 1.0 1 0 0 0.0 1.0 0
cell 15.363657721657482 7.555266826062002 0.0 1.0 1.0 1 0 0 0.0 1.0 0
cell 36.37441376235923 16.987135959706062 0.0 1.0 1.0 1 0 0 0.0 1.0 0
cell 17.020521576944393 4.508042177943681 0.0 1.0 1.0 1 0 0 0.0 1.0 0
cell 33.07261569172129 21.084179560242237 0.0 1.0 1.0 1 0 0 0.0 1.0 0
cell 23.535564062149987 45.673403865876054 0.0 1.0 1.0 1 0 0 0.0 1.0 0
cell 17.094677890542886 6.504528308329692 0.0 1.0 1.0 1 0 0 0.0 1.0 0
cell 39.03592617559809 14.761578873056175 0.0 1.0 1.0 1 0 0 0.0 1.0 0
cell 3.5264880076163236 16.998336409902493 0.0 1.0 1.0 1 0 0 0.0 1.0 0
cell 36.86816522118138 52.90281634645378 0.0 1.0 1.0 1 0 0 0.0 1.0 0
cell 22.387239804320775 11.336624068949458 0.0 1.0 1.0 1 0 0 0.0 1.0 0
cell 40.07652914764099 54.297165759198535 0.0 1.0 1.0 1 0 0 0.0 1.0 0
cell 54.81172655821243 38.36018424979188 0.0 1.0 1.0 1 0 0 0.0 1.0 0
cell 51.48690799330317 46.23774346692732 0.0 1.0 1.0 1 0 0 0.0 1.0 0
cell 19.22109378445777 21.60119972977195 0.0 1.0 1.0 1 0 0 0.0 1.0 0
cell 27.41004878731704 2.1862580374324527 0.0 1.0 1.0 1 0 0 0.0 1.0 0
cell 17.307562124474615 16.576260734658987 0.0 1.0 1.0 1 0 0 0.0 1.0 0
cell 43.607993063423166 12.257661988506499 0.0 1.0 1.0 1 0 0 0.0 1.0 0
cell 2.9889946471154847 58.31052551012662 0.0 1.0 1.0 1 0 0 0.0 1.0 0
cell 32.359015851115316 44.970561867561294 0.0 1.0 1.0 1 0 0 0.0 1.0 0
cell 43.778181535413935 50.46269793023163 0.0 1.0 1.0 1 0 0 0.0 1.0 0
cell 8.863502318155602 21.905676379135674 0.0 1.0 1.0 1 0 0 0.0 1.0 0
cell 6.0834545850432225 46.12195159425214 0.0 1.0 1.0 1 0 0 0.0 1.0 0
cell 47.74402422549729 34.461055001375584 0.0 1.0 1.0 1 0 0 0.0 1.0 0
cell 21.64256657992834 42.72678387671161 0.0 1.0 1.0 1 0 0 0.0 1.0 0
cell 9.619751836179107 48.04904027818714 0.0 1.0 1.0 1 0 0 0.0 1.0 0
cell 37.76849495220329 51.038148480354906 0.0 1.0 1.0 1 0 0 0.0 1.0 0
cell 54.3172411593201 20.29848560038287 0.0 1.0 1.0 1 0 0 0.0 1.0 0
cell 42.33388482003539 45.42185568891562 0.0 1.0 1.0 1 0 0 0.0 1.0 0
cell 44.1000031663208 20.91139918318004 0.0 1.0 1.0 1 0 0 0.0 1.0 0
cell 33.29470133622842 43.574148163791186 0.0 1.0 1.0 1 0 0 0.0 1.0 0
cell 46.103427824997155 35.628448515221535 0.0 1.0 1.0 1 0 0 0.0 1.0 0
cell 22.171297067133835 1.332152071637947 0.0 1.0 1.0 1 0 0 0.0 1.0 0
cell 25.416340845804886 17.262362293599857 0.0 1.0 1.0 1 0 0 0.0 1.0 0
cell 47.658250350389025 30.4358226906068 0.0 1.0 1.0 1 0 0 0.0 1.0 0
cell 27.456699634749192 6.177296737964947 0.0 1.0 1.0 1 0 0 0.0 1.0 0
cell 8.993465548046807 27.947633222833357 0.0 1.0 1.0 1 0 0 0.0 1.0 0
cell 57.39128363144111 6.143813376977322 0.0 1.0 1.0 1 0 0 0.0 1.0 0
cell 44.91500811282474 52.032891513472144 0.0 1.0 1.0 1 0 0 0.0 1.0 0
cell 27.184395945168063 51.570594992954256 0.0 1.0 1.0 1 0 0 0.0 1.0 0
cell 14.405627498597838 32.80613464113166 0.0 1.0 1.0 1 0 0 0.0 1.0 0
cell 13.745502304487044 12.670038213263572 0.0 1.0 1.0 1 0 0 0.0 1.0 0
cell 19.5413756120565 31.652392803875976 0.0 1.0 1.0 1 0 0 0.0 1.0 0
cell 27.475267922264152 12.065712615831847 0.0 1.0 1.0 1 0 0 0.0 1.0 0
cell 32.68167943490176 3.0608981753887488 0.0 1.0 1.0 1 0 0 0.0 1.0 0
cell 38.26746055273899 22.015071672219086 0.0 1.0 1.0 1 0 0 0.0 1.0 0
cell 32.606060279777644 31.482729322546984 0.0 1.0 1.0 1 0 0 0.0 1.0 0
cell 47.46773992494316 46.67258623744285 0.0 1.0 1.0 1 0 0 0.0 1.0 0
cell 54.947606200090945 44.46905663337223 0.0 1.0 1.0 1 0 0 0.0 1.0 0
cell 15.592950754165026 15.611923986031773 0.0 1.0 1.0 1 0 0 0.0 1.0 0
cell 24.715858029169766 27.827381542875134 0.0 1.0 1.0 1 0 0 0.0 1.0 0
cell 17.530138939049777 20.645068972764943 0.0 1.0 1.0 1 0 0 0.0 1.0 0
cell 50.17994629476649 53.253776073408005 0.0 1.0 1.0 1 0 0 0.0 1.0 0
cell 50.64598107230793 10.3640723752621 0.0 1.0 1.0 1 0 0 0.0 1.0 0
cell 1.3720454950135712 3.986753395424143 0.0 1.0 1.0 1 0 0 0.0 1.0 0
cell 18.318238009479224 48.75433767263088 0.0 1.0 1.0 1 0 0 0.0 1.0 0
cell 59.3637799968003 13.138871855086173 0.0 1.0 1.0 1 0 0 0.0 1.0 0
cell 11.323519559797273 46.99553142020775 0.0 1.0 1.0 1 0 0 0.0 1.0 0
cell 24.796013816510147 24.412111670976678 0.0 1.0 1.0 1 0 0 0.0 1.0 0
cell 25.776461147684124 26.11097756398792 0.0 1.0 1.0 1 0 0 0.0 1.0 0
cell 10.688986098041493 24.888671025224557 0.0 1.0 1.0 1 0 0 0.0 1.0 0
cell 11.599408512738265 57.049983000722015 0.0 1.0 1.0 1 0 0 0.0 1.0 0
cell 47.21051672593298 43.27759347449501 0.0 1.0 1.0 1 0 0 0.0 1.0 0
cell 6.623929808804255 4.838474572406948 0.0 1.0 1.0 1 0 0 0.0 1.0 0
cell 47.62473443364032 6.280119830631643 0.0 1.0 1.0 1 0 0 0.0 1.0 0
cell 42.320638316815305 38.67085010434835 0.0 1.0 1.0 1 0 0 0.0 1.0 0
cell 43.26740077013606 40.3434564916831 0.0 1.0 1.0 1 0 0 0.0 1.0 0
cell 40.90247555993129 52.48846261129496 0.0 1.0 1.0 1 0 0 0.0 1.0 0
cell 23.22978985689722 23.199216802469454 0.0 1.0 1.0 1 0 0 0.0 1.0 0
cell 42.88431879306823 19.364044800414277 0.0 1.0 1.0 1 0 0 0.0 1.0 0
cell 58.32113680278818 40.31526939331542 0.0 1.0 1.0 1 0 0 0.0 1.0 0
cell 6.9493446893539215 14.907199384875508 0.0 1.0 1.0 1 0 0 0.0 1.0 0
cell 0.9000298501741266 49.30291778080043 0.0 1.0 1.0 1 0 0 0.0 1.0 0
cell 7.606563402658553 39.0453481445257 0.0 1.0 1.0 1 0 0 0.0 1.0 0
cell 0.7169040773744105 41.27661937026125 0.0 1.0 1.0 1 0 0 0.0 1.0 0
cell 32.78378698996434 28.01800788961313 0.0 1.0 1.0 1 0 0 0.0 1.0 0
cell 10.622742889584172 22.845900351071684 0.0 1.0 1.0 1 0 0 0.0 1.0 0
cell 12.488830204229783 27.821462508985533 0.0 1.0 1.0 1 0 0 0.0 1.0 0
cell 12.95031600241712 43.93476059113871 0.0 1.0 1.0 1 0 0 0.0 1.0 0
cell 52.58921466626138 19.37940550218547 0.0 1.0 1.0 1 0 0 0.0 1.0 0
cell 47.30462756823614 55.21309432996337 0.0 1.0 1.0 1 0 0 0.0 1.0 0
cell 54.303392481447624 18.29764517712117 0.0 1.0 1.0 1 0 0 0.0 1.0 0
cell 1.66545929662676 12.063826347972165 0.0 1.0 1.0 1 0 0 0.0 1.0 0
cell 36.61016044189254 49.30516197899062 0.0 1.0 1.0 1 0 0 0.0 1.0 0
cell 34.509726242683996 12.074599706022505 0.0 1.0 1.0 1 0 0 0.0 1.0 0
cell 54.733651993301876 34.372694180295845 0.0 1.0 1.0 1 0 0 0.0 1.0 0
cell 47.589299824372745 32.468108605718605 0.0 1.0 1.0 1 0 0 0.0 1.0 0
cell 34.35227809433171 38.514577562364586 0.0 1.0 1.0 1 0 0 0.0 1.0 0
cell 13.037679940089351 45.9183374781576 0.0 1.0 1.0 1 0 0 0.0 1.0 0
cell 37.23099275207204 43.90374473717243 0.0 1.0 1.0 1 0 0 0.0 1.0 0
cell 32.47985061261614 46.806164436520085 0.0 1.0 1.0 1 0 0 0.0 1.0 0
cell 39.263868427790236 40.38039836737493 0.0 1.0 1.0 1 0 0 0.0 1.0 0
cell 37.258871990493766 40.36606837985545 0.0 1.0 1.0 1 0 0 0.0 1.0 0
cell 33.815710442182386 13.898527881023353 0.0 1.0 1.0 1 0 0 0.0 1.0 0
cell 56.0739889608748 19.2366332157899 0.0 1.0 1.0 1 0 0 0.0 1.0 0
cell 37.29974357130482 56.4257531552371 0.0 1.0 1.0 1 0 0 0.0 1.0 0
cell 16.701498509009447 51.857580470004955 0.0 1.0 1.0 1 0 0 0.0 1.0 0
cell 27.367230760874733 0.12635135822517102 0.0 1.0 1.0 1 0 0 0.0 1.0 0
cell 41.225885466716946 43.771759991771134 0.0 1.0 1.0 1 0 0 0.0 1.0 0
cell 26.77318337863826 24.333598497754835 0.0 1.0 1.0 1 0 0 0.0 1.0 0
cell 23.686362356336087 29.649690922791955 0.0 1.0 1.0 1 0 0 0.0 1.0 0
cell 23.54627672402722 47.6391068907102 0.0 1.0 1.0 1 0 0 0.0 1.0 0
cell 16.93297635293248 0.4824969113764068 0.0 1.0 1.0 1 0 0 0.0 1.0 0
cell 11.89275428194382 7.67335868300093 0.0 1.0 1.0 1 0 0 0.0 1.0 0
cell 56.34553759430867 29.335820410036686 0.0 1.0 1.0 1 0 0 0.0 1.0 0
cell 6.431788811076118 58.2343979254158 0.0 1.0 1.0 1 0 0 0.0 1.0 0
cell 3.9092737938629214 31.102230469795884 0.0 1.0 1.0 1 0 0 0.0 1.0 0
cell 43.678813981248226 6.861060157294433 0.0 1.0 1.0 1 0 0 0.0 1.0 0
cell 11.249853613852679 44.97161124664143 0.0 1.0 1.0 1 0 0 0.0 1.0 0
cell 19.974455834166786 45.70854005804711 0.0 1.0 1.0 1 0 0 0.0 1.0 0
cell 35.385858300830414 36.790912793229836 0.0 1.0 1.0 1 0 0 0.0 1.0 0
cell 58.29410962039643 38.268299618015945 0.0 1.0 1.0 1 0 0 0.0 1.0 0
cell 16.488178215052283 43.80014509527542 0.0 1.0 1.0 1 0 0 0.0 1.0 0
cell 3.579627434127219 19.071218702830414 0.0 1.0 1.0 1 0 0 0.0 1.0 0
cell 31.03630004031469 21.347013123676604 0.0 1.0 1.0 1 0 0 0.0 1.0 0
cell 28.731879060443305 27.845494702229242 0.0 1.0 1.0 1 0 0 0.0 1.0 0
cell 56.670524297971546 43.390524688928686 0.0 1.0 1.0 1 0 0 0.0 1.0 0
cell 29.041618269586174 21.735748792732373 0.0 1.0 1.0 1 0 0 0.0 1.0 0
cell 31.7735141786449 19.533533508749752 0.0 1.0 1.0 1 0 0 0.0 1.0 0
cell 8.442047327328963 7.8107015975764025 0.0 1.0 1.0 1 0 0 0.0 1.0 0
cell 38.4357397729446 5.929959786199689 0.0 1.0 1.0 1 0 0 0.0 1.0 0
cell 45.757380447139084 50.28258540234645 0.0 1.0 1.0 1 0 0 0.0 1.0 0
cell 48.31901374923771 44.88911250392229 0.0 1.0 1.0 1 0 0 0.0 1.0 0
cell 43.78556096378063 59.085172032835914 0.0 1.0 1.0 1 0 0 0.0 1.0 0
cell 25.075569094925417 33.287696874679824 0.0 1.0 1.0 1 0 0 0.0 1.0 0
cell 12.171384694758974 17.773380195142018 0.0 1.0 1.0 1 0 0 0.0 1.0 0
cell 42.91619993673324 52.27690911738999 0.0 1.0 1.0 1 0 0 0.0 1.0 0
cell 53.61862540563844 53.65534407379748 0.0 1.0 1.0 1 0 0 0.0 1.0 0
cell 28.318083903596584 38.26334129896369 0.0 1.0 1.0 1 0 0 0.0 1.0 0
cell 55.70703966447901 7.191329014579669 0.0 1.0 1.0 1 0 0 0.0 1.0 0
cell 0.725466012024143 43.262983216387354 0.0 1.0 1.0 1 0 0 0.0 1.0 0
cell 0.4711291310735995 31.233620078359863 0.0 1.0 1.0 1 0 0 0.0 1.0 0
cell 16.943074481032454 2.440083964173022 0.0 1.0 1.0 1 0 0 0.0 1.0 0
cell 20.479297205856366 4.340818681873211 0.0 1.0 1.0 1 0 0 0.0 1.0 0
cell 20.699643994286173 14.44679617992664 0.0 1.0 1.0 1 0 0 0.0 1.0 0
cell 14.317082491917963 30.80597297696768 0.0 1.0 1.0 1 0 0 0.0 1.0 0
cell 44.29123897244777 10.294589883116014 0.0 1.0 1.0 1 0 0 0.0 1.0 0
cell 35.837996737286765 8.23488424048177 0.0 1.0 1.0 1 0 0 0.0 1.0 0
cell 54.25294585933038 16.27996929914637 0.0 1.0 1.0 1 0 0 0.0 1.0 0
cell 40.90059698043955 24.935494844202996 0.0 1.0 1.0 1 0 0 0.0 1.0 0
cell 2.3484506284747972 38.186488407058164 0.0 1.0 1.0 1 0 0 0.0 1.0 0
cell 14.895722664112547 50.86182340512624 0.0 1.0 1.0 1 0 0 0.0 1.0 0
cell 11.081832574577243 38.94524620486571 0.0 1.0 1.0 1 0 0 0.0 1.0 0
cell 5.033043693094442 9.918936105528589 0.0 1.0 1.0 1 0 0 0.0 1.0 0
cell 57.22396617897213 2.1325587115122135 0.0 1.0 1.0 1 0 0 0.0 1.0 0
cell 14.51292442945318 36.85000891316185 0.0 1.0 1.0 1 0 0 0.0 1.0 0
cell 30.92963598966056 4.079474994649243 0.0 1.0 1.0 1 0 0 0.0 1.0 0
cell 27.22800415363254 55.57648919112148 0.0 1.0 1.0 1 0 0 0.0 1.0 0
cell 11.001599923895906 34.952698472501645 0.0 1.0 1.0 1 0 0 0.0 1.0 0
cell 12.66315121327065 33.89749482177332 0.0 1.0 1.0 1 0 0 0.0 1.0 0
cell 30.775331914069227 27.92591852373431 0.0 1.0 1.0 1 0 0 0.0 1.0 0
cell 1.2580495425749234 59.39354677365985 0.0 1.0 1.0 1 0 0 0.0 1.0 0
cell 41.71288130949088 50.6492855322069 0.0 1.0 1.0 1 0 0 0.0 1.0 0
cell 39.75419435009316 7.565042366663919 0.0 1.0 1.0 1 0 0 0.0 1.0 0
cell 6.116117735621663 48.123849476148216 0.0 1.0 1.0 1 0 0 0.0 1.0 0
cell 45.70300471630547 6.573336174098205 0.0 1.0 1.0 1 0 0 0.0 1.0 0
cell 4.612383443572404 55.252343081761026 0.0 1.0 1.0 1 0 0 0.0 1.0 0
cell 6.888458532874102 12.883790815690826 0.0 1.0 1.0 1 0 0 0.0 1.0 0
cell 29.43474936548755 36.60982514138291 0.0 1.0 1.0 1 0 0 0.0 1.0 0
cell 1.8949245433462207 22.121872593569567 0.0 1.0 1.0 1 0 0 0.0 1.0 0
cell 28.635355102722215 31.32500937869799 0.0 1.0 1.0 1 0 0 0.0 1.0 0
cell 18.67089042995857 1.419125280550726 0.0 1.0 1.0 1 0 0 0.0 1.0 0
cell 40.28855575765299 16.338871237357953 0.0 1.0 1.0 1 0 0 0.0 1.0 0
cell 25.0528984983068 40.59939011085146 0.0 1.0 1.0 1 0 0 0.0 1.0 0
cell 21.30627133039934 32.6094000996925 0.0 1.0 1.0 1 0 0 0.0 1.0 0
cell 13.208405667357612 51.92401266746475 0.0 1.0 1.0 1 0 0 0.0 1.0 0
cell 44.20602133670176 41.88719778778259 0.0 1.0 1.0 1 0 0 0.0 1.0 0
cell 44.69107859975833 31.98580496876546 0.0 1.0 1.0 1 0 0 0.0 1.0 0
cell 24.126765798054493 16.224479175361438 0.0 1.0 1.0 1 0 0 0.0 1.0 0
cell 1.488786940371452 8.01491573505777 0.0 1.0 1.0 1 0 0 0.0 1.0 0
cell 26.47612891714646 34.70554519896355 0.0 1.0 1.0 1 0 0 0.0 1.0 0
cell 56.22383924107257 25.30203553268462 0.0 1.0 1.0 1 0 0 0.0 1.0 0
cell 33.97683070197009 8.6169036205425 0.0 1.0 1.0 1 0 0 0.0 1.0 0
cell 19.006171331045454 13.507672375189125 0.0 1.0 1.0 1 0 0 0.0 1.0 0
cell 0.04355573812353936 17.173555372288245 0.0 1.0 1.0 1 0 0 0.0 1.0 0
cell 56.57242537251033 39.33558231539733 0.0 1.0 1.0 1 0 0 0.0 1.0 0
cell 32.237837876425196 22.94039117513852 0.0 1.0 1.0 1 0 0 0.0 1.0 0
cell 3.7398413023484913 25.09172886937383 0.0 1.0 1.0 1 0 0 0.0 1.0 0
cell 25.59074987918564 58.58308330233946 0.0 1.0 1.0 1 0 0 0.0 1.0 0
cell 49.45035617258329 33.49240016902819 0.0 1.0 1.0 1 0 0 0.0 1.0 0
cell 54.79218711812454 36.36225592086414 0.0 1.0 1.0 1 0 0 0.0 1.0 0
cell 13.365008107654347 57.993321269579866 0.0 1.0 1.0 1 0 0 0.0 1.0 0
cell 2.4577351882276615 42.21634256359997 0.0 1.0 1.0 1 0 0 0.0 1.0 0
cell 24.928780333612465 38.648369299359864 0.0 1.0 1.0 1 0 0 0.0 1.0 0
cell 49.7076932890578 41.433932361031026 0.0 1.0 1.0 1 0 0 0.0 1.0 0
cell 13.438679925845166 0.5798008030991442 0.0 1.0 1.0 1 0 0 0.0 1.0 0
cell 11.370881096803162 48.97673087595407 0.0 1.0 1.0 1 0 0 0.0 1.0 0
cell 2.653635566888385 48.24515896105975 0.0 1.0 1.0 1 0 0 0.0 1.0 0
cell 28.511468116505164 18.36049372997723 0.0 1.0 1.0 1 0 0 0.0 1.0 0
cell 20.613670834360388 10.398085305210046 0.0 1.0 1.0 1 0 0 0.0 1.0 0
cell 57.76426611224345 20.167259288208392 0.0 1.0 1.0 1 0 0 0.0 1.0 0
cell 40.875504556211126 19.707810710637837 0.0 1.0 1.0 1 0 0 0.0 1.0 0
cell 17.824537699520636 32.729408618817494 0.0 1.0 1.0 1 0 0 0.0 1.0 0
cell 17.689778683767656 28.687935971255722 0.0 1.0 1.0 1 0 0 0.0 1.0 0
cell 57.74785548963097 18.200992829858585 0.0 1.0 1.0 1 0 0 0.0 1.0 0
cell 6.577203312234989 2.794804341098637 0.0 1.0 1.0 1 0 0 0.0 1.0 0
cell 33.11415630098124 15.86096057444257 0.0 1.0 1.0 1 0 0 0.0 1.0 0
cell 49.13068575970707 11.407623252977464 0.0 1.0 1.0 1 0 0 0.0 1.0 0
cell 39.089293509262305 9.410618051609093 0.0 1.0 1.0 1 0 0 0.0 1.0 0
cell 18.243701636195954 44.779896031189914 0.0 1.0 1.0 1 0 0 0.0 1.0 0
cell 30.56117512868708 47.45251957276099 0.0 1.0 1.0 1 0 0 0.0 1.0 0
cell 51.1818406556493 32.41469069312422 0.0 1.0 1.0 1 0 0 0.0 1.0 0
cell 50.729962854565144 14.38016514160894 0.0 1.0 1.0 1 0 0 0.0 1.0 0
cell 30.988538088480432 43.496049418608 0.0 1.0 1.0 1 0 0 0.0 1.0 0
cell 45.47149326301675 46.896232550639255 0.0 1.0 1.0 1 0 0 0.0 1.0 0
cell 41.44321756788208 47.21405651411244 0.0 1.0 1.0 1 0 0 0.0 1.0 0
cell 6.269415030622865 52.14971163536637 0.0 1.0 1.0 1 0 0 0.0 1.0 0
cell 37.645844327541376 18.53189404603642 0.0 1.0 1.0 1 0 0 0.0 1.0 0
cell 1.7588080893447973 16.10423143399943 0.0 1.0 1.0 1 0 0 0.0 1.0 0
cell 44.310307928080505 45.27946006765466 0.0 1.0 1.0 1 0 0 0.0 1.0 0
cell 36.29693932733346 22.440392944311196 0.0 1.0 1.0 1 0 0 0.0 1.0 0
cell 11.458682972148264 52.998467059116 0.0 1.0 1.0 1 0 0 0.0 1.0 0
cell 44.0871933624952 53.85007734981761 0.0 1.0 1.0 1 0 0 0.0 1.0 0
cell 30.297423698558468 38.37606628973445 0.0 1.0 1.0 1 0 0 0.0 1.0 0
cell 25.93036772557991 13.274871506685754 0.0 1.0 1.0 1 0 0 0.0 1.0 0
cell 27.249684829937188 16.802642220079186 0.0 1.0 1.0 1 0 0 0.0 1.0 0
cell 51.01596179710227 26.457508825154733 0.0 1.0 1.0 1 0 0 0.0 1.0 0
cell 26.741387504899773 27.834013333091228 0.0 1.0 1.0 1 0 0 0.0 1.0 0
cell 41.56390102251277 33.53010311746758 0.0 1.0 1.0 1 0 0 0.0 1.0 0
cell 10.182287047573405 8.782772129224108 0.0 1.0 1.0 1 0 0 0.0 1.0 0
cell 46.921212572237344 8.106973480384756 0.0 1.0 1.0 1 0 0 0.0 1.0 0
cell 47.80062618933964 36.55598109946571 0.0 1.0 1.0 1 0 0 0.0 1.0 0
cell 37.712721818535925 13.212043421676176 0.0 1.0 1.0 1 0 0 0.0 1.0 0
cell 53.111588418937124 39.39524966245236 0.0 1.0 1.0 1 0 0 0.0 1.0 0
cell 51.33673467273484 38.44362371921456 0.0 1.0 1.0 1 0 0 0.0 1.0 0
cell 55.88378975088823 11.195168523034438 0.0 1.0 1.0 1 0 0 0.0 1.0 0
cell 27.043774571086637 47.558211580249356 0.0 1.0 1.0 1 0 0 0.0 1.0 0
cell 16.763122379802084 53.85467615397962 0.0 1.0 1.0 1 0 0 0.0 1.0 0
cell 51.2288828262135 34.48953083411771 0.0 1.0 1.0 1 0 0 0.0 1.0 0
cell 52.554014822155395 17.328663242440395 0.0 1.0 1.0 1 0 0 0.0 1.0 0
cell 35.22921059445759 47.62315087294552 0.0 1.0 1.0 1 0 0 0.0 1.0 0
cell 19.308175936740696 23.617663657266064 0.0 1.0 1.0 1 0 0 0.0 1.0 0
cell 49.06173174227102 17.459532874109506 0.0 1.0 1.0 1 0 0 0.0 1.0 0
cell 44.24058399312213 15.701916562546899 0.0 1.0 1.0 1 0 0 0.0 1.0 0
cell 36.78580222292255 28.151245345444305 0.0 1.0 1.0 1 0 0 0.0 1.0 0
cell 5.540983830635659 28.03534428800474 0.0 1.0 1.0 1 0 0 0.0 1.0 0
cell 56.53393339959577 37.29872433108022 0.0 1.0 1.0 1 0 0 0.0 1.0 0
cell 51.39603037239883 40.42872781941577 0.0 1.0 1.0 1 0 0 0.0 1.0 0
cell 24.763473336726253 31.33980445778161 0.0 1.0 1.0 1 0 0 0.0 1.0 0
cell 32.59030119464244 12.39250901167475 0.0 1.0 1.0 1 0 0 0.0 1.0 0
cell 50.41162933031665 6.379137438831653 0.0 1.0 1.0 1 0 0 0.0 1.0 0
cell 25.55495888998407 56.66321658183812 0.0 1.0 1.0 1 0 0 0.0 1.0 0
cell 8.375448102538186 5.816871273716645 0.0 1.0 1.0 1 0 0 0.0 1.0 0
cell 51.115263272960995 30.486410924361998 0.0 1.0 1.0 1 0 0 0.0 1.0 0
cell 52.455451440167465 13.32313937723776 0.0 1.0 1.0 1 0 0 0.0 1.0 0
cell 40.40280945264045 10.99735465940739 0.0 1.0 1.0 1 0 0 0.0 1.0 0
cell 56.681089495991344 45.44042607522252 0.0 1.0 1.0 1 0 0 0.0 1.0 0
cell 37.805344173768496 0.49310991512210217 0.0 1.0 1.0 1 0 0 0.0 1.0 0
cell 23.282901388165918 39.66674491607517 0.0 1.0 1.0 1 0 0 0.0 1.0 0
cell 43.80557354715657 22.895134383221997 0.0 1.0 1.0 1 0 0 0.0 1.0 0
cell 16.410740885998678 41.82361465324458 0.0 1.0 1.0 1 0 0 0.0 1.0 0
cell 22.79394414181301 27.815971515955535 0.0 1.0 1.0 1 0 0 0.0 1.0 0
cell 38.884489421313205 24.838066010421404 0.0 1.0 1.0 1 0 0 0.0 1.0 0
cell 0.654989945271552 39.257384359209766 0.0 1.0 1.0 1 0 0 0.0 1.0 0
cell 36.49984543419858 6.34476161733155 0.0 1.0 1.0 1 0 0 0.0 1.0 0
cell 34.2367456485619 41.937677964139255 0.0 1.0 1.0 1 0 0 0.0 1.0 0
cell 44.86867290681602 25.051060284275565 0.0 1.0 1.0 1 0 0 0.0 1.0 0
cell 22.081723385675648 58.71580687918199 0.0 1.0 1.0 1 0 0 0.0 1.0 0
cell 59.0072902459027 3.054707069943446 0.0 1.0 1.0 1 0 0 0.0 1.0 0
cell 1.418144409582053 6.026373412208984 0.0 1.0 1.0 1 0 0 0.0 1.0 0
cell 22.36804519299582 9.32660464827332 0.0 1.0 1.0 1 0 0 0.0 1.0 0
cell 32.388260848939595 52.488630040867776 0.0 1.0 1.0 1 0 0 0.0 1.0 0
cell 58.20432747637131 34.22707767698937 0.0 1.0 1.0 1 0 0 0.0 1.0 0
cell 10.052300574124416 2.7183827996779577 0.0 1.0 1.0 1 0 0 0.0 1.0 0
cell 4.085733072583674 37.09563039008809 0.0 1.0 1.0 1 0 0 0.0 1.0 0
cell 21.969296023931147 52.7225252777415 0.0 1.0 1.0 1 0 0 0.0 1.0 0
cell 25.688961295589348 29.546189098978548 0.0 1.0 1.0 1 0 0 0.0 1.0 0
cell 22.029750625960045 54.688034257219286 0.0 1.0 1.0 1 0 0 0.0 1.0 0
cell 56.74857657774172 47.44942102097057 0.0 1.0 1.0 1 0 0 0.0 1.0 0
cell 21.126950336796035 28.629496853124344 0.0 1.0 1.0 1 0 0 0.0 1.0 0
cell 50.53653600378301 8.382710170389778 0.0 1.0 1.0 1 0 0 0.0 1.0 0
cell 36.49496400664211 11.73604223705527 0.0 1.0 1.0 1 0 0 0.0 1.0 0
cell 16.582598503530843 47.831223653791376 0.0 1.0 1.0 1 0 0 0.0 1.0 0
cell 42.6534642778053 31.840552808978 0.0 1.0 1.0 1 0 0 0.0 1.0 0
cell 9.870210623773078 56.08321165801515 0.0 1.0 1.0 1 0 0 0.0 1.0 0
cell 43.00865401225416 1.5254590738535625 0.0 1.0 1.0 1 0 0 0.0 1.0 0
cell 45.57538297537642 17.43558523417985 0.0 1.0 1.0 1 0 0 0.0 1.0 0
cell 4.189074873304601 41.13952473864694 0.0 1.0 1.0 1 0 0 0.0 1.0 0
cell 31.407280728208487 36.669848135258135 0.0 1.0 1.0 1 0 0 0.0 1.0 0
cell 31.269062104832965 10.801851325948503 0.0 1.0 1.0 1 0 0 0.0 1.0 0
cell 18.613726583870147 58.861310029442365 0.0 1.0 1.0 1 0 0 0.0 1.0 0
cell 22.58838690640088 19.460041243596695 0.0 1.0 1.0 1 0 0 0.0 1.0 0
cell 14.865781517139169 48.879113767279875 0.0 1.0 1.0 1 0 0 0.0 1.0 0
cell 50.9515751237978 51.39397784067115 0.0 1.0 1.0 1 0 0 0.0 1.0 0
cell 51.950665626315505 49.6726917412799 0.0 1.0 1.0 1 0 0 0.0 1.0 0
cell 27.483541955819195 36.40880112800326 0.0 1.0 1.0 1 0 0 0.0 1.0 0
cell 44.42563234987905 35.312051186738294 0.0 1.0 1.0 1 0 0 0.0 1.0 0
cell 52.096204385791765 56.69291178576799 0.0 1.0 1.0 1 0 0 0.0 1.0 0
cell 18.779788512119328 5.465069791774936 0.0 1.0 1.0 1 0 0 0.0 1.0 0
cell 35.13633406749536 15.502910223757446 0.0 1.0 1.0 1 0 0 0.0 1.0 0
cell 21.479730002468134 36.633608892486606 0.0 1.0 1.0 1 0 0 0.0 1.0 0
cell 17.673078457272375 26.64387606253844 0.0 1.0 1.0 1 0 0 0.0 1.0 0
cell 18.0465996352773 38.73734522017455 0.0 1.0 1.0 1 0 0 0.0 1.0 0
cell 45.20445705028197 43.43994529426423 0.0 1.0 1.0 1 0 0 0.0 1.0 0
cell 14.966991839154128 52.89530523855948 0.0 1.0 1.0 1 0 0 0.0 1.0 0
cell 1.2092709962870953 57.35592728744758 0.0 1.0 1.0 1 0 0 0.0 1.0 0
cell 17.197453712347578 12.55288626975524 0.0 1.0 1.0 1 0 0 0.0 1.0 0
cell 25.055687217723264 36.15114642752343 0.0 1.0 1.0 1 0 0 0.0 1.0 0
cell 38.88873013012771 52.70374611877064 0.0 1.0 1.0 1 0 0 0.0 1.0 0
cell 5.435935023685608 24.022419359612154 0.0 1.0 1.0 1 0 0 0.0 1.0 0
cell 58.76771584635169 52.404382590418344 0.0 1.0 1.0 1 0 0 0.0 1.0 0
cell 5.836884245660591 38.118691727502416 0.0 1.0 1.0 1 0 0 0.0 1.0 0
cell 34.25209437340688 22.716018335246453 0.0 1.0 1.0 1 0 0 0.0 1.0 0
cell 53.11542840382166 41.39057581959535 0.0 1.0 1.0 1 0 0 0.0 1.0 0
cell 57.712892460036 16.146784340437513 0.0 1.0 1.0 1 0 0 0.0 1.0 0
cell 24.160399490852043 14.285888694946594 0.0 1.0 1.0 1 0 0 0.0 1.0 0
cell 12.391563804087331 23.775199673799154 0.0 1.0 1.0 1 0 0 0.0 1.0 0
cell 32.64933361344796 1.067471455753318 0.0 1.0 1.0 1 0 0 0.0 1.0 0
cell 0.6052247584978069 37.245224737496706 0.0 1.0 1.0 1 0 0 0.0 1.0 0
cell 35.659073180571944 29.847411516562566 0.0 1.0 1.0 1 0 0 0.0 1.0 0
cell 58.261875603750205 36.26058074430035 0.0 1.0 1.0 1 0 0 0.0 1.0 0
cell 7.388967612875555 30.96904207529621 0.0 1.0 1.0 1 0 0 0.0 1.0 0
cell 20.65678726672569 12.44007420173487 0.0 1.0 1.0 1 0 0 0.0 1.0 0
cell 11.730030296488225 1.6450221549143063 0.0 1.0 1.0 1 0 0 0.0 1.0 0
cell 11.426597290283159 51.011998653812135 0.0 1.0 1.0 1 0 0 0.0 1.0 0
cell 59.39205743742 15.115122987949375 0.0 1.0 1.0 1 0 0 0.0 1.0 0
cell 30.41916820167342 45.48118714247311 0.0 1.0 1.0 1 0 0 0.0 1.0 0
cell 33.41645027051311 36.73267019410583 0.0 1.0 1.0 1 0 0 0.0 1.0 0
cell 25.693246659857582 3.208335580311604 0.0 1.0 1.0 1 0 0 0.0 1.0 0
cell 41.71599907761649 7.220496120653588 0.0 1.0 1.0 1 0 0 0.0 1.0 0
cell 1.5678029132722697 10.035416622995827 0.0 1.0 1.0 1 0 0 0.0 1.0 0
cell 52.0501659443164 3.24884775658981 0.0 1.0 1.0 1 0 0 0.0 1.0 0
cell 22.31078860890355 7.352961948295277 0.0 1.0 1.0 1 0 0 0.0 1.0 0
cell 15.291743311879666 5.5672947000682385 0.0 1.0 1.0 1 0 0 0.0 1.0 0
cell 50.258068858214806 2.336883240593003 0.0 1.0 1.0 1 0 0 0.0 1.0 0
cell 4.754484529450432 1.883123487831949 0.0 1.0 1.0 1 0 0 0.0 1.0 0
cell 42.30453837131959 10.611681786888747 0.0 1.0 1.0 1 0 0 0.0 1.0 0
cell 43.74849463771377 30.20976679180698 0.0 1.0 1.0 1 0 0 0.0 1.0 0
cell 59.31605093957324 11.05773975997888 0.0 1.0 1.0 1 0 0 0.0 1.0 0
cell 57.44669829866249 8.139953571252777 0.0 1.0 1.0 1 0 0 0.0 1.0 0
cell 20.18742111947762 51.738511204194005 0.0 1.0 1.0 1 0 0 0.0 1.0 0
cell 20.1253542543118 49.73896765455788 0.0 1.0 1.0 1 0 0 0.0 1.0 0
cell 1.9777119863919181 24.111106765264626 0.0 1.0 1.0 1 0 0 0.0 1.0 0
cell 0.5113950991760705 33.214685020631975 0.0 1.0 1.0 1 0 0 0.0 1.0 0
cell 41.785721432225024 59.3633536888474 0.0 1.0 1.0 1 0 0 0.0 1.0 0
cell 0.36645632237751935 29.174618695853354 0.0 1.0 1.0 1 0 0 0.0 1.0 0
cell 19.61680406933121 33.71523629678201 0.0 1.0 1.0 1 0 0 0.0 1.0 0
cell 39.39730737172579 47.329063467173626 0.0 1.0 1.0 1 0 0 0.0 1.0 0
cell 36.24427378483064 45.80882250821885 0.0 1.0 1.0 1 0 0 0.0 1.0 0
cell 29.264633490567256 11.174067650541302 0.0 1.0 1.0 1 0 0 0.0 1.0 0
cell 14.62244555616435 40.86878537266283 0.0 1.0 1.0 1 0 0 0.0 1.0 0
cell 42.96032217895657 8.77582440656577 0.0 1.0 1.0 1 0 0 0.0 1.0 0
cell 14.304450592461077 28.793507646861688 0.0 1.0 1.0 1 0 0 0.0 1.0 0
cell 32.08059846876853 9.06185164770095 0.0 1.0 1.0 1 0 0 0.0 1.0 0
cell 32.561660746017125 58.410505297248235 0.0 1.0 1.0 1 0 0 0.0 1.0 0
cell 59.26148781217305 9.102775205086845 0.0 1.0 1.0 1 0 0 0.0 1.0 0
cell 40.57067612831287 49.0089784107193 0.0 1.0 1.0 1 0 0 0.0 1.0 0
cell 44.279678069432755 3.0920302601830496 0.0 1.0 1.0 1 0 0 0.0 1.0 0
cell 54.039193644189595 10.24728058086392 0.0 1.0 1.0 1 0 0 0.0 1.0 0
cell 46.23531209443715 9.994123608828021 0.0 1.0 1.0 1 0 0 0.0 1.0 0
cell 23.719710623281152 53.659098161110926 0.0 1.0 1.0 1 0 0 0.0 1.0 0
cell 13.299256647611374 53.960293048968545 0.0 1.0 1.0 1 0 0 0.0 1.0 0
cell 46.5047538112827 57.045703274626135 0.0 1.0 1.0 1 0 0 0.0 1.0 0
cell 7.057911310776969 18.93774553700988 0.0 1.0 1.0 1 0 0 0.0 1.0 0
cell 9.398449492709993 40.011752515205465 0.0 1.0 1.0 1 0 0 0.0 1.0 0
cell 48.97758160883801 51.63797772834936 0.0 1.0 1.0 1 0 0 0.0 1.0 0
cell 50.88048127640063 20.39839414843128 0.0 1.0 1.0 1 0 0 0.0 1.0 0
cell 32.21046118762329 41.92733792504637 0.0 1.0 1.0 1 0 0 0.0 1.0 0
cell 40.49981303495707 57.736702045325245 0.0 1.0 1.0 1 0 0 0.0 1.0 0
cell 40.62778028506824 31.768948281728225 0.0 1.0 1.0 1 0 0 0.0 1.0 0
cell 52.11772091568383 5.320483414583861 0.0 1.0 1.0 1 0 0 0.0 1.0 0
cell 42.300849185439525 15.984203782757655 0.0 1.0 1.0 1 0 0 0.0 1.0 0
cell 54.39689628134842 22.282416850966722 0.0 1.0 1.0 1 0 0 0.0 1.0 0
cell 35.87209620573504 51.234448321479476 0.0 1.0 1.0 1 0 0 0.0 1.0 0
cell 31.036667807301914 24.580818893593424 0.0 1.0 1.0 1 0 0 0.0 1.0 0
cell 2.922911706932063 56.330885390746175 0.0 1.0 1.0 1 0 0 0.0 1.0 0
cell 2.054711044643341 28.155609761544415 0.0 1.0 1.0 1 0 0 0.0 1.0 0
cell 40.28764413744433 45.575427618308645 0.0 1.0 1.0 1 0 0 0.0 1.0 0
cell 38.399265959599134 11.343723930484703 0.0 1.0 1.0 1 0 0 0.0 1.0 0
cell 16.84987723673142 57.84043721355789 0.0 1.0 1.0 1 0 0 0.0 1.0 0
cell 51.253606927669246 36.40825194093535 0.0 1.0 1.0 1 0 0 0.0 1.0 0
cell 25.388345362537578 50.597236849790185 0.0 1.0 1.0 1 0 0 0.0 1.0 0
cell 7.802787070590086 47.05754160215494 0.0 1.0 1.0 1 0 0 0.0 1.0 0
cell 45.57290803120383 11.89203688084086 0.0 1.0 1.0 1 0 0 0.0 1.0 0
cell 56.810461188307315 49.432825863559295 0.0 1.0 1.0 1 0 0 0.0 1.0 0
cell 56.1560298200463 23.24112724011701 0.0 1.0 1.0 1 0 0 0.0 1.0 0
cell 31.188947638248585 16.16688885200506 0.0 1.0 1.0 1 0 0 0.0 1.0 0
cell 7.33667505345703 29.021919217550632 0.0 1.0 1.0 1 0 0 0.0 1.0 0
cell 58.49714344310612 46.38785008906827 0.0 1.0 1.0 1 0 0 0.0 1.0 0
cell 58.964075237809595 1.06481682525859 0.0 1.0 1.0 1 0 0 0.0 1.0 0
cell 38.44751186637554 35.172797388460125 0.0 1.0 1.0 1 0 0 0.0 1.0 0
cell 23.26427213215486 37.601769846245574 0.0 1.0 1.0 1 0 0 0.0 1.0 0
cell 5.633957566661018 32.0722585427956 0.0 1.0 1.0 1 0 0 0.0 1.0 0
cell 34.4678381269696 6.069289096965092 0.0 1.0 1.0 1 0 0 0.0 1.0 0
cell 54.51441500943483 28.341782493823025 0.0 1.0 1.0 1 0 0 0.0 1.0 0
cell 37.04558240582914 15.117103089385111 0.0 1.0 1.0 1 0 0 0.0 1.0 0
cell 52.072357196007374 52.84117721622673 0.0 1.0 1.0 1 0 0 0.0 1.0 0
cell 52.94934129206057 33.39369445206018 0.0 1.0 1.0 1 0 0 0.0 1.0 0
cell 55.43215063560428 56.553102478168206 0.0 1.0 1.0 1 0 0 0.0 1.0 0
cell 32.69635987045845 5.0977662688447465 0.0 1.0 1.0 1 0 0 0.0 1.0 0
cell 25.161602996031366 22.52217761914622 0.0 1.0 1.0 1 0 0 0.0 1.0 0
cell 15.126612572988627 56.91854910265796 0.0 1.0 1.0 1 0 0 0.0 1.0 0
cell 2.8545109566474487 54.283846637603425 0.0 1.0 1.0 1 0 0 0.0 1.0 0
cell 36.21737285637084 42.10585966130486 0.0 1.0 1.0 1 0 0 0.0 1.0 0
cell 51.963134705675735 1.2927918829387637 0.0 1.0 1.0 1 0 0 0.0 1.0 0
cell 38.30952631226332 16.69246754647244 0.0 1.0 1.0 1 0 0 0.0 1.0 0
cell 5.915268414609777 42.11255856630443 0.0 1.0 1.0 1 0 0 0.0 1.0 0
cell 30.62357300537551 49.461919890153595 0.0 1.0 1.0 1 0 0 0.0 1.0 0
cell 9.235538160535212 35.98418020829044 0.0 1.0 1.0 1 0 0 0.0 1.0 0
cell 41.080634780503374 9.099867008374133 0.0 1.0 1.0 1 0 0 0.0 1.0 0
cell 48.62369696057239 48.286749126303874 0.0 1.0 1.0 1 0 0 0.0 1.0 0
cell 9.412260451109892 41.994492522025006 0.0 1.0 1.0 1 0 0 0.0 1.0 0
cell 21.18839881479716 26.62945013050781 0.0 1.0 1.0 1 0 0 0.0 1.0 0
cell 29.191820362880676 3.1417794178917493 0.0 1.0 1.0 1 0 0 0.0 1.0 0
cell 1.6666775377801595 14.064947439147478 0.0 1.0 1.0 1 0 0 0.0 1.0 0
cell 21.210063999395587 23.125757408617662 0.0 1.0 1.0 1 0 0 0.0 1.0 0
cell 3.705222112683922 23.04163817348133 0.0 1.0 1.0 1 0 0 0.0 1.0 0
cell 12.241202910277202 19.754939448654603 0.0 1.0 1.0 1 0 0 0.0 1.0 0
cell 0.27502338225558776 25.176598491138016 0.0 1.0 1.0 1 0 0 0.0 1.0 0
cell 19.409509829153084 25.61360890344884 0.0 1.0 1.0 1 0 0 0.0 1.0 0
cell 4.0319065227593285 35.12198758821429 0.0 1.0 1.0 1 0 0 0.0 1.0 0
cell 20.278557331952562 55.74785440579365 0.0 1.0 1.0 1 0 0 0.0 1.0 0
cell 15.224044907069516 3.522769209931005 0.0 1.0 1.0 1 0 0 0.0 1.0 0
cell 58.57548164492501 48.371506630574636 0.0 1.0 1.0 1 0 0 0.0 1.0 0
cell 9.547270452602161 46.02819088213867 0.0 1.0 1.0 1 0 0 0.0 1.0 0
cell 6.3771716343718134 56.17062665953637 0.0 1.0 1.0 1 0 0 0.0 1.0 0
cell 28.48706610294736 34.804348138925 0.0 1.0 1.0 1 0 0 0.0 1.0 0
cell 13.566411667277281 4.604874076483098 0.0 1.0 1.0 1 0 0 0.0 1.0 0
cell 55.88865302890749 13.196976900274292 0.0 1.0 1.0 1 0 0 0.0 1.0 0
cell 4.656566259229605 57.2592594427926 0.0 1.0 1.0 1 0 0 0.0 1.0 0
cell 23.845816288570678 0.27285463161983853 0.0 1.0 1.0 1 0 0 0.0 1.0 0
cell 9.05209756935787 29.928489154065215 0.0 1.0 1.0 1 0 0 0.0 1.0 0
cell 27.51848121607178 33.02580017885937 0.0 1.0 1.0 1 0 0 0.0 1.0 0
cell 58.40756445205097 44.34069140222041 0.0 1.0 1.0 1 0 0 0.0 1.0 0
cell 48.97294745183444 15.401727338299448 0.0 1.0 1.0 1 0 0 0.0 1.0 0
cell 49.39041953996373 31.463719993717444 0.0 1.0 1.0 1 0 0 0.0 1.0 0
cell 12.057372904134747 13.75320842457952 0.0 1.0 1.0 1 0 0 0.0 1.0 0
cell 8.544842493662975 11.87280985843027 0.0 1.0 1.0 1 0 0 0.0 1.0 0
cell 17.947412067987546 34.74688003041728 0.0 1.0 1.0 1 0 0 0.0 1.0 0
cell 49.84418779938599 58.395661003409764 0.0 1.0 1.0 1 0 0 0.0 1.0 0
cell 7.66574088487514 41.075624549692215 0.0 1.0 1.0 1 0 0 0.0 1.0 0
cell 48.90993522409278 13.396101920557053 0.0 1.0 1.0 1 0 0 0.0 1.0 0
cell 9.185887710687412 33.98738762404961 0.0 1.0 1.0 1 0 0 0.0 1.0 0
cell 31.270895606554166 40.11208472840627 0.0 1.0 1.0 1 0 0 0.0 1.0 0
cell 20.852703183031938 20.423139110758658 0.0 1.0 1.0 1 0 0 0.0 1.0 0
cell 4.326772089322007 47.19218782449556 0.0 1.0 1.0 1 0 0 0.0 1.0 0
cell 33.8476385277867 26.328783767366257 0.0 1.0 1.0 1 0 0 0.0 1.0 0
cell 35.248820542715684 44.051178279421855 0.0 1.0 1.0 1 0 0 0.0 1.0 0
cell 15.98086110990732 27.753503863933688 0.0 1.0 1.0 1 0 0 0.0 1.0 0
cell 18.506498901253103 54.77901210467078 0.0 1.0 1.0 1 0 0 0.0 1.0 0
cell 15.990399570893173 29.735009224380367 0.0 1.0 1.0 1 0 0 0.0 1.0 0
cell 2.3858355880687943 40.20472341251838 0.0 1.0 1.0 1 0 0 0.0 1.0 0
cell 27.886747338444728 14.911996627024536 0.0 1.0 1.0 1 0 0 0.0 1.0 0
cell 42.27005147425491 3.3539911855703237 0.0 1.0 1.0 1 0 0 0.0 1.0 0
cell 47.884679701776975 40.569251252481735 0.0 1.0 1.0 1 0 0 0.0 1.0 0
cell 3.652618837542893 21.045188523349577 0.0 1.0 1.0 1 0 0 0.0 1.0 0
cell 49.183109840883645 21.46383508259807 0.0 1.0 1.0 1 0 0 0.0 1.0 0
cell 11.756892912197046 3.649469043248641 0.0 1.0 1.0 1 0 0 0.0 1.0 0
cell 41.02738463861058 1.8114368620797585 0.0 1.0 1.0 1 0 0 0.0 1.0 0
cell 48.37601006365429 4.513421797147409 0.0 1.0 1.0 1 0 0 0.0 1.0 0
cell 53.970667757288254 8.245753510212579 0.0 1.0 1.0 1 0 0 0.0 1.0 0
cell 52.87869568212508 31.376907737827718 0.0 1.0 1.0 1 0 0 0.0 1.0 0
cell 23.978668908423096 6.2830589605716884 0.0 1.0 1.0 1 0 0 0.0 1.0 0
cell 6.21420686289562 50.14738892372631 0.0 1.0 1.0 1 0 0 0.0 1.0 0
cell 38.599751039979495 31.72324245443177 0.0 1.0 1.0 1 0 0 0.0 1.0 0
cell 53.70568048605392 57.6373525861459 0.0 1.0 1.0 1 0 0 0.0 1.0 0
cell 51.40904469266569 42.496024715467804 0.0 1.0 1.0 1 0 0 0.0 1.0 0
cell 4.917866071649276 5.884067808515998 0.0 1.0 1.0 1 0 0 0.0 1.0 0
cell 23.63413257692171 49.68385899621839 0.0 1.0 1.0 1 0 0 0.0 1.0 0
cell 52.42334149151868 11.317478379684811 0.0 1.0 1.0 1 0 0 0.0 1.0 0
cell 44.61629301600938 48.65771299942776 0.0 1.0 1.0 1 0 0 0.0 1.0 0
cell 27.312668271600113 57.59170242441189 0.0 1.0 1.0 1 0 0 0.0 1.0 0
cell 14.156893896012717 24.745897995574403 0.0 1.0 1.0 1 0 0 0.0 1.0 0
cell 52.99102136572036 35.414715017070755 0.0 1.0 1.0 1 0 0 0.0 1.0 0
cell 47.448996350465976 24.51718419315826 0.0 1.0 1.0 1 0 0 0.0 1.0 0
cell 50.45084081219512 56.486100934135756 0.0 1.0 1.0 1 0 0 0.0 1.0 0
cell 46.11529225175092 39.60310289610813 0.0 1.0 1.0 1 0 0 0.0 1.0 0
cell 58.89487886777372 58.42391960255821 0.0 1.0 1.0 1 0 0 0.0 1.0 0
cell 54.42820731949528 24.325691814828968 0.0 1.0 1.0 1 0 0 0.0 1.0 0
cell 41.430939246072384 36.94931411918482 0.0 1.0 1.0 1 0 0 0.0 1.0 0
cell 7.883982691386692 49.087608807226346 0.0 1.0 1.0 1 0 0 0.0 1.0 0
cell 21.52609217969134 38.656981914127336 0.0 1.0 1.0 1 0 0 0.0 1.0 0
cell 25.501507201189764 54.61850237991051 0.0 1.0 1.0 1 0 0 0.0 1.0 0
cell 49.61493472314795 39.482044157805845 0.0 1.0 1.0 1 0 0 0.0 1.0 0
cell 3.4549126221945556 15.033186075801355 0.0 1.0 1.0 1 0 0 0.0 1.0 0
cell 8.952993590335767 25.920698404440344 0.0 1.0 1.0 1 0 0 0.0 1.0 0
cell 45.5086933330437 19.425324722043783 0.0 1.0 1.0 1 0 0 0.0 1.0 0
cell 5.863763981254453 40.08958064211099 0.0 1.0 1.0 1 0 0 0.0 1.0 0
cell 57.665759527543514 14.191323579323294 0.0 1.0 1.0 1 0 0 0.0 1.0 0
cell 48.88923339673857 7.714053553752167 0.0 1.0 1.0 1 0 0 0.0 1.0 0
cell 20.544118174795603 6.4094054932533195 0.0 1.0 1.0 1 0 0 0.0 1.0 0
cell 0.3229214057277761 27.198525882422032 0.0 1.0 1.0 1 0 0 0.0 1.0 0
cell 18.793575761289507 7.427617778022918 0.0 1.0 1.0 1 0 0 0.0 1.0 0
cell 13.319211539939733 55.959651816339914 0.0 1.0 1.0 1 0 0 0.0 1.0 0
cell 57.892866757328626 24.227285061612946 0.0 1.0 1.0 1 0 0 0.0 1.0 0
cell 34.71643395680701 57.36039912192336 0.0 1.0 1.0 1 0 0 0.0 1.0 0
cell 5.726927956233443 34.065986403740354 0.0 1.0 1.0 1 0 0 0.0 1.0 0
cell 49.31777601058177 55.024135209212865 0.0 1.0 1.0 1 0 0 0.0 1.0 0
cell 27.447994542084523 4.12803293317515 0.0 1.0 1.0 1 0 0 0.0 1.0 0
cell 49.10231377591499 19.40281830121756 0.0 1.0 1.0 1 0 0 0.0 1.0 0
cell 22.566131568898545 17.4697467669153 0.0 1.0 1.0 1 0 0 0.0 1.0 0
cell 40.98675984595543 14.397020000343574 0.0 1.0 1.0 1 0 0 0.0 1.0 0
cell 13.66500645473576 8.619331637520517 0.0 1.0 1.0 1 0 0 0.0 1.0 0
cell 23.330724506290817 41.631545710201834 0.0 1.0 1.0 1 0 0 0.0 1.0 0
cell 10.08717586031865 4.723168383096846 0.0 1.0 1.0 1 0 0 0.0 1.0 0
cell 28.593041860303167 42.53662901019558 0.0 1.0 1.0 1 0 0 0.0 1.0 0
cell 9.30748640898113 38.00194820412234 0.0 1.0 1.0 1 0 0 0.0 1.0 0
cell 17.264011659245707 14.563616706477166 0.0 1.0 1.0 1 0 0 0.0 1.0 0
cell 5.19150951530964 15.95267307914111 0.0 1.0 1.0 1 0 0 0.0 1.0 0
cell 39.53379635540321 33.426391278582855 0.0 1.0 1.0 1 0 0 0.0 1.0 0
cell 56.414555937321964 33.32207737051559 0.0 1.0 1.0 1 0 0 0.0 1.0 0
cell 30.23821719120143 23.056870616563867 0.0 1.0 1.0 1 0 0 0.0 1.0 0
cell 8.142694660352817 57.11954692537071 0.0 1.0 1.0 1 0 0 0.0 1.0 0
cell 51.82047432985328 58.654916837666285 0.0 1.0 1.0 1 0 0 0.0 1.0 0
cell 21.23316386988018 30.6170187794193 0.0 1.0 1.0 1 0 0 0.0 1.0 0
cell 33.55093999155051 33.28003059738622 0.0 1.0 1.0 1 0 0 0.0 1.0 0
cell 46.057613919004105 37.609323446073816 0.0 1.0 1.0 1 0 0 0.0 1.0 0
cell 29.895468639427843 14.638686161546978 0.0 1.0 1.0 1 0 0 0.0 1.0 0
cell 52.365370125201835 9.31470144303575 0.0 1.0 1.0 1 0 0 0.0 1.0 0
cell 9.5088461707398 44.010551315621626 0.0 1.0 1.0 1 0 0 0.0 1.0 0
cell 7.910316875039026 51.06547651074659 0.0 1.0 1.0 1 0 0 0.0 1.0 0
cell 16.373902012790904 39.78667767196906 0.0 1.0 1.0 1 0 0 0.0 1.0 0
cell 13.084615308930458 47.923602966889945 0.0 1.0 1.0 1 0 0 0.0 1.0 0
cell 47.45158259052556 11.518966640688507 0.0 1.0 1.0 1 0 0 0.0 1.0 0
cell 57.105143080240396 55.51262660864024 0.0 1.0 1.0 1 0 0 0.0 1.0 0
cell 32.31492423819607 38.42365888462879 0.0 1.0 1.0 1 0 0 0.0 1.0 0
cell 48.274679332251246 9.63944640314959 0.0 1.0 1.0 1 0 0 0.0 1.0 0
cell 28.80226972928155 24.369870420502668 0.0 1.0 1.0 1 0 0 0.0 1.0 0
cell 53.81910095173533 4.251616099156742 0.0 1.0 1.0 1 0 0 0.0 1.0 0
cell 34.434434483563116 4.084637572798104 0.0 1.0 1.0 1 0 0 0.0 1.0 0
cell 37.82194529251357 26.48971358479095 0.0 1.0 1.0 1 0 0 0.0 1.0 0
cell 16.49778672893363 45.83248314266521 0.0 1.0 1.0 1 0 0 0.0 1.0 0
cell 54.72467460268348 47.41834883439069 0.0 1.0 1.0 1 0 0 0.0 1.0 0
cell 58.35925280301779 42.31647466735567 0.0 1.0 1.0 1 0 0 0.0 1.0 0
cell 14.216888378163272 26.743710929246454 0.0 1.0 1.0 1 0 0 0.0 1.0 0
cell 37.146749778796206 9.7887560816363 0.0 1.0 1.0 1 0 0 0.0 1.0 0
cell 55.77738308828651 9.187672935912419 0.0 1.0 1.0 1 0 0 0.0 1.0 0
cell 36.947233882334714 20.491124780161638 0.0 1.0 1.0 1 0 0 0.0 1.0 0
cell 12.541454571986765 29.867494208674334 0.0 1.0 1.0 1 0 0 0.0 1.0 0
cell 5.4587708636614956 26.01149732489966 0.0 1.0 1.0 1 0 0 0.0 1.0 0
cell 47.36316771558286 16.53280038596679 0.0 1.0 1.0 1 0 0 0.0 1.0 0
cell 35.702740672089796 18.97181470212273 0.0 1.0 1.0 1 0 0 0.0 1.0 0
cell 33.766191893321306 19.268971428033964 0.0 1.0 1.0 1 0 0 0.0 1.0 0
cell 40.30898005058443 38.67527114522727 0.0 1.0 1.0 1 0 0 0.0 1.0 0
cell 27.008381096222923 45.57011964038164 0.0 1.0 1.0 1 0 0 0.0 1.0 0
cell 58.657780402657075 50.37394495800776 0.0 1.0 1.0 1 0 0 0.0 1.0 0
cell 44.520144244328435 57.27540525388768 0.0 1.0 1.0 1 0 0 0.0 1.0 0
cell 31.53153432739729 33.16753780921456 0.0 1.0 1.0 1 0 0 0.0 1.0 0
cell 27.535155498948313 8.1481957755866 0.0 1.0 1.0 1 0 0 0.0 1.0 0
cell 8.591729916544105 13.856614189468923 0.0 1.0 1.0 1 0 0 0.0 1.0 0
cell 4.45536365683597 51.21213772884781 0.0 1.0 1.0 1 0 0 0.0 1.0 0
cell 30.76046400599299 55.48270262972231 0.0 1.0 1.0 1 0 0 0.0 1.0 0
cell 28.75169749420697 13.144647995920314 0.0 1.0 1.0 1 0 0 0.0 1.0 0
cell 56.96396682970963 51.448746453810216 0.0 1.0 1.0 1 0 0 0.0 1.0 0
cell 22.153483581374097 24.888335610488976 0.0 1.0 1.0 1 0 0 0.0 1.0 0
cell 16.829357366247944 55.88025274213474 0.0 1.0 1.0 1 0 0 0.0 1.0 0
cell 30.608761383882204 12.727248418087065 0.0 1.0 1.0 1 0 0 0.0 1.0 0
cell 56.37776568548703 31.29916070364914 0.0 1.0 1.0 1 0 0 0.0 1.0 0
cell 11.195219345176636 43.00591325781292 0.0 1.0 1.0 1 0 0 0.0 1.0 0
cell 38.35069794586637 4.013607480126346 0.0 1.0 1.0 1 0 0 0.0 1.0 0
cell 10.336425632315127 12.790602938528089 0.0 1.0 1.0 1 0 0 0.0 1.0 0
cell 44.91445287441321 13.728710832518011 0.0 1.0 1.0 1 0 0 0.0 1.0 0
cell 50.925576747338575 22.440278902304723 0.0 1.0 1.0 1 0 0 0.0 1.0 0
cell 12.708513267587449 35.91985846449217 0.0 1.0 1.0 1 0 0 0.0 1.0 0
cell 25.256902027996176 46.626455689862496 0.0 1.0 1.0 1 0 0 0.0 1.0 0
cell 25.807677472141975 7.18164619480575 0.0 1.0 1.0 1 0 0 0.0 1.0 0
cell 3.198130387764163 4.941077551305078 0.0 1.0 1.0 1 0 0 0.0 1.0 0
cell 8.244641838751797 1.7588583167095635 0.0 1.0 1.0 1 0 0 0.0 1.0 0
cell 32.472736731122055 17.652726794045797 0.0 1.0 1.0 1 0 0 0.0 1.0 0
cell 29.143438187465115 1.1273586918146794 0.0 1.0 1.0 1 0 0 0.0 1.0 0
cell 3.3426225565285623 11.032006919293826 0.0 1.0 1.0 1 0 0 0.0 1.0 0
cell 1.1336186877704986 55.37251789156609 0.0 1.0 1.0 1 0 0 0.0 1.0 0
cell 44.783103400202805 28.50526272161938 0.0 1.0 1.0 1 0 0 0.0 1.0 0
cell 30.88510898682962 7.96218587231505 0.0 1.0 1.0 1 0 0 0.0 1.0 0
cell 1.9905933377819227 26.135197946457865 0.0 1.0 1.0 1 0 0 0.0 1.0 0
cell 4.709769394647051 59.278010757541594 0.0 1.0 1.0 1 0 0 0.0 1.0 0
cell 3.085900315598776 2.940393562611758 0.0 1.0 1.0 1 0 0 0.0 1.0 0
cell 42.7505696632818 28.414568686129638 0.0 1.0 1.0 1 0 0 0.0 1.0 0
cell 19.86704184702367 39.720450014517034 0.0 1.0 1.0 1 0 0 0.0 1.0 0
cell 48.50188548553768 56.817896314395256 0.0 1.0 1.0 1 0 0 0.0 1.0 0
cell 35.9411755683739 0.7949584941200388 0.0 1.0 1.0 1 0 0 0.0 1.0 0
cell 29.065385473346993 58.54861926808135 0.0 1.0 1.0 1 0 0 0.0 1.0 0
cell 16.316505073931307 37.83485761471168 0.0 1.0 1.0 1 0 0 0.0 1.0 0
cell 17.441831313066064 18.59724345284714 0.0 1.0 1.0 1 0 0 0.0 1.0 0
cell 44.39573512838652 5.055730886694932 0.0 1.0 1.0 1 0 0 0.0 1.0 0
cell 53.719602495102095 2.2188819040827186 0.0 1.0 1.0 1 0 0 0.0 1.0 0
cell 18.920223807165435 11.453702246589765 0.0 1.0 1.0 1 0 0 0.0 1.0 0
cell 7.77010163063913 45.10664006427603 0.0 1.0 1.0 1 0 0 0.0 1.0 0
cell 22.945801298047034 31.54950206573002 0.0 1.0 1.0 1 0 0 0.0 1.0 0
cell 52.441309609197795 15.328243370582307 0.0 1.0 1.0 1 0 0 0.0 1.0 0
cell 23.4257226129054 43.66784923817528 0.0 1.0 1.0 1 0 0 0.0 1.0 0
cell 50.823572552372795 18.408813429762414 0.0 1.0 1.0 1 0 0 0.0 1.0 0
cell 41.28229498537855 55.92658884526799 0.0 1.0 1.0 1 0 0 0.0 1.0 0
cell 26.547239402294057 18.78756841203777 0.0 1.0 1.0 1 0 0 0.0 1.0 0
cell 59.108575144453134 5.056614830548211 0.0 1.0 1.0 1 0 0 0.0 1.0 0
cell 17.609816911783923 24.63752478888612 0.0 1.0 1.0 1 0 0 0.0 1.0 0
cell 57.95447956833698 26.210375959394455 0.0 1.0 1.0 1 0 0 0.0 1.0 0
cell 3.4033188631716946 12.991181336868731 0.0 1.0 1.0 1 0 0 0.0 1.0 0
cell 21.575573484619447 40.68082204849399 0.0 1.0 1.0 1 0 0 0.0 1.0 0
cell 9.80588490962738 54.04932492249721 0.0 1.0 1.0 1 0 0 0.0 1.0 0
cell 25.326299320064653 48.6153159426484 0.0 1.0 1.0 1 0 0 0.0 1.0 0
cell 12.122993562529953 15.729666178052545 0.0 1.0 1.0 1 0 0 0.0 1.0 0
cell 37.778746226045 7.8753303635015515 0.0 1.0 1.0 1 0 0 0.0 1.0 0
cell 35.53879828151632 33.31337314583224 0.0 1.0 1.0 1 0 0 0.0 1.0 0
cell 3.8232301665474004 27.071203673776683 0.0 1.0 1.0 1 0 0 0.0 1.0 0
cell 55.54230029110773 3.1797973387447467 0.0 1.0 1.0 1 0 0 0.0 1.0 0
cell 29.001697865478086 54.560164287166124 0.0 1.0 1.0 1 0 0 0.0 1.0 0
cell 28.94241258292783 52.52500030865282 0.0 1.0 1.0 1 0 0 0.0 1.0 0
cell 20.592723694566565 8.380822447264704 0.0 1.0 1.0 1 0 0 0.0 1.0 0
cell 3.9930660919714884 33.10797611848869 0.0 1.0 1.0 1 0 0 0.0 1.0 0
cell 31.865077947377507 14.25938856869562 0.0 1.0 1.0 1 0 0 0.0 1.0 0
cell 31.662330987523376 29.746332872658034 0.0 1.0 1.0 1 0 0 0.0 1.0 0
cell 26.670045179930298 31.306496121033174 0.0 1.0 1.0 1 0 0 0.0 1.0 0
cell 22.17384569130325 3.3265208975694516 0.0 1.0 1.0 1 0 0 0.0 1.0 0
cell 21.79878959236629 48.69808064187684 0.0 1.0 1.0 1 0 0 0.0 1.0 0
cell 52.8689443488015 29.397527198797675 0.0 1.0 1.0 1 0 0 0.0 1.0 0
cell 11.0404166086423 36.9449209365131 0.0 1.0 1.0 1 0 0 0.0 1.0 0
cell 38.92150018569358 20.113289295068476 0.0 1.0 1.0 1 0 0 0.0 1.0 0
cell 46.10003992611896 53.674128559035054 0.0 1.0 1.0 1 0 0 0.0 1.0 0
cell 13.57283025678289 6.612802507443132 0.0 1.0 1.0 1 0 0 0.0 1.0 0
cell 5.777913518083549 36.09557824948287 0.0 1.0 1.0 1 0 0 0.0 1.0 0
cell 15.471932628929757 11.582182689168253 0.0 1.0 1.0 1 0 0 0.0 1.0 0
cell 43.306511190031166 55.714601337308 0.0 1.0 1.0 1 0 0 0.0 1.0 0
cell 4.374269096001218 49.177800765492734 0.0 1.0 1.0 1 0 0 0.0 1.0 0
cell 25.106411416904898 42.63550853829095 0.0 1.0 1.0 1 0 0 0.0 1.0 0
cell 55.20192308719005 50.59710557193966 0.0 1.0 1.0 1 0 0 0.0 1.0 0
cell 45.78186873810707 23.455288311903224 0.0 1.0 1.0 1 0 0 0.0 1.0 0
cell 29.287769101928625 9.188671127984794 0.0 1.0 1.0 1 0 0 0.0 1.0 0
cell 37.55808782661013 33.39186102441972 0.0 1.0 1.0 1 0 0 0.0 1.0 0
cell 46.897024555825695 13.451195278135835 0.0 1.0 1.0 1 0 0 0.0 1.0 0
cell 8.871985304124763 23.94490405358268 0.0 1.0 1.0 1 0 0 0.0 1.0 0
cell 5.353600679054956 22.014525417369576 0.0 1.0 1.0 1 0 0 0.0 1.0 0
cell 39.351460998823306 36.91463452345329 0.0 1.0 1.0 1 0 0 0.0 1.0 0
cell 23.968085495669666 20.94289662545559 0.0 1.0 1.0 1 0 0 0.0 1.0 0
cell 49.80612737268013 49.85075195960216 0.0 1.0 1.0 1 0 0 0.0 1.0 0
cell 36.37273635871338 4.364077990080192 0.0 1.0 1.0 1 0 0 0.0 1.0 0
cell 7.70705025791245 43.04779364563466 0.0 1.0 1.0 1 0 0 0.0 1.0 0
cell 30.791148786518917 57.48770465870735 0.0 1.0 1.0 1 0 0 0.0 1.0 0
cell 47.424565509396636 20.498089099996093 0.0 1.0 1.0 1 0 0 0.0 1.0 0
cell 14.81822451806926 46.83845328525269 0.0 1.0 1.0 1 0 0 0.0 1.0 0
cell 34.05089535838604 51.48037951493584 0.0 1.0 1.0 1 0 0 0.0 1.0 0
cell 29.78770468151061 19.88401076216248 0.0 1.0 1.0 1 0 0 0.0 1.0 0
cell 8.728418848382306 17.86342375762303 0.0 1.0 1.0 1 0 0 0.0 1.0 0
cell 29.71291332998238 29.670378494992214 0.0 1.0 1.0 1 0 0 0.0 1.0 0
cell 2.5163941327832458 44.236367406860886 0.0 1.0 1.0 1 0 0 0.0 1.0 0
cell 46.23903080174516 2.8233045496809868 0.0 1.0 1.0 1 0 0 0.0 1.0 0
cell 27.07322655895872 49.547448031428715 0.0 1.0 1.0 1 0 0 0.0 1.0 0
cell 51.47210499598741 54.783850729168776 0.0 1.0 1.0 1 0 0 0.0 1.0 0
cell 53.47652700864362 45.86835798724609 0.0 1.0 1.0 1 0 0 0.0 1.0 0
cell 42.19141295280374 21.27769999156461 0.0 1.0 1.0 1 0 0 0.0 1.0 0
cell 9.145361231376654 31.94884917348205 0.0 1.0 1.0 1 0 0 0.0 1.0 0
cell 18.10973315979961 40.78198883271732 0.0 1.0 1.0 1 0 0 0.0 1.0 0
cell 34.6330131734884 49.59173579444547 0.0 1.0 1.0 1 0 0 0.0 1.0 0
cell 37.40692204080313 36.85294513511724 0.0 1.0 1.0 1 0 0 0.0 1.0 0
cell 39.62557165683525 18.21417528725523 0.0 1.0 1.0 1 0 0 0.0 1.0 0
cell 32.67982018199752 7.080624467528624 0.0 1.0 1.0 1 0 0 0.0 1.0 0
cell 55.96457627593675 17.231755283588864 0.0 1.0 1.0 1 0 0 0.0 1.0 0
cell 7.10626595964937 20.97264507590318 0.0 1.0 1.0 1 0 0 0.0 1.0 0
cell 25.618049307482345 1.2072114106213085 0.0 1.0 1.0 1 0 0 0.0 1.0 0
cell 38.2487220151929 45.671664010228206 0.0 1.0 1.0 1 0 0 0.0 1.0 0
cell 23.774829102426228 26.11251777386884 0.0 1.0 1.0 1 0 0 0.0 1.0 0
cell 21.711868612515367 44.696456089145414 0.0 1.0 1.0 1 0 0 0.0 1.0 0
cell 7.564641167571251 37.07652972289052 0.0 1.0 1.0 1 0 0 0.0 1.0 0
cell 33.733332321354034 29.801471753449828 0.0 1.0 1.0 1 0 0 0.0 1.0 0
cell 0.9935577517136801 51.332190813559706 0.0 1.0 1.0 1 0 0 0.0 1.0 0
cell 23.69416214156984 51.681392205845945 0.0 1.0 1.0 1 0 0 0.0 1.0 0
cell 55.41407627813315 54.58227729603633 0.0 1.0 1.0 1 0 0 0.0 1.0 0
cell 28.675735498209995 44.51908245611441 0.0 1.0 1.0 1 0 0 0.0 1.0 0
cell 18.596322996356378 56.799316852067314 0.0 1.0 1.0 1 0 0 0.0 1.0 0
cell 40.785615853326746 28.37721556917868 0.0 1.0 1.0 1 0 0 0.0 1.0 0
cell 7.289741142495644 26.974357065337504 0.0 1.0 1.0 1 0 0 0.0 1.0 0
cell 30.838956709659808 0.10131190315414369 0.0 1.0 1.0 1 0 0 0.0 1.0 0
cell 19.426942764317275 27.620861900412958 0.0 1.0 1.0 1 0 0 0.0 1.0 0
cell 52.67070296742424 23.40299126509962 0.0 1.0 1.0 1 0 0 0.0 1.0 0
cell 1.8591759771940737 20.115269467228813 0.0 1.0 1.0 1 0 0 0.0 1.0 0
cell 45.72033735765476 30.244565664043623 0.0 1.0 1.0 1 0 0 0.0 1.0 0
cell 52.7903431199654 27.42006470869757 0.0 1.0 1.0 1 0 0 0.0 1.0 0
cell 20.226372086440083 53.78876976184424 0.0 1.0 1.0 1 0 0 0.0 1.0 0
cell 30.608340263377983 51.50192386938405 0.0 1.0 1.0 1 0 0 0.0 1.0 0
cell 57.512735524984535 10.145077845939284 0.0 1.0 1.0 1 0 0 0.0 1.0 0
cell 6.703624686554664 6.839340225328934 0.0 1.0 1.0 1 0 0 0.0 1.0 0
cell 0.1630825104012498 21.1802450287246 0.0 1.0 1.0 1 0 0 0.0 1.0 0
cell 41.211854919550106 40.40301927458643 0.0 1.0 1.0 1 0 0 0.0 1.0 0
cell 41.65084740402085 12.524495853319468 0.0 1.0 1.0 1 0 0 0.0 1.0 0
cell 30.20935739135678 41.65660294007111 0.0 1.0 1.0 1 0 0 0.0 1.0 0
cell 12.943092393717482 41.88886078236205 0.0 1.0 1.0 1 0 0 0.0 1.0 0
cell 6.767092051478671 10.889050220937142 0.0 1.0 1.0 1 0 0 0.0 1.0 0
cell 39.69600765639295 12.898846484175454 0.0 1.0 1.0 1 0 0 0.0 1.0 0
cell 17.986209411509957 36.78442525746685 0.0 1.0 1.0 1 0 0 0.0 1.0 0
cell 50.71383811474965 12.389206295345595 0.0 1.0 1.0 1 0 0 0.0 1.0 0
cell 34.385027649516445 2.0580448668854316 0.0 1.0 1.0 1 0 0 0.0 1.0 0
cell 32.50469419306792 56.49869808701927 0.0 1.0 1.0 1 0 0 0.0 1.0 0
cell 52.10374799587471 44.400556006432105 0.0 1.0 1.0 1 0 0 0.0 1.0 0
cell 50.26315811039082 44.69164367836896 0.0 1.0 1.0 1 0 0 0.0 1.0 0
cell 49.35349189660213 29.493707381004505 0.0 1.0 1.0 1 0 0 0.0 1.0 0
cell 55.467878166303365 58.576664017951586 0.0 1.0 1.0 1 0 0 0.0 1.0 0
cell 38.59366926037298 49.177848494434684 0.0 1.0 1.0 1 0 0 0.0 1.0 0
cell 34.993241742471454 24.538127277890315 0.0 1.0 1.0 1 0 0 0.0 1.0 0
cell 3.2386938428388006 6.9631120437617575 0.0 1.0 1.0 1 0 0 0.0 1.0 0
cell 33.25907852781443 10.52728516486106 0.0 1.0 1.0 1 0 0 0.0 1.0 0
cell 9.684716385748658 50.04827440634099 0.0 1.0 1.0 1 0 0 0.0 1.0 0
cell 56.0921489719106 21.2540026785891 0.0 1.0 1.0 1 0 0 0.0 1.0 0
cell 54.92729941656356 42.35914871625634 0.0 1.0 1.0 1 0 0 0.0 1.0 0
cell 41.824198004064414 23.189238147526062 0.0 1.0 1.0 1 0 0 0.0 1.0 0
cell 5.087357698920504 11.93889975261499 0.0 1.0 1.0 1 0 0 0.0 1.0 0
cell 24.56128368902722 19.04490701722751 0.0 1.0 1.0 1 0 0 0.0 1.0 0
cell 57.820165334258604 22.230776510645917 0.0 1.0 1.0 1 0 0 0.0 1.0 0
cell 9.742011110930365 52.045324519018976 0.0 1.0 1.0 1 0 0 0.0 1.0 0
cell 45.06315167285263 1.2787257703426114 0.0 1.0 1.0 1 0 0 0.0 1.0 0
cell 30.902418832359032 2.0853782708619097 0.0 1.0 1.0 1 0 0 0.0 1.0 0
cell 32.33298076747084 50.49929774631009 0.0 1.0 1.0 1 0 0 0.0 1.0 0
cell 10.481802166400861 16.809944068701878 0.0 1.0 1.0 1 0 0 0.0 1.0 0
cell 5.592521087730191 30.01516235169121 0.0 1.0 1.0 1 0 0 0.0 1.0 0
cell 59.17124246782318 7.054611742060016 0.0 1.0 1.0 1 0 0 0.0 1.0 0
cell 2.5883251649451964 46.220194686697134 0.0 1.0 1.0 1 0 0 0.0 1.0 0
cell 4.523562051048517 53.19826626881653 0.0 1.0 1.0 1 0 0 0.0 1.0 0
cell 42.08557218138753 54.063846288028486 0.0 1.0 1.0 1 0 0 0.0 1.0 0
cell 46.90646706731759 28.53590421761267 0.0 1.0 1.0 1 0 0 0.0 1.0 0
cell 30.67578665098725 53.52877703599882 0.0 1.0 1.0 1 0 0 0.0 1.0 0
cell 55.439239486693985 1.11529294386402 0.0 1.0 1.0 1 0 0 0.0 1.0 0
cell 22.258866383635134 5.294926267964253 0.0 1.0 1.0 1 0 0 0.0 1.0 0
cell 53.95059070273482 49.266774016892924 0.0 1.0 1.0 1 0 0 0.0 1.0 0
cell 37.71417348056229 29.930592100671493 0.0 1.0 1.0 1 0 0 0.0 1.0 0
cell 8.170120279933528 59.15660850991487 0.0 1.0 1.0 1 0 0 0.0 1.0 0
cell 15.652730753346507 17.623336754494428 0.0 1.0 1.0 1 0 0 0.0 1.0 0
cell 10.540357369635046 18.815146108853476 0.0 1.0 1.0 1 0 0 0.0 1.0 0
cell 40.419244549694554 5.653054538159025 0.0 1.0 1.0 1 0 0 0.0 1.0 0
cell 13.989642470881847 18.682040564328126 0.0 1.0 1.0 1 0 0 0.0 1.0 0
cell 34.19905760070683 45.7962389565992 0.0 1.0 1.0 1 0 0 0.0 1.0 0
cell 49.22201044453383 23.47960893247051 0.0 1.0 1.0 1 0 0 0.0 1.0 0
cell 22.495018841147136 15.32440854969812 0.0 1.0 1.0 1 0 0 0.0 1.0 0
cell 57.30141049271233 4.100590407816727 0.0 1.0 1.0 1 0 0 0.0 1.0 0
cell 51.07920949041055 28.40250747837224 0.0 1.0 1.0 1 0 0 0.0 1.0 0
cell 15.71346203285605 19.682570248804463 0.0 1.0 1.0 1 0 0 0.0 1.0 0
cell 2.7314619188776392 50.285739452641025 0.0 1.0 1.0 1 0 0 0.0 1.0 0
cell 3.2706019905980357 8.954813197720394 0.0 1.0 1.0 1 0 0 0.0 1.0 0
cell 36.06884360181068 54.782065349770164 0.0 1.0 1.0 1 0 0 0.0 1.0 0
cell 19.90782091367253 41.69467800574506 0.0 1.0 1.0 1 0 0 0.0 1.0 0
cell 27.187483913323625 53.58429241936499 0.0 1.0 1.0 1 0 0 0.0 1.0 0
cell 5.989181641855834 44.13158120458894 0.0 1.0 1.0 1 0 0 0.0 1.0 0
cell 18.742932482052602 3.454298586066978 0.0 1.0 1.0 1 0 0 0.0 1.0 0
cell 14.680171113382485 42.83808838495326 0.0 1.0 1.0 1 0 0 0.0 1.0 0
cell 9.9999922816453 0.7191788313957062 0.0 1.0 1.0 1 0 0 0.0 1.0 0
cell 11.55966624678611 55.044238522576045 0.0 1.0 1.0 1 0 0 0.0 1.0 0
cell 16.63274747321692 49.85618559314578 0.0 1.0 1.0 1 0 0 0.0 1.0 0
