500
 Lattice="125.33141373155001 0.0 0.0 0.0 125.33141373155001 0.0 0.0 0.0 1.0"Properties=species:S:1:pos:R:3:aspherical_shape:R:3:orientation:R:4:Color:R:1
cell 17.007301364687386 110.28432882816641 0.0 2.23606797749979 0.4472135954999579 1 0 0 0.686727030916364 0.726915390543353 1.5139537512525485
cell 0.038027548805345646 82.5325926205086 0.0 2.23606797749979 0.4472135954999579 1 0 0 0.4101045657918694 0.912038510764026 0.8451374197281237
cell 3.683043397491401 25.169425697530222 0.0 2.23606797749979 0.4472135954999579 1 0 0 0.4732217261047739 0.8809433568297217 0.9858886657361751
cell 92.66569018512504 104.75848755398775 0.0 2.23606797749979 0.4472135954999579 1 0 0 0.6916449909816879 -0.7222376384888431 4.755656892418664
cell 0.8662781376624729 117.60064071835623 0.0 2.23606797749979 0.4472135954999579 1 0 0 -0.49715471719787496 -0.8676619083306014 1.0406328604874915
cell 107.26216110203735 78.51233735488807 0.0 2.23606797749979 0.4472135954999579 1 0 0 0.347405069953598 0.9377151579080588 0.7096047796287043
cell 7.125439835743629 100.81458464613647 0.0 2.23606797749979 0.4472135954999579 1 0 0 0.5954654350193208 0.8033809281388569 1.2756897395308566
cell 121.72647125056149 81.15932742239762 0.0 2.23606797749979 0.4472135954999579 1 0 0 -0.43082589000774646 -0.9024350683007798 0.8908155133022255
cell 124.66987676645157 112.467806006759 0.0 2.23606797749979 0.4472135954999579 1 0 0 0.46302120729518664 0.8863472014932454 0.9628015610380243
cell 32.04417882268332 69.28813109547296 0.0 2.23606797749979 0.4472135954999579 1 0 0 -0.03034357421540924 -0.9995395277345633 0.06069646506310189
cell 119.71611090252185 110.87023056382246 0.0 2.23606797749979 0.4472135954999579 1 0 0 0.5296177541316773 0.8482364260679437 1.1162997318299615
cell 122.85107181011013 78.91225536058096 0.0 2.23606797749979 0.4472135954999579 1 0 0 0.38194939488415397 0.9241832392700209 0.7838093917311544
cell 1.0340980701546463 107.78841578963286 0.0 2.23606797749979 0.4472135954999579 1 0 0 -0.5753622502920612 -0.8178986984577341 1.226093965409559
cell 2.547354602818554 106.72115821549248 0.0 2.23606797749979 0.4472135954999579 1 0 0 0.5911424641086094 0.8065671621927101 1.264949118644896
cell 8.956908626269549 2.3921680679475053 0.0 2.23606797749979 0.4472135954999579 1 0 0 -0.49030921359229573 -0.8715485500340785 1.024889007929839
cell 14.697590273280584 91.75836051179137 0.0 2.23606797749979 0.4472135954999579 1 0 0 -0.548083538525429 -0.836423597704802 1.1601425123402507
cell 61.43477271508579 102.95130883023276 0.0 2.23606797749979 0.4472135954999579 1 0 0 0.10159130989920767 0.9948262188708956 0.20353375405071517
cell 6.803702468296307 109.56952419100207 0.0 2.23606797749979 0.4472135954999579 1 0 0 0.5839728412113151 0.8117731953739198 1.247228307424011
cell 3.9535869967484416 8.468133926592099 0.0 2.23606797749979 0.4472135954999579 1 0 0 0.5437089326524434 0.8392738507507194 1.1497000641788921
cell 121.32470768167872 74.69975092814201 0.0 2.23606797749979 0.4472135954999579 1 0 0 0.3841688190747847 0.9232628653047221 0.7886147781885321
cell 8.770423625814963 118.89466600877064 0.0 2.23606797749979 0.4472135954999579 1 0 0 0.5846090067055175 0.8113151725924939 1.2487960975066248
cell 14.473576278194008 68.08604209118536 0.0 2.23606797749979 0.4472135954999579 1 0 0 0.9373575219012088 -0.348368879401167 3.8532534801612432
cell 11.805295865993331 5.840250289107769 0.0 2.23606797749979 0.4472135954999579 1 0 0 0.4190266853922096 0.9079739186393067 0.8647461828014352
cell 19.72333472783476 101.50752000059114 0.0 2.23606797749979 0.4472135954999579 1 0 0 0.6951885112073698 0.7188274715710862 1.5373642315023848
cell 10.141665139040901 123.11224884704981 0.0 2.23606797749979 0.4472135954999579 1 0 0 0.5610402987467907 0.8277884893993827 1.1912839721162474
cell 117.08776191497432 92.98841072109374 0.0 2.23606797749979 0.4472135954999579 1 0 0 -0.45285156059583126 -0.8915859263502987 0.9399221048119131
cell 4.922036832277413 101.0175195544321 0.0 2.23606797749979 0.4472135954999579 1 0 0 0.5516052915789105 0.8341052705157456 1.1685751659822716
cell 13.10226513439439 99.8115221218121 0.0 2.23606797749979 0.4472135954999579 1 0 0 0.6011325993791671 0.7991492964169122 1.2898352218403348
cell 13.476937230837825 1.051904507243106 0.0 2.23606797749979 0.4472135954999579 1 0 0 0.5190350465952556 0.8547529586996824 1.09144327315121
cell 3.4706127106375937 77.88073206881926 0.0 2.23606797749979 0.4472135954999579 1 0 0 0.4591113355496589 0.8883787376844453 0.953989236084394
cell 8.94012310424925 7.19637654863679 0.0 2.23606797749979 0.4472135954999579 1 0 0 -0.3574930245841072 -0.9339158085040145 0.7311642796023579
cell 11.020616866867977 2.149887281484859 0.0 2.23606797749979 0.4472135954999579 1 0 0 0.45829284431926115 0.8888012538502416 0.9521470114894157
cell 121.52343807382044 90.15894389008552 0.0 2.23606797749979 0.4472135954999579 1 0 0 0.3947869672133839 0.9187726870768735 0.8116719456168732
cell 5.455172019316268 89.44679810096298 0.0 2.23606797749979 0.4472135954999579 1 0 0 0.41872041754212264 0.9081151975015893 0.8640716171218955
cell 8.437877949699192 123.82694884590941 0.0 2.23606797749979 0.4472135954999579 1 0 0 0.5012885407046642 0.8652801852337705 1.0501745888147294
cell 4.73652394423819 124.60289441234669 0.0 2.23606797749979 0.4472135954999579 1 0 0 -0.4287314607106404 -0.903431975633429 0.8861763492728283
cell 109.46632904101156 85.94592719692369 0.0 2.23606797749979 0.4472135954999579 1 0 0 -0.3778716069245125 -0.9258580067592906 0.7749927637458605
cell 123.32100891555946 118.48138631184713 0.0 2.23606797749979 0.4472135954999579 1 0 0 0.4888265997758271 0.8723809691594626 1.021488380913766
cell 114.06682686734202 78.74537989381828 0.0 2.23606797749979 0.4472135954999579 1 0 0 -0.35797746003251696 -0.9337302276935602 0.7322018111863011
cell 9.282974923209057 95.80125846883273 0.0 2.23606797749979 0.4472135954999579 1 0 0 -0.4747854818926217 -0.8801015544719774 0.9894405464788179
cell 7.1651660598948395 79.02983100929363 0.0 2.23606797749979 0.4472135954999579 1 0 0 -0.4043217292938998 -0.9146168264474421 0.8324742378763084
cell 124.6520684304725 118.66666517648918 0.0 2.23606797749979 0.4472135954999579 1 0 0 0.4900275754657379 0.8717069319921521 1.0242427730503014
cell 42.78302381057347 12.747087732410616 0.0 2.23606797749979 0.4472135954999579 1 0 0 0.42294032621506505 0.9061575362270593 0.8733754025661662
cell 110.64621548629405 93.95952795406897 0.0 2.23606797749979 0.4472135954999579 1 0 0 -0.3091552285253262 -0.9510115901898637 0.6286092335580182
cell 7.565093917039679 114.42600155784929 0.0 2.23606797749979 0.4472135954999579 1 0 0 -0.6007073143970774 -0.7994690253098308 1.2887710904807061
cell 18.563310099899628 3.785316583544008 0.0 2.23606797749979 0.4472135954999579 1 0 0 0.5007972909754655 0.8655645980235299 1.0490393056957348
cell 109.01316109080445 88.30104348122559 0.0 2.23606797749979 0.4472135954999579 1 0 0 -0.35912164683821046 -0.9332907600379485 0.7346531744435332
cell 119.08128764591025 104.15073258847946 0.0 2.23606797749979 0.4472135954999579 1 0 0 -0.30128146741709866 -0.9535352523063841 0.6120725623147152
cell 21.800618761422857 5.524267841834282 0.0 2.23606797749979 0.4472135954999579 1 0 0 0.5409373552835189 0.8410628856743543 1.14310239885285
cell 18.717586843760948 11.36047511134618 0.0 2.23606797749979 0.4472135954999579 1 0 0 -0.25866736375155297 -0.9659664564206263 0.5232847180247715
cell 108.29465800150416 97.87393368202456 0.0 2.23606797749979 0.4472135954999579 1 0 0 -0.4818311337497581 -0.8762640917836487 1.0054864400646562
cell 105.77680589360249 95.88224870668597 0.0 2.23606797749979 0.4472135954999579 1 0 0 -0.4687864341963918 -0.8833115413677283 0.9758327887329896
cell 123.88920649384225 85.56066755992961 0.0 2.23606797749979 0.4472135954999579 1 0 0 0.3872186605758901 0.9219879114727121 0.7952259960508187
cell 15.48234701758687 103.62510243358221 0.0 2.23606797749979 0.4472135954999579 1 0 0 0.41508380128514977 0.9097831818134858 0.8560698246182971
cell 8.319297530875097 92.85136572733903 0.0 2.23606797749979 0.4472135954999579 1 0 0 0.4786624676932427 0.8779989988729004 0.9982613832818469
cell 38.20535179783522 39.40149062629695 0.0 2.23606797749979 0.4472135954999579 1 0 0 0.8770984832814621 0.4803105772574227 2.139575104974672
cell 114.24746167812492 80.50034361525108 0.0 2.23606797749979 0.4472135954999579 1 0 0 0.39485068669771217 0.9187453048665583 0.8118106533401872
cell 9.778978436086856 1.9628137558413914 0.0 2.23606797749979 0.4472135954999579 1 0 0 -0.4680420845254231 -0.8837061769123812 0.9741478036437279
cell 26.922763626897307 11.376745240236046 0.0 2.23606797749979 0.4472135954999579 1 0 0 0.45870233892990037 0.8885899865856236 0.9530685747200154
cell 12.358188810929928 112.15583169160136 0.0 2.23606797749979 0.4472135954999579 1 0 0 0.6469404820275247 0.7625404990647998 1.4071306082750787
cell 6.318854254766481 81.35855365842701 0.0 2.23606797749979 0.4472135954999579 1 0 0 0.42256403945734844 0.9063330693279863 0.8725449723257948
cell 10.788853283235202 113.22850989411342 0.0 2.23606797749979 0.4472135954999579 1 0 0 -0.6335161426323447 -0.7737294727643731 1.3721784241544999
cell 124.27343276010525 104.03999179340978 0.0 2.23606797749979 0.4472135954999579 1 0 0 -0.5727522481175414 -0.8197285296220342 1.2197188882982912
cell 46.18648266132181 102.5611990794701 0.0 2.23606797749979 0.4472135954999579 1 0 0 0.6695840311682645 0.7427363093349191 1.4672971936609631
cell 120.10821200503534 87.31106668876248 0.0 2.23606797749979 0.4472135954999579 1 0 0 -0.41677292145162953 -0.9090106335707376 0.8597846375158911
cell 10.651538125287283 103.94369802353472 0.0 2.23606797749979 0.4472135954999579 1 0 0 -0.6844277597932136 -0.7290806825204212 1.5076370605570446
cell 2.9673385365754266 104.96447163515937 0.0 2.23606797749979 0.4472135954999579 1 0 0 0.5974567547392144 0.8019011324449455 1.280651655563888
cell 24.482907254768893 7.608704834268514 0.0 2.23606797749979 0.4472135954999579 1 0 0 0.4170487787244332 0.9088841049135246 0.86039161935009
cell 123.11323191349183 108.74112359157057 0.0 2.23606797749979 0.4472135954999579 1 0 0 -0.2777051425727415 -0.9606663592468788 0.5628089264294509
cell 122.13801081037352 79.86736284624476 0.0 2.23606797749979 0.4472135954999579 1 0 0 0.42689752642761025 0.9043000065962555 0.882118372378251
cell 7.805809440596566 85.39833948272917 0.0 2.23606797749979 0.4472135954999579 1 0 0 0.5572733585725888 0.830329093688296 1.182196718637826
cell 15.845313135145448 4.846055335421246 0.0 2.23606797749979 0.4472135954999579 1 0 0 0.4703427981814986 0.8824837971310284 0.9793583696384314
cell 97.45028573822601 79.64588296012768 0.0 2.23606797749979 0.4472135954999579 1 0 0 0.6361454714488178 -0.7715691408779652 4.904200881244287
cell 6.270925960828212 88.92658870373916 0.0 2.23606797749979 0.4472135954999579 1 0 0 0.4398083051722411 0.8980916738849776 0.9107704307995015
cell 18.443446828494825 24.453386626203113 0.0 2.23606797749979 0.4472135954999579 1 0 0 -0.22756922930216134 -0.9737619040991593 0.4591613673741266
cell 13.108463033483371 116.57113371419075 0.0 2.23606797749979 0.4472135954999579 1 0 0 0.6435707626228888 0.7653866170093342 1.3983089468073124
cell 16.772720107426995 12.540692529327076 0.0 2.23606797749979 0.4472135954999579 1 0 0 -0.2527445046587745 -0.967533056471349 0.5110316183425496
cell 9.651042024707593 104.28794693167404 0.0 2.23606797749979 0.4472135954999579 1 0 0 -0.6641778676741743 -0.7475745849691434 1.4527870943209908
cell 125.27789841123521 91.4261356060076 0.0 2.23606797749979 0.4472135954999579 1 0 0 0.4450461741375132 0.8955076230192361 0.9224516442890224
cell 94.69647438374052 79.58465007026764 0.0 2.23606797749979 0.4472135954999579 1 0 0 -0.5552513741463213 0.8316825785770806 5.105854940475235
cell 115.75237408646129 7.753571652901166 0.0 2.23606797749979 0.4472135954999579 1 0 0 0.9539068333305203 -0.30010290455998406 3.7511937118604086
cell 6.728081663684051 63.23634730034372 0.0 2.23606797749979 0.4472135954999579 1 0 0 0.10655011920480112 0.9943073328189039 0.21350553101612849
cell 6.944477970716896 95.89502106394838 0.0 2.23606797749979 0.4472135954999579 1 0 0 0.5133224250645729 0.8581958330857974 1.0781034689967295
cell 113.40247808401101 96.89097310792869 0.0 2.23606797749979 0.4472135954999579 1 0 0 -0.2963476553765063 -0.9550801365083704 0.6017324988744797
cell 117.95884961923669 92.54211237383913 0.0 2.23606797749979 0.4472135954999579 1 0 0 -0.4823722681036137 -0.8759663206793828 1.0067217441269607
cell 14.116250734311842 121.48237900481323 0.0 2.23606797749979 0.4472135954999579 1 0 0 0.6065401826077126 0.7950528327615736 1.3034032942699363
cell 37.8708395654321 68.21583613210181 0.0 2.23606797749979 0.4472135954999579 1 0 0 -0.9786516810646374 -0.20552587951243323 2.7275905975403827
cell 20.338299925589972 11.27671381325063 0.0 2.23606797749979 0.4472135954999579 1 0 0 0.28747192068132016 0.9577890659324697 0.5831725869110945
cell 1.2918208247209566 102.41483259819027 0.0 2.23606797749979 0.4472135954999579 1 0 0 -0.5889432539955873 -0.8081743893325803 1.259501290164473
cell 20.099480020089494 123.38928824523765 0.0 2.23606797749979 0.4472135954999579 1 0 0 0.5697425028734595 0.821823265927344 1.2123849939193363
cell 4.059628681093935 76.79483197587732 0.0 2.23606797749979 0.4472135954999579 1 0 0 -0.44420115261834753 -0.8959270818613151 0.9205648404793374
cell 10.113710677155755 108.78120969228856 0.0 2.23606797749979 0.4472135954999579 1 0 0 0.6512024527619557 0.7589040555411554 1.4183356425263953
cell 124.4920493037864 98.66597901779804 0.0 2.23606797749979 0.4472135954999579 1 0 0 0.5635786372490776 0.8260624187290405 1.1974231869552359
cell 5.8500197179766955 5.830219240032991 0.0 2.23606797749979 0.4472135954999579 1 0 0 0.3363865975527597 0.9417239813166476 0.6861544939842951
cell 3.3003600884137194 92.98601940915397 0.0 2.23606797749979 0.4472135954999579 1 0 0 -0.46467756799949583 -0.8854799590041967 0.9665408878950315
cell 9.217978323345104 92.29207799448268 0.0 2.23606797749979 0.4472135954999579 1 0 0 0.5286544163464943 0.8488371505049408 1.1140291462878573
cell 10.213725810517325 81.78151565279089 0.0 2.23606797749979 0.4472135954999579 1 0 0 -0.5108468272935917 -0.8596717507537812 1.0723391223601135
cell 125.0638643312844 103.51350785856707 0.0 2.23606797749979 0.4472135954999579 1 0 0 0.5771803902593146 0.8166166769666815 1.2305433312453926
cell 20.062098924788955 70.94996961489076 0.0 2.23606797749979 0.4472135954999579 1 0 0 0.9641629026386546 -0.2653109443189338 3.678645473321291
cell 124.27596135399986 107.77179696701035 0.0 2.23606797749979 0.4472135954999579 1 0 0 -0.5054253009597849 -0.8628703640464834 1.0597495702435298
cell 18.887758877889592 123.39690828535723 0.0 2.23606797749979 0.4472135954999579 1 0 0 0.5366655247880444 0.8437950666506487 1.1329607217198496
cell 14.850960658822716 110.04821080994789 0.0 2.23606797749979 0.4472135954999579 1 0 0 -0.6633154873047976 -0.7483398721848241 1.450481132854497
cell 18.3129449380639 1.5307489708341382 0.0 2.23606797749979 0.4472135954999579 1 0 0 -0.5232923993426425 -0.8521531932641104 1.1014200229899656
cell 12.446339325132557 122.03431362913686 0.0 2.23606797749979 0.4472135954999579 1 0 0 -0.5872655927113674 -0.8093942942826855 1.25535269183991
cell 0.2682737551219531 108.31607906385226 0.0 2.23606797749979 0.4472135954999579 1 0 0 -0.5588146773202657 -0.8292925638225918 1.1859115853306408
cell 123.91466315460431 121.18355095825498 0.0 2.23606797749979 0.4472135954999579 1 0 0 0.45476667134438414 0.8906106189768618 0.9442204186346749
cell 2.3576268473877113 78.26004444498403 0.0 2.23606797749979 0.4472135954999579 1 0 0 0.4655590278381495 0.8850168312514723 0.9685323284233114
cell 111.55266902872134 80.83372231900124 0.0 2.23606797749979 0.4472135954999579 1 0 0 0.41042759626035524 0.9118931890457055 0.8458458463981401
cell 3.153458127086822 111.49772685337071 0.0 2.23606797749979 0.4472135954999579 1 0 0 -0.5714239570956222 -0.8206550196380819 1.216479912310743
cell 66.3142620469948 11.107010169063747 0.0 2.23606797749979 0.4472135954999579 1 0 0 0.07891093943014771 -0.9968816698275937 6.125199176515575
cell 15.838680371517881 109.6052194361786 0.0 2.23606797749979 0.4472135954999579 1 0 0 0.6717902413126827 0.7407414337520533 1.4732459408617604
cell 109.12122408190196 76.98262799891947 0.0 2.23606797749979 0.4472135954999579 1 0 0 0.21787386636508993 0.9759769353602199 0.4392709434282651
cell 64.26348373144222 8.11133431332575 0.0 2.23606797749979 0.4472135954999579 1 0 0 0.44255114194168726 0.896743266919863 0.9168831592113147
cell 36.61268659181864 69.9329871766522 0.0 2.23606797749979 0.4472135954999579 1 0 0 0.036926508638855694 0.9993179839068966 0.07386981150814406
cell 118.808195763312 92.00877384314147 0.0 2.23606797749979 0.4472135954999579 1 0 0 0.49154324993628856 0.8708531641109604 1.0277219622999891
cell 38.361683007951484 93.1262264736952 0.0 2.23606797749979 0.4472135954999579 1 0 0 0.872224717042789 -0.4891053495716712 4.163720146930342
cell 121.47612239326811 65.68827191768888 0.0 2.23606797749979 0.4472135954999579 1 0 0 0.2082718634544291 0.9780709743639362 0.4196154875323413
cell 107.18726747858337 74.80339243818801 0.0 2.23606797749979 0.4472135954999579 1 0 0 0.2665928693127292 0.9638092352906804 0.5397124531974831
cell 11.843280009870364 103.54025345416669 0.0 2.23606797749979 0.4472135954999579 1 0 0 -0.6075988005509646 -0.794244104522677 1.306067661794608
cell 52.456103165324464 89.9874684921601 0.0 2.23606797749979 0.4472135954999579 1 0 0 -0.7129622867291913 -0.7012023799887465 1.5874275380715757
cell 11.548272989550664 95.28231097196307 0.0 2.23606797749979 0.4472135954999579 1 0 0 0.5511274664845673 0.8344210661807995 1.1674296639406871
cell 124.92678718158214 117.24428986943624 0.0 2.23606797749979 0.4472135954999579 1 0 0 0.5042982238522294 0.8635295602464844 1.0571381777577642
cell 10.853537479283109 117.84882044489312 0.0 2.23606797749979 0.4472135954999579 1 0 0 0.5982798023475066 0.8012872631603654 1.2827051822441973
cell 61.9335635068395 104.34283884142843 0.0 2.23606797749979 0.4472135954999579 1 0 0 0.05280453841065188 -0.9986048671638037 6.177527090037321
cell 108.78250082221207 82.79753037883727 0.0 2.23606797749979 0.4472135954999579 1 0 0 0.3636212329541497 0.9315468849955455 0.744304582749108
cell 6.503640077445355 123.88513147442514 0.0 2.23606797749979 0.4472135954999579 1 0 0 0.5106948112364499 0.8597620657927209 1.0719854802361006
cell 14.190671764392738 112.37222762828692 0.0 2.23606797749979 0.4472135954999579 1 0 0 0.6645985971127577 0.7472005786371919 1.4539129611074255
cell 14.624583725906614 97.01409643089448 0.0 2.23606797749979 0.4472135954999579 1 0 0 0.6506892534065546 0.7593441219244543 1.4169835596628098
cell 6.1442379047367135 110.16783802584354 0.0 2.23606797749979 0.4472135954999579 1 0 0 -0.5825572203874229 -0.8127896929553668 1.243742765618859
cell 5.725305409471798 83.87830861003566 0.0 2.23606797749979 0.4472135954999579 1 0 0 0.465315185451316 0.8851450605343778 0.9679813225827205
cell 18.315604580421958 12.272293126966026 0.0 2.23606797749979 0.4472135954999579 1 0 0 -0.2720474786142285 -0.9622838299481297 0.5510402437764048
cell 113.82874218085081 84.63815163554638 0.0 2.23606797749979 0.4472135954999579 1 0 0 -0.4316415404912473 -0.9020452208854847 0.8926235694674016
cell 12.356345342408336 10.130177437837977 0.0 2.23606797749979 0.4472135954999579 1 0 0 -0.33054771476360595 -0.9437892817067578 0.6737677041598165
cell 110.6400108512305 81.47261867861515 0.0 2.23606797749979 0.4472135954999579 1 0 0 0.40856324846253944 0.912730010466259 0.8417587622275313
cell 118.24045758493516 78.39273259825727 0.0 2.23606797749979 0.4472135954999579 1 0 0 0.4123876244471804 0.9110084781179654 0.8501467419797236
cell 11.276430398517101 91.91586049531918 0.0 2.23606797749979 0.4472135954999579 1 0 0 0.585563370790436 0.8106266334068616 1.2511497305932053
cell 8.418017122416478 109.29168417496653 0.0 2.23606797749979 0.4472135954999579 1 0 0 0.5999598103450839 0.8000301406638946 1.2869017453419873
cell 122.23542905170132 95.00136020787534 0.0 2.23606797749979 0.4472135954999579 1 0 0 0.5610745379961991 0.8277652824396248 1.191366697908634
cell 122.75687485488028 113.3177120976038 0.0 2.23606797749979 0.4472135954999579 1 0 0 -0.563223380172908 -0.8263046799011875 1.1965631914469972
cell 2.907461646885471 70.4965430830006 0.0 2.23606797749979 0.4472135954999579 1 0 0 -0.38399423833479723 -0.9233354888260707 0.7882366109729562
cell 93.47449590882515 108.58302496279876 0.0 2.23606797749979 0.4472135954999579 1 0 0 0.7021143290042539 -0.7120642309559625 4.72646038276042
cell 76.89191843275512 115.27194419207014 0.0 2.23606797749979 0.4472135954999579 1 0 0 0.088174073028693 0.9961050812266398 0.1765774572581601
cell 8.306323654420716 113.75224152355713 0.0 2.23606797749979 0.4472135954999579 1 0 0 0.5690351889456149 0.8223131725453682 1.2106641783771264
cell 17.288989669560678 14.03991156362234 0.0 2.23606797749979 0.4472135954999579 1 0 0 0.21471405334248828 0.9766769554449614 0.4327980907033245
cell 116.37104705258763 58.8375449936432 0.0 2.23606797749979 0.4472135954999579 1 0 0 -0.9417224737987279 0.33639081786280123 3.827756110526085
cell 4.210242960163838 109.24720481116489 0.0 2.23606797749979 0.4472135954999579 1 0 0 -0.5834942917182278 -0.8121172400166393 1.246049534598444
cell 124.48795782075857 84.76298217372458 0.0 2.23606797749979 0.4472135954999579 1 0 0 0.4046605869267148 0.9144669536883915 0.8332152813049762
cell 119.45616272410318 76.27645090161042 0.0 2.23606797749979 0.4472135954999579 1 0 0 -0.4368652896892747 -0.8995269416002536 0.9042217383723301
cell 90.54519816580638 96.41609125150723 0.0 2.23606797749979 0.4472135954999579 1 0 0 0.9781657124415912 -0.20782646367494736 3.5602974133461154
cell 12.412871787041416 117.39781519304867 0.0 2.23606797749979 0.4472135954999579 1 0 0 0.627032076732424 0.7789934369098519 1.3554747916665304
cell 1.068816971120252 89.1908437715693 0.0 2.23606797749979 0.4472135954999579 1 0 0 0.40292345786743 0.9152336789586326 0.8294176577891801
cell 3.2627915134600185 121.38837827458467 0.0 2.23606797749979 0.4472135954999579 1 0 0 0.4733812278794592 0.8808576576787737 0.9862507991960516
cell 2.405007944553086 112.02905418010964 0.0 2.23606797749979 0.4472135954999579 1 0 0 -0.5504346690347335 -0.8348782397000316 1.165769572409788
cell 16.327840360617888 114.8125380770302 0.0 2.23606797749979 0.4472135954999579 1 0 0 -0.6534067183369032 -0.7570070412038443 1.424151983672365
cell 0.27290699184816636 90.04679423595103 0.0 2.23606797749979 0.4472135954999579 1 0 0 -0.41489160969019845 -0.9098708436963325 0.8556473451984905
cell 36.5759886470632 87.33547407927252 0.0 2.23606797749979 0.4472135954999579 1 0 0 0.7536325006653409 0.6572960169823828 1.707142276570238
cell 123.72116923044621 99.23279270052612 0.0 2.23606797749979 0.4472135954999579 1 0 0 -0.5724209184610737 -0.819959933233436 1.2189106136547503
cell 14.667618996533134 100.54326051846638 0.0 2.23606797749979 0.4472135954999579 1 0 0 0.5188562491782002 0.8548615049753553 1.0910249392631843
cell 9.1951625877983 8.842556782438548 0.0 2.23606797749979 0.4472135954999579 1 0 0 -0.3548413019487312 -0.9349265481476764 0.72548863586203
cell 18.996196498019707 26.350778801689795 0.0 2.23606797749979 0.4472135954999579 1 0 0 0.9922450228089117 0.12429728360242759 2.8923534712846415
cell 120.34635169502721 75.41075456412509 0.0 2.23606797749979 0.4472135954999579 1 0 0 0.36882768581265074 0.9294977881512599 0.7554949412629836
cell 17.325667022610414 119.19039890059449 0.0 2.23606797749979 0.4472135954999579 1 0 0 0.6302278125068811 0.7764102680560012 1.3636931886459125
cell 5.093463580718671 119.63143190952013 0.0 2.23606797749979 0.4472135954999579 1 0 0 0.5069145760232495 0.8619962950124375 1.0632032278015
cell 121.08207963427651 82.0368532090984 0.0 2.23606797749979 0.4472135954999579 1 0 0 0.41840648614459364 0.9082598815053619 0.8633802810690473
cell 7.757526661713949 104.89838203547471 0.0 2.23606797749979 0.4472135954999579 1 0 0 0.5996460339307579 0.8002653522370642 1.2861174491624456
cell 109.51511771070322 56.70976444908835 0.0 2.23606797749979 0.4472135954999579 1 0 0 -0.9222881680796794 -0.3865029560303893 2.347918929495453
cell 122.18893989051948 114.67198266762661 0.0 2.23606797749979 0.4472135954999579 1 0 0 -0.5193341344225271 -0.8545712707689187 1.0921431703832578
cell 20.542445011975154 69.86933685584195 0.0 2.23606797749979 0.4472135954999579 1 0 0 0.9773827977658285 -0.2114778159321721 3.567766106645994
cell 97.57756591323542 14.966687724721268 0.0 2.23606797749979 0.4472135954999579 1 0 0 0.9524712113615921 -0.30462861245684303 3.7606896235606198
cell 19.673879011154945 119.4277632512903 0.0 2.23606797749979 0.4472135954999579 1 0 0 0.5965701903555057 0.8025609060870057 1.278441408709335
cell 69.64819354278553 24.44554160900817 0.0 2.23606797749979 0.4472135954999579 1 0 0 0.9999512766474534 0.009871389523675814 3.1218495538913977
cell 43.48063621436179 11.780325371056376 0.0 2.23606797749979 0.4472135954999579 1 0 0 0.44549552247048774 0.8952841668759407 0.9234553306496133
cell 45.42692430900218 12.708467009560538 0.0 2.23606797749979 0.4472135954999579 1 0 0 -0.6229746761661958 -0.7822420040215325 1.3450794564714048
cell 11.630816463285878 122.28891330430584 0.0 2.23606797749979 0.4472135954999579 1 0 0 0.5865317052627939 0.809926267459896 1.2535398638781932
cell 31.55471838191065 70.43640550979593 0.0 2.23606797749979 0.4472135954999579 1 0 0 -0.008773419499966116 0.9999615128145071 6.265638243066706
cell 4.937846411030438 7.69275330714333 0.0 2.23606797749979 0.4472135954999579 1 0 0 -0.5499046578993155 -0.8352274344276753 1.164500165028361
cell 24.20520988677148 52.77134659748961 0.0 2.23606797749979 0.4472135954999579 1 0 0 0.9769952225534533 0.2132611898769399 2.7117691933574064
cell 17.324913656728377 8.12855454991454 0.0 2.23606797749979 0.4472135954999579 1 0 0 -0.3933869937221981 -0.9193729782684562 0.8086254553481513
cell 50.23861403599872 89.95929827463492 0.0 2.23606797749979 0.4472135954999579 1 0 0 0.6446392249996579 0.7644869322570795 1.4011025429278892
cell 10.958591337891297 108.43711386046 0.0 2.23606797749979 0.4472135954999579 1 0 0 -0.6593463559084335 -0.7518393332024265 1.4398980715223537
cell 17.551138760065495 123.14015075549662 0.0 2.23606797749979 0.4472135954999579 1 0 0 0.5846239715277133 0.8113043891876609 1.2488329880324087
cell 26.266641279104736 114.62656113652012 0.0 2.23606797749979 0.4472135954999579 1 0 0 0.9890505786454106 0.14757693885285253 2.845356780785318
cell 8.061825502947348 100.24551085291709 0.0 2.23606797749979 0.4472135954999579 1 0 0 0.5933024850688523 0.8049796029783142 1.2703104763502404
cell 6.839486793889202 80.38090092714431 0.0 2.23606797749979 0.4472135954999579 1 0 0 0.43376193099911137 0.9010275174576646 0.89732751620302
cell 3.4480838889431022 103.272865892644 0.0 2.23606797749979 0.4472135954999579 1 0 0 0.5936510606953851 0.80472257215468 1.2711766629690302
cell 9.988540466006945 113.48140148089381 0.0 2.23606797749979 0.4472135954999579 1 0 0 0.6116360767480599 0.7911392479331572 1.3162538857477306
cell 12.677536214186748 5.373536891943001 0.0 2.23606797749979 0.4472135954999579 1 0 0 0.3918466446245511 0.9200305468279196 0.8052757852696393
cell 24.547935020329362 14.683026456171206 0.0 2.23606797749979 0.4472135954999579 1 0 0 -0.07176701234953312 -0.9974214234406749 0.14365752324582548
cell 19.93781180204769 116.55198642504317 0.0 2.23606797749979 0.4472135954999579 1 0 0 -0.6109203430006224 -0.7916920705097418 1.3144451429200767
cell 3.921682945439526 116.0970124912991 0.0 2.23606797749979 0.4472135954999579 1 0 0 -0.5180688467120088 -0.8553389211689651 1.0891832781373525
cell 13.667205984681553 103.3713920704148 0.0 2.23606797749979 0.4472135954999579 1 0 0 0.3671408232809073 0.9301653701792051 0.7518666238194921
cell 2.825973800861537 115.74209444635366 0.0 2.23606797749979 0.4472135954999579 1 0 0 0.5124170088209006 0.8587367519042381 1.0759940881913144
cell 40.20905490002972 93.9276536879209 0.0 2.23606797749979 0.4472135954999579 1 0 0 -0.8842884302132856 0.4669410799993112 4.113249489491089
cell 67.60765535032452 9.3893343082857 0.0 2.23606797749979 0.4472135954999579 1 0 0 -0.3701130216782166 -0.9289867335889248 0.7582613579763819
cell 111.05847023481832 88.86674266327482 0.0 2.23606797749979 0.4472135954999579 1 0 0 -0.3892178429670165 -0.9211457380437164 0.7995646539829551
cell 49.05521362357741 97.69345423899635 0.0 2.23606797749979 0.4472135954999579 1 0 0 -0.6963542965467248 -0.717698191220318 1.5406103554349508
cell 41.663403943848856 5.559925199421654 0.0 2.23606797749979 0.4472135954999579 1 0 0 -0.5209560598322073 -0.8535834954613999 1.0959412452516712
cell 0.6889759186963283 93.78870347611613 0.0 2.23606797749979 0.4472135954999579 1 0 0 0.31231565829726576 0.9499783837447805 0.6352592988471683
cell 41.31609968136126 69.09253726379588 0.0 2.23606797749979 0.4472135954999579 1 0 0 -0.9639952966250295 -0.26591928866635733 2.603277812251416
cell 4.6067029613794555 75.35833896815545 0.0 2.23606797749979 0.4472135954999579 1 0 0 0.39544096777080356 0.9184913940851543 0.8130958030503306
cell 5.023415478553037 3.7205803490739506 0.0 2.23606797749979 0.4472135954999579 1 0 0 -0.3756728781401112 -0.9267523340299312 0.7702454562227494
cell 2.311916978119542 2.383807589721217 0.0 2.23606797749979 0.4472135954999579 1 0 0 -0.4006041680454916 -0.9162512213059143 0.8243522846990805
cell 18.396872468253118 114.33526048822368 0.0 2.23606797749979 0.4472135954999579 1 0 0 0.6599574879838023 0.7513029442602428 1.4415243501544128
cell 13.280761027024166 112.3816990470688 0.0 2.23606797749979 0.4472135954999579 1 0 0 0.6588747484879436 0.752252660882598 1.4386438732236073
cell 10.094395979625794 118.06430264557805 0.0 2.23606797749979 0.4472135954999579 1 0 0 0.592170469689141 0.8058127169684914 1.2674993996413895
cell 98.7106802887133 6.451932237524232 0.0 2.23606797749979 0.4472135954999579 1 0 0 0.8837095893300108 -0.46803564151267774 4.115725875463077
cell 21.803946739210943 101.2042477445472 0.0 2.23606797749979 0.4472135954999579 1 0 0 0.9256703015423429 0.3783311946463153 2.3656070069151585
cell 6.859216222987844 117.65007033840581 0.0 2.23606797749979 0.4472135954999579 1 0 0 0.5692779336772019 0.8221451418260739 1.2112546335506083
cell 35.962091877386946 71.08572382155394 0.0 2.23606797749979 0.4472135954999579 1 0 0 -0.021039537529666547 0.999778644431125 6.241103127032788
cell 117.57942863093791 79.315145843215 0.0 2.23606797749979 0.4472135954999579 1 0 0 0.3813901973780647 0.9244141481738155 0.7825993987000466
cell 120.19825596348561 102.2776033960609 0.0 2.23606797749979 0.4472135954999579 1 0 0 -0.4692998401956776 -0.8830388779619567 0.9769954254990791
cell 124.01769627304826 93.86570361625951 0.0 2.23606797749979 0.4472135954999579 1 0 0 0.5561908411239745 0.8310546000413004 1.1795904157121255
cell 85.58295653536757 116.59936475955756 0.0 2.23606797749979 0.4472135954999579 1 0 0 0.21131284085604943 0.9774184791016313 0.4258358738297423
cell 4.069357952692316 85.02668076368 0.0 2.23606797749979 0.4472135954999579 1 0 0 0.450056230095348 0.8930002182263805 0.9336566113296517
cell 124.05430429873012 113.64789989032124 0.0 2.23606797749979 0.4472135954999579 1 0 0 0.5338837158772073 0.8455579092653237 1.1263740428287383
cell 1.8323764708880623 81.21818705016466 0.0 2.23606797749979 0.4472135954999579 1 0 0 0.3969929854391321 0.9178216436280663 0.8164765279417896
cell 28.51448475968413 15.899066567581059 0.0 2.23606797749979 0.4472135954999579 1 0 0 0.04424310327171168 0.9990207944847238 0.0885150999212531
cell 22.114685894781353 73.26510889771038 0.0 2.23606797749979 0.4472135954999579 1 0 0 0.971240056737541 -0.2381023985357102 3.622415832059705
cell 93.81609544286833 12.801947868315768 0.0 2.23606797749979 0.4472135954999579 1 0 0 0.9207602439492298 -0.3901289186442794 3.9431358572096284
cell 51.46222644233611 93.46860361688645 0.0 2.23606797749979 0.4472135954999579 1 0 0 -0.7187311417626236 -0.6952881027750981 1.6039513090246222
cell 13.27592137400865 121.7887710892267 0.0 2.23606797749979 0.4472135954999579 1 0 0 0.6078522658563115 0.7940501387779918 1.3067059951620286
cell 14.487803839802984 9.437544497916985 0.0 2.23606797749979 0.4472135954999579 1 0 0 0.3723193966960171 0.928104663733522 0.7630136797691729
cell 16.216714490802556 118.87153973137642 0.0 2.23606797749979 0.4472135954999579 1 0 0 -0.6322241965569206 -0.7747854963071754 1.3688411731715568
cell 50.923692759279795 99.88545431817741 0.0 2.23606797749979 0.4472135954999579 1 0 0 0.801675569696219 0.5977593838261702 1.8601861128172121
cell 73.61888532848604 31.84348512149552 0.0 2.23606797749979 0.4472135954999579 1 0 0 0.9740474839146579 0.22634376306742854 2.6849478899050863
cell 14.96131955644103 121.21561580494799 0.0 2.23606797749979 0.4472135954999579 1 0 0 0.5935197303561209 0.8048194391775074 1.2708502835690567
cell 1.7583798111283173 107.21474569079115 0.0 2.23606797749979 0.4472135954999579 1 0 0 -0.5825019161116132 -0.8128293287808328 1.2436066838554227
cell 117.81865182660124 98.49924854639507 0.0 2.23606797749979 0.4472135954999579 1 0 0 0.44463573269147894 0.8957114854761614 0.9215350809564761
cell 40.04079945939594 68.41995779363528 0.0 2.23606797749979 0.4472135954999579 1 0 0 0.9637053112206364 0.2669682998506308 2.601101102701279
cell 47.64650043967609 104.9300721246119 0.0 2.23606797749979 0.4472135954999579 1 0 0 0.6210756490395993 0.7837506224367802 1.340228792008152
cell 108.36947803282574 74.18316941662576 0.0 2.23606797749979 0.4472135954999579 1 0 0 -0.30733770754857925 -0.9516005115166679 0.6247881279900351
cell 4.669292553316377 115.72364635247422 0.0 2.23606797749979 0.4472135954999579 1 0 0 0.548989784264349 0.8358290595411143 1.162310236568464
cell 116.38240993853445 101.30696386246429 0.0 2.23606797749979 0.4472135954999579 1 0 0 -0.3113450180250897 -0.9502969429346579 0.6332161418916824
cell 27.31679095370088 99.69786658980729 0.0 2.23606797749979 0.4472135954999579 1 0 0 0.3505028470976801 0.9365616659763629 0.716215914726528
cell 116.11675438004751 99.80157134838235 0.0 2.23606797749979 0.4472135954999579 1 0 0 -0.3123224003287492 -0.9499761672025717 0.6352734929371904
cell 122.15469573518784 100.33258993509483 0.0 2.23606797749979 0.4472135954999579 1 0 0 0.5503923576574894 0.8349061340247959 1.1656682147065998
cell 62.066165508875876 7.084879391985605 0.0 2.23606797749979 0.4472135954999579 1 0 0 0.4304669487273151 0.9026063405789897 0.8900200938200253
cell 95.7408329919732 75.09410982797837 0.0 2.23606797749979 0.4472135954999579 1 0 0 0.8468333426529854 -0.5318583361865934 4.263179673981762
cell 1.89832207596832 88.53604013459015 0.0 2.23606797749979 0.4472135954999579 1 0 0 0.3883710965433837 0.9215030609659903 0.7977265470914265
cell 22.899548987486643 124.34336481943387 0.0 2.23606797749979 0.4472135954999579 1 0 0 0.4748084064548875 0.8800891870485459 0.9894926421107823
cell 17.349495635366697 114.85576563799998 0.0 2.23606797749979 0.4472135954999579 1 0 0 0.6542734681838122 0.7562580438122468 1.4264430555029604
cell 112.54378977059638 2.647522038050403 0.0 2.23606797749979 0.4472135954999579 1 0 0 0.9838568158853335 -0.17895744140988648 3.5014460214868133
cell 21.60653917576479 14.984955236817278 0.0 2.23606797749979 0.4472135954999579 1 0 0 0.21390722929660486 0.9768539794947092 0.43114605850751286
cell 15.279294052580711 114.49735265509094 0.0 2.23606797749979 0.4472135954999579 1 0 0 0.6744135604060819 0.7383538105409846 1.4803403219784534
cell 118.4680404928197 86.89382817889056 0.0 2.23606797749979 0.4472135954999579 1 0 0 -0.436636651371621 -0.8996379464423327 0.9037134173886505
cell 29.31390419635273 43.59206676676659 0.0 2.23606797749979 0.4472135954999579 1 0 0 -0.9881000904801034 -0.15381225956734265 2.832742061754928
cell 40.054537818846825 97.39220138524331 0.0 2.23606797749979 0.4472135954999579 1 0 0 0.8730222011324853 -0.4876804653969548 4.160454399617953
cell 122.70837311140667 87.77120042585611 0.0 2.23606797749979 0.4472135954999579 1 0 0 0.4621264560241842 0.8868140383657263 0.9607831293806068
cell 77.6961367788854 32.35825455960793 0.0 2.23606797749979 0.4472135954999579 1 0 0 0.9859451966982051 0.1670690549076566 2.8058802746535765
cell 122.94702526088281 99.7563352421945 0.0 2.23606797749979 0.4472135954999579 1 0 0 0.5694870064581361 0.8220003342306808 1.2117632814357302
cell 50.181387013344604 94.45015267443938 0.0 2.23606797749979 0.4472135954999579 1 0 0 -0.7534862108169949 -0.6574637101077498 1.7066972071184496
cell 14.579542957414995 4.611790085922074 0.0 2.23606797749979 0.4472135954999579 1 0 0 0.4654046181714012 0.8850980405495948 0.9681834026698098
cell 9.27407104138976 109.05821602905222 0.0 2.23606797749979 0.4472135954999579 1 0 0 0.6251363860456756 0.780515534016942 1.350612518249977
cell 0.9056170357870532 81.8413500341909 0.0 2.23606797749979 0.4472135954999579 1 0 0 0.39059451749870727 0.920562829414675 0.8025546477303009
cell 4.563106025796103 107.60534580933923 0.0 2.23606797749979 0.4472135954999579 1 0 0 -0.5935680668963826 -0.8047837908164475 1.270970403954867
cell 111.57362426649576 92.12388185381039 0.0 2.23606797749979 0.4472135954999579 1 0 0 0.31295128611187856 0.9497691785486204 0.636597640432145
cell 4.918518852590719 84.45908445716425 0.0 2.23606797749979 0.4472135954999579 1 0 0 0.444611329999722 0.8957235986820254 0.9214805934855738
cell 16.613570566088764 8.782412960770854 0.0 2.23606797749979 0.4472135954999579 1 0 0 0.34998250413566095 0.9367562365946287 0.7151048530152768
cell 6.453550533987777 3.7716946298059453 0.0 2.23606797749979 0.4472135954999579 1 0 0 0.3934950143496865 0.9193267502264578 0.8088604488616434
cell 53.603811205259674 89.4094193130837 0.0 2.23606797749979 0.4472135954999579 1 0 0 0.7169039741345158 0.6971719241837966 1.5987025649485533
cell 100.75904056725277 81.31110830670566 0.0 2.23606797749979 0.4472135954999579 1 0 0 0.8341496655397562 -0.5515381541470298 4.310006843140002
cell 6.213206715948469 119.96379218047309 0.0 2.23606797749979 0.4472135954999579 1 0 0 0.522617200246515 0.8525674530537124 1.0998357186940602
cell 100.83051367569867 58.083890917251274 0.0 2.23606797749979 0.4472135954999579 1 0 0 0.8413245198462628 0.5405303435566363 1.99945795508374
cell 0.5077720122146712 96.33021334160195 0.0 2.23606797749979 0.4472135954999579 1 0 0 -0.6132543350487093 -0.7898855110355965 1.320348085351739
cell 5.0741665938863525 91.86615954331994 0.0 2.23606797749979 0.4472135954999579 1 0 0 0.4323953202905938 0.901684139258751 0.8942951722524355
cell 123.76559557458337 78.28897481835045 0.0 2.23606797749979 0.4472135954999579 1 0 0 -0.3883616352748825 -0.9215070483976882 0.7977060127092157
cell 9.22659481428393 123.54647570915121 0.0 2.23606797749979 0.4472135954999579 1 0 0 0.493473950462771 0.8697605763741345 1.0321587875180622
cell 15.237695479007927 0.49600934937358515 0.0 2.23606797749979 0.4472135954999579 1 0 0 -0.5276167594660012 -0.8494825219688725 1.11158518531116
cell 5.982413970576488 96.49546469686953 0.0 2.23606797749979 0.4472135954999579 1 0 0 -0.5562807696070241 -0.8309944075416014 1.1798068437056477
cell 22.293852021824932 1.8717426183242194 0.0 2.23606797749979 0.4472135954999579 1 0 0 0.5747252443078333 0.8183464385914448 1.2245367269796381
cell 43.00138924341527 9.353659631046163 0.0 2.23606797749979 0.4472135954999579 1 0 0 0.4639342787724612 0.8858696207568449 0.9648624181183107
cell 9.952088174152141 6.721403638402885 0.0 2.23606797749979 0.4472135954999579 1 0 0 -0.3976275398247605 -0.9175469140991693 0.8178594749421038
cell 14.039178444777168 116.81735249406766 0.0 2.23606797749979 0.4472135954999579 1 0 0 -0.6670279230632984 -0.7450327173043225 1.4604248753261695
cell 4.173148401377714 92.42870924358147 0.0 2.23606797749979 0.4472135954999579 1 0 0 -0.4676682145576588 -0.8839040904376739 0.9733017575008764
cell 118.97402649427681 77.46345972669388 0.0 2.23606797749979 0.4472135954999579 1 0 0 -0.4137318802665771 -0.9103987759499036 0.8530988672055937
cell 26.084977748349182 12.340887059522336 0.0 2.23606797749979 0.4472135954999579 1 0 0 0.3363818125090264 0.941725690534745 0.686144331687304
cell 15.302082136796491 105.68008631107793 0.0 2.23606797749979 0.4472135954999579 1 0 0 0.999506706655971 -0.03140610370190404 3.20441519131326
cell 32.33337281130269 90.30789968722746 0.0 2.23606797749979 0.4472135954999579 1 0 0 -0.7682686457909443 -0.6401275559562707 1.7522640844854251
cell 7.8412163167658875 87.80892485395945 0.0 2.23606797749979 0.4472135954999579 1 0 0 -0.5256669588034684 -0.8506904539386302 1.1069978878176316
cell 1.8393831371862222 122.38362260624693 0.0 2.23606797749979 0.4472135954999579 1 0 0 -0.4505465818398304 -0.8927529207974876 0.9347549753116438
cell 106.12013803870553 93.93477173918306 0.0 2.23606797749979 0.4472135954999579 1 0 0 0.44525749198682096 0.8954025719360014 0.9229236229486387
cell 106.18425550823349 79.35184281396822 0.0 2.23606797749979 0.4472135954999579 1 0 0 0.36000728547368693 0.9329494918835999 0.7365514050021786
cell 109.74580343342004 82.12943977532693 0.0 2.23606797749979 0.4472135954999579 1 0 0 0.39731181644052027 0.917683671270626 0.8171713360594095
cell 3.600950089369668 120.33214397842502 0.0 2.23606797749979 0.4472135954999579 1 0 0 -0.47481251989406287 -0.8800869678343443 0.989501989900579
cell 20.533110435816543 5.409430959335775 0.0 2.23606797749979 0.4472135954999579 1 0 0 0.523540161642479 0.8520009971516272 1.1020015720058565
cell 5.080000785792082 97.12334371159831 0.0 2.23606797749979 0.4472135954999579 1 0 0 0.5389421427218889 0.8423427846181976 1.138361505644329
cell 76.95543769571049 31.39096727817468 0.0 2.23606797749979 0.4472135954999579 1 0 0 0.9798651037864011 0.19966065807180253 2.739569466350163
cell 11.61772531425973 99.62751989295819 0.0 2.23606797749979 0.4472135954999579 1 0 0 0.49004215066633205 0.8716987384241851 1.0242762138055799
cell 122.09866486025072 103.85055047055621 0.0 2.23606797749979 0.4472135954999579 1 0 0 -0.5141652430090007 -0.8576911465565534 1.0800682088348355
cell 6.013982598049743 91.48895474095713 0.0 2.23606797749979 0.4472135954999579 1 0 0 0.4157162390402969 0.9094943697451847 0.8574603496190132
cell 3.9607482233235523 101.46437499984846 0.0 2.23606797749979 0.4472135954999579 1 0 0 0.5979910259671056 0.8015027965408533 1.281984498021012
cell 104.8050735578618 75.22268542836608 0.0 2.23606797749979 0.4472135954999579 1 0 0 0.31801175493121525 0.9480867701458389 0.6472632693592731
cell 123.19854608226052 90.31907065843755 0.0 2.23606797749979 0.4472135954999579 1 0 0 0.4707060616021881 0.8822900903733177 0.9801817349842833
cell 24.303663008730105 9.201645402960839 0.0 2.23606797749979 0.4472135954999579 1 0 0 -0.4480262485244769 -0.8940204028058216 0.929112778597526
cell 19.676699693818488 8.028875042408519 0.0 2.23606797749979 0.4472135954999579 1 0 0 0.4021882774338152 0.9155569832046613 0.8278114001010854
cell 96.29529445439526 79.38344478376715 0.0 2.23606797749979 0.4472135954999579 1 0 0 0.575994690964988 -0.8174534335239825 5.055544419540793
cell 106.75777828876075 82.46513050836333 0.0 2.23606797749979 0.4472135954999579 1 0 0 -0.34340047069024054 -0.9391890740046549 0.7010703150171809
cell 2.0168704773698654 116.0783830875352 0.0 2.23606797749979 0.4472135954999579 1 0 0 0.49494165635738546 0.868926209066229 1.0355353716349587
cell 115.50427929856002 83.45225258554896 0.0 2.23606797749979 0.4472135954999579 1 0 0 0.434877978874471 0.9004893911035572 0.8998055339829952
cell 3.872345023309376 111.00660445022486 0.0 2.23606797749979 0.4472135954999579 1 0 0 -0.5788792957277549 -0.8154132455250763 1.2347072373879557
cell 49.52583065541913 104.29755020374196 0.0 2.23606797749979 0.4472135954999579 1 0 0 0.8496174423191739 0.5273994707117416 2.0305190067581624
cell 55.04203710894867 122.064528790343 0.0 2.23606797749979 0.4472135954999579 1 0 0 -0.4609460338636836 -0.8874281682848139 0.9581218873429433
cell 11.613782032169544 117.6485475858265 0.0 2.23606797749979 0.4472135954999579 1 0 0 -0.6227262913355298 -0.7824397523640378 1.34444447794605
cell 21.533129437232404 19.248283723705505 0.0 2.23606797749979 0.4472135954999579 1 0 0 -0.3547595045160403 -0.9349575893887024 0.7253136572502612
cell 50.786171309436156 106.74667123172809 0.0 2.23606797749979 0.4472135954999579 1 0 0 -0.9625883278607964 0.27096809972053154 3.6903898834056434
cell 16.060191172707214 25.28248048769028 0.0 2.23606797749979 0.4472135954999579 1 0 0 0.4201689793929171 0.9074458819984332 0.8672630526726482
cell 9.907902258819805 91.10440972543829 0.0 2.23606797749979 0.4472135954999579 1 0 0 0.5812099718735608 0.8137536289287653 1.2404296089690812
cell 10.611723698614353 121.97391775428711 0.0 2.23606797749979 0.4472135954999579 1 0 0 0.5672897330885199 0.8235182807517729 1.2064220545576751
cell 49.239630666274685 92.54580141281865 0.0 2.23606797749979 0.4472135954999579 1 0 0 -0.7134220882285667 -0.7007345603205192 1.5887394415378964
cell 118.8953083290267 96.9342210296731 0.0 2.23606797749979 0.4472135954999579 1 0 0 0.48937387422377926 0.8720740858592283 1.0227432700630694
cell 40.64249635217664 25.746608684960485 0.0 2.23606797749979 0.4472135954999579 1 0 0 -0.500779532442087 0.8655748724905805 5.234187034649995
cell 48.09511556054432 93.30924563375532 0.0 2.23606797749979 0.4472135954999579 1 0 0 0.6552496025044758 0.755412442588634 1.4290259839751962
cell 22.2571841805089 121.34031561994314 0.0 2.23606797749979 0.4472135954999579 1 0 0 0.5061248638337568 0.8624602148558861 1.061371434120956
cell 122.33999967986921 74.04756526916775 0.0 2.23606797749979 0.4472135954999579 1 0 0 -0.40478840072838795 -0.9144103841469398 0.8334948272292895
cell 116.18792411720214 93.39140477296374 0.0 2.23606797749979 0.4472135954999579 1 0 0 -0.4540165831246112 -0.8909932335589609 0.9425363446484498
cell 50.39104404921062 97.83779193207411 0.0 2.23606797749979 0.4472135954999579 1 0 0 -0.810104790416637 -0.5862851085811549 1.8886616587293528
cell 36.95300022921921 42.97934957642881 0.0 2.23606797749979 0.4472135954999579 1 0 0 0.8805008130448212 0.47404463737860053 2.1538352684743
cell 123.10782697093872 94.42542422986864 0.0 2.23606797749979 0.4472135954999579 1 0 0 0.5704020033914099 0.8213656643219669 1.21399040999876
cell 51.24669234543452 89.0006963137991 0.0 2.23606797749979 0.4472135954999579 1 0 0 0.663788981701279 0.747919907324293 1.4517469408035186
cell 17.938379707674198 67.67648314399965 0.0 2.23606797749979 0.4472135954999579 1 0 0 0.9787218389243723 -0.2051915251965712 3.55491143828768
cell 7.643929203754092 8.92771567791673 0.0 2.23606797749979 0.4472135954999579 1 0 0 -0.4187891675782516 -0.9080834945747638 0.8642230323528306
cell 105.26460290360582 59.25676242324623 0.0 2.23606797749979 0.4472135954999579 1 0 0 -0.9422697103420308 -0.33485488345243747 2.4586902167002114
cell 26.439937835447058 13.912746078590665 0.0 2.23606797749979 0.4472135954999579 1 0 0 -0.2544273591944785 -0.9670918875129311 0.5145110609424988
cell 123.49608718418054 104.5473420474627 0.0 2.23606797749979 0.4472135954999579 1 0 0 -0.5470885582049025 -0.8370747335102648 1.1577643081084839
cell 120.67391061809083 66.6060689383761 0.0 2.23606797749979 0.4472135954999579 1 0 0 0.20331670259093504 0.9791130263904925 0.4094883859941318
cell 8.722192780763073 104.65423062238189 0.0 2.23606797749979 0.4472135954999579 1 0 0 0.6300204937536739 0.7765785069459346 1.3631592021669043
cell 9.155166994387857 113.70647090228168 0.0 2.23606797749979 0.4472135954999579 1 0 0 0.584394889225379 0.8114694162118847 1.2482683195615465
cell 0.28650271146455697 112.07900994294681 0.0 2.23606797749979 0.4472135954999579 1 0 0 -0.44536285869060716 -0.895350168425142 0.9231589802959483
cell 20.009082873530126 19.60844844977103 0.0 2.23606797749979 0.4472135954999579 1 0 0 0.3517696772620889 0.9360865847553451 0.7189218793318146
cell 43.8173311414524 8.062649320789983 0.0 2.23606797749979 0.4472135954999579 1 0 0 0.5777069844483225 0.8162442282305129 1.2318333227420981
cell 0.5134045897475311 102.93788647783568 0.0 2.23606797749979 0.4472135954999579 1 0 0 -0.5741895211975206 -0.8187224155640067 1.2232277457725758
cell 109.41501380384541 58.48501865935825 0.0 2.23606797749979 0.4472135954999579 1 0 0 0.9262864287113319 0.3768201852146547 2.368870601731794
cell 2.001734107042375 0.3582453759160942 0.0 2.23606797749979 0.4472135954999579 1 0 0 0.430602756888321 0.9025415590210667 0.8903210290747593
cell 42.487251748948864 24.886141579205095 0.0 2.23606797749979 0.4472135954999579 1 0 0 0.5029623760354779 -0.8643083062731415 5.229139659285824
cell 6.818865943781109 105.08970619454401 0.0 2.23606797749979 0.4472135954999579 1 0 0 0.5651276256102626 0.825003495005995 1.2011758848792637
cell 17.672244602014782 4.239773334336406 0.0 2.23606797749979 0.4472135954999579 1 0 0 -0.4834537298853276 -0.8753699166980579 1.0091917704329871
cell 22.929073574163095 9.168221669259246 0.0 2.23606797749979 0.4472135954999579 1 0 0 0.45113272362928664 0.892456870482166 0.9360683039103483
cell 21.10343548828408 2.179944867286062 0.0 2.23606797749979 0.4472135954999579 1 0 0 0.5080307079636825 0.8613389575340938 1.0657938596190197
cell 119.85642574532007 99.97264436457685 0.0 2.23606797749979 0.4472135954999579 1 0 0 -0.488161925622651 -0.87275307754965 1.0199648896443376
cell 111.15801646265369 86.23823430953247 0.0 2.23606797749979 0.4472135954999579 1 0 0 0.39086166526125726 0.920449432956095 0.8031350844088289
cell 35.20113019531978 91.16476529377604 0.0 2.23606797749979 0.4472135954999579 1 0 0 0.7470477869912818 0.6647703392536617 1.6872199505971548
cell 108.91728025545767 91.2699327050338 0.0 2.23606797749979 0.4472135954999579 1 0 0 -0.3628523634215218 -0.9318466410088174 0.742654111223338
cell 114.49460681456274 96.22904727409431 0.0 2.23606797749979 0.4472135954999579 1 0 0 0.29861610924418486 0.9543733123363546 0.606484545177238
cell 11.383222987071619 12.055969831807515 0.0 2.23606797749979 0.4472135954999579 1 0 0 -0.36680170905501863 -0.9302991487872692 0.7511375280078258
cell 1.2691655190587945 116.50798717897445 0.0 2.23606797749979 0.4472135954999579 1 0 0 0.48719036849460245 0.8732957945885766 1.0177391626483026
cell 22.640947071577422 13.398129456257234 0.0 2.23606797749979 0.4472135954999579 1 0 0 -0.10589765811660033 -0.9943770341301229 0.21219318386716157
cell 117.15447034051529 99.31996121959294 0.0 2.23606797749979 0.4472135954999579 1 0 0 0.3831282717100892 0.9236951485292321 0.786361240757121
cell 0.5315872995400316 122.24637153802824 0.0 2.23606797749979 0.4472135954999579 1 0 0 -0.4725162168010719 -0.8813219757046811 0.9842872967414262
cell 115.96730780722709 88.5603140919497 0.0 2.23606797749979 0.4472135954999579 1 0 0 0.45196816423689745 0.8920340680244947 0.9379409736528412
cell 1.8365274040339925 24.459718838866472 0.0 2.23606797749979 0.4472135954999579 1 0 0 0.4609826920178617 0.8874091264236386 0.9582045048409688
cell 6.930110959253941 119.66225060690748 0.0 2.23606797749979 0.4472135954999579 1 0 0 0.5170880196501082 0.8559322285872458 1.0868906503334257
cell 2.585545444359843 93.82027960504533 0.0 2.23606797749979 0.4472135954999579 1 0 0 0.4706012938608306 0.8823459764834383 0.9799442520421581
cell 117.23258293334133 80.61681567245535 0.0 2.23606797749979 0.4472135954999579 1 0 0 0.4066194460262748 0.9135976281237191 0.8375014719993731
cell 116.76996078169527 88.01654862079376 0.0 2.23606797749979 0.4472135954999579 1 0 0 -0.4628867288836 -0.8864174390339128 0.9624981289675638
cell 11.89433876102461 1.8108100399978693 0.0 2.23606797749979 0.4472135954999579 1 0 0 0.4685907182874519 0.8834153828946211 0.9753896734887453
cell 5.962801671914881 100.93767739656391 0.0 2.23606797749979 0.4472135954999579 1 0 0 -0.5653149319294019 -0.8248751588802125 1.2016299941991058
cell 120.06017852117473 84.1455378079074 0.0 2.23606797749979 0.4472135954999579 1 0 0 -0.4235083445348877 -0.9058922022566034 0.8746292716827906
cell 91.82049687727039 82.33386954669456 0.0 2.23606797749979 0.4472135954999579 1 0 0 0.17798677724650577 0.9840328790875855 0.35788036283044444
cell 48.1498995036174 101.42573541346054 0.0 2.23606797749979 0.4472135954999579 1 0 0 0.7141513329202029 0.6999913382951946 1.5908219178495602
cell 5.576929100884766 113.47189547200377 0.0 2.23606797749979 0.4472135954999579 1 0 0 0.5706777451096272 0.8211741053129911 1.2146619108554808
cell 60.387862549602765 63.5965252705808 0.0 2.23606797749979 0.4472135954999579 1 0 0 0.9645902710691718 -0.2637529316589705 3.6754143448548233
cell 49.199339245047966 102.18474411210083 0.0 2.23606797749979 0.4472135954999579 1 0 0 0.7967120364562473 0.6043591076220654 1.8436702532956621
cell 120.14767648443062 118.54808092531367 0.0 2.23606797749979 0.4472135954999579 1 0 0 0.5114009755064871 0.8593422148661227 1.0736285783035389
cell 18.853208771708072 8.543832261429596 0.0 2.23606797749979 0.4472135954999579 1 0 0 0.4172149322691527 0.9088078456371547 0.8607572556598209
cell 9.652967997383781 87.7364920228354 0.0 2.23606797749979 0.4472135954999579 1 0 0 0.5602029880039558 0.8283553659097282 1.18926165824826
cell 20.610903062140864 7.615000972634055 0.0 2.23606797749979 0.4472135954999579 1 0 0 -0.42601831500563053 -0.9047145380061953 0.8801743054156583
cell 8.444199433062748 120.42246374860962 0.0 2.23606797749979 0.4472135954999579 1 0 0 -0.5722061365428411 -0.8201098324631375 1.218386777604609
cell 7.27496931993441 123.56564131763531 0.0 2.23606797749979 0.4472135954999579 1 0 0 -0.5106082131314423 -0.8598134987790756 1.0717840395859346
cell 1.1337851244123758 111.69900698806308 0.0 2.23606797749979 0.4472135954999579 1 0 0 -0.4786423156003678 -0.8780099849755229 0.9982154789771212
cell 115.12287951714137 89.14058217282535 0.0 2.23606797749979 0.4472135954999579 1 0 0 -0.4555743534043875 -0.8901977356296601 0.9460346104931814
cell 119.39373771118458 102.85409895919359 0.0 2.23606797749979 0.4472135954999579 1 0 0 -0.41467197337497325 -0.9099709635462582 0.8551645860635269
cell 3.250734308424848 85.60553713310152 0.0 2.23606797749979 0.4472135954999579 1 0 0 -0.4336960443469791 -0.9010592328575203 0.8971812709635136
cell 107.76593972366977 85.82948049657912 0.0 2.23606797749979 0.4472135954999579 1 0 0 -0.36346174781782126 -0.9316091229014529 0.7439621849353708
cell 120.36597306194356 82.85532995867314 0.0 2.23606797749979 0.4472135954999579 1 0 0 -0.40839423915691414 -0.912805644934038 0.8413884395671278
cell 7.62853232672182 109.48049382399402 0.0 2.23606797749979 0.4472135954999579 1 0 0 0.5912457742098637 0.8064914348453919 1.2652053030173738
cell 115.05192567690648 94.96057983050335 0.0 2.23606797749979 0.4472135954999579 1 0 0 0.4334532416450301 0.9011760578862574 0.8966423786185969
cell 28.216432357122915 45.97460169132252 0.0 2.23606797749979 0.4472135954999579 1 0 0 0.4115918966457913 0.9113682628967942 0.8484001706305401
cell 120.53027876483094 90.85720827138394 0.0 2.23606797749979 0.4472135954999579 1 0 0 0.48665527250396434 0.8735940966742461 1.0165139086089294
cell 13.515854942294451 91.86271521503816 0.0 2.23606797749979 0.4472135954999579 1 0 0 0.5480549987997426 0.8364422982433481 1.1600742708254876
cell 19.581285241852125 1.6821779041509202 0.0 2.23606797749979 0.4472135954999579 1 0 0 0.5561441845883526 0.8310858234554097 1.1794781351010528
cell 120.89736223425881 114.71508376441672 0.0 2.23606797749979 0.4472135954999579 1 0 0 0.48450603973048173 0.8747879157056783 1.0115968328767515
cell 51.66238024920089 85.54766008807907 0.0 2.23606797749979 0.4472135954999579 1 0 0 0.6340127663376172 0.7733225796011145 1.3734624758125011
cell 112.65256376614688 89.13637781500468 0.0 2.23606797749979 0.4472135954999579 1 0 0 -0.41059502996858593 -0.9118178114980514 0.8462130837678998
cell 124.66271447042037 123.89817163101407 0.0 2.23606797749979 0.4472135954999579 1 0 0 0.44047708349646664 0.8977638547605081 0.9122600345736185
cell 117.28733094510568 96.28237737441263 0.0 2.23606797749979 0.4472135954999579 1 0 0 -0.4468161890161652 -0.8946257839080375 0.9264066887454527
cell 15.13021691608848 8.714640623667398 0.0 2.23606797749979 0.4472135954999579 1 0 0 0.38952430293942747 0.9210161873819337 0.8002300894484355
cell 14.045843593785182 5.4717445167497205 0.0 2.23606797749979 0.4472135954999579 1 0 0 -0.4161797606330402 -0.9092823581481306 0.8584797635483854
cell 12.81482098862892 93.18146094649306 0.0 2.23606797749979 0.4472135954999579 1 0 0 -0.5716534997236106 -0.8204951409080665 1.2170393800109203
cell 5.308884166062225 115.22400595015547 0.0 2.23606797749979 0.4472135954999579 1 0 0 0.5717199572624262 0.8204488347653677 1.217201378323512
cell 5.024215541002903 105.79750684388337 0.0 2.23606797749979 0.4472135954999579 1 0 0 0.6094479518316096 0.7928260805550332 1.310728200342346
cell 10.189231106255823 99.40667236775856 0.0 2.23606797749979 0.4472135954999579 1 0 0 0.5437470821588847 0.8392491350270783 1.1497909762647152
cell 23.051961298114126 11.012721368114857 0.0 2.23606797749979 0.4472135954999579 1 0 0 0.3505309282595586 0.936551156282182 0.716275881561505
cell 108.24012377304767 89.16365660408896 0.0 2.23606797749979 0.4472135954999579 1 0 0 -0.2685110152884757 -0.9632766137868977 0.5436938956292288
cell 117.20789323928129 83.89191591382594 0.0 2.23606797749979 0.4472135954999579 1 0 0 0.4194533956590256 0.9077768717422321 0.86568620223851
cell 7.904170560693364 95.49063200730859 0.0 2.23606797749979 0.4472135954999579 1 0 0 0.5026416247908764 0.8644948797000407 1.053303513118622
cell 52.52451400793581 94.46901685974383 0.0 2.23606797749979 0.4472135954999579 1 0 0 0.7777044243058219 0.6286301205121738 1.7820116233057084
cell 65.93422220096764 121.208957145805 0.0 2.23606797749979 0.4472135954999579 1 0 0 -0.30027197345131296 -0.9538536271145872 0.6099555448938405
cell 12.339972949890715 0.7417360033300073 0.0 2.23606797749979 0.4472135954999579 1 0 0 0.5113897807899344 0.8593488768268815 1.073602524252042
cell 5.896236471061526 111.87504935595109 0.0 2.23606797749979 0.4472135954999579 1 0 0 -0.5706235185903992 -0.8212117875624487 1.2145298431862601
cell 124.68731575199699 77.64719425298642 0.0 2.23606797749979 0.4472135954999579 1 0 0 0.39824866617740046 0.9172774933944043 0.8192135583658402
cell 114.2187449918958 89.53122047315608 0.0 2.23606797749979 0.4472135954999579 1 0 0 -0.4364190209543097 -0.89974354020981 0.9032296280024319
cell 13.697230763424468 107.9384220000905 0.0 2.23606797749979 0.4472135954999579 1 0 0 0.7073674640640832 0.7068460021698841 1.5715337852946447
cell 112.25098645544931 91.38855950321117 0.0 2.23606797749979 0.4472135954999579 1 0 0 -0.38395439823913996 -0.9233520564079661 0.7881503157125502
cell 15.195342335132912 118.58712761010824 0.0 2.23606797749979 0.4472135954999579 1 0 0 -0.6377341037361386 -0.7702565890220375 1.3831058559888518
cell 13.097573627690826 96.31714814222948 0.0 2.23606797749979 0.4472135954999579 1 0 0 0.5470133607993933 0.837123875604413 1.1575846462570178
cell 8.158635105399597 2.8088250058824884 0.0 2.23606797749979 0.4472135954999579 1 0 0 -0.4989095644877492 -0.8666540523545969 1.0446802122521621
cell 123.1046335328583 86.3849290621445 0.0 2.23606797749979 0.4472135954999579 1 0 0 -0.4111303633700451 -0.9115765597662188 0.8473874504205874
cell 18.17659986061498 71.02754304996039 0.0 2.23606797749979 0.4472135954999579 1 0 0 -0.9428978610071472 0.33308200748186084 3.820733354971365
cell 3.741964696409344 97.06002971675149 0.0 2.23606797749979 0.4472135954999579 1 0 0 0.47682626784106014 0.8789975598923843 0.9940810696107022
cell 114.6595563626111 84.04987584850252 0.0 2.23606797749979 0.4472135954999579 1 0 0 0.4306561170970309 0.9025160989184118 0.8904392750675338
cell 9.313748886002367 84.7583204656333 0.0 2.23606797749979 0.4472135954999579 1 0 0 0.48243688685645864 0.8759307336771832 1.0068692841953792
cell 5.263528256576854 81.72228780654346 0.0 2.23606797749979 0.4472135954999579 1 0 0 -0.4163171204720136 -0.9092194758153231 0.8587819020145595
cell 0.20829418325557933 76.84952535990917 0.0 2.23606797749979 0.4472135954999579 1 0 0 0.47807102295402915 0.8783211810105049 0.9969143744081099
cell 95.7338824684429 16.122422241517643 0.0 2.23606797749979 0.4472135954999579 1 0 0 -0.9466756006514851 0.32218831004732296 3.7976729617845035
cell 47.790427821235575 96.97436955718712 0.0 2.23606797749979 0.4472135954999579 1 0 0 -0.6414723202354253 -0.7671461805756319 1.3928318931890775
cell 4.333603137691276 119.94678210098803 0.0 2.23606797749979 0.4472135954999579 1 0 0 -0.49455885678155476 -0.8691441406227862 1.0346543956268022
cell 112.49611415883722 93.91954717611833 0.0 2.23606797749979 0.4472135954999579 1 0 0 0.30388595487628967 0.9527084162685484 0.6175377310787727
cell 16.14478331624927 0.13560155112431643 0.0 2.23606797749979 0.4472135954999579 1 0 0 0.5295822524709319 0.8482585913905111 1.1162160259295613
cell 120.70849090898356 110.17735564194483 0.0 2.23606797749979 0.4472135954999579 1 0 0 0.5877654358504197 0.8090313914920522 1.2565880729329146
cell 118.46373980368153 59.004988138391084 0.0 2.23606797749979 0.4472135954999579 1 0 0 -0.9549186870543854 0.2968674807289083 3.7444137925893966
cell 74.08334304597003 120.32565830565547 0.0 2.23606797749979 0.4472135954999579 1 0 0 0.19909735711691326 0.9799797152946893 0.4008735024607268
cell 9.107582445602397 99.84238866829946 0.0 2.23606797749979 0.4472135954999579 1 0 0 -0.5957620963594676 -0.8031609580534729 1.2764283728383967
cell 12.876289932512213 11.818651001099013 0.0 2.23606797749979 0.4472135954999579 1 0 0 0.3167533635132428 0.9485079370796259 0.6446092679987998
cell 18.420214208213263 119.2033371798595 0.0 2.23606797749979 0.4472135954999579 1 0 0 0.6346378550743657 0.7728096744390616 1.3750796432988084
cell 110.85437338352916 58.90354533747666 0.0 2.23606797749979 0.4472135954999579 1 0 0 0.9216252557265793 0.388081032784285 2.344495609618854
cell 98.77534661422109 78.03891931253466 0.0 2.23606797749979 0.4472135954999579 1 0 0 0.779122588062931 -0.6268715919310113 4.496655448207906
cell 14.383587284894595 0.7896923964575994 0.0 2.23606797749979 0.4472135954999579 1 0 0 0.5259217383106409 0.8505329653648432 1.1075969378950687
cell 58.14021441067086 103.47975259174571 0.0 2.23606797749979 0.4472135954999579 1 0 0 -0.04365473009146323 -0.9990466778587682 0.08733721544760886
cell 111.23224660496685 51.74930965941726 0.0 2.23606797749979 0.4472135954999579 1 0 0 0.643296654104527 0.7656170157578269 1.397592793012334
cell 13.344816268412677 9.661245242385716 0.0 2.23606797749979 0.4472135954999579 1 0 0 0.3546587259692951 0.9349958225007406 0.725098082795824
cell 16.798521740581993 4.60723518779156 0.0 2.23606797749979 0.4472135954999579 1 0 0 -0.471523298281799 -0.8818536041642363 0.9820347283060453
cell 11.842964337212477 87.37667941970044 0.0 2.23606797749979 0.4472135954999579 1 0 0 0.52580898368994 0.850602676148478 1.1073318100174692
cell 114.57341846132606 92.71585152593477 0.0 2.23606797749979 0.4472135954999579 1 0 0 -0.44652512588392185 -0.8947710947244261 0.9257560491178731
cell 119.91686943063243 85.58034994947545 0.0 2.23606797749979 0.4472135954999579 1 0 0 0.42228490044633515 0.9064631613336688 0.8719290420759724
cell 11.298530368224915 88.96168845581128 0.0 2.23606797749979 0.4472135954999579 1 0 0 0.5647381602221385 0.8252701438855728 1.2002318829350647
cell 100.50916071500829 2.91700190892397 0.0 2.23606797749979 0.4472135954999579 1 0 0 0.8681858398163447 -0.4962392039555 4.180115851732845
cell 121.29864428429077 100.67793678444767 0.0 2.23606797749979 0.4472135954999579 1 0 0 -0.5280346461611292 -0.8492228285046811 1.1125691974862715
cell 121.39839216218316 117.43556236385332 0.0 2.23606797749979 0.4472135954999579 1 0 0 0.47868450758969894 0.877986982929478 0.9983115884581603
cell 112.43752053156979 80.13451351951684 0.0 2.23606797749979 0.4472135954999579 1 0 0 -0.4197523108636585 -0.9076386932720633 0.8663448177262083
cell 2.6123488587569526 97.2064719594466 0.0 2.23606797749979 0.4472135954999579 1 0 0 0.47933467192093426 0.8776321964778014 0.9997929217886202
cell 115.52457222588707 74.78931256366046 0.0 2.23606797749979 0.4472135954999579 1 0 0 0.4057875759596705 0.9139674191111927 0.8356807542954278
cell 92.50184614508773 84.27649898263748 0.0 2.23606797749979 0.4472135954999579 1 0 0 0.1738331345191349 0.9847751222199169 0.34944147684035615
cell 11.33964209014141 54.22483113369322 0.0 2.23606797749979 0.4472135954999579 1 0 0 0.0877977848151805 0.9961383181976021 0.1758219507590112
cell 105.37487845391365 85.95698331974494 0.0 2.23606797749979 0.4472135954999579 1 0 0 -0.36387476461740437 -0.9314478813517311 0.7448489356721959
cell 16.452114282215728 68.25986889099525 0.0 2.23606797749979 0.4472135954999579 1 0 0 -0.9459804697513948 0.3242236124173104 3.8019744333878513
cell 2.2263034867618265 98.99532835828148 0.0 2.23606797749979 0.4472135954999579 1 0 0 -0.5779082756272319 -0.8161017246407211 1.2323265789113194
cell 105.09037568658337 60.861456014251104 0.0 2.23606797749979 0.4472135954999579 1 0 0 -0.9453046571350524 -0.32618875700854727 2.477054665177622
cell 10.941760581751298 96.41084050621612 0.0 2.23606797749979 0.4472135954999579 1 0 0 0.5377213418513523 0.8431226236542233 1.1354642627794047
cell 115.27568187446096 13.908280662423412 0.0 2.23606797749979 0.4472135954999579 1 0 0 0.7399774947799421 -0.6726316281734013 4.617111508652754
cell 5.769275676841607 124.33021318120159 0.0 2.23606797749979 0.4472135954999579 1 0 0 -0.5101963272326951 -0.8600579676267575 1.0708260938349454
cell 12.713402965664022 107.93536355776087 0.0 2.23606797749979 0.4472135954999579 1 0 0 0.6907438924674714 0.7230994917844199 1.5250346065591052
cell 47.05038361405708 99.94729616891146 0.0 2.23606797749979 0.4472135954999579 1 0 0 0.6950861200209879 0.7189264814667552 1.5370793672222556
cell 65.96699343276396 122.59583794224324 0.0 2.23606797749979 0.4472135954999579 1 0 0 0.22163944780990455 0.9751286864688786 0.44699082640610954
cell 57.231748251944666 99.78368757612665 0.0 2.23606797749979 0.4472135954999579 1 0 0 -0.06391829180781414 0.9979551352502632 6.155261516054242
cell 22.191283230085126 11.529334103979103 0.0 2.23606797749979 0.4472135954999579 1 0 0 0.3448309680889633 0.9386647982356792 0.7041174043422128
cell 122.34550846713131 106.19859618901596 0.0 2.23606797749979 0.4472135954999579 1 0 0 -0.4706406384478485 -0.8823249908290037 0.98003343487055
cell 113.46048571309132 4.190901936607063 0.0 2.23606797749979 0.4472135954999579 1 0 0 0.9827755123566675 -0.1848033882592245 3.513336255460723
cell 22.50807968079551 45.936684686082174 0.0 2.23606797749979 0.4472135954999579 1 0 0 -0.4569051220004191 -0.8895154352172773 0.9490255831281225
cell 125.29908091762907 98.15564861680204 0.0 2.23606797749979 0.4472135954999579 1 0 0 -0.5762989168639443 -0.8172389848884135 1.2283853112184655
cell 7.047475831185345 88.36650559052714 0.0 2.23606797749979 0.4472135954999579 1 0 0 -0.4616911540351233 -0.8870407421791381 0.9598015338518247
cell 11.781635274655242 107.68988066660789 0.0 2.23606797749979 0.4472135954999579 1 0 0 0.6737729864019877 0.738938402571518 1.4786058676619376
cell 9.809273491973668 83.37714046871673 0.0 2.23606797749979 0.4472135954999579 1 0 0 0.5063779309033402 0.862311655432102 1.0619583339240588
cell 119.76715945946049 96.57795957259455 0.0 2.23606797749979 0.4472135954999579 1 0 0 -0.5014185378598712 -0.8652048600709943 1.0504750760227877
cell 124.74978066523852 83.55034622186918 0.0 2.23606797749979 0.4472135954999579 1 0 0 0.43516284626669144 0.9003517630510155 0.9004382769413338
cell 1.981056091554958 121.01465427321304 0.0 2.23606797749979 0.4472135954999579 1 0 0 -0.4658842804276641 -0.8848456573043672 0.9692674196249298
cell 114.85815279263599 75.75646820114422 0.0 2.23606797749979 0.4472135954999579 1 0 0 0.4100298679560696 0.9120720954968023 0.8449736186175953
cell 116.23022360863509 9.498382175832019 0.0 2.23606797749979 0.4472135954999579 1 0 0 0.9476094150990915 -0.31943136417007933 3.7918513585775098
cell 117.04725544225033 82.08200948355119 0.0 2.23606797749979 0.4472135954999579 1 0 0 0.40280275061867094 0.915286809745466 0.8291538918289977
cell 5.935436009941978 105.3640778794973 0.0 2.23606797749979 0.4472135954999579 1 0 0 0.5690974645853902 0.8222700747336489 1.2108156468779727
cell 4.621444698717336 0.5537827105092847 0.0 2.23606797749979 0.4472135954999579 1 0 0 -0.43661354477464503 -0.8996491607950952 0.9036620490508644
cell 112.96229195512628 85.22092336587855 0.0 2.23606797749979 0.4472135954999579 1 0 0 0.4236700332570759 0.9058165945267 0.8749862577989829
cell 34.79072646476216 14.412257977621492 0.0 2.23606797749979 0.4472135954999579 1 0 0 0.36944379074057476 0.9292530793509561 0.7568207884566718
cell 2.7120277874190615 80.56270719290256 0.0 2.23606797749979 0.4472135954999579 1 0 0 0.44889485603531987 0.8935845836992878 0.9310564013755768
cell 1.736094707132994 100.64391821220688 0.0 2.23606797749979 0.4472135954999579 1 0 0 -0.5906318528192889 -0.8069411468225263 1.2636832775719444
cell 11.635284308488838 112.97665567965906 0.0 2.23606797749979 0.4472135954999579 1 0 0 0.6352318114653235 0.7723215300006104 1.3766172638193062
cell 25.156361190702203 99.34075666383549 0.0 2.23606797749979 0.4472135954999579 1 0 0 -0.3272193957401109 -0.9449483938562342 0.6667189421821273
cell 10.947289712863842 6.3076317695986015 0.0 2.23606797749979 0.4472135954999579 1 0 0 0.4005536916742904 0.9162732889733813 0.8242421058263716
cell 51.921257231396524 81.53026548132793 0.0 2.23606797749979 0.4472135954999579 1 0 0 -0.6697130436939498 -0.7426199829698805 1.467644618789949
cell 7.812985393742956 77.96745938728098 0.0 2.23606797749979 0.4472135954999579 1 0 0 0.4597528465839529 0.8880469132078284 0.9554337344929484
cell 3.3675394225896436 0.4899323931955748 0.0 2.23606797749979 0.4472135954999579 1 0 0 0.4358420726988875 0.900023159516208 0.9019473546150046
cell 114.16966428643241 77.34481551698528 0.0 2.23606797749979 0.4472135954999579 1 0 0 0.34416867900469594 0.9389078338112653 0.7027064569402425
cell 112.11658744593014 85.8216619680459 0.0 2.23606797749979 0.4472135954999579 1 0 0 -0.40762261212483103 -0.9131504838111457 0.8396980879228506
cell 121.41441883968479 95.55078662544506 0.0 2.23606797749979 0.4472135954999579 1 0 0 0.5495684835817373 0.8354486709868355 1.1636952829522926
cell 16.365153800317152 122.91310635202997 0.0 2.23606797749979 0.4472135954999579 1 0 0 0.6193322414043775 0.7851290179053567 1.3357838189897775
cell 52.93371620619875 85.33095713911146 0.0 2.23606797749979 0.4472135954999579 1 0 0 0.7183332946624921 0.6956991287757441 1.6028072378778602
cell 2.769653092874022 88.01164188678345 0.0 2.23606797749979 0.4472135954999579 1 0 0 -0.3864684057707026 -0.9223026462832314 0.7935988017659552
cell 9.192440231683566 117.74792522741622 0.0 2.23606797749979 0.4472135954999579 1 0 0 0.5826520052158475 0.8127217487049009 1.2439760087099572
cell 120.40358165533603 106.16051476373603 0.0 2.23606797749979 0.4472135954999579 1 0 0 -0.2831867238958067 -0.9590647941662546 0.5742304557739528
cell 32.50837552482912 68.1389144853777 0.0 2.23606797749979 0.4472135954999579 1 0 0 0.040489033473810956 0.9991799828701317 0.0810002086777782
cell 2.4781158076709575 54.75684677874104 0.0 2.23606797749979 0.4472135954999579 1 0 0 0.7379968703318367 -0.6748041340866356 4.622991189382897
cell 112.05558684658608 74.26452492009562 0.0 2.23606797749979 0.4472135954999579 1 0 0 0.36654607587828375 0.9303999001817613 0.7505879857800953
cell 7.210992221268541 116.13431652759485 0.0 2.23606797749979 0.4472135954999579 1 0 0 0.5854476674244067 0.8107102001993816 1.2508642788266517
cell 119.64680174693564 91.43309244154302 0.0 2.23606797749979 0.4472135954999579 1 0 0 0.4915572821355476 0.8708452436452263 1.0277541887731747
cell 120.62945770697563 96.12049302061676 0.0 2.23606797749979 0.4472135954999579 1 0 0 0.5338714772823246 0.845565636567847 1.126345094985365
cell 41.52190866256655 97.5261575313798 0.0 2.23606797749979 0.4472135954999579 1 0 0 -0.8799243425006372 0.4751138300184718 4.131779434820283
cell 76.76702013829279 24.05083228170521 0.0 2.23606797749979 0.4472135954999579 1 0 0 0.2525215506473481 -0.967591270350585 5.772614546069515
cell 2.3967053540401353 86.17624186796792 0.0 2.23606797749979 0.4472135954999579 1 0 0 0.4181131346676624 0.9083949617971145 0.8627343653620257
cell 29.852925877386625 14.781444465200895 0.0 2.23606797749979 0.4472135954999579 1 0 0 0.2577513944441075 0.9662112702003212 0.5213884758184583
cell 7.27948669417534 3.049318306172462 0.0 2.23606797749979 0.4472135954999579 1 0 0 0.4853496428112322 0.8743201497294966 1.013526051618598
cell 117.61172268958856 87.445682391404 0.0 2.23606797749979 0.4472135954999579 1 0 0 0.43636042350403853 0.8997719604429647 0.9030993763869737
