500
 Lattice="45.462482027475666 0.0 0.0 0.0 45.462482027475666 0.0 0.0 0.0 1.0"Properties=species:S:1:pos:R:3:aspherical_shape:R:3:orientation:R:4:Color:R:1
cell 32.00374158797676 41.362518810526396 0.0 2.23606797749979 0.4472135954999579 1 0 0 0.9730522783512656 0.23058461265967245 2.676235767458175
cell 34.73940220619657 35.154347164545385 0.0 2.23606797749979 0.4472135954999579 1 0 0 0.9659846412777023 0.2585994447317874 2.618448558212911
cell 5.37415855692818 29.520319274366376 0.0 2.23606797749979 0.4472135954999579 1 0 0 0.9797231066191673 0.20035626857297903 2.7381495548233126
cell 39.0769710724807 4.155453913112472 0.0 2.23606797749979 0.4472135954999579 1 0 0 0.9612439824708191 0.27569912252968726 2.5829587800148492
cell 15.299061836103125 9.47683992851795 0.0 2.23606797749979 0.4472135954999579 1 0 0 0.9895273646455143 0.14434540040369667 2.8518898275863087
cell 26.51632186673597 33.24551442417186 0.0 2.23606797749979 0.4472135954999579 1 0 0 0.9654527623644826 0.26057813347015474 2.6143507023001957
cell 3.181977712420507 3.195450557305532 0.0 2.23606797749979 0.4472135954999579 1 0 0 0.9719882273845719 0.23502954245327923 2.667094729947137
cell 34.00042046177725 28.609984243955967 0.0 2.23606797749979 0.4472135954999579 1 0 0 0.9693482348026111 0.2456908620300355 2.6451279815605977
cell 23.9711277928967 45.09182052889602 0.0 2.23606797749979 0.4472135954999579 1 0 0 0.980374463277952 0.19714439315503635 2.7447040704607564
cell 7.643391171625008 20.363575424376876 0.0 2.23606797749979 0.4472135954999579 1 0 0 0.9284804144068027 0.3713813674149147 2.3805999513935405
cell 24.580248476025268 24.04681882399756 0.0 2.23606797749979 0.4472135954999579 1 0 0 0.9740498483911698 0.2263335875409105 2.684968783166114
cell 37.140165301919296 37.74285769160888 0.0 2.23606797749979 0.4472135954999579 1 0 0 0.9666621828351308 0.2560551196059551 2.623714546026466
cell 29.70906847287985 25.038450165504305 0.0 2.23606797749979 0.4472135954999579 1 0 0 0.2064491179311443 -0.9784573377033117 5.867296308008718
cell 27.524844610752478 29.692673030808802 0.0 2.23606797749979 0.4472135954999579 1 0 0 0.9765227095462427 0.21541447894806096 2.7073601461433108
cell 44.59322146813749 37.572390543034004 0.0 2.23606797749979 0.4472135954999579 1 0 0 0.9743152107402094 0.2251885212888555 2.6873196077507653
cell 26.5603758612005 3.8755123113748615 0.0 2.23606797749979 0.4472135954999579 1 0 0 0.9932613940790511 0.11589565579494293 2.9092792844508892
cell 14.311660385658696 30.148860859862825 0.0 2.23606797749979 0.4472135954999579 1 0 0 0.9764634536459165 0.2156829239738025 2.706810331650796
cell 19.6941490486902 13.919266419841914 0.0 2.23606797749979 0.4472135954999579 1 0 0 0.9632688096178312 0.2685390109787524 2.597840631762377
cell 16.631827193774022 11.403398809958787 0.0 2.23606797749979 0.4472135954999579 1 0 0 0.9518940837693729 0.3064272397892624 2.518717780708836
cell 6.981004525900619 11.70374050048131 0.0 2.23606797749979 0.4472135954999579 1 0 0 0.9954788360307057 0.09498361445508027 2.9513386149300893
cell 17.563368613870058 27.007440088683992 0.0 2.23606797749979 0.4472135954999579 1 0 0 0.9807891221626205 0.19507100719347353 2.7489329582587314
cell 25.040422993683386 35.12522193643069 0.0 2.23606797749979 0.4472135954999579 1 0 0 0.9874495672048504 0.15793464542953708 2.824395260928608
cell 21.091320036575087 24.948843856235904 0.0 2.23606797749979 0.4472135954999579 1 0 0 0.9768109547268423 0.21410361679718234 2.7100445046388764
cell 21.57376951625923 20.13808320718115 0.0 2.23606797749979 0.4472135954999579 1 0 0 0.9798947012126846 0.19951534912207522 2.739866051572679
cell 31.610302802442998 21.203626581569292 0.0 2.23606797749979 0.4472135954999579 1 0 0 0.965464974034619 0.26053288451236356 2.6144444379512386
cell 5.368381297088673 23.64686654329538 0.0 2.23606797749979 0.4472135954999579 1 0 0 0.9652500462997762 0.26132804694154055 2.612797043331434
cell 33.84221529931567 31.55392391555184 0.0 2.23606797749979 0.4472135954999579 1 0 0 0.9713577100751581 0.23762196674033537 2.661758731452381
cell 5.408816783399678 8.455897695056699 0.0 2.23606797749979 0.4472135954999579 1 0 0 0.9896142012360798 0.1437488529062952 2.853095496730183
cell 12.86601674803489 3.4792547448279727 0.0 2.23606797749979 0.4472135954999579 1 0 0 0.9712318557539851 0.2381358485584864 2.66070059376812
cell 9.021302001041152 5.743848812059778 0.0 2.23606797749979 0.4472135954999579 1 0 0 0.9797154106200365 0.20039389759574336 2.7380727388937927
cell 13.545334259244992 28.158359579205236 0.0 2.23606797749979 0.4472135954999579 1 0 0 0.9789975692111388 0.2038719192990578 2.730970078966091
cell 20.285876631344536 28.989999510728524 0.0 2.23606797749979 0.4472135954999579 1 0 0 0.9679670042024605 0.2510774358147578 2.634006281187859
cell 10.25921520734821 39.55718620088469 0.0 2.23606797749979 0.4472135954999579 1 0 0 0.9896587175846807 0.14344205348727143 2.853715521212202
cell 22.309508189712233 10.127135072659174 0.0 2.23606797749979 0.4472135954999579 1 0 0 0.9614248633056889 0.27506768661120035 2.584272445438143
cell 39.78550297072092 44.54741552877966 0.0 2.23606797749979 0.4472135954999579 1 0 0 0.9734987495778413 0.2286923360551886 2.6801242368201565
cell 36.33082551198274 8.370185407802342 0.0 2.23606797749979 0.4472135954999579 1 0 0 0.9646739018642154 0.2634468885032999 2.608405490571122
cell 29.816227151821703 8.240794984993238 0.0 2.23606797749979 0.4472135954999579 1 0 0 0.9472760285349724 0.3204186726191378 2.4892497944110565
cell 6.93132659534462 0.8122919408787678 0.0 2.23606797749979 0.4472135954999579 1 0 0 0.9744081796470138 0.22478589688188383 2.688146045003438
cell 14.02042421858073 37.81297004752794 0.0 2.23606797749979 0.4472135954999579 1 0 0 0.9855293914474573 0.1695046270554416 2.800938651924375
cell 44.17921211460508 38.863368918576086 0.0 2.23606797749979 0.4472135954999579 1 0 0 0.9732802716407928 0.22962036676833478 2.678217434594049
cell 23.012091324063398 17.58235658400082 0.0 2.23606797749979 0.4472135954999579 1 0 0 0.975428030895715 0.22031830732580582 2.697311085049012
cell 43.20305994325764 2.4912103517848325 0.0 2.23606797749979 0.4472135954999579 1 0 0 0.9717507325762745 0.23600956280937788 2.665077956515638
cell 1.463939170857155 25.77177898875292 0.0 2.23606797749979 0.4472135954999579 1 0 0 0.9583376726275084 0.2856377167372871 2.562249048022956
cell 6.12315782052909 41.298980798494135 0.0 2.23606797749979 0.4472135954999579 1 0 0 0.9839394726920936 0.1785024203712791 2.7826642209274595
cell 43.71565396118382 44.18363076660239 0.0 2.23606797749979 0.4472135954999579 1 0 0 0.9670205308116141 0.25469843538746784 2.6265209712715234
cell 33.31196879462468 27.97367027448912 0.0 2.23606797749979 0.4472135954999579 1 0 0 0.971339463608243 0.2376965427540981 2.6616051799576113
cell 3.31053404628082 34.16294021602802 0.0 2.23606797749979 0.4472135954999579 1 0 0 0.974607078609897 0.2239219558763319 2.689919126964304
cell 38.72037308676875 33.184419648339876 0.0 2.23606797749979 0.4472135954999579 1 0 0 0.9684264091849049 0.24929959886295708 2.6376787507180137
cell 30.53935385807986 31.23886525101117 0.0 2.23606797749979 0.4472135954999579 1 0 0 0.9729797871806946 0.23089030672120128 2.6756074241447654
cell 29.990293931470212 30.540147119045727 0.0 2.23606797749979 0.4472135954999579 1 0 0 0.9705580646945396 0.24086727269678984 2.655073986465217
cell 16.240340185575462 17.190854614465078 0.0 2.23606797749979 0.4472135954999579 1 0 0 0.9734281740030628 0.22899255458870882 2.679507431890286
cell 24.327067746357944 41.32661735300106 0.0 2.23606797749979 0.4472135954999579 1 0 0 0.9702178804997195 0.24223390423025432 2.652257316543135
cell 38.153085472790444 23.26976476128094 0.0 2.23606797749979 0.4472135954999579 1 0 0 0.9646960496460263 0.2633657756758681 2.6085736549551903
cell 36.771824341368855 41.91432880782783 0.0 2.23606797749979 0.4472135954999579 1 0 0 0.9790730840212384 0.20350895839038896 2.731711545376228
cell 11.051209383184158 17.412858338943096 0.0 2.23606797749979 0.4472135954999579 1 0 0 0.9483895928567557 0.31710752145131627 2.4962365704818605
cell 34.17095817850605 11.453013700351313 0.0 2.23606797749979 0.4472135954999579 1 0 0 0.9688999849182698 0.24745266057445514 2.641492125138731
cell 5.257848820168723 6.656365360763006 0.0 2.23606797749979 0.4472135954999579 1 0 0 0.9816051520999505 0.19092230192105158 2.7573893610235793
cell 9.96710133607474 17.067108621709508 0.0 2.23606797749979 0.4472135954999579 1 0 0 0.9314035583118113 0.3639882025067521 2.3965001388821636
cell 22.71198001509272 38.95365372717303 0.0 2.23606797749979 0.4472135954999579 1 0 0 0.9471034234758255 0.32092850487354835 2.4881732788448425
cell 44.074903213763314 16.43041891450688 0.0 2.23606797749979 0.4472135954999579 1 0 0 0.9901248343899058 0.14018848855866012 2.8602890923409348
cell 44.33311176425165 31.253581784586263 0.0 2.23606797749979 0.4472135954999579 1 0 0 0.9638062696360338 0.2666035907677783 2.6018579522727623
cell 25.66607380455313 1.8928482579722334 0.0 2.23606797749979 0.4472135954999579 1 0 0 0.9965807368685474 0.08262466279836275 2.97615472637425
cell 27.716155952819086 16.874744002582833 0.0 2.23606797749979 0.4472135954999579 1 0 0 0.9850648143624668 0.17218394671118045 2.7955000527509886
cell 0.7553204050316149 14.784940667867888 0.0 2.23606797749979 0.4472135954999579 1 0 0 0.9900182025168633 0.14093955685072607 2.858771892336594
cell 9.169810812301872 41.10965777376841 0.0 2.23606797749979 0.4472135954999579 1 0 0 0.9719190158981674 0.23531558923186058 2.6665061282481513
cell 32.56960861778629 45.16149597537247 0.0 2.23606797749979 0.4472135954999579 1 0 0 0.9819482850175014 0.18914958512031615 2.7610006023284464
cell 28.660303016395485 24.598535267271455 0.0 2.23606797749979 0.4472135954999579 1 0 0 0.9716968513651637 0.23623130412167437 2.664621568984188
cell 25.98327150147224 32.4532760286386 0.0 2.23606797749979 0.4472135954999579 1 0 0 0.9637582264330433 0.26677721226265694 2.60149766031934
cell 20.818854039174752 36.69264344792247 0.0 2.23606797749979 0.4472135954999579 1 0 0 0.97904631264972 0.2036377118487311 2.73144853085653
cell 1.9928964007987975 11.833902061205688 0.0 2.23606797749979 0.4472135954999579 1 0 0 0.9926776142984612 0.12079384947386775 2.8994135559952117
cell 0.9959721238468233 44.660998289514296 0.0 2.23606797749979 0.4472135954999579 1 0 0 0.9694668692931944 0.2452223263547843 2.6460946248782418
cell 34.53480879597381 0.8039449150270079 0.0 2.23606797749979 0.4472135954999579 1 0 0 0.9917264129471222 0.12836947403114982 2.884143303261627
cell 8.566872672178864 35.523371700218235 0.0 2.23606797749979 0.4472135954999579 1 0 0 0.9657506857619601 0.25947179605942494 2.616642200465809
cell 43.649685575820115 35.03396875542018 0.0 2.23606797749979 0.4472135954999579 1 0 0 0.9654634262285755 0.26053862019858015 2.614432556234204
cell 0.7232063468082732 39.872887621058574 0.0 2.23606797749979 0.4472135954999579 1 0 0 0.9681892469289977 0.25021906828029805 2.6357796245897083
cell 9.026588088301516 24.74552465938583 0.0 2.23606797749979 0.4472135954999579 1 0 0 0.9761997725333161 0.21687324432926677 2.704371979369531
cell 0.3065987702956971 25.40102896110788 0.0 2.23606797749979 0.4472135954999579 1 0 0 0.9643517262869585 0.26462378579289336 2.6059650934578924
cell 19.57362742384629 19.951024163029146 0.0 2.23606797749979 0.4472135954999579 1 0 0 0.9761748355010963 0.2169854615738287 2.7041420701216303
cell 20.201572037796634 43.8517268038 0.0 2.23606797749979 0.4472135954999579 1 0 0 0.9499576947450172 0.31237858152365816 2.5062008803355504
cell 13.449018877553813 5.2027921173113105 0.0 2.23606797749979 0.4472135954999579 1 0 0 0.9813213405722688 0.19237574311083266 2.7544275773203473
cell 32.62197798879494 31.195617098144787 0.0 2.23606797749979 0.4472135954999579 1 0 0 0.9726891364911725 0.23211170533184472 2.673096414310886
cell 39.48277182154791 23.597017959350772 0.0 2.23606797749979 0.4472135954999579 1 0 0 0.9651366158127445 0.2617466577007678 2.61192963005951
cell 42.47339473889416 25.12124294024772 0.0 2.23606797749979 0.4472135954999579 1 0 0 0.9648436570815111 0.26282449921872836 2.6096957390274786
cell 25.177425915064145 43.65877382691002 0.0 2.23606797749979 0.4472135954999579 1 0 0 0.9757885446016699 0.21871606302271188 2.700595690075617
cell 43.6903548545368 13.647247611430249 0.0 2.23606797749979 0.4472135954999579 1 0 0 0.9893272858192989 0.1457104029691065 2.849130651011935
cell 42.424995668444424 11.288359312880546 0.0 2.23606797749979 0.4472135954999579 1 0 0 0.9831742753259353 0.18267004225466754 2.7741896410473457
cell 41.26890961922473 19.516638456574068 0.0 2.23606797749979 0.4472135954999579 1 0 0 0.2505040945458749 -0.9681155399102689 5.776783473637044
cell 17.4015558190316 25.933328637835512 0.0 2.23606797749979 0.4472135954999579 1 0 0 0.9771409148213068 0.2125926447038553 2.7131376653573143
cell 7.606417521066404 12.55593011321764 0.0 2.23606797749979 0.4472135954999579 1 0 0 0.9971918484672941 0.07488936740540067 2.991673560646329
cell 18.52140398680946 12.502500516810935 0.0 2.23606797749979 0.4472135954999579 1 0 0 0.9570709756290249 0.28985366585314487 2.553444780982888
cell 35.937392125316954 37.423685946833686 0.0 2.23606797749979 0.4472135954999579 1 0 0 0.9664364616854156 0.2569057522224331 2.6219544029236066
cell 7.195201489678035 1.8071555568843387 0.0 2.23606797749979 0.4472135954999579 1 0 0 0.9708325526073867 0.23975853435868727 2.6573584071432172
cell 6.0057011250436245 44.61339850783004 0.0 2.23606797749979 0.4472135954999579 1 0 0 0.9674646895469262 0.25300607597421393 2.6300203187231355
cell 3.184295833739539 13.311589953655508 0.0 2.23606797749979 0.4472135954999579 1 0 0 0.9937475093714904 0.11165073944206433 2.9178246108209844
cell 12.9650235405851 2.3881340600793415 0.0 2.23606797749979 0.4472135954999579 1 0 0 0.9700313138538101 0.2429799377377707 2.6507193007605805
cell 1.1783106847077216 8.472067395166851 0.0 2.23606797749979 0.4472135954999579 1 0 0 0.9828488676088969 0.18441286137335713 2.7706437648587885
cell 27.96927203971046 41.40789467036086 0.0 2.23606797749979 0.4472135954999579 1 0 0 0.9664809463142048 0.2567383500990828 2.6223008266709202
cell 26.840626935273683 39.09918577040444 0.0 2.23606797749979 0.4472135954999579 1 0 0 0.9620474929538945 0.27288206482128197 2.5888176022055864
cell 23.343788409980952 39.60170109490696 0.0 2.23606797749979 0.4472135954999579 1 0 0 0.9493081214050038 0.3143470862510142 2.5020550593435957
cell 3.488099376870345 16.701820977242242 0.0 2.23606797749979 0.4472135954999579 1 0 0 0.18215462315067904 -0.9832698984840501 5.91683072326593
cell 3.0457283841584126 35.41989997882977 0.0 2.23606797749979 0.4472135954999579 1 0 0 0.9719157608644494 0.2353290330224438 2.6664784637763685
cell 43.62112174980232 45.40954460997379 0.0 2.23606797749979 0.4472135954999579 1 0 0 0.9586901631333966 0.28445240570482316 2.564722274252233
cell 9.395343325507913 6.544638600428157 0.0 2.23606797749979 0.4472135954999579 1 0 0 0.9813550659468655 0.19220362780245143 2.7547783540604525
cell 23.41990694899854 31.500108769847348 0.0 2.23606797749979 0.4472135954999579 1 0 0 0.9716888289660887 0.23626430044023006 2.6645536538628893
cell 16.412305623085825 31.173076959520525 0.0 2.23606797749979 0.4472135954999579 1 0 0 0.9684243117857302 0.2493077462541724 2.63766192465883
cell 25.20335131251678 31.772371084074365 0.0 2.23606797749979 0.4472135954999579 1 0 0 0.9700594658944014 0.2428675207364473 2.650951077546226
cell 20.842959830251452 16.542813289154726 0.0 2.23606797749979 0.4472135954999579 1 0 0 0.9757808898621038 0.21875021138257422 2.7005256984898587
cell 5.951492364656118 10.079062540758677 0.0 2.23606797749979 0.4472135954999579 1 0 0 0.9931988538812805 0.11643039400822627 2.9082025184780167
cell 44.88653209244681 18.502968191705648 0.0 2.23606797749979 0.4472135954999579 1 0 0 0.23620810712585022 -0.971702490543285 5.806261967770396
cell 14.734687915351847 14.928049250565262 0.0 2.23606797749979 0.4472135954999579 1 0 0 0.9585955991287793 0.28477092079588573 2.5640577617535714
cell 11.303334802600386 36.90993967659822 0.0 2.23606797749979 0.4472135954999579 1 0 0 0.9817381686115805 0.19023713699270167 2.7587852756215154
cell 37.29989684471686 10.775139597326575 0.0 2.23606797749979 0.4472135954999579 1 0 0 0.9836166060318371 0.18027304939565889 2.779064570446237
cell 45.27767259871251 28.72510855536582 0.0 2.23606797749979 0.4472135954999579 1 0 0 0.9564613755980667 0.2918589333720216 2.5492530216252915
cell 23.3286229923336 20.35563918449875 0.0 2.23606797749979 0.4472135954999579 1 0 0 0.9788213099505453 0.2047164946620046 2.729244535669832
cell 34.78196739011781 24.319769763253007 0.0 2.23606797749979 0.4472135954999579 1 0 0 0.9714631236266111 0.2371906394308757 2.6626467748476155
cell 38.78421421848433 14.141965100463475 0.0 2.23606797749979 0.4472135954999579 1 0 0 0.9834820186188827 0.181005853643819 2.777574448486763
cell 16.583810403376965 1.0463333420121708 0.0 2.23606797749979 0.4472135954999579 1 0 0 0.9605080866361263 0.2782520718819676 2.577644987686428
cell 43.404178403671345 21.47406679522658 0.0 2.23606797749979 0.4472135954999579 1 0 0 0.959920677966322 0.28027181808500967 2.573438124103492
cell 4.655484139452256 20.790061622968484 0.0 2.23606797749979 0.4472135954999579 1 0 0 0.9443922734327228 0.32882097542671046 2.4714829427004523
cell 40.41439361864545 6.592730653576476 0.0 2.23606797749979 0.4472135954999579 1 0 0 0.9693944378485674 0.2455085006028508 2.645504228350271
cell 35.99916586017595 39.311966582704876 0.0 2.23606797749979 0.4472135954999579 1 0 0 0.9721398653120928 0.23440154067536773 2.6683868294922806
cell 11.709796544361499 12.336155527439393 0.0 2.23606797749979 0.4472135954999579 1 0 0 0.9906270654193732 0.1365943529528247 2.8675472081334243
cell 30.094177258390086 1.2932187710059868 0.0 2.23606797749979 0.4472135954999579 1 0 0 0.9954047424523637 0.09575697730893283 2.9497848067148587
cell 34.66906471020246 37.09136182078581 0.0 2.23606797749979 0.4472135954999579 1 0 0 0.9693932976463547 0.24551300266651035 2.645494939940659
cell 1.8350561772209315 32.52262111957586 0.0 2.23606797749979 0.4472135954999579 1 0 0 0.9769057422879549 0.2136707061925426 2.7109308370292706
cell 26.675350401761133 41.08023648826612 0.0 2.23606797749979 0.4472135954999579 1 0 0 0.969652140632536 0.24448870355650482 2.6476079363553047
cell 40.03588244222118 1.2628568850222401 0.0 2.23606797749979 0.4472135954999579 1 0 0 0.9652184450919771 0.26144474225775893 2.6125552464482493
cell 30.65988584794514 2.3573783955079888 0.0 2.23606797749979 0.4472135954999579 1 0 0 0.9945209639647175 0.10453732460078131 2.932135323054473
cell 10.84071973097263 14.501226274875565 0.0 2.23606797749979 0.4472135954999579 1 0 0 0.927335955147044 0.3742299110059478 2.3744602461927236
cell 29.055425660493967 13.04569772562873 0.0 2.23606797749979 0.4472135954999579 1 0 0 0.9631907520421418 0.26881885198120553 2.5972595845272224
cell 30.749528376582145 37.16035898196355 0.0 2.23606797749979 0.4472135954999579 1 0 0 0.9641126618923689 0.2654934559999753 2.6041612330320367
cell 21.982785176218826 17.056554098557516 0.0 2.23606797749979 0.4472135954999579 1 0 0 0.9778009796641566 0.20953578254755365 2.719392295581478
cell 45.30940910546567 35.16545433491253 0.0 2.23606797749979 0.4472135954999579 1 0 0 0.974528845081612 0.2242621905357644 2.6892209003258407
cell 4.026985835909953 5.38541855142104 0.0 2.23606797749979 0.4472135954999579 1 0 0 0.9758525914890689 0.21843012540414 2.7011817355554713
cell 31.587373993755147 16.01478820245428 0.0 2.23606797749979 0.4472135954999579 1 0 0 -0.9848012465803486 -0.17368507343405035 2.7924518730558123
cell 32.66674808269373 4.1527010263305275 0.0 2.23606797749979 0.4472135954999579 1 0 0 0.9556377680214649 0.29454448956134427 2.543634998245263
cell 27.37911888433518 36.35204253401231 0.0 2.23606797749979 0.4472135954999579 1 0 0 0.9359415925655888 0.35215527158597143 2.4218468671755944
cell 18.14738487409722 39.96677992353824 0.0 2.23606797749979 0.4472135954999579 1 0 0 0.9702075343037053 0.24227534001694137 2.6521719006619273
cell 29.264421108593933 29.89267455690237 0.0 2.23606797749979 0.4472135954999579 1 0 0 0.9744329053576825 0.2246786882554416 2.6883660909110474
cell 35.6080463249997 25.79781234934668 0.0 2.23606797749979 0.4472135954999579 1 0 0 0.9650885290785752 0.26192390314927755 2.611562324828862
cell 37.25987944198556 25.888897972189245 0.0 2.23606797749979 0.4472135954999579 1 0 0 0.9647781458503512 0.2630648765790647 2.609197449966425
cell 44.89071992176961 5.624868026554378 0.0 2.23606797749979 0.4472135954999579 1 0 0 0.9688725280397792 0.247560143015404 2.64127025711218
cell 4.727611174496818 17.164167453933953 0.0 2.23606797749979 0.4472135954999579 1 0 0 0.9778235954017305 0.20943021815304727 2.7196082151311702
cell 12.59423441604335 19.579011964419376 0.0 2.23606797749979 0.4472135954999579 1 0 0 0.9709789262662716 0.23916505753725456 2.6585809291221234
cell 10.39293945573712 9.335361173655082 0.0 2.23606797749979 0.4472135954999579 1 0 0 0.9962033635946517 0.08705663882038082 2.9672586925012
cell 17.720384452353127 35.83132498953599 0.0 2.23606797749979 0.4472135954999579 1 0 0 0.9798388294128492 0.19978956022489638 2.739306360988737
cell 28.9804882225954 0.37503817619205654 0.0 2.23606797749979 0.4472135954999579 1 0 0 0.9861381098726079 0.16592657489648963 2.8081975801741854
cell 0.5920264650958441 18.97419606605745 0.0 2.23606797749979 0.4472135954999579 1 0 0 0.9712537843731884 0.23804639535342687 2.66088479735377
cell 25.379062248508376 9.11706147202339 0.0 2.23606797749979 0.4472135954999579 1 0 0 0.9579697721539284 0.28686916118563593 2.5596785955995864
cell 45.13934012451682 21.602477724191072 0.0 2.23606797749979 0.4472135954999579 1 0 0 0.9672712253717675 0.25374470746756345 2.6284932235743486
cell 9.576372489922438 28.2395546987123 0.0 2.23606797749979 0.4472135954999579 1 0 0 0.9757299168758763 0.21897746302621093 2.7000599021605227
cell 33.17929726237222 33.890919987572055 0.0 2.23606797749979 0.4472135954999579 1 0 0 0.9614248375526917 0.27506777662383575 2.584272258189737
cell 40.36228944131108 33.34978011074766 0.0 2.23606797749979 0.4472135954999579 1 0 0 0.9744011338303382 0.2248164370995842 2.6880833601271155
cell 5.744577805325746 30.34350046557648 0.0 2.23606797749979 0.4472135954999579 1 0 0 0.9810532934079517 0.1937380589698668 2.7516507056331707
cell 26.23095384843256 36.18522050780933 0.0 2.23606797749979 0.4472135954999579 1 0 0 0.916564892804437 0.3998859803473873 2.318807765981598
cell 10.684210312713374 30.993634034932995 0.0 2.23606797749979 0.4472135954999579 1 0 0 0.9811777956382043 0.19310653367132402 2.752938067310933
cell 26.45332650271964 38.236049592316014 0.0 2.23606797749979 0.4472135954999579 1 0 0 0.9590175910365706 0.2833465370926791 2.5670289207934656
cell 34.583667603787 29.288483237463605 0.0 2.23606797749979 0.4472135954999579 1 0 0 0.9714366250108425 0.23729914367216706 2.6624233886615714
cell 39.351257469332815 10.833074087984068 0.0 2.23606797749979 0.4472135954999579 1 0 0 0.9773973554055108 0.2114105239724685 2.7155568977770765
cell 6.693397702822557 26.83681135985359 0.0 2.23606797749979 0.4472135954999579 1 0 0 0.9680148846930383 0.2508927719419666 2.6343878216832333
cell 10.117311476176802 19.227049512381953 0.0 2.23606797749979 0.4472135954999579 1 0 0 0.9496188890692797 0.3134070285153591 2.5040352463727467
cell 19.078919467864182 7.273338111408074 0.0 2.23606797749979 0.4472135954999579 1 0 0 0.982344063894902 0.18708324385269928 2.765208408781605
cell 14.70027801047002 20.657279558968717 0.0 2.23606797749979 0.4472135954999579 1 0 0 0.977555712108651 0.21067707450918371 2.7170575975965456
cell 16.75114861145223 17.992042146566718 0.0 2.23606797749979 0.4472135954999579 1 0 0 0.9763529254781923 0.2161827118670117 2.705786604304713
cell 21.430938597262507 26.060257719350375 0.0 2.23606797749979 0.4472135954999579 1 0 0 0.9821964226862999 0.18785682649889296 2.7636333175854815
cell 41.35085098799617 37.195433805169394 0.0 2.23606797749979 0.4472135954999579 1 0 0 0.9752024909858055 0.2213144856874038 2.6952683029561064
cell 35.09103402551122 12.236654295621399 0.0 2.23606797749979 0.4472135954999579 1 0 0 0.9920676177746564 0.12570537682580774 2.8895150214189638
cell 31.959627862330382 39.4412970067785 0.0 2.23606797749979 0.4472135954999579 1 0 0 0.9657204752971386 0.2595842129095465 2.616409389637957
cell 33.03972048285495 11.05237366474613 0.0 2.23606797749979 0.4472135954999579 1 0 0 0.9613664351061696 0.27527182465929034 2.583847775225642
cell 3.6174115168316225 19.246810448408876 0.0 2.23606797749979 0.4472135954999579 1 0 0 0.9437617520347464 0.3306263077801065 2.467658399196261
cell 8.925818472578191 26.598325843409665 0.0 2.23606797749979 0.4472135954999579 1 0 0 0.9762098205199722 0.2168280109219369 2.704464651332387
cell 31.350955088791522 8.636509464728668 0.0 2.23606797749979 0.4472135954999579 1 0 0 0.9685460148148872 0.24883451767429748 2.638639179837106
cell 24.93244865012219 22.680210485174364 0.0 2.23606797749979 0.4472135954999579 1 0 0 0.9680438331565167 0.25078105408431095 2.63461863670243
cell 38.236672415476 9.467643436166991 0.0 2.23606797749979 0.4472135954999579 1 0 0 0.9780667592417677 0.2082916572172446 2.721936690864985
cell 0.9363934960690218 23.01481545787796 0.0 2.23606797749979 0.4472135954999579 1 0 0 0.958985952105099 0.2834536005505606 2.566805639750731
cell 34.525065264243814 15.559545276374916 0.0 2.23606797749979 0.4472135954999579 1 0 0 0.9714782165796462 0.23712881459500026 2.6627740557584185
cell 2.3228830001747145 33.31833098359411 0.0 2.23606797749979 0.4472135954999579 1 0 0 0.9841303317360889 0.17744714750318086 2.7848090081999253
cell 34.3153882837571 25.556614402949872 0.0 2.23606797749979 0.4472135954999579 1 0 0 0.9712701519155688 0.23797960416369285 2.661022332214391
cell 41.82569154891169 27.498998121925418 0.0 2.23606797749979 0.4472135954999579 1 0 0 0.9674035772182165 0.2532396469461254 2.6295374518018284
cell 42.71246152184127 31.180041828186752 0.0 2.23606797749979 0.4472135954999579 1 0 0 0.9656940121735275 0.25968264257010903 2.616205539742213
cell 24.10126799152132 13.241340055259913 0.0 2.23606797749979 0.4472135954999579 1 0 0 0.9682124614589149 0.25012922555285133 2.635965211551325
cell 2.5954902818510024 12.570522992407195 0.0 2.23606797749979 0.4472135954999579 1 0 0 0.9925336003846804 0.12197152170659936 2.897040665723637
cell 2.5930438967612583 26.14105272619102 0.0 2.23606797749979 0.4472135954999579 1 0 0 0.9585064088069123 0.2850709811188723 2.563431691113002
cell 9.597254274662243 1.403219879805919 0.0 2.23606797749979 0.4472135954999579 1 0 0 0.9585527932547421 0.2849149742353526 2.5637572040298853
cell 17.45226467166355 24.70198790815733 0.0 2.23606797749979 0.4472135954999579 1 0 0 0.9734359997850672 0.22895928529423432 2.679575786519066
cell 40.99570487191467 20.755608596629354 0.0 2.23606797749979 0.4472135954999579 1 0 0 0.2583601431942908 -0.966048671863186 5.760536651575187
cell 13.943163304427005 5.967101282894246 0.0 2.23606797749979 0.4472135954999579 1 0 0 0.9907885719557545 0.13541789276855812 2.869922197053118
cell 38.402714702261925 44.205355862976866 0.0 2.23606797749979 0.4472135954999579 1 0 0 0.9740278014296421 0.22642844795241127 2.684774005691131
cell 26.138271395765432 15.404438709450298 0.0 2.23606797749979 0.4472135954999579 1 0 0 0.9778425738648951 0.20934158864706529 2.719789492503176
cell 17.262393580586586 29.593910865471443 0.0 2.23606797749979 0.4472135954999579 1 0 0 0.9690810215251955 0.24674272779493123 2.6429574289686593
cell 25.81955566482584 45.20195271431687 0.0 2.23606797749979 0.4472135954999579 1 0 0 0.9802397535493593 0.1978131076584445 2.7433397745748285
cell 29.365973523995443 7.117245858453595 0.0 2.23606797749979 0.4472135954999579 1 0 0 0.9561496833235406 0.29287844420560044 2.54712083540319
cell 19.366816121403023 41.70342059329052 0.0 2.23606797749979 0.4472135954999579 1 0 0 0.9699232917236805 0.24341078072242422 2.6498309439375265
cell 40.410887877039 18.36151108678582 0.0 2.23606797749979 0.4472135954999579 1 0 0 0.9880200258783525 0.1543257219757606 2.831702727369103
cell 43.24608926814748 34.165163706562694 0.0 2.23606797749979 0.4472135954999579 1 0 0 0.9612602127189793 0.27564252836502323 2.583076530945722
cell 36.93751045365454 22.413417013988525 0.0 2.23606797749979 0.4472135954999579 1 0 0 0.21357353892659736 -0.9769269898361747 5.852722417096786
cell 26.69842187467429 9.808017906628864 0.0 2.23606797749979 0.4472135954999579 1 0 0 0.9479426640121007 0.3184410553707571 2.4934237011762983
cell 9.741771983510924 7.412067544959398 0.0 2.23606797749979 0.4472135954999579 1 0 0 0.9865481789893833 0.16347076354116566 2.8131772063834286
cell 21.227330696877424 11.896792979388138 0.0 2.23606797749979 0.4472135954999579 1 0 0 0.9584729825242918 0.2851833476397047 2.563197225325395
cell 6.500006564636315 34.46049056978221 0.0 2.23606797749979 0.4472135954999579 1 0 0 0.9729026432817994 0.23121515239120394 2.6749396640336722
cell 35.10513100022994 31.888889724867973 0.0 2.23606797749979 0.4472135954999579 1 0 0 0.970814730714285 0.23983068741958424 2.657209764160563
cell 17.171562542884672 32.89389745102319 0.0 2.23606797749979 0.4472135954999579 1 0 0 -0.2438267081983839 0.9698188162585526 5.790565901098761
cell 31.13568265778971 14.00165616607255 0.0 2.23606797749979 0.4472135954999579 1 0 0 0.9767110578308734 0.21455887189975664 2.7091123316888788
cell 7.372139971940502 16.846976394659844 0.0 2.23606797749979 0.4472135954999579 1 0 0 0.9361881734493523 0.35149922317633264 2.4232485827931627
cell 29.629582258539187 35.66701264467487 0.0 2.23606797749979 0.4472135954999579 1 0 0 0.9567141168366106 0.2910293776331599 2.5509874274655373
cell 2.059518105807722 43.186821356963094 0.0 2.23606797749979 0.4472135954999579 1 0 0 0.9807900549268361 0.19506631732980892 2.748942521703775
cell 31.963978498093944 9.462134033822664 0.0 2.23606797749979 0.4472135954999579 1 0 0 0.958414479937936 0.285379895306757 2.5627870861383797
cell 35.990596828807675 1.454412716191196 0.0 2.23606797749979 0.4472135954999579 1 0 0 0.9815951637398798 0.1909736487646363 2.7572847423697238
cell 20.138659287010174 42.66228191402461 0.0 2.23606797749979 0.4472135954999579 1 0 0 0.9398822943432217 0.3414985692211926 2.4445709358778966
cell 5.731173593162092 3.644525548369135 0.0 2.23606797749979 0.4472135954999579 1 0 0 0.968156430767147 0.2503460116802715 2.6355173916604255
cell 33.73138276032096 21.99126085556358 0.0 2.23606797749979 0.4472135954999579 1 0 0 0.9735436223514711 0.22850123714933437 2.6805168300333206
cell 25.002848559641162 14.88206035105909 0.0 2.23606797749979 0.4472135954999579 1 0 0 0.9725784038838241 0.2325752529801764 2.672143234082591
cell 39.97796356321904 15.614196218328606 0.0 2.23606797749979 0.4472135954999579 1 0 0 0.9885653408156606 0.15079312629565325 2.838851605385533
cell 31.113185846406687 33.82728782499338 0.0 2.23606797749979 0.4472135954999579 1 0 0 0.9714447216058859 0.23726599601304593 2.662491632991933
cell 3.166242320778636 40.612737452713695 0.0 2.23606797749979 0.4472135954999579 1 0 0 0.9725605763916718 0.23264979099216723 2.6719899534939846
cell 2.2963502090010306 1.6244631940571426 0.0 2.23606797749979 0.4472135954999579 1 0 0 0.970307606584274 0.2418742413005109 2.652998688770439
cell 23.3929277939218 5.8832199922439035 0.0 2.23606797749979 0.4472135954999579 1 0 0 0.9823686389760097 0.18695415790086697 2.7654712175911738
cell 32.41689642590813 10.328393542860603 0.0 2.23606797749979 0.4472135954999579 1 0 0 0.9586204094771092 0.28468739089383543 2.5642320350782724
cell 41.4041456368698 30.855524441934975 0.0 2.23606797749979 0.4472135954999579 1 0 0 0.9624574494011564 0.2714326032226424 2.5918302446627086
cell 18.10325223091397 27.991846181073527 0.0 2.23606797749979 0.4472135954999579 1 0 0 0.9801353530046273 0.19832975013974724 2.742285603936537
cell 40.96023357108661 7.31255012397133 0.0 2.23606797749979 0.4472135954999579 1 0 0 0.9695545413239878 0.2448754609960574 2.6468101721189843
cell 17.42887832778099 12.045658356345976 0.0 2.23606797749979 0.4472135954999579 1 0 0 0.9509072312491235 0.30947606944338363 2.5123086469312677
cell 5.67066698187726 9.260426368487622 0.0 2.23606797749979 0.4472135954999579 1 0 0 0.9894771034666661 0.14468953561061948 2.851194255223539
cell 25.739255279454017 18.466802263484748 0.0 2.23606797749979 0.4472135954999579 1 0 0 0.985207068350783 0.17136811976460375 2.7971563254859535
cell 25.90148632385123 27.05455114742511 0.0 2.23606797749979 0.4472135954999579 1 0 0 0.19853110951589684 -0.9800945865345788 5.883467368229356
cell 19.205082832002844 22.060641026149256 0.0 2.23606797749979 0.4472135954999579 1 0 0 0.987524496690549 0.1574654515634393 2.8253455394479023
cell 26.99018033978663 28.773773470053044 0.0 2.23606797749979 0.4472135954999579 1 0 0 0.9552305601816286 0.29586242900221754 2.5408761703083673
cell 6.114756946024623 5.327367740862504 0.0 2.23606797749979 0.4472135954999579 1 0 0 0.9750491887198686 0.22198891768898296 2.6938850312856606
cell 30.33075924623213 27.57257616175004 0.0 2.23606797749979 0.4472135954999579 1 0 0 0.9705448138696887 0.24092065970076393 2.654963972710562
cell 11.822450167811132 1.0670588587802539 0.0 2.23606797749979 0.4472135954999579 1 0 0 0.9594294672509124 0.2819487495461374 2.569943334914322
cell 2.9185764961322445 15.065693273429833 0.0 2.23606797749979 0.4472135954999579 1 0 0 0.9929734740467102 0.11833714480080806 2.904362468589089
cell 43.103694558135224 12.907403840682845 0.0 2.23606797749979 0.4472135954999579 1 0 0 0.9899056771160478 0.14172773339547548 2.8571795553559194
cell 2.5605564923349142 39.890933637454054 0.0 2.23606797749979 0.4472135954999579 1 0 0 0.25226522461740936 -0.967658129945038 5.77314435071051
cell 2.6288996608874884 36.73291004151197 0.0 2.23606797749979 0.4472135954999579 1 0 0 0.9756745651382471 0.21922395613229045 2.699554639193177
cell 13.249615901424388 4.296578070354757 0.0 2.23606797749979 0.4472135954999579 1 0 0 0.9757530603112106 0.21887431391852977 2.700271329282954
cell 31.296307877888395 18.515671360908 0.0 2.23606797749979 0.4472135954999579 1 0 0 0.9430078341519065 0.33277052863517 2.4631125978484745
cell 9.999385582336167 3.2043814359825733 0.0 2.23606797749979 0.4472135954999579 1 0 0 0.9654261148115373 0.2606768436971349 2.614146214638
cell 1.4679831755025514 31.692606399228154 0.0 2.23606797749979 0.4472135954999579 1 0 0 0.9764126177857678 0.21591294502355354 2.706339188495217
cell 28.325278232356546 4.623256115870015 0.0 2.23606797749979 0.4472135954999579 1 0 0 0.9569756751347891 0.2901681533185795 2.5527875609251027
cell 5.115321153745699 13.782132560036102 0.0 2.23606797749979 0.4472135954999579 1 0 0 0.995615346831238 0.0935418684553274 2.9542350037803713
cell 1.606442600842253 38.30955683263976 0.0 2.23606797749979 0.4472135954999579 1 0 0 0.9707214646040332 0.2402079061084393 2.656432609070654
cell 17.406779504111455 21.697011019565746 0.0 2.23606797749979 0.4472135954999579 1 0 0 0.9847786899375947 0.17381292197300752 2.7921922267497
cell 39.77697802507912 36.977772896938674 0.0 2.23606797749979 0.4472135954999579 1 0 0 0.951941373426104 0.30628029900668247 2.519026506511232
cell 10.576805144220602 22.22565867961021 0.0 2.23606797749979 0.4472135954999579 1 0 0 0.9747511805848497 0.22329383320737214 2.691208007844478
cell 13.517861983408572 26.05794021052872 0.0 2.23606797749979 0.4472135954999579 1 0 0 0.9721883619221321 0.23420031798262236 2.6688007980583044
cell 21.13241085005894 33.554152405898535 0.0 2.23606797749979 0.4472135954999579 1 0 0 0.9689055348694257 0.24743092874455302 2.6415369837784226
cell 6.586397171733153 32.09033868712128 0.0 2.23606797749979 0.4472135954999579 1 0 0 0.9825656836304728 0.18591578026563985 2.7675850338681256
cell 41.202968077540476 23.727594235260987 0.0 2.23606797749979 0.4472135954999579 1 0 0 0.9664294396096863 0.25693216664269136 2.6218997391826013
cell 44.78382886085807 17.36532011451016 0.0 2.23606797749979 0.4472135954999579 1 0 0 0.16413357488493024 -0.9864381225375939 5.953426087199296
cell 36.44322943149087 43.12033735982446 0.0 2.23606797749979 0.4472135954999579 1 0 0 0.979332240659621 0.20225815781966922 2.734266277810587
cell 14.266218806169734 33.411733376332485 0.0 2.23606797749979 0.4472135954999579 1 0 0 0.2353044167028635 -0.9719217208603402 5.808121772464256
cell 9.916907477225262 30.207277858338276 0.0 2.23606797749979 0.4472135954999579 1 0 0 0.9825613073594551 0.185938907386481 2.76753795880184
cell 28.449837424632232 19.93466878397877 0.0 2.23606797749979 0.4472135954999579 1 0 0 0.9412710073386295 0.33765202612115586 2.452750041186658
cell 39.961435981156924 5.777867927409119 0.0 2.23606797749979 0.4472135954999579 1 0 0 0.9701720064097651 0.24241756945166074 2.6518787014573793
cell 15.859621583563777 10.520957390086892 0.0 2.23606797749979 0.4472135954999579 1 0 0 -0.9782450516094728 -0.20745269099623598 2.7236520946465763
cell 1.6032028854496796 11.050395422124764 0.0 2.23606797749979 0.4472135954999579 1 0 0 0.991870537917908 0.12725107469267094 2.8863985985613683
cell 36.6263499526023 29.211863754585117 0.0 2.23606797749979 0.4472135954999579 1 0 0 0.9695836942644817 0.2447600045277827 2.6470483324853147
cell 10.765833197553956 24.987979226033058 0.0 2.23606797749979 0.4472135954999579 1 0 0 0.9836127648296403 0.18029400673397541 2.779021957543794
cell 21.019127717997673 23.82220581804239 0.0 2.23606797749979 0.4472135954999579 1 0 0 0.9808132974500908 0.19494941791418505 2.749180896939714
cell 2.0613595655206933 7.190201897525211 0.0 2.23606797749979 0.4472135954999579 1 0 0 0.9791895839681427 0.2029476746560444 2.7328580385983052
cell 37.113667264500705 40.717739467566204 0.0 2.23606797749979 0.4472135954999579 1 0 0 0.9789697824763682 0.2040053062990574 2.7306975779978226
cell 37.671745891003354 17.289259178403086 0.0 2.23606797749979 0.4472135954999579 1 0 0 0.9829383481123654 0.18393532507415342 2.7716154596302087
cell 41.92279104844177 16.0016843779822 0.0 2.23606797749979 0.4472135954999579 1 0 0 0.9906908760945683 0.13613077544397034 2.868483105377742
cell 42.111740091051075 21.13278792016148 0.0 2.23606797749979 0.4472135954999579 1 0 0 0.9623891767346519 0.271674570955765 2.5913274145076977
cell 36.5125823823207 2.4179885573059368 0.0 2.23606797749979 0.4472135954999579 1 0 0 0.966265295638882 0.25754878847298807 2.620623548384068
cell 10.8413339920293 44.93746150435619 0.0 2.23606797749979 0.4472135954999579 1 0 0 0.9705366073633674 0.24095371706534158 2.654895851169213
cell 9.22382694068575 4.671382297821465 0.0 2.23606797749979 0.4472135954999579 1 0 0 0.9753900221569206 0.22048651812916323 2.696966181939924
cell 18.249973874364567 36.72320024728231 0.0 2.23606797749979 0.4472135954999579 1 0 0 0.980176883857939 0.1981243961518631 2.742704626953935
cell 21.606471406251423 1.2004295275017645 0.0 2.23606797749979 0.4472135954999579 1 0 0 0.9919330752328807 0.12676266902775526 2.8873833848614034
cell 6.625422147305059 20.149626022125506 0.0 2.23606797749979 0.4472135954999579 1 0 0 0.9237198973250355 0.3830685986684708 2.35536061615757
cell 43.92475534973767 42.79489330733438 0.0 2.23606797749979 0.4472135954999579 1 0 0 0.9706792228425978 0.24037854800645234 2.6560810239523898
cell 18.20416580535143 31.286607154276645 0.0 2.23606797749979 0.4472135954999579 1 0 0 0.2215852743882328 -0.9751409980993987 5.836305590374547
cell 3.6372023281894608 26.56110609770225 0.0 2.23606797749979 0.4472135954999579 1 0 0 0.9582823138101927 0.28582338434526916 2.5618615583615414
cell 12.9558102342553 13.677007987897671 0.0 2.23606797749979 0.4472135954999579 1 0 0 0.9203415272701604 0.39111567749456005 2.3379056059495515
cell 23.225511494054018 40.92645852924826 0.0 2.23606797749979 0.4472135954999579 1 0 0 0.9504786231078581 0.31078994033750523 2.5095446194573268
cell 23.11821404466136 30.626794622730262 0.0 2.23606797749979 0.4472135954999579 1 0 0 0.9649371094001924 0.26248118961632483 2.6104073423447978
cell 17.439098415192348 3.6102662762206306 0.0 2.23606797749979 0.4472135954999579 1 0 0 0.9922240006386192 0.12446498526370138 2.892015443008275
cell 1.4579956677106736 0.011861799937996409 0.0 2.23606797749979 0.4472135954999579 1 0 0 0.9679048576659158 0.2513169045383205 2.633511478350836
cell 9.757418080452409 29.22937210639908 0.0 2.23606797749979 0.4472135954999579 1 0 0 0.9735412004079544 0.22851155574333445 2.6804956319963797
cell 43.413278035299584 8.989772857755547 0.0 2.23606797749979 0.4472135954999579 1 0 0 0.9792438120040617 0.20268585705903086 2.733392787640049
cell 44.087784061886914 4.093314839227514 0.0 2.23606797749979 0.4472135954999579 1 0 0 0.9720320496667968 0.23484823699692953 2.6674677825494464
cell 21.091137470131308 30.75595108253179 0.0 2.23606797749979 0.4472135954999579 1 0 0 0.2547622676412466 -0.9670037161181387 5.767981605309117
cell 22.027027774423722 29.134868671463387 0.0 2.23606797749979 0.4472135954999579 1 0 0 -0.2165932727970089 0.976261929084137 5.846538209445064
cell 22.416895711495776 35.05388163223091 0.0 2.23606797749979 0.4472135954999579 1 0 0 0.9781317601614685 0.20798620089666403 2.7225612825208283
cell 2.7558003072442268 2.408247577468072 0.0 2.23606797749979 0.4472135954999579 1 0 0 0.9761036710955775 0.21730536871816294 2.7034866162191467
cell 17.006200670205686 1.9037304786811162 0.0 2.23606797749979 0.4472135954999579 1 0 0 0.9760731883112748 0.21744224764259315 2.7032061520315986
cell 30.79564354033375 26.38973367044027 0.0 2.23606797749979 0.4472135954999579 1 0 0 0.9704522156292718 0.24129338403743586 2.6541958636894227
cell 18.863905062206264 19.200946849621666 0.0 2.23606797749979 0.4472135954999579 1 0 0 0.979181175864451 0.20298823816347356 2.732775187060169
cell 39.74792576359958 17.58811990922505 0.0 2.23606797749979 0.4472135954999579 1 0 0 0.9877205409274868 0.15623102454350313 2.827845334330503
cell 28.33767534032006 39.31141756214464 0.0 2.23606797749979 0.4472135954999579 1 0 0 0.9722173017439284 0.23408015334443752 2.6690479988153837
cell 13.609796230210064 40.53333007196469 0.0 2.23606797749979 0.4472135954999579 1 0 0 0.9742388153209103 0.22551880347791245 2.686641603073499
cell 6.370408827194547 10.908190204238725 0.0 2.23606797749979 0.4472135954999579 1 0 0 0.9946072807133254 0.10371285914506664 2.9337932662478425
cell 45.40488566687279 7.210371057325159 0.0 2.23606797749979 0.4472135954999579 1 0 0 0.9800940635355715 0.1985336914035783 2.741869445988137
cell 21.224215802489187 9.637326949154389 0.0 2.23606797749979 0.4472135954999579 1 0 0 0.9518073516662684 0.3066965361950548 2.518151943232468
cell 42.732908678034136 12.105517466961343 0.0 2.23606797749979 0.4472135954999579 1 0 0 0.9869362653019735 0.1611111673093848 2.817959803204393
cell 32.18864277599097 21.866047097027188 0.0 2.23606797749979 0.4472135954999579 1 0 0 0.963999295928977 0.2659047901946043 2.6033078921526958
cell 42.784182122796324 1.651276583457664 0.0 2.23606797749979 0.4472135954999579 1 0 0 0.9661318804161679 0.25804881252104106 2.6195885147106823
cell 24.56207171668401 14.064988534702643 0.0 2.23606797749979 0.4472135954999579 1 0 0 0.9682264909868332 0.25007491307870866 2.636077401969845
cell 25.336167782519663 20.503170624762497 0.0 2.23606797749979 0.4472135954999579 1 0 0 0.98243436898444 0.18660844203343321 2.766175035454777
cell 38.554663386170525 27.22640709285561 0.0 2.23606797749979 0.4472135954999579 1 0 0 0.9684981006922622 0.24902094079711598 2.638254215714192
cell 40.562493015589915 30.222416781066574 0.0 2.23606797749979 0.4472135954999579 1 0 0 0.9592502082925328 0.28255802570575195 2.568673136148157
cell 12.199989050536141 18.764874260909586 0.0 2.23606797749979 0.4472135954999579 1 0 0 0.9565380346451003 0.29160759296919686 2.549778563661599
cell 16.993007271857532 41.9398760938606 0.0 2.23606797749979 0.4472135954999579 1 0 0 0.9474800376818019 0.3198149124016755 2.490524386339364
cell 7.872635205502172 17.71802165434913 0.0 2.23606797749979 0.4472135954999579 1 0 0 0.9411692897674631 0.3379354494553793 2.452147794554948
cell 43.215281466647866 40.63935949682102 0.0 2.23606797749979 0.4472135954999579 1 0 0 0.9619910485399369 0.27308098163188294 2.588404062028293
cell 28.527572889918773 12.282739382796954 0.0 2.23606797749979 0.4472135954999579 1 0 0 0.9602149106112055 0.2792621088510126 2.5755415362727883
cell 18.26378294806927 34.36476951747554 0.0 2.23606797749979 0.4472135954999579 1 0 0 0.9665632106735944 0.2564284691143961 2.622942055648359
cell 8.086658616867004 13.98701903469874 0.0 2.23606797749979 0.4472135954999579 1 0 0 0.9935895078042719 0.11304817548843774 2.91501193072903
cell 36.177209145426396 19.83912720459777 0.0 2.23606797749979 0.4472135954999579 1 0 0 0.9752964053556248 0.22090025283008824 2.696117794031164
cell 25.162893535364738 7.552494205386303 0.0 2.23606797749979 0.4472135954999579 1 0 0 0.9620353080233294 0.2729250192204039 2.588728303763559
cell 4.230531166287431 23.231606986556578 0.0 2.23606797749979 0.4472135954999579 1 0 0 0.9663008907975618 0.2574152063181945 2.620900034965523
cell 9.26941388906023 27.41480278975224 0.0 2.23606797749979 0.4472135954999579 1 0 0 0.9785477477010199 0.2060201579197071 2.7265804227171095
cell 35.01069335590994 14.155450132864862 0.0 2.23606797749979 0.4472135954999579 1 0 0 0.981773334303818 0.19005557095219175 2.7591551558890317
cell 13.648530741270674 27.036394314584065 0.0 2.23606797749979 0.4472135954999579 1 0 0 0.9749406479097039 0.22246512772433957 2.692908185115605
cell 37.972719159080405 26.515668204526467 0.0 2.23606797749979 0.4472135954999579 1 0 0 0.9612296383780791 0.2757491292888289 2.582854733314623
cell 29.910034464218224 43.334820582780885 0.0 2.23606797749979 0.4472135954999579 1 0 0 0.9761261528571732 0.21720435932147994 2.703693578320337
cell 3.2611695135451706 15.811637028197323 0.0 2.23606797749979 0.4472135954999579 1 0 0 0.13579249895882145 -0.9907372998058156 6.010758653227295
cell 5.796696707203391 31.316523961581037 0.0 2.23606797749979 0.4472135954999579 1 0 0 0.9783275235430988 0.2070634122147789 2.724447932800017
cell 1.8579222894933511 19.40872267424657 0.0 2.23606797749979 0.4472135954999579 1 0 0 0.9617184871863631 0.2740393245575774 2.5864113644227205
cell 6.5808600241089295 37.89725403623971 0.0 2.23606797749979 0.4472135954999579 1 0 0 0.2339557223048641 -0.9722472525036053 5.810896622181806
cell 31.60759963960345 27.872303663524296 0.0 2.23606797749979 0.4472135954999579 1 0 0 0.9713696619572005 0.23757310417880637 2.6618593375636084
cell 37.404417765835426 21.209912720272566 0.0 2.23606797749979 0.4472135954999579 1 0 0 -0.18829388056549784 0.9821127300578004 5.90433598080124
cell 13.231235315488805 35.02952653223406 0.0 2.23606797749979 0.4472135954999579 1 0 0 0.2341373332155517 -0.972203532803039 5.810523023813502
cell 10.83472208295681 10.242958034766358 0.0 2.23606797749979 0.4472135954999579 1 0 0 0.9971174132328348 0.07587400231871369 2.9896986716916074
cell 13.26788469546008 39.40133079723002 0.0 2.23606797749979 0.4472135954999579 1 0 0 0.9643923692675676 0.26447562855296824 2.6062723550380578
cell 10.392217588903117 35.58655766445429 0.0 2.23606797749979 0.4472135954999579 1 0 0 0.25195415520208236 -0.9677391713041303 5.773787256252328
cell 13.694063130467049 16.64861566688218 0.0 2.23606797749979 0.4472135954999579 1 0 0 0.9590176073585059 0.28334648184928385 2.567029036001769
cell 16.684897788294162 38.37114249112585 0.0 2.23606797749979 0.4472135954999579 1 0 0 0.9756055623926547 0.21953083297913267 2.698925561204871
cell 30.688835571760322 39.1085834616543 0.0 2.23606797749979 0.4472135954999579 1 0 0 0.9697445540644682 0.2441218954995753 2.648364476888881
cell 25.02837573306505 28.619191936553836 0.0 2.23606797749979 0.4472135954999579 1 0 0 0.22562172340896092 -0.9742149854759833 5.828022971323274
cell 6.222966973977727 40.195579678217165 0.0 2.23606797749979 0.4472135954999579 1 0 0 0.9828735398328781 0.18428131944499404 2.7709114362810987
cell 44.167976365549535 28.342278679560792 0.0 2.23606797749979 0.4472135954999579 1 0 0 0.9564542145284661 0.29188240013871136 2.549203951469118
cell 15.554518810218356 44.0400951480002 0.0 2.23606797749979 0.4472135954999579 1 0 0 0.9539816897571516 0.29986486224312753 2.5324906649718137
cell 24.328911295424028 6.734748700099066 0.0 2.23606797749979 0.4472135954999579 1 0 0 0.9691281078725407 0.24655772251419988 2.6433392356114274
cell 17.821487492224897 4.467061116835169 0.0 2.23606797749979 0.4472135954999579 1 0 0 0.9940097770300651 0.10929118522845398 2.9225727822833507
cell 29.180893489173023 44.665865829551244 0.0 2.23606797749979 0.4472135954999579 1 0 0 0.984346028038461 0.17624669382687796 2.787248363941282
cell 13.19710148626 23.132003621710915 0.0 2.23606797749979 0.4472135954999579 1 0 0 0.9819679551767024 0.18904744115191216 2.761208643722924
cell 23.611455556946844 18.321152357657596 0.0 2.23606797749979 0.4472135954999579 1 0 0 0.9752681581518744 0.22102493003064258 2.6958621199505064
cell 30.17479709080813 13.478312792201537 0.0 2.23606797749979 0.4472135954999579 1 0 0 0.9709934785684159 0.2391059693474995 2.6587026367006446
cell 14.135348577905171 41.45867240121234 0.0 2.23606797749979 0.4472135954999579 1 0 0 0.9714916345040622 0.23707383678640206 2.662887238798398
cell 44.51312583100589 4.832504678628872 0.0 2.23606797749979 0.4472135954999579 1 0 0 0.9711674498988989 0.23839837301640635 2.6601599748427374
cell 35.309265144682115 44.819778541389155 0.0 2.23606797749979 0.4472135954999579 1 0 0 0.974735325646586 0.2233630339528987 2.6910660202076797
cell 28.69837577191418 6.221527230141278 0.0 2.23606797749979 0.4472135954999579 1 0 0 0.9581183332582706 0.2863725885527342 2.560715233988775
cell 23.9881640713082 43.34009423326328 0.0 2.23606797749979 0.4472135954999579 1 0 0 0.9664724312710464 0.256770402486409 2.622234498351376
cell 10.244500653354518 38.346716536885666 0.0 2.23606797749979 0.4472135954999579 1 0 0 0.9865216753635525 0.16363063294471974 2.812853103508203
cell 15.940217411019882 16.28432550328738 0.0 2.23606797749979 0.4472135954999579 1 0 0 0.9638006056538513 0.26662406594542337 2.6018154639876108
cell 17.420215923614343 2.679397353603507 0.0 2.23606797749979 0.4472135954999579 1 0 0 0.9804548977794002 0.19674397937519178 2.745520895794426
cell 21.218981409023268 2.2290016291609778 0.0 2.23606797749979 0.4472135954999579 1 0 0 0.9946363946890635 0.10343327491644819 2.934355458261289
cell 35.870106518002295 7.585024040878942 0.0 2.23606797749979 0.4472135954999579 1 0 0 0.9662113174988967 0.25775121713979604 2.6202045447807305
cell 24.63067144453906 26.57163955684862 0.0 2.23606797749979 0.4472135954999579 1 0 0 0.9695225114261333 0.2450022445569899 2.6465486382916987
cell 42.45035601501007 42.31276958449052 0.0 2.23606797749979 0.4472135954999579 1 0 0 0.9798053685574518 0.1999535939811936 2.738971537440495
cell 14.134434950199282 6.8300860055593136 0.0 2.23606797749979 0.4472135954999579 1 0 0 0.9938608225658799 0.11063754050354002 2.9198636420214137
cell 5.11506911804414 7.644370776588316 0.0 2.23606797749979 0.4472135954999579 1 0 0 0.9860164754156041 0.1666478628995568 2.80673463609001
cell 15.619620861920417 21.30907443601285 0.0 2.23606797749979 0.4472135954999579 1 0 0 0.9776147272680908 0.21040305375287757 2.7176182049972986
cell 24.408369596073747 21.841548910937515 0.0 2.23606797749979 0.4472135954999579 1 0 0 0.9796039248402484 0.20093817566002956 2.736961581482266
cell 37.84663885292412 29.56405837679643 0.0 2.23606797749979 0.4472135954999579 1 0 0 0.9696560798590425 0.2444730798930514 2.6476401615854934
cell 7.522137416127255 24.51753549697545 0.0 2.23606797749979 0.4472135954999579 1 0 0 0.9671208816799793 0.25431712529544576 2.6273095590854636
cell 14.16279125012275 29.01970058972635 0.0 2.23606797749979 0.4472135954999579 1 0 0 0.9820261419274279 0.18874495111427803 2.761824714892768
cell 10.359347668575376 32.28112099469637 0.0 2.23606797749979 0.4472135954999579 1 0 0 0.9747566239385278 0.2232700698435941 2.691256765512894
cell 32.82667826416478 43.938318784917676 0.0 2.23606797749979 0.4472135954999579 1 0 0 0.9820814045891937 0.18845719609533726 2.762410741900082
cell 0.3534506485858248 22.286923252011167 0.0 2.23606797749979 0.4472135954999579 1 0 0 0.9592496656504648 0.28255986790319604 2.5686692952358503
cell 33.07510022003519 5.255563904440535 0.0 2.23606797749979 0.4472135954999579 1 0 0 0.9511468853309721 0.30873872857999307 2.5138592670109556
cell 17.787151134443572 18.608078920203685 0.0 2.23606797749979 0.4472135954999579 1 0 0 0.9802553430172212 0.19773584016609122 2.7434974235124843
cell 40.69676528803742 39.79502839138997 0.0 2.23606797749979 0.4472135954999579 1 0 0 0.9730679377367423 0.23051852105365314 2.6763716102605826
cell 36.37880027202175 3.791750570021975 0.0 2.23606797749979 0.4472135954999579 1 0 0 0.9588239001922381 0.28400128242693745 2.5656633328409355
cell 38.50183533134387 12.165421306154839 0.0 2.23606797749979 0.4472135954999579 1 0 0 0.9823192266439348 0.18721361319535995 2.764942980414114
cell 7.170310926236614 38.64978937400372 0.0 2.23606797749979 0.4472135954999579 1 0 0 0.9709730944816433 0.2391887325789862 2.6585321636707064
cell 20.416784191850358 39.72451878090372 0.0 2.23606797749979 0.4472135954999579 1 0 0 0.9355691068324066 0.35314366246729245 2.4197343688826454
cell 21.164309152448403 27.420742379336517 0.0 2.23606797749979 0.4472135954999579 1 0 0 0.9678183134043861 0.25164997961273444 2.6328232083004393
cell 14.97805679257823 23.478474053432446 0.0 2.23606797749979 0.4472135954999579 1 0 0 0.9854943211929044 0.16970840549759628 2.800525103492417
cell 40.98228836462971 38.521931766079796 0.0 2.23606797749979 0.4472135954999579 1 0 0 0.9703526146600489 0.24169361436001294 2.6533709887495887
cell 5.069767405989178 42.84947599164536 0.0 2.23606797749979 0.4472135954999579 1 0 0 0.9696477956025962 0.24450593547606525 2.647572393798451
cell 23.94244309783142 36.9775204852974 0.0 2.23606797749979 0.4472135954999579 1 0 0 0.9511206123102252 0.3088196574679507 2.513689093493279
cell 39.244817000715784 42.726862148795796 0.0 2.23606797749979 0.4472135954999579 1 0 0 0.9736131311122337 0.22820488804105943 2.681125613287077
cell 33.21133669503246 39.77116722436963 0.0 2.23606797749979 0.4472135954999579 1 0 0 0.9691304896591366 0.24654836039414693 2.64335855629457
cell 30.171210652176068 36.43664506875358 0.0 2.23606797749979 0.4472135954999579 1 0 0 0.9593321899998764 0.28227955864717025 2.569253704502947
cell 28.192464867752935 21.48871616750287 0.0 2.23606797749979 0.4472135954999579 1 0 0 0.9528633121938275 0.30339991475774764 2.525075172970748
cell 10.098270196407734 42.973972729182265 0.0 2.23606797749979 0.4472135954999579 1 0 0 0.9702419656915949 0.242137415553462 2.6524562151225664
cell 19.963004541652666 45.24412365759291 0.0 2.23606797749979 0.4472135954999579 1 0 0 0.9700416223069319 0.24293878033804225 2.650804158188268
cell 1.0431185810261865 9.454147512185678 0.0 2.23606797749979 0.4472135954999579 1 0 0 0.9859569769246801 0.16699951992010603 2.806021326250257
cell 21.288186884254994 22.436336118575216 0.0 2.23606797749979 0.4472135954999579 1 0 0 0.9705100355710805 0.24106072026736353 2.6546753449751903
cell 43.63753926156387 3.2883751042258647 0.0 2.23606797749979 0.4472135954999579 1 0 0 0.9697614370391759 0.24405482013619909 2.648502811833258
cell 34.4483040918395 13.351483509463092 0.0 2.23606797749979 0.4472135954999579 1 0 0 0.9841729909942221 0.17721039415758597 2.7852901400289864
cell 40.20560630762004 45.39536416044896 0.0 2.23606797749979 0.4472135954999579 1 0 0 0.9675239869571198 0.25277922118441415 2.6304892719351414
cell 32.894412225618204 24.348593674716508 0.0 2.23606797749979 0.4472135954999579 1 0 0 0.2342835672202776 -0.9721683033973807 5.810222188342164
cell 39.1174255337545 29.893594018779734 0.0 2.23606797749979 0.4472135954999579 1 0 0 0.9675438738465294 0.2527030909625984 2.6306466415516154
cell 7.633930726193099 15.08231808301804 0.0 2.23606797749979 0.4472135954999579 1 0 0 0.15315469743058188 -0.9882022255869225 5.975665609119726
cell 5.5473241911570055 36.18208994112605 0.0 2.23606797749979 0.4472135954999579 1 0 0 0.9667366441482289 0.2557738471013419 2.6242964694221014
cell 23.425209311857945 11.439096440213048 0.0 2.23606797749979 0.4472135954999579 1 0 0 0.9526592433539421 0.30404007310269887 2.52373137713059
cell 29.808427326441986 33.52583560292993 0.0 2.23606797749979 0.4472135954999579 1 0 0 0.9696241258910739 0.24459978432118631 2.6473788183766493
cell 2.7586724542448966 28.992188843078228 0.0 2.23606797749979 0.4472135954999579 1 0 0 0.9649736168761 0.26234694344142434 2.6106855856290205
cell 1.1218272118892165 28.964558621614692 0.0 2.23606797749979 0.4472135954999579 1 0 0 0.962720181575397 0.27049926430109705 2.593769471118293
cell 31.855041266096936 19.347385466975716 0.0 2.23606797749979 0.4472135954999579 1 0 0 0.9363825906453087 0.35098097375268117 2.424355615799032
cell 8.027022283733094 3.355163546083132 0.0 2.23606797749979 0.4472135954999579 1 0 0 0.9655182660373851 0.26033531828809003 2.6148536931316757
cell 20.423210391516633 15.718375343806622 0.0 2.23606797749979 0.4472135954999579 1 0 0 0.9755668633936667 0.2197027424686429 2.698573138247692
cell 40.38285874713498 41.082595777819776 0.0 2.23606797749979 0.4472135954999579 1 0 0 0.9785662332434361 0.20593233635287356 2.726759914698935
cell 28.116354725902095 11.416221292038374 0.0 2.23606797749979 0.4472135954999579 1 0 0 0.9575221932321368 0.2883595836241938 2.5565662418759216
cell 27.988074522448194 43.2890141482534 0.0 2.23606797749979 0.4472135954999579 1 0 0 0.9761297373802408 0.2171882496867226 2.7037265855400103
cell 30.844378993632162 15.171772465185098 0.0 2.23606797749979 0.4472135954999579 1 0 0 0.986503812713208 0.1637382896646469 2.8126348463787925
cell 1.1016517173956992 30.895903523497445 0.0 2.23606797749979 0.4472135954999579 1 0 0 0.9712118414191613 0.23821746175963235 2.660532530825103
cell 9.976975588190822 8.359771112751924 0.0 2.23606797749979 0.4472135954999579 1 0 0 0.9885403110385165 0.15095712454824095 2.8385198107703937
cell 13.785786427708896 0.840200019620107 0.0 2.23606797749979 0.4472135954999579 1 0 0 0.9594242544851392 0.28196648720306244 2.5699063593872693
cell 29.231835718670233 41.75322667881749 0.0 2.23606797749979 0.4472135954999579 1 0 0 0.973064197853228 0.23053430733028427 2.676339163796456
cell 35.73265688712475 17.09603276624548 0.0 2.23606797749979 0.4472135954999579 1 0 0 0.9798177317452064 0.19989300277318087 2.7390952167500195
cell 23.485195882423398 12.527319636425103 0.0 2.23606797749979 0.4472135954999579 1 0 0 0.9659084595458027 0.2588838499749536 2.617859694903672
cell 16.646090198255656 45.405086084797155 0.0 2.23606797749979 0.4472135954999579 1 0 0 0.9622735970894706 0.27208367158742036 2.590477186340856
cell 21.88916185897032 34.243826325670376 0.0 2.23606797749979 0.4472135954999579 1 0 0 0.9707592966897879 0.24005496847669766 2.656747703887918
cell 10.627959148615105 43.86605258706411 0.0 2.23606797749979 0.4472135954999579 1 0 0 0.9731259410784856 0.23027353907931286 2.676875120164119
cell 35.181581757247976 16.32739410414684 0.0 2.23606797749979 0.4472135954999579 1 0 0 0.9768091613432754 0.2141117986376437 2.7100277524762753
cell 19.579376993705694 8.164635088696508 0.0 2.23606797749979 0.4472135954999579 1 0 0 0.9809196751339428 0.19441345358570225 2.750273735409858
cell 6.509696137019592 24.035460708134384 0.0 2.23606797749979 0.4472135954999579 1 0 0 0.9651858597298965 0.26156501329011994 2.612306032266733
cell 27.55872671351903 18.84604109643943 0.0 2.23606797749979 0.4472135954999579 1 0 0 0.9891793151667118 0.14671156207441563 2.8471065808989318
cell 28.954591937397282 26.452225021655664 0.0 2.23606797749979 0.4472135954999579 1 0 0 0.2515168915922632 -0.9678529088884146 5.774690883843814
cell 17.7826323291475 38.96787035176189 0.0 2.23606797749979 0.4472135954999579 1 0 0 0.9704507490614991 0.24129928231549996 2.6541837079491897
cell 38.68569478670987 35.10387904331463 0.0 2.23606797749979 0.4472135954999579 1 0 0 0.9731451793822669 0.23019222368502282 2.677042240548094
cell 2.1804048060285393 42.06279751143707 0.0 2.23606797749979 0.4472135954999579 1 0 0 0.9826756632623357 0.18533359337132757 2.768770001563217
cell 39.533877121519744 4.985341494406381 0.0 2.23606797749979 0.4472135954999579 1 0 0 0.967980814612988 0.2510241871636598 2.6341163020274023
cell 22.243621832488376 4.047430655721186 0.0 2.23606797749979 0.4472135954999579 1 0 0 0.9961880112454485 0.08723214001065219 2.966906349699412
cell 5.566572767254556 43.73435089945356 0.0 2.23606797749979 0.4472135954999579 1 0 0 0.9660823286745988 0.25823426229426744 2.619204603295924
cell 9.420890621400044 21.760932844885396 0.0 2.23606797749979 0.4472135954999579 1 0 0 0.9776689851234194 0.2101507923557346 2.718134265953864
cell 33.394555093552285 23.096077752401186 0.0 2.23606797749979 0.4472135954999579 1 0 0 -0.17058495221909709 0.9853429728152571 5.940338723031314
cell 26.279207980655926 2.766927432796633 0.0 2.23606797749979 0.4472135954999579 1 0 0 0.9955829941224663 0.09388557830756072 2.9535445454935187
cell 4.652977317236286 37.76349587441294 0.0 2.23606797749979 0.4472135954999579 1 0 0 0.9719607635418791 0.2351430928925778 2.6668610809374163
cell 27.144240421127552 16.00798768409184 0.0 2.23606797749979 0.4472135954999579 1 0 0 0.9732959480475214 0.22955390982136753 2.6783539963094736
cell 21.14551153850536 0.1906016510198156 0.0 2.23606797749979 0.4472135954999579 1 0 0 0.9698602897054148 0.24366168852022865 2.649313550556518
cell 5.031410446430574 26.774412955107096 0.0 2.23606797749979 0.4472135954999579 1 0 0 0.9661030655176036 0.25815667103038215 2.6193652323206065
cell 36.3520501061115 35.30301747613663 0.0 2.23606797749979 0.4472135954999579 1 0 0 0.9723237720236191 0.23363750203629824 2.669958550526458
cell 42.72705744071332 33.21259728566285 0.0 2.23606797749979 0.4472135954999579 1 0 0 0.974297854229698 0.2252636039030854 2.6871654825105264
cell 41.298520712693424 9.008870345232708 0.0 2.23606797749979 0.4472135954999579 1 0 0 0.9804485770165255 0.19677547567283407 2.745456647251763
cell 41.91483059221459 24.389424276660414 0.0 2.23606797749979 0.4472135954999579 1 0 0 0.960096479736504 0.27966900006538553 2.5746939837137006
cell 39.94509959772449 35.480474134310484 0.0 2.23606797749979 0.4472135954999579 1 0 0 0.9672137371545114 0.25396375068029614 2.6280403005151576
cell 8.43756747471671 21.21836771638581 0.0 2.23606797749979 0.4472135954999579 1 0 0 0.9703898338089058 0.2415441376649914 2.653679070215718
cell 43.07424154407483 27.873317408519707 0.0 2.23606797749979 0.4472135954999579 1 0 0 0.9621766194441799 0.2724264175790773 2.5897647834216464
cell 28.594540320804214 33.11190692919371 0.0 2.23606797749979 0.4472135954999579 1 0 0 0.9743829438327919 0.22489526177254676 2.6879215676046435
cell 6.850615956892812 33.12638951651762 0.0 2.23606797749979 0.4472135954999579 1 0 0 0.9754776768205109 0.22009839169075912 2.6977619846147785
cell 1.289300492165753 10.235800355622018 0.0 2.23606797749979 0.4472135954999579 1 0 0 0.9905114087103469 0.1374305250468177 2.865858942410942
cell 33.15162239180203 42.747435492389876 0.0 2.23606797749979 0.4472135954999579 1 0 0 0.9808022394784748 0.19500504361171972 2.7490674686017496
cell 1.8714419708067855 0.7934594474488191 0.0 2.23606797749979 0.4472135954999579 1 0 0 0.9696993511814533 0.24430138828559372 2.6479942825563296
cell 36.30137854559553 5.0538129648253145 0.0 2.23606797749979 0.4472135954999579 1 0 0 0.9529009823112818 0.30328158188421883 2.52532354129986
cell 18.328028622396932 5.3990784276298225 0.0 2.23606797749979 0.4472135954999579 1 0 0 0.9942816111711559 0.10678987633146914 2.9276048567414406
cell 33.12147579554614 6.574756086371812 0.0 2.23606797749979 0.4472135954999579 1 0 0 0.9525324552809105 0.3044370569370954 2.5228978991578788
cell 17.466755746404797 43.791545507725566 0.0 2.23606797749979 0.4472135954999579 1 0 0 0.9546448001569651 0.2977470495794515 2.5369290646392364
cell 21.831118016089047 3.082136147705936 0.0 2.23606797749979 0.4472135954999579 1 0 0 0.9958696462706121 0.09079453528074172 2.9597531602139058
cell 25.380851874414024 0.8940444743706352 0.0 2.23606797749979 0.4472135954999579 1 0 0 0.9898320743009233 0.1422408685474444 2.856142781389043
cell 11.622798721149907 22.76854889628005 0.0 2.23606797749979 0.4472135954999579 1 0 0 0.9758644142205618 0.21837729977715126 2.7012900004869573
cell 44.91746595945483 36.392114574763994 0.0 2.23606797749979 0.4472135954999579 1 0 0 0.977007072880634 0.21320689374693172 2.711880341906456
cell 13.573951775428716 20.108536508755314 0.0 2.23606797749979 0.4472135954999579 1 0 0 0.9783811010810539 0.20681010866837382 2.7249657483639744
cell 36.95915876508998 9.084626269106222 0.0 2.23606797749979 0.4472135954999579 1 0 0 0.9667388585643316 0.25576547722813037 2.6243137851278338
cell 3.3390137491374463 4.08334918234172 0.0 2.23606797749979 0.4472135954999579 1 0 0 0.9724136200050252 0.23326326677966774 2.6707282899340408
cell 13.342307057471567 31.74641922262732 0.0 2.23606797749979 0.4472135954999579 1 0 0 0.9712336511277518 0.23812852604645326 2.6607156725677323
cell 21.56276114545461 37.5252013315989 0.0 2.23606797749979 0.4472135954999579 1 0 0 0.9639923133306523 0.265930103296745 2.603255375114722
cell 9.42393315588173 33.915409690645234 0.0 2.23606797749979 0.4472135954999579 1 0 0 0.9685412971981731 0.2488528794723507 2.638601263532686
cell 35.40787912172306 6.699830667807212 0.0 2.23606797749979 0.4472135954999579 1 0 0 0.9713424695208869 0.23768425884998134 2.66163047262937
cell 19.96424516494313 14.894161118583169 0.0 2.23606797749979 0.4472135954999579 1 0 0 0.9749476643444598 0.22243437636589045 2.692971268438385
cell 39.38791352587435 14.866308384148358 0.0 2.23606797749979 0.4472135954999579 1 0 0 0.9860982763287365 0.16616314098347695 2.807717787614819
cell 11.448677868662843 11.204228426021544 0.0 2.23606797749979 0.4472135954999579 1 0 0 0.9958204207219413 0.09133285100759636 2.9586720367546535
cell 5.031883787071735 28.722169010517078 0.0 2.23606797749979 0.4472135954999579 1 0 0 0.9747193438314545 0.22343276563829842 2.690922940839974
cell 37.55720292795419 32.76016258510147 0.0 2.23606797749979 0.4472135954999579 1 0 0 0.9619909967665123 0.27308116401570426 2.5884036828484107
cell 28.565740075108344 22.396474569175716 0.0 2.23606797749979 0.4472135954999579 1 0 0 0.9501729072647738 0.31172334898112397 2.5075802223994477
cell 0.9724531288032084 5.904097575875807 0.0 2.23606797749979 0.4472135954999579 1 0 0 0.9803234504964052 0.197397903754883 2.74418688605075
cell 40.62315973916573 27.12999331780203 0.0 2.23606797749979 0.4472135954999579 1 0 0 0.9686945741125587 0.24825555801409263 2.639834611413911
cell 42.533078263997176 10.2781724487462 0.0 2.23606797749979 0.4472135954999579 1 0 0 0.9812929177900923 0.1925206729029563 2.754132196215797
cell 31.91083535734074 3.289384416396696 0.0 2.23606797749979 0.4472135954999579 1 0 0 0.9616649433303223 0.2742271627127555 2.586020723323082
cell 44.5672266165553 25.05076932942454 0.0 2.23606797749979 0.4472135954999579 1 0 0 0.968257537367334 0.24995467855462467 2.6363257583149924
cell 32.34802997628852 37.30988740666782 0.0 2.23606797749979 0.4472135954999579 1 0 0 0.9713846292355871 0.23751189882791354 2.66198535525128
cell 6.461417982638515 0.0022570073690459935 0.0 2.23606797749979 0.4472135954999579 1 0 0 0.9729067620030857 0.2311978210292458 2.6749752921109353
cell 36.94753166700721 32.000640256483926 0.0 2.23606797749979 0.4472135954999579 1 0 0 0.9618160130220244 0.2736968342791293 2.5871235747309664
cell 18.005318423413684 6.584881869299592 0.0 2.23606797749979 0.4472135954999579 1 0 0 0.9859615550951831 0.16697248837544532 2.8060761592349266
cell 33.93007617571347 41.358262592570185 0.0 2.23606797749979 0.4472135954999579 1 0 0 0.9734508712747039 0.2288960489272802 2.679705709562612
cell 22.28614743901593 5.180880113604699 0.0 2.23606797749979 0.4472135954999579 1 0 0 0.9875871200177765 0.15707221388582362 2.8261419251692828
cell 39.93467158102446 2.452262157929051 0.0 2.23606797749979 0.4472135954999579 1 0 0 0.9593283712726459 0.2822925363366388 2.5692266487751536
cell 42.33413683354209 7.668420679997877 0.0 2.23606797749979 0.4472135954999579 1 0 0 0.9792005962394736 0.20289453497878976 2.7329665760650035
cell 3.0817589128524405 22.856048902066643 0.0 2.23606797749979 0.4472135954999579 1 0 0 0.9661547656405167 0.25796311525122767 2.6197659154497126
cell 33.62986181329376 19.153675388487514 0.0 2.23606797749979 0.4472135954999579 1 0 0 0.9628827226994381 0.26992010359904106 2.5949725450922805
cell 14.805795167606641 8.566399012697579 0.0 2.23606797749979 0.4472135954999579 1 0 0 0.989523140428902 0.14437435560279885 2.851831304170103
cell 14.477892879437853 42.48526380097714 0.0 2.23606797749979 0.4472135954999579 1 0 0 0.9673588503671512 0.25341044693607945 2.6291843335335074
cell 35.54255856626056 19.155386766648405 0.0 2.23606797749979 0.4472135954999579 1 0 0 0.9739492309990627 0.22676616907363947 2.6840805249935205
cell 33.88590518032795 34.560150571452375 0.0 2.23606797749979 0.4472135954999579 1 0 0 0.9596069272646383 0.281344175602978 2.5712034963680304
cell 38.42811273006412 13.297419071401258 0.0 2.23606797749979 0.4472135954999579 1 0 0 0.9740448000760356 0.22635531238483408 2.6849241757976996
cell 17.22404977174589 23.709293357538098 0.0 2.23606797749979 0.4472135954999579 1 0 0 0.9807036215394848 0.195500400765162 2.7480573117569373
cell 37.791407336963104 20.118559309350115 0.0 2.23606797749979 0.4472135954999579 1 0 0 0.9825358445221328 0.18607341086028198 2.767264173918559
cell 13.350508598160506 44.451160784122244 0.0 2.23606797749979 0.4472135954999579 1 0 0 0.9518821108255984 0.30646443038336957 2.518639640023585
cell 27.42167427786496 10.7231276771023 0.0 2.23606797749979 0.4472135954999579 1 0 0 0.9637716993153469 0.26672853540408553 2.6015986742811172
cell 14.33414797112679 36.551623187217054 0.0 2.23606797749979 0.4472135954999579 1 0 0 0.9760856358476624 0.21738636454907803 2.7033206572507607
cell 28.183942139214665 23.850698323826826 0.0 2.23606797749979 0.4472135954999579 1 0 0 0.9626861888484775 0.27062021690995974 2.5935181940672525
cell 13.63871004516422 14.477972055660208 0.0 2.23606797749979 0.4472135954999579 1 0 0 0.9508699727645327 0.3095905277859401 2.5120679071807297
cell 13.76654652675377 7.880522952142236 0.0 2.23606797749979 0.4472135954999579 1 0 0 0.9913772222045123 0.1310389380835521 2.8787588898749874
cell 24.970839513406933 25.09190621712364 0.0 2.23606797749979 0.4472135954999579 1 0 0 0.9518758015891697 0.30648402625418436 2.5185984669927364
cell 12.462270775773817 33.327484386265375 0.0 2.23606797749979 0.4472135954999579 1 0 0 0.96813396232836 0.2504328871901405 2.635337923724995
cell 37.904718424542104 39.2996561397088 0.0 2.23606797749979 0.4472135954999579 1 0 0 0.9736702221256807 0.22796117771613592 2.6816262293340345
cell 15.324908366006639 34.96770112634069 0.0 2.23606797749979 0.4472135954999579 1 0 0 0.9698625164291004 0.24365282519563147 2.6493318280641476
cell 19.227268837206886 32.8138893764331 0.0 2.23606797749979 0.4472135954999579 1 0 0 0.971910403879046 0.23535115642730461 2.6664329382962384
cell 9.656903714075357 42.01594952905725 0.0 2.23606797749979 0.4472135954999579 1 0 0 0.9680212305367835 0.25086828661680516 2.6344384102543192
cell 22.714534604937548 43.08180643574313 0.0 2.23606797749979 0.4472135954999579 1 0 0 0.9663751129509719 0.2571364250140309 2.6214770200404955
cell 20.43051762799571 8.970027900597772 0.0 2.23606797749979 0.4472135954999579 1 0 0 0.9609394553497868 0.2767586731288743 2.580753890572924
cell 44.3136836370657 14.409489276283294 0.0 2.23606797749979 0.4472135954999579 1 0 0 0.9896307601270703 0.14363480988366636 2.8533259745633544
cell 4.164143778354859 19.983945691421624 0.0 2.23606797749979 0.4472135954999579 1 0 0 0.9421174392861406 0.3352830604025878 2.457781322913994
cell 13.00312787207798 25.173907278258653 0.0 2.23606797749979 0.4472135954999579 1 0 0 0.9783519197626218 0.2069481120880119 2.72468363850445
cell 17.477802790580274 14.280640818263738 0.0 2.23606797749979 0.4472135954999579 1 0 0 0.9601245901857154 0.27957247954817044 2.574895044974085
cell 30.155929961024867 17.365231115854012 0.0 2.23606797749979 0.4472135954999579 1 0 0 0.9960768878411326 0.08849199686256205 2.96437685337681
