500
 Lattice="45.462482027475666 0.0 0.0 0.0 45.462482027475666 0.0 0.0 0.0 1.0"Properties=species:S:1:pos:R:3:aspherical_shape:R:3:orientation:R:4:Color:R:1
cell 33.74710555837758 19.807524626636305 0.0 2.23606797749979 0.4472135954999579 1 0 0 0.6904674501504998 0.7233634634695528 1.5242701422840907
cell 21.715512023642752 31.83212742458285 0.0 2.23606797749979 0.4472135954999579 1 0 0 0.7627714802302596 0.6466681289095192 1.735176268027991
cell 6.984005578419352 1.6827870471151987 0.0 2.23606797749979 0.4472135954999579 1 0 0 0.6315604719501483 -0.7753266216699295 4.916056847710512
cell 44.985107970460156 35.45411518479314 0.0 2.23606797749979 0.4472135954999579 1 0 0 0.6099007082063121 -0.7924778395194649 4.971314723079376
cell 9.427062213022161 30.615513561920245 0.0 2.23606797749979 0.4472135954999579 1 0 0 0.7026863853640922 -0.7114997145635032 4.724852990747307
cell 3.398991859870046 18.272713621305634 0.0 2.23606797749979 0.4472135954999579 1 0 0 0.6316947405666594 -0.7752172306782279 4.915710469590416
cell 19.780998804964934 32.51095077402245 0.0 2.23606797749979 0.4472135954999579 1 0 0 0.7784198795746449 0.6277439693720644 1.784289464586411
cell 13.500016306332764 24.982733784197897 0.0 2.23606797749979 0.4472135954999579 1 0 0 0.7284178704952948 0.6851331300872116 1.6320197551206805
cell 20.991265064097426 0.3294321177439796 0.0 2.23606797749979 0.4472135954999579 1 0 0 0.7748297750328463 0.6321699294671875 1.772891559289979
cell 6.890057958189923 26.383528872903415 0.0 2.23606797749979 0.4472135954999579 1 0 0 0.6627035104320576 -0.7488818713662575 4.834339140798947
cell 2.969926089132777 22.696863505360543 0.0 2.23606797749979 0.4472135954999579 1 0 0 0.6301011636740133 -0.7765130543246871 4.919818338974212
cell 37.35636223633211 14.866315454685937 0.0 2.23606797749979 0.4472135954999579 1 0 0 0.6413896653298697 -0.7672152873920316 4.890568891000852
cell 0.2431453774600374 35.65830953393582 0.0 2.23606797749979 0.4472135954999579 1 0 0 0.5990447723016615 -0.8007155304963496 4.99857009107267
cell 38.51216727028565 1.1894423505357317 0.0 2.23606797749979 0.4472135954999579 1 0 0 -0.553789545518118 0.8326566755120842 5.109368234411436
cell 12.764132223073284 36.508411890968695 0.0 2.23606797749979 0.4472135954999579 1 0 0 0.7237367405703816 0.6900761772069517 1.6184040478376462
cell 6.809540010426924 16.25765351096966 0.0 2.23606797749979 0.4472135954999579 1 0 0 0.6533345875560349 -0.7570692945186628 4.859223883993802
cell 2.141202968387957 27.10771422301446 0.0 2.23606797749979 0.4472135954999579 1 0 0 -0.6126599086901947 0.7903466557680384 4.964341877518232
cell 11.510930950386872 14.881542312445266 0.0 2.23606797749979 0.4472135954999579 1 0 0 0.6754465331127779 0.7374089644870945 1.483140155543784
cell 21.667124091921067 0.9854212392216962 0.0 2.23606797749979 0.4472135954999579 1 0 0 0.7643011175407526 0.6448595209237099 1.7399137170341377
cell 22.80093846525126 19.54732251800464 0.0 2.23606797749979 0.4472135954999579 1 0 0 0.8101935543878932 0.5861624386023996 1.8889644917944217
cell 1.0722585706976635 8.454403529657558 0.0 2.23606797749979 0.4472135954999579 1 0 0 0.6043904222111005 -0.7966882812866571 4.985184296159243
cell 0.6449300391863909 39.144920614609106 0.0 2.23606797749979 0.4472135954999579 1 0 0 -0.5872030413564525 0.8094396754679946 5.027987174376743
cell 24.60174092274804 38.3919536477786 0.0 2.23606797749979 0.4472135954999579 1 0 0 0.7820905353517322 0.6231648213059213 1.7960269957922559
cell 38.92817219314054 20.28273268325239 0.0 2.23606797749979 0.4472135954999579 1 0 0 0.6315484070531758 -0.7753364492583824 4.916087969614937
cell 2.395832419108384 38.1815991369933 0.0 2.23606797749979 0.4472135954999579 1 0 0 -0.6066289204058944 0.7949851274880424 4.979558778495609
cell 43.102078345697954 44.20636811192959 0.0 2.23606797749979 0.4472135954999579 1 0 0 0.6062019289211911 -0.7953107703107177 4.980632771014948
cell 9.279251485543979 27.04583485059847 0.0 2.23606797749979 0.4472135954999579 1 0 0 0.6863976526079965 -0.7272264176267472 4.770137597692384
cell 13.154495570081474 0.0784862061936599 0.0 2.23606797749979 0.4472135954999579 1 0 0 0.7196344943179916 0.6943530763147006 1.6065515555968009
cell 16.285387912157542 4.523092207611626 0.0 2.23606797749979 0.4472135954999579 1 0 0 0.7379970321785005 0.6748039570836297 1.6601945974816144
cell 29.054350586442624 36.942499748287645 0.0 2.23606797749979 0.4472135954999579 1 0 0 0.7429889588022688 0.6693036733037706 1.6750502639755236
cell 39.92455418320671 11.367129181462337 0.0 2.23606797749979 0.4472135954999579 1 0 0 0.6556923390700331 -0.7550281825765637 4.852986853276076
cell 23.35071828439467 28.155071226800032 0.0 2.23606797749979 0.4472135954999579 1 0 0 0.7944089482842707 0.607383258648013 1.8360676953168844
cell 1.2704671195926387 10.563113093096788 0.0 2.23606797749979 0.4472135954999579 1 0 0 0.5764575367729176 -0.8171271065738184 5.054411784508855
cell 18.537848483014606 36.78205849896931 0.0 2.23606797749979 0.4472135954999579 1 0 0 0.7811714607675295 0.6243165454177264 1.7930800197734387
cell 8.095824781287194 32.95850018466152 0.0 2.23606797749979 0.4472135954999579 1 0 0 0.662318038390475 -0.749222807996789 4.83536836669587
cell 38.56539739157799 5.9820738825430775 0.0 2.23606797749979 0.4472135954999579 1 0 0 0.6127929690776256 -0.7902434922535131 4.964005141553421
cell 32.77292729179407 14.656377018564987 0.0 2.23606797749979 0.4472135954999579 1 0 0 0.6654696183025961 0.746424937362222 1.456245596916792
cell 17.41270523389891 26.31414614862196 0.0 2.23606797749979 0.4472135954999579 1 0 0 -0.7645540702257992 -0.6445595967024025 1.7406984197839073
cell 32.58452727413243 20.1542299323679 0.0 2.23606797749979 0.4472135954999579 1 0 0 0.68756267155652 0.726125039288731 1.516254142985287
cell 2.1898853584314137 22.549114328421492 0.0 2.23606797749979 0.4472135954999579 1 0 0 0.6089050236002822 -0.7932431356364452 4.97382634899787
cell 45.37589574321421 19.38434056811589 0.0 2.23606797749979 0.4472135954999579 1 0 0 0.5996782301658345 -0.8002412262969039 4.9969873929056465
cell 6.519657041801017 8.463462309890367 0.0 2.23606797749979 0.4472135954999579 1 0 0 0.6580913003052486 -0.7529381385363256 4.846623424125591
cell 10.942787420479064 15.298713356534625 0.0 2.23606797749979 0.4472135954999579 1 0 0 0.7042838492103147 -0.7099184880966989 4.720357584200021
cell 12.768930054073035 17.452911153527182 0.0 2.23606797749979 0.4472135954999579 1 0 0 0.7237407758630435 0.690071945055847 1.6184157430828066
cell 14.751316245688539 26.413051154396374 0.0 2.23606797749979 0.4472135954999579 1 0 0 0.7470646452868779 0.6647513939529509 1.6872706704768654
cell 10.316945667119047 9.241223020756472 0.0 2.23606797749979 0.4472135954999579 1 0 0 0.6985676259214384 -0.7155440391859087 4.736397830897071
cell 1.8888389542993032 42.62448878325458 0.0 2.23606797749979 0.4472135954999579 1 0 0 0.6248254903933785 -0.7807644373014655 4.933369303722341
cell 19.78028951045551 18.910132108212846 0.0 2.23606797749979 0.4472135954999579 1 0 0 0.7817688874030231 0.6235682855057972 1.7949950253093498
cell 29.95435534010548 20.093760748781282 0.0 2.23606797749979 0.4472135954999579 1 0 0 0.7030166533924074 0.7111733860690653 1.559260900861789
cell 12.464602494480426 21.900774385982754 0.0 2.23606797749979 0.4472135954999579 1 0 0 0.7356807941323661 0.6773284056827761 1.6533424997305781
cell 39.44052724597526 15.812634467197947 0.0 2.23606797749979 0.4472135954999579 1 0 0 0.6464447136144843 -0.7629608327036765 4.8773546476761345
cell 22.671739462840527 27.52471092372553 0.0 2.23606797749979 0.4472135954999579 1 0 0 0.7812672664459414 0.6241966504076152 1.7933869630353731
cell 4.952758671310274 10.38535128485079 0.0 2.23606797749979 0.4472135954999579 1 0 0 0.6550860921181306 -0.7555542415428532 4.85459218618522
cell 8.401627671636236 22.191715431344118 0.0 2.23606797749979 0.4472135954999579 1 0 0 0.697523051584524 -0.7165623437693426 4.7393154190430415
cell 1.2247921812055769 31.41073388861211 0.0 2.23606797749979 0.4472135954999579 1 0 0 -0.6054269249614033 0.7959008974311936 4.982580981713038
cell 12.00667124236282 44.91395914564542 0.0 2.23606797749979 0.4472135954999579 1 0 0 0.7363932710144946 0.6765537306116737 1.6554474889235322
cell 21.409302803650252 23.75565550390553 0.0 2.23606797749979 0.4472135954999579 1 0 0 0.7967049507340223 0.6043684484450683 1.8436468047619061
cell 44.94514170105702 5.638137951424961 0.0 2.23606797749979 0.4472135954999579 1 0 0 0.6291421044094826 -0.7772903012769474 4.9222872720970035
cell 28.790389886769702 21.86085386795128 0.0 2.23606797749979 0.4472135954999579 1 0 0 0.716689700007951 0.6973921951832508 1.5980879668188497
cell 0.8936889488156646 1.5142288984165753 0.0 2.23606797749979 0.4472135954999579 1 0 0 0.6238427850589314 -0.7815498573539092 4.935885328079814
cell 5.034628570738111 29.59021128927851 0.0 2.23606797749979 0.4472135954999579 1 0 0 0.633232339395113 -0.7739617589675812 4.91174037101864
cell 13.493435627571055 14.814651803533515 0.0 2.23606797749979 0.4472135954999579 1 0 0 0.7299762872238865 0.6834724720797686 1.636574510859134
cell 16.914269524190665 4.580309064371639 0.0 2.23606797749979 0.4472135954999579 1 0 0 0.726313004734462 0.687364109590832 1.625885348289647
cell 18.701763436968804 41.33133611648793 0.0 2.23606797749979 0.4472135954999579 1 0 0 0.7649580814211482 0.6440800677466088 1.741952490082246
cell 41.08843968289846 25.53179517936306 0.0 2.23606797749979 0.4472135954999579 1 0 0 0.6242445681606664 -0.781228979955239 4.934856946882704
cell 19.040023582167812 32.35826547154535 0.0 2.23606797749979 0.4472135954999579 1 0 0 0.7566873244346313 0.6537769444083807 1.7164623322225823
cell 23.031289560085664 24.005113214990185 0.0 2.23606797749979 0.4472135954999579 1 0 0 0.809490290005839 0.5871332645884259 1.8865669229772148
cell 15.098186041214959 17.726049313697906 0.0 2.23606797749979 0.4472135954999579 1 0 0 0.7416592708606166 0.6707768078478106 1.6710812859209263
cell 6.674531298061781 5.252563197833133 0.0 2.23606797749979 0.4472135954999579 1 0 0 0.6359678489089008 -0.7717155532669959 4.904661256545893
cell 9.820902204405806 22.636900327051745 0.0 2.23606797749979 0.4472135954999579 1 0 0 0.6590150510934014 -0.7521297510618506 4.844168383582784
cell 1.3587693466620119 15.163522463844425 0.0 2.23606797749979 0.4472135954999579 1 0 0 0.6044169180733914 -0.7966681800766636 4.985117780315662
cell 39.906522006248366 21.0718903510055 0.0 2.23606797749979 0.4472135954999579 1 0 0 0.641133466125803 -0.7674293965007555 4.891236665644391
cell 2.2566979272182808 4.160027840063995 0.0 2.23606797749979 0.4472135954999579 1 0 0 -0.6077174343286774 0.7941533353282411 4.976818894519443
cell 16.909607379087696 25.319264312209135 0.0 2.23606797749979 0.4472135954999579 1 0 0 0.7710781894331804 0.6367404697209439 1.7610654298135864
cell 18.674099542436384 27.771989478772337 0.0 2.23606797749979 0.4472135954999579 1 0 0 -0.7499286016888204 -0.6615187770343716 1.6959082829725016
cell 7.364956107624663 30.10158722578927 0.0 2.23606797749979 0.4472135954999579 1 0 0 0.6484790578900382 -0.7612324950224133 4.872015841815919
cell 20.250313835151992 39.82086691719135 0.0 2.23606797749979 0.4472135954999579 1 0 0 0.7685186163956069 0.6398274269311859 1.7530452700890644
cell 12.295315751390559 30.432529621431303 0.0 2.23606797749979 0.4472135954999579 1 0 0 0.7179846862032873 0.6960588986411761 1.6018053152877354
cell 22.512066225456227 32.5432345335246 0.0 2.23606797749979 0.4472135954999579 1 0 0 0.754688373887942 0.6560834232918661 1.710358020513681
cell 43.113556464858554 31.122824186102314 0.0 2.23606797749979 0.4472135954999579 1 0 0 -0.5574731941837568 0.830194939617533 5.100507208914136
cell 21.646490194621762 28.306741173850007 0.0 2.23606797749979 0.4472135954999579 1 0 0 0.7789218213967812 0.6271210378801854 1.7858894511745003
cell 44.52818406547371 19.20374685701056 0.0 2.23606797749979 0.4472135954999579 1 0 0 0.5908466682369466 -0.8067838710790515 5.018969558674848
cell 8.334249110712419 35.97216674270816 0.0 2.23606797749979 0.4472135954999579 1 0 0 0.6690031227089416 -0.7432595924747186 4.817451801356588
cell 3.3731396142606798 24.454389744307115 0.0 2.23606797749979 0.4472135954999579 1 0 0 0.6239169753305108 -0.7814906319940289 4.935695466660281
cell 15.404403538058597 22.18085272497725 0.0 2.23606797749979 0.4472135954999579 1 0 0 0.7443866513389454 0.6677488399903 1.6792316764889856
cell 43.12300555727333 6.771156552230826 0.0 2.23606797749979 0.4472135954999579 1 0 0 -0.6502095163027409 0.7597549505658754 4.8674649622643935
cell 4.235379774464078 33.96845310336904 0.0 2.23606797749979 0.4472135954999579 1 0 0 0.6445700532102692 -0.7645452547132254 4.882263719995941
cell 25.74359429508171 19.67242002625886 0.0 2.23606797749979 0.4472135954999579 1 0 0 0.7823245688514746 0.6228709890269046 1.7967782855868175
cell 44.551432868239495 41.76843380829619 0.0 2.23606797749979 0.4472135954999579 1 0 0 -0.6047449649176544 0.7964191907574458 4.98429410461367
cell 11.390448816142621 3.666318150726071 0.0 2.23606797749979 0.4472135954999579 1 0 0 0.7073454956691927 -0.7068679860882823 4.711713679846372
cell 22.732626440186774 15.01130384617767 0.0 2.23606797749979 0.4472135954999579 1 0 0 0.8236628728338451 0.5670797756181198 1.9356804578750413
cell 16.54510730535897 13.494543143660307 0.0 2.23606797749979 0.4472135954999579 1 0 0 0.7462841668904036 0.6656274800882971 1.684924035778541
cell 5.432749914485972 17.310235285880516 0.0 2.23606797749979 0.4472135954999579 1 0 0 0.6420159909327033 -0.7666912464523766 4.888935608778745
cell 43.728637623716544 8.3746100104599 0.0 2.23606797749979 0.4472135954999579 1 0 0 0.6465166121051212 -0.762899908423193 4.877166167853184
cell 6.140207705183097 20.665763513396442 0.0 2.23606797749979 0.4472135954999579 1 0 0 0.6351235280295106 -0.7724105800306903 4.906848437442678
cell 13.533936370171324 29.46347738189157 0.0 2.23606797749979 0.4472135954999579 1 0 0 0.7324788637431752 0.680789772374341 1.643912025981172
cell 6.04675453793729 34.37141472458495 0.0 2.23606797749979 0.4472135954999579 1 0 0 0.6410561065587191 -0.7674940183765449 4.891438264150919
cell 14.432998178374636 7.109109377300197 0.0 2.23606797749979 0.4472135954999579 1 0 0 0.7477106502768749 0.6640246858833886 1.6892153320309196
cell 20.914410961190782 28.174901743722952 0.0 2.23606797749979 0.4472135954999579 1 0 0 0.7754053654754163 0.6314637908795215 1.7747135758870145
cell 7.695331241392501 1.213054153103051 0.0 2.23606797749979 0.4472135954999579 1 0 0 0.6492331166109007 -0.7605894821095652 4.87003385267269
cell 42.7531435097504 12.156168646435173 0.0 2.23606797749979 0.4472135954999579 1 0 0 0.6961887332071389 -0.7178587937438944 4.74303627328209
cell 4.81209502082966 2.325519126745147 0.0 2.23606797749979 0.4472135954999579 1 0 0 0.6407839972779708 -0.7677212181726292 4.8921472442897835
cell 40.443493517698144 6.908223204634329 0.0 2.23606797749979 0.4472135954999579 1 0 0 0.636532067871587 -0.7712502360266228 4.903198569708756
cell 1.9949566357184059 10.780894664046926 0.0 2.23606797749979 0.4472135954999579 1 0 0 0.5656709802862757 -0.8246310338945314 5.0806919070644465
cell 10.376678777510866 18.177829796428608 0.0 2.23606797749979 0.4472135954999579 1 0 0 0.6973784406752987 -0.7167030839066404 4.739719003489975
cell 31.676032536247387 15.31701227009397 0.0 2.23606797749979 0.4472135954999579 1 0 0 0.6620431915908402 0.7494656846502139 1.4470833743079516
cell 6.346496593763109 14.490505882014993 0.0 2.23606797749979 0.4472135954999579 1 0 0 0.6598680780222717 -0.7513814740910193 4.841898957660126
cell 14.22926402500587 25.977377611806407 0.0 2.23606797749979 0.4472135954999579 1 0 0 0.7376289877625304 0.6752062473144222 1.6591041037782244
cell 21.277509206785655 5.438893084527779 0.0 2.23606797749979 0.4472135954999579 1 0 0 0.7572382162503628 0.6531387937107769 1.7181484142461927
cell 16.110514500834668 22.240666345803014 0.0 2.23606797749979 0.4472135954999579 1 0 0 0.7466073783899523 0.6652649265771363 1.6858954486187556
cell 5.0305092411520445 15.940620379990465 0.0 2.23606797749979 0.4472135954999579 1 0 0 0.6397726687478725 -0.7685642018226095 4.89478042265846
cell 27.944384590156254 25.79782722242626 0.0 2.23606797749979 0.4472135954999579 1 0 0 0.7076571276033626 0.7065560060972931 1.572353547919941
cell 1.6339596064056476 19.188189744354972 0.0 2.23606797749979 0.4472135954999579 1 0 0 0.6193675114924729 -0.7851011945651474 4.947311641267213
cell 41.58649723766023 43.20192513354103 0.0 2.23606797749979 0.4472135954999579 1 0 0 0.5788257616328376 -0.8154512478806845 5.048609372165592
cell 4.405839601784346 29.4479991313313 0.0 2.23606797749979 0.4472135954999579 1 0 0 0.6269967380758927 -0.7790218805927022 4.927801242879156
cell 10.569180456513617 31.567809174665207 0.0 2.23606797749979 0.4472135954999579 1 0 0 0.7032535479442873 -0.7109391305194644 4.72325808899923
cell 5.072572052252681 6.895259288600974 0.0 2.23606797749979 0.4472135954999579 1 0 0 0.6276031783470832 -0.7785333971825737 4.926243827231188
cell 15.81563702296183 13.376456013775076 0.0 2.23606797749979 0.4472135954999579 1 0 0 0.7486138282882551 0.6630062866184626 1.6919377338154735
cell 26.504195849805075 39.140767369609286 0.0 2.23606797749979 0.4472135954999579 1 0 0 0.7944460073260978 0.6073347853067711 1.8361897287122064
cell 14.725104483543573 30.454747913139553 0.0 2.23606797749979 0.4472135954999579 1 0 0 0.7598146781878113 0.6501397194529439 1.726056036615531
cell 2.4942872326395795 42.71137396129992 0.0 2.23606797749979 0.4472135954999579 1 0 0 -0.6419725322744644 0.7667276359993239 4.8890489728666005
cell 25.196326301550798 34.03856583467469 0.0 2.23606797749979 0.4472135954999579 1 0 0 0.7934626105376388 0.6086189987823214 1.8329547486104165
cell 8.892840739394083 13.172192219377534 0.0 2.23606797749979 0.4472135954999579 1 0 0 0.6666122438783028 -0.7454046661455335 4.823876021622793
cell 17.462065449182116 20.895639315818407 0.0 2.23606797749979 0.4472135954999579 1 0 0 0.7676974808559636 0.6408124358089561 1.7504805039873559
cell 10.305231812114062 13.66731526773827 0.0 2.23606797749979 0.4472135954999579 1 0 0 0.6965989597161825 -0.717460723191404 4.741893039338614
cell 23.65793807122998 19.673853421552877 0.0 2.23606797749979 0.4472135954999579 1 0 0 0.8131034086519363 0.5821192720041162 1.8989273225754164
cell 24.24116615518599 33.49477597047824 0.0 2.23606797749979 0.4472135954999579 1 0 0 0.7519162170137522 0.6592586765388286 1.701927809787179
cell 15.775274867632936 37.627323441059495 0.0 2.23606797749979 0.4472135954999579 1 0 0 -0.7626716282846736 -0.6467858899277292 1.7348674763927772
cell 12.588535348031236 40.50022996744247 0.0 2.23606797749979 0.4472135954999579 1 0 0 0.7285744958366789 0.6849665714590233 1.6324770221079663
cell 40.679402767990766 31.474773113428448 0.0 2.23606797749979 0.4472135954999579 1 0 0 0.5493845618783928 -0.8355696279602834 5.119930286797052
cell 26.908799323013234 43.86531931722347 0.0 2.23606797749979 0.4472135954999579 1 0 0 0.8319703726614491 0.5548200600316913 1.9652993159236094
cell 7.286518605593394 11.795841413194756 0.0 2.23606797749979 0.4472135954999579 1 0 0 0.6552345007559498 -0.7554255416777362 4.854199305647731
cell 9.642853729608388 35.106640661430134 0.0 2.23606797749979 0.4472135954999579 1 0 0 0.6874380825183 -0.7262429915004778 4.767274297712177
cell 43.48391662529797 34.58429184418867 0.0 2.23606797749979 0.4472135954999579 1 0 0 0.5869762009422982 -0.8096041869502324 5.0285476049319255
cell 41.25380809174922 18.568690452372163 0.0 2.23606797749979 0.4472135954999579 1 0 0 0.6838686025541324 -0.7296051907988719 4.777081564307784
cell 43.46730921984469 39.31023996947335 0.0 2.23606797749979 0.4472135954999579 1 0 0 -0.6037969917890111 0.7971381264916017 4.986673618689654
cell 40.72798209179524 42.77300883619827 0.0 2.23606797749979 0.4472135954999579 1 0 0 0.5606169887687608 -0.8280752332390139 5.092923907061315
cell 44.37686783988406 3.9714195092590807 0.0 2.23606797749979 0.4472135954999579 1 0 0 0.637731926761589 -0.7702583914433853 4.900085103779842
cell 22.345912488536623 42.017360541142864 0.0 2.23606797749979 0.4472135954999579 1 0 0 0.7713348365740835 0.6364295482512042 1.7618717546054177
cell 8.852077253117729 31.519641738639645 0.0 2.23606797749979 0.4472135954999579 1 0 0 0.6821892428118362 -0.7311756539928101 4.781680088469546
cell 1.552388052590366 33.19665992663542 0.0 2.23606797749979 0.4472135954999579 1 0 0 0.6148993429504968 -0.7886056036061673 4.958668665436225
cell 23.3493176180154 33.13031390993076 0.0 2.23606797749979 0.4472135954999579 1 0 0 0.7480670572180801 0.6636231444917225 1.690289131647021
cell 16.06367369344687 33.792974167568346 0.0 2.23606797749979 0.4472135954999579 1 0 0 0.7622094857062823 0.6473304410417948 1.733439034303959
cell 39.52189801411835 6.469916890114972 0.0 2.23606797749979 0.4472135954999579 1 0 0 0.6185354357834767 -0.7857569055885825 4.949430421139422
cell 0.6031948273430581 14.995301737323388 0.0 2.23606797749979 0.4472135954999579 1 0 0 -0.5844588935699101 0.8114233184516184 5.034759233890684
cell 42.062811458072446 3.095972673622662 0.0 2.23606797749979 0.4472135954999579 1 0 0 0.6255466552683698 -0.7801867610274833 4.931521289961365
cell 23.6608187033325 10.7225226709828 0.0 2.23606797749979 0.4472135954999579 1 0 0 0.8294485050629313 0.5585831875816425 1.9562392982118864
cell 22.08369983138211 5.7077575371975255 0.0 2.23606797749979 0.4472135954999579 1 0 0 0.7778527944745152 0.6284465212953189 1.7824837350706395
cell 5.736571361551945 9.66864458311462 0.0 2.23606797749979 0.4472135954999579 1 0 0 0.666798392034634 -0.7452381527941432 4.82337651053134
cell 8.187256989178017 14.305400375473903 0.0 2.23606797749979 0.4472135954999579 1 0 0 0.6725121171983247 -0.7400861113555819 4.80798944087014
cell 10.452076674332003 43.227833403071685 0.0 2.23606797749979 0.4472135954999579 1 0 0 0.7112569232672282 -0.7029321369125445 4.700615886625725
cell 44.28457358947977 10.00795187035882 0.0 2.23606797749979 0.4472135954999579 1 0 0 0.5935770578820411 -0.8047771594398664 5.01219255927892
cell 21.14976930034371 14.633604139064143 0.0 2.23606797749979 0.4472135954999579 1 0 0 0.8062146491928766 0.5916231396985813 1.8754513697745168
cell 4.197951568679961 11.256730600100896 0.0 2.23606797749979 0.4472135954999579 1 0 0 0.634072726568484 -0.7732734169891065 4.909567754718836
cell 25.753943890581446 6.744286915551271 0.0 2.23606797749979 0.4472135954999579 1 0 0 0.8472233454438516 0.5312368614233468 2.0214730569026704
cell 35.14836259672259 24.01329083937967 0.0 2.23606797749979 0.4472135954999579 1 0 0 0.7482830252027953 -0.6633796154490675 4.592245180706246
cell 8.78583103685751 9.843964941856814 0.0 2.23606797749979 0.4472135954999579 1 0 0 0.6640632858425638 -0.7476763687558792 4.830704734867094
cell 5.4471510857681045 34.548841754486645 0.0 2.23606797749979 0.4472135954999579 1 0 0 0.6677019700990582 -0.7444286931102512 4.8209502554096835
cell 8.620307207853235 2.984148581484576 0.0 2.23606797749979 0.4472135954999579 1 0 0 0.6694773963708612 -0.7428324277712253 4.816175235331452
cell 5.911794029243631 12.862841500252257 0.0 2.23606797749979 0.4472135954999579 1 0 0 0.6646011747839197 -0.7471982859160169 4.829265446518841
cell 11.394059408861153 8.085734479509657 0.0 2.23606797749979 0.4472135954999579 1 0 0 0.704501063158494 -0.7097029322248511 4.719745550756809
cell 13.826454134854384 1.4507424017608426 0.0 2.23606797749979 0.4472135954999579 1 0 0 0.7123561659318004 0.7018181337490115 1.585699492747224
cell 5.009780049177082 38.741242263689664 0.0 2.23606797749979 0.4472135954999579 1 0 0 0.6659748021382874 -0.7459742374350933 4.825585692316586
cell 10.86230663261099 40.26582867668525 0.0 2.23606797749979 0.4472135954999579 1 0 0 0.7015677681551955 -0.7126027411438562 4.727994947210773
cell 27.58743866163985 39.518287535466165 0.0 2.23606797749979 0.4472135954999579 1 0 0 0.7841775037765649 0.6205365763359606 1.8027391100343875
cell 14.862640331497465 8.171343702301057 0.0 2.23606797749979 0.4472135954999579 1 0 0 0.7517012641345177 0.6595037600336848 1.7012758261656569
cell 26.686674468969603 25.796702145450848 0.0 2.23606797749979 0.4472135954999579 1 0 0 0.779182470722833 0.6267971580330127 1.7867209227111513
cell 9.212267205999936 15.61761780601225 0.0 2.23606797749979 0.4472135954999579 1 0 0 0.6748944138224828 -0.7379143108730222 4.801542096132621
cell 10.089256937271 0.9791679690666975 0.0 2.23606797749979 0.4472135954999579 1 0 0 0.6994476341829269 -0.7146838511089406 4.733936661858466
cell 13.066805648486662 23.711065400861152 0.0 2.23606797749979 0.4472135954999579 1 0 0 0.7278058420004349 0.6857832429784487 1.6302340051910014
cell 41.29069347413111 7.558889064143591 0.0 2.23606797749979 0.4472135954999579 1 0 0 0.6547187864116975 -0.755872549256549 4.855564262904882
cell 42.00424295539333 9.563261195619669 0.0 2.23606797749979 0.4472135954999579 1 0 0 0.6756972435943882 -0.737179242110727 4.799365068944044
cell 19.829832329934348 4.103982600500477 0.0 2.23606797749979 0.4472135954999579 1 0 0 0.7622129576045106 0.6473263529779895 1.733449761156803
cell 16.952694096655375 19.653953890975867 0.0 2.23606797749979 0.4472135954999579 1 0 0 0.757773964376913 0.6525171407039795 1.719789729028628
cell 12.637095889093542 6.194587265635421 0.0 2.23606797749979 0.4472135954999579 1 0 0 0.7079966806939698 0.7062157603213914 1.5733149292049866
cell 6.77477293043093 34.50983980346311 0.0 2.23606797749979 0.4472135954999579 1 0 0 0.6488209371578737 -0.7609411222332372 4.871117444265965
cell 22.882905315105475 37.58065401225837 0.0 2.23606797749979 0.4472135954999579 1 0 0 0.7662996461192073 0.6424833479224015 1.7461234907355525
cell 11.014894072523697 24.0311829611455 0.0 2.23606797749979 0.4472135954999579 1 0 0 0.6922869535384827 -0.7216223208579449 4.753878430427701
cell 5.771202349227543 6.001174918440701 0.0 2.23606797749979 0.4472135954999579 1 0 0 0.6348316889709643 -0.7726504556901994 4.907603977963935
cell 21.984012123644487 10.330982618810895 0.0 2.23606797749979 0.4472135954999579 1 0 0 0.8130863317227671 0.5821431242964349 1.8988686521958789
cell 7.291854962271542 5.625616298084606 0.0 2.23606797749979 0.4472135954999579 1 0 0 0.6710546995693383 -0.7414078433533767 4.8119244340686205
cell 3.788914204203584 6.674180889607498 0.0 2.23606797749979 0.4472135954999579 1 0 0 0.5872969718194648 -0.8093715258715782 5.027755076988662
cell 5.395335581730339 2.4225189985242643 0.0 2.23606797749979 0.4472135954999579 1 0 0 -0.6519612180782501 0.7582523129683973 4.862849171444232
cell 13.443525380678398 38.39281106763433 0.0 2.23606797749979 0.4472135954999579 1 0 0 0.7178679584104096 0.6961792831503034 1.6014699479802423
cell 22.107941846557093 36.974752815079945 0.0 2.23606797749979 0.4472135954999579 1 0 0 0.7641429297173516 0.6450469618275732 1.7394231765965997
cell 9.724772577955408 12.043205462772804 0.0 2.23606797749979 0.4472135954999579 1 0 0 0.6937229425302675 -0.7202419586549698 4.749894730886992
cell 14.083885024511204 34.86623751419068 0.0 2.23606797749979 0.4472135954999579 1 0 0 0.7298040308495357 0.6836564024096973 1.6360705163150835
cell 13.245380932068375 19.260688383968418 0.0 2.23606797749979 0.4472135954999579 1 0 0 0.7383117949284828 0.6744595565854797 1.6611277369049617
cell 10.55312837392909 27.10170844994053 0.0 2.23606797749979 0.4472135954999579 1 0 0 0.7007582071310674 -0.7133988611838765 4.730265802827858
cell 17.97135870735041 21.896094392880364 0.0 2.23606797749979 0.4472135954999579 1 0 0 0.7706707465967704 0.6372335524279749 1.7597861483983153
cell 41.70221437243043 38.653454602407436 0.0 2.23606797749979 0.4472135954999579 1 0 0 0.5636365248657761 -0.826022922101579 5.085621963743946
cell 14.00324692980472 39.35080650790524 0.0 2.23606797749979 0.4472135954999579 1 0 0 0.6990891262732022 0.7150345400933935 1.5482456284909065
cell 11.35863974392627 37.276646890803356 0.0 2.23606797749979 0.4472135954999579 1 0 0 0.7057296137083945 -0.7084812716896617 4.716280414876185
cell 22.82366647411973 10.505619326629807 0.0 2.23606797749979 0.4472135954999579 1 0 0 0.8235084538113534 0.5673039983123986 1.9351359542420148
cell 12.00613378568042 3.616775020006027 0.0 2.23606797749979 0.4472135954999579 1 0 0 0.6988329637418593 0.7152849004332253 1.5475292499775593
cell 17.07176436754959 13.602503016381723 0.0 2.23606797749979 0.4472135954999579 1 0 0 0.7584324417788383 0.6517516637933417 1.7218091819012535
cell 23.820955494104602 6.234275176959752 0.0 2.23606797749979 0.4472135954999579 1 0 0 0.8383467489786557 0.5451373482682312 1.9884867769862542
cell 14.219108633509999 21.51895429411121 0.0 2.23606797749979 0.4472135954999579 1 0 0 0.7487859595893854 0.6628118788327524 1.6924570548042748
cell 39.286180734117536 39.22071462177449 0.0 2.23606797749979 0.4472135954999579 1 0 0 -0.5608938241761421 0.8278877448066634 5.092255207559036
cell 37.871580877000646 10.396010872072415 0.0 2.23606797749979 0.4472135954999579 1 0 0 0.6333033894822484 -0.7739036224687771 4.91155676309527
cell 10.766398064207548 1.950867756567676 0.0 2.23606797749979 0.4472135954999579 1 0 0 0.707787394627971 -0.7064255120009106 4.710462987205458
cell 36.83873966783554 9.977499476696215 0.0 2.23606797749979 0.4472135954999579 1 0 0 0.6210513089342278 -0.7837699099041009 4.943018626269484
cell 14.139591659738262 11.603269201141687 0.0 2.23606797749979 0.4472135954999579 1 0 0 0.735717038795929 0.6772890363983086 1.6534495252639232
cell 7.110549036833724 35.783642234398336 0.0 2.23606797749979 0.4472135954999579 1 0 0 0.648435122320973 -0.7612699206855508 4.8721312716992475
cell 17.170412854555337 36.54032180724724 0.0 2.23606797749979 0.4472135954999579 1 0 0 0.7510592091429434 0.6602348554579471 1.6993298197871731
cell 40.84316127380525 12.065392196439678 0.0 2.23606797749979 0.4472135954999579 1 0 0 0.6694634587226361 -0.7428449888335555 4.816212760700201
cell 9.501860478823511 8.761526062683322 0.0 2.23606797749979 0.4472135954999579 1 0 0 0.661887322126935 -0.7496033436475821 4.836517842907534
cell 24.58445652278131 19.813020362316383 0.0 2.23606797749979 0.4472135954999579 1 0 0 0.8207050768456607 0.5713520603268689 1.9252879539428926
cell 17.36021820632194 41.150193554621346 0.0 2.23606797749979 0.4472135954999579 1 0 0 0.7593233419221055 0.6507135025587262 1.724545224376218
cell 16.436320137223035 29.694897080725028 0.0 2.23606797749979 0.4472135954999579 1 0 0 0.7619677769733357 0.6476149371766473 1.7326924121399505
cell 11.454885175347359 18.47279912579344 0.0 2.23606797749979 0.4472135954999579 1 0 0 0.6953543559058725 0.7186670437154672 1.537825714161284
cell 22.00392440803155 19.3477121513899 0.0 2.23606797749979 0.4472135954999579 1 0 0 0.8061442475641474 0.5917190651983716 1.8752133942223737
cell 1.4336617350550507 26.77478324342561 0.0 2.23606797749979 0.4472135954999579 1 0 0 0.6019391795986496 -0.7985419363215088 4.991330721060518
cell 12.934330191658702 28.158750611612103 0.0 2.23606797749979 0.4472135954999579 1 0 0 -0.7199911601542921 -0.6939832341632444 1.6075791620225992
cell 15.2338462239884 2.7582794385743954 0.0 2.23606797749979 0.4472135954999579 1 0 0 0.75764828120469 0.6526630692689598 1.7194045464434977
cell 24.835356958744303 2.370533602749711 0.0 2.23606797749979 0.4472135954999579 1 0 0 0.8327734301511154 0.5536139575862818 1.9681973047489063
cell 3.787275019569655 38.4159973583077 0.0 2.23606797749979 0.4472135954999579 1 0 0 0.6557091664527929 -0.7550135687719682 4.8529422786601915
cell 44.66376165038985 23.52398195342838 0.0 2.23606797749979 0.4472135954999579 1 0 0 0.5812446481672839 -0.8137288608479426 5.042670471379653
cell 17.98308385607094 10.793287736270475 0.0 2.23606797749979 0.4472135954999579 1 0 0 0.7388029032095448 0.6739215608727384 1.6625846195414422
cell 2.8618523794475994 30.464681526427746 0.0 2.23606797749979 0.4472135954999579 1 0 0 0.6214030481844536 -0.7834910667691557 4.942120909170531
cell 15.848908454557861 43.78198892347864 0.0 2.23606797749979 0.4472135954999579 1 0 0 0.7475910082450344 0.6641593817685427 1.6888550144079912
cell 18.20061314939277 6.327947718445348 0.0 2.23606797749979 0.4472135954999579 1 0 0 0.7454906795229469 0.6665160513779206 1.6825414478520242
cell 0.1489901816099194 1.2628135145921122 0.0 2.23606797749979 0.4472135954999579 1 0 0 0.616376366554586 -0.7874516967744539 4.9549200119543455
cell 33.81020892541642 25.535458839151133 0.0 2.23606797749979 0.4472135954999579 1 0 0 0.6885657635334497 0.7251739027913219 1.5190188161704317
cell 16.732266337375997 34.86711500373691 0.0 2.23606797749979 0.4472135954999579 1 0 0 0.7474343533469217 0.6643356737650546 1.6883833381402198
cell 23.149639342613934 42.31361653508933 0.0 2.23606797749979 0.4472135954999579 1 0 0 0.7790295591486577 0.6269871976146308 1.7862330826045862
cell 38.399206056655906 15.34432422816176 0.0 2.23606797749979 0.4472135954999579 1 0 0 0.6268583885659306 -0.7791332111292169 4.928156405238369
cell 10.804953805535089 6.376927197090574 0.0 2.23606797749979 0.4472135954999579 1 0 0 0.6964118016803278 -0.7176423917804465 4.74241469672432
cell 10.910236641669965 10.8637490457348 0.0 2.23606797749979 0.4472135954999579 1 0 0 0.7138693513127735 -0.7002789081903581 4.693168895565199
cell 8.324077089874693 7.453575891480748 0.0 2.23606797749979 0.4472135954999579 1 0 0 0.6882886861252896 -0.7254368921911283 4.764930520632397
cell 16.62838733689371 40.999368149141254 0.0 2.23606797749979 0.4472135954999579 1 0 0 0.7499829788490155 0.6614571274366594 1.696072691590922
cell 16.46529871263778 17.964844126312116 0.0 2.23606797749979 0.4472135954999579 1 0 0 0.7526860764595595 0.6583795791972243 1.7042648984527593
cell 3.536873416200118 2.0975239741157194 0.0 2.23606797749979 0.4472135954999579 1 0 0 0.6202711354315872 -0.7843874798531716 4.945008664880067
cell 10.918172121189086 19.73092185759854 0.0 2.23606797749979 0.4472135954999579 1 0 0 0.7162965853489751 -0.6977959600179685 4.686224398806888
cell 6.611068055831511 40.239691246445666 0.0 2.23606797749979 0.4472135954999579 1 0 0 0.6654035672827774 -0.7464838194142954 4.827116682953124
cell 4.514383014064189 36.33853180758659 0.0 2.23606797749979 0.4472135954999579 1 0 0 0.6721632702819039 -0.7404029565607745 4.808931958900227
cell 8.249140912505641 39.344382257726295 0.0 2.23606797749979 0.4472135954999579 1 0 0 0.6508961367974395 -0.7591667926761345 4.865656783664056
cell 4.998782512491792 23.31445777340701 0.0 2.23606797749979 0.4472135954999579 1 0 0 0.6234389449878032 -0.7818720367633664 4.9369185490259095
cell 1.8891899640085716 34.829638636382384 0.0 2.23606797749979 0.4472135954999579 1 0 0 0.606521900494519 -0.7950667797238901 4.979828002187562
cell 13.976616258195289 30.39234350050581 0.0 2.23606797749979 0.4472135954999579 1 0 0 0.741784426879038 0.6706384003617278 1.6714544918225511
cell 5.136319011736594 31.904284805634905 0.0 2.23606797749979 0.4472135954999579 1 0 0 0.6451827396811779 -0.7640282929430621 4.8806604306048955
cell 45.324484803387044 9.759966428400523 0.0 2.23606797749979 0.4472135954999579 1 0 0 -0.6012091184161724 0.799091731863901 4.9931585772110205
cell 7.682359935439145 31.347215191014744 0.0 2.23606797749979 0.4472135954999579 1 0 0 0.652827733494326 -0.7575064028644651 4.860562487389231
cell 43.69366457089368 18.962087066046596 0.0 2.23606797749979 0.4472135954999579 1 0 0 0.5622615174059333 -0.8269594827102337 5.0889493001721995
cell 28.227102115127195 35.05730304775979 0.0 2.23606797749979 0.4472135954999579 1 0 0 0.778483572448229 0.6276649802468216 1.7844924036320464
cell 43.72935055142985 13.84221752239557 0.0 2.23606797749979 0.4472135954999579 1 0 0 0.6053800010902318 -0.7959365893587196 4.982698892923316
cell 6.879884263133109 10.089263711403488 0.0 2.23606797749979 0.4472135954999579 1 0 0 0.6489968822134558 -0.7607910665072335 4.870654958012208
cell 14.546917383272618 36.27485313636658 0.0 2.23606797749979 0.4472135954999579 1 0 0 0.737382609731464 0.6754753044083962 1.6583744631667283
cell 20.111924235662084 28.053822206113473 0.0 2.23606797749979 0.4472135954999579 1 0 0 0.7595531413059508 0.6504452517562584 1.7252516697064098
cell 6.0883019035585235 2.536467689124195 0.0 2.23606797749979 0.4472135954999579 1 0 0 0.62688369537257 -0.7791128496411998 4.928091442952182
cell 0.7419583732861207 19.331652464756676 0.0 2.23606797749979 0.4472135954999579 1 0 0 0.6080250526365889 -0.7939178391787612 4.976044072058078
cell 18.331546914832792 32.2200660735598 0.0 2.23606797749979 0.4472135954999579 1 0 0 -0.7404070412233207 -0.6721587709067909 1.667351459131977
cell 14.909451955486313 45.26259471568747 0.0 2.23606797749979 0.4472135954999579 1 0 0 0.7152686845822835 0.6988495609613916 1.5940169957888422
cell 15.361620797542974 13.288886354267781 0.0 2.23606797749979 0.4472135954999579 1 0 0 0.7431887199838108 0.6690818533548978 1.6756472853152784
cell 18.50498540692396 23.159620151602347 0.0 2.23606797749979 0.4472135954999579 1 0 0 0.762540620475229 0.6469403389225724 1.7344624206520016
cell 3.3009735369095137 42.51116017831947 0.0 2.23606797749979 0.4472135954999579 1 0 0 0.6586466727308007 -0.7524523642734107 4.845147734198441
cell 15.50619041368644 33.0156653710457 0.0 2.23606797749979 0.4472135954999579 1 0 0 0.7613880827488838 0.6482963731565825 1.7309031101061956
cell 14.880664353884553 22.217057635216932 0.0 2.23606797749979 0.4472135954999579 1 0 0 0.7415788629616864 0.6708657019168981 1.6708415561918855
cell 27.105807182469498 34.71906259996689 0.0 2.23606797749979 0.4472135954999579 1 0 0 0.7804064922503852 0.6252725060751109 1.790631315791371
cell 28.836376363369208 17.354210536090932 0.0 2.23606797749979 0.4472135954999579 1 0 0 0.6892247363656411 0.7245476263032766 1.5208370213183349
cell 8.943426662402853 24.056759404342532 0.0 2.23606797749979 0.4472135954999579 1 0 0 0.6861582911493233 -0.7274522661226925 4.7707957814114055
cell 12.420662234372177 10.646192002604376 0.0 2.23606797749979 0.4472135954999579 1 0 0 0.7144690895217192 0.6996670065952842 1.591730015449856
cell 24.58883163916478 10.956780495507129 0.0 2.23606797749979 0.4472135954999579 1 0 0 0.843697237851251 0.5368193093045086 2.0082674039473494
cell 1.1616316415855064 42.43363626934582 0.0 2.23606797749979 0.4472135954999579 1 0 0 0.608714137873504 -0.7933896258162926 4.974307583800263
cell 38.91765747687525 10.897391396129022 0.0 2.23606797749979 0.4472135954999579 1 0 0 -0.6348674088083616 0.7726211058681718 4.907511515672439
cell 42.5191099881462 5.137252718533952 0.0 2.23606797749979 0.4472135954999579 1 0 0 -0.6413162976343809 0.7672766166048136 4.890760140482825
cell 4.096285454419665 40.78651767620716 0.0 2.23606797749979 0.4472135954999579 1 0 0 0.6670002273233785 -0.7450575123777771 4.822834778330872
cell 1.2078286548444026 22.95313776905829 0.0 2.23606797749979 0.4472135954999579 1 0 0 0.6026750371811406 -0.7979867164049229 4.989487077279678
cell 6.320703727040232 44.351106993804684 0.0 2.23606797749979 0.4472135954999579 1 0 0 0.6480017147150128 -0.7616388761915999 4.873269639525733
cell 24.731095642466688 6.447211829867096 0.0 2.23606797749979 0.4472135954999579 1 0 0 0.8477775806173117 0.5303519339105472 2.0235613800859618
cell 20.363423462003986 14.465179860144362 0.0 2.23606797749979 0.4472135954999579 1 0 0 0.7896497815738158 0.6135578395395376 1.820475976390786
cell 20.475979971827456 9.87906788636126 0.0 2.23606797749979 0.4472135954999579 1 0 0 0.786526302092469 0.6175567796702957 1.810327537794612
cell 37.494411945653496 5.5382067219418785 0.0 2.23606797749979 0.4472135954999579 1 0 0 0.592967621431367 -0.8052263035532476 5.013706683777592
cell 0.6236565934743391 26.608493581824767 0.0 2.23606797749979 0.4472135954999579 1 0 0 0.5873180999130423 -0.8093561944623231 5.027702867853522
cell 17.963524983594922 41.230545073118115 0.0 2.23606797749979 0.4472135954999579 1 0 0 0.7660798996235096 0.6427453519029395 1.7454395766785873
cell 27.659297505609523 30.273971790773796 0.0 2.23606797749979 0.4472135954999579 1 0 0 0.7627684129727665 0.6466717468476624 1.7351667817125973
cell 42.0235147685806 21.08281065251429 0.0 2.23606797749979 0.4472135954999579 1 0 0 0.6558097217782595 -0.7549262274031298 4.852675896316809
cell 12.03640028435555 40.80388730123434 0.0 2.23606797749979 0.4472135954999579 1 0 0 0.7042118779997072 0.7099898808322027 1.562624974092044
cell 24.92652646731694 29.045593458682678 0.0 2.23606797749979 0.4472135954999579 1 0 0 0.7967374919171585 0.6043255488340336 1.8437544951556755
cell 19.678116309519766 14.249127461345592 0.0 2.23606797749979 0.4472135954999579 1 0 0 0.7708735190426311 0.6369882397963327 1.7604226857590368
cell 7.714164864399038 21.99771834260135 0.0 2.23606797749979 0.4472135954999579 1 0 0 0.6691051268270725 -0.7431677665599654 4.81717730662975
cell 8.103856037114804 2.9480808007447092 0.0 2.23606797749979 0.4472135954999579 1 0 0 0.6593755709395797 -0.7518137112663638 4.843209518177792
cell 3.048518182801767 38.299733220017316 0.0 2.23606797749979 0.4472135954999579 1 0 0 0.6376064537069928 -0.770362259064651 4.900410876524164
cell 10.292168804706359 4.789235487739631 0.0 2.23606797749979 0.4472135954999579 1 0 0 0.6956183391673951 -0.718411529844834 4.744624815495597
cell 9.526561887516229 5.410749837951028 0.0 2.23606797749979 0.4472135954999579 1 0 0 0.6715803555945267 -0.7409317282850891 4.810505984441526
cell 17.99049671092865 16.507702727420845 0.0 2.23606797749979 0.4472135954999579 1 0 0 0.7719976828863753 0.6356253437505993 1.7639560868349962
cell 0.9381664959286098 40.72970711981686 0.0 2.23606797749979 0.4472135954999579 1 0 0 -0.5939404823948835 0.8045089827792683 5.011289240727594
cell 9.024512948529393 5.408345170862731 0.0 2.23606797749979 0.4472135954999579 1 0 0 0.6885307219996197 -0.7252071737529093 4.764263131911025
cell 13.219562037900717 4.148599348437552 0.0 2.23606797749979 0.4472135954999579 1 0 0 0.7118285171937283 0.7023533029108484 1.5841964035959688
cell 9.686328569109625 16.416350977042864 0.0 2.23606797749979 0.4472135954999579 1 0 0 0.678788459273801 -0.7343338665462048 4.790962259307899
cell 16.926351630103 0.11176477631466285 0.0 2.23606797749979 0.4472135954999579 1 0 0 0.7471697650226713 0.6646332388889123 1.6875869664019947
cell 11.726656598085839 11.795354821067907 0.0 2.23606797749979 0.4472135954999579 1 0 0 0.6965623162942949 0.7174962993066423 1.541190122839261
cell 18.535185070073844 12.066167906544186 0.0 2.23606797749979 0.4472135954999579 1 0 0 0.7554891195951893 0.6551611940379908 1.7128007244824903
cell 12.308026132009603 15.11247190977953 0.0 2.23606797749979 0.4472135954999579 1 0 0 0.709420133047458 0.7047858361423894 1.577350224059822
cell 4.537127614456609 43.2014538098815 0.0 2.23606797749979 0.4472135954999579 1 0 0 0.6505527702642339 -0.759461054367853 4.866561196231026
cell 3.0160096127172342 14.936747179780694 0.0 2.23606797749979 0.4472135954999579 1 0 0 0.6292241552758592 -0.7772238817852817 4.922076142813799
cell 7.6957709136815105 18.737596274057122 0.0 2.23606797749979 0.4472135954999579 1 0 0 0.6632273297597849 -0.748418004232732 4.832939770332432
cell 24.950117822760042 24.269171490133022 0.0 2.23606797749979 0.4472135954999579 1 0 0 0.7752201849704111 0.6316911150352216 1.7741271695711736
cell 9.570553368498333 20.188784889251615 0.0 2.23606797749979 0.4472135954999579 1 0 0 0.6702564128389877 -0.7421295985528488 4.8140768210074425
cell 12.151637123498043 19.320850156670883 0.0 2.23606797749979 0.4472135954999579 1 0 0 0.7090726156845061 0.7051354661952076 1.5763643041922712
cell 45.29082749531863 45.034500000290556 0.0 2.23606797749979 0.4472135954999579 1 0 0 0.6126211423672743 -0.790376705074622 4.9644399751964805
cell 12.171885002726981 37.10269863793928 0.0 2.23606797749979 0.4472135954999579 1 0 0 0.7104676374705808 0.7037298743885834 1.5803249987738646
cell 19.65068435839085 38.706763150316014 0.0 2.23606797749979 0.4472135954999579 1 0 0 0.7644865370960369 0.6446396936265325 1.740488884671044
cell 8.155651271627976 26.658791471082825 0.0 2.23606797749979 0.4472135954999579 1 0 0 0.6674459949621047 -0.7446582060308247 4.8216378583550314
cell 42.63833238837197 38.941960432812266 0.0 2.23606797749979 0.4472135954999579 1 0 0 0.5905765010176296 -0.8069816580603141 5.019639215355238
cell 20.59106812343015 32.60232674251197 0.0 2.23606797749979 0.4472135954999579 1 0 0 0.78849292626611 0.6150438238274626 1.8167095645412694
cell 43.90718841504957 27.38773768981581 0.0 2.23606797749979 0.4472135954999579 1 0 0 0.572538555204641 -0.8198777974821505 5.063987746246671
cell 11.03541820427062 28.448952789958017 0.0 2.23606797749979 0.4472135954999579 1 0 0 0.6981768310462234 -0.7159253540630149 4.737489841295196
cell 3.4344356137251233 11.075879179644282 0.0 2.23606797749979 0.4472135954999579 1 0 0 0.6012626722867211 -0.7990514369642489 4.993024536978398
cell 40.415300135754244 2.0849633510758596 0.0 2.23606797749979 0.4472135954999579 1 0 0 0.5958972071039467 -0.8030607191026816 5.006420465854724
cell 24.508638112545025 15.417015910125693 0.0 2.23606797749979 0.4472135954999579 1 0 0 0.8400204630906052 0.5425547175991057 1.9946418748984296
cell 3.3879868295816484 45.18787860601558 0.0 2.23606797749979 0.4472135954999579 1 0 0 0.6296864235818954 -0.7768494113769037 4.920886319156352
cell 17.366821566652792 9.154836227447408 0.0 2.23606797749979 0.4472135954999579 1 0 0 0.7381841065804807 0.6745993068422006 1.6607491371237888
cell 9.52165709587878 39.5327816331352 0.0 2.23606797749979 0.4472135954999579 1 0 0 0.6733389616137454 -0.739333918316293 4.805753850401593
cell 29.154717316373613 26.154732233816752 0.0 2.23606797749979 0.4472135954999579 1 0 0 0.7683657402243359 0.6400110071315246 1.7525674717467887
cell 15.518425931871764 26.645593633453387 0.0 2.23606797749979 0.4472135954999579 1 0 0 0.7473143661926668 0.6644706450115405 1.6880221503516513
cell 11.44809821789344 41.73172197436291 0.0 2.23606797749979 0.4472135954999579 1 0 0 0.7186934919454027 -0.6953270199232326 4.679342295027614
cell 20.914444066640698 40.704036442174036 0.0 2.23606797749979 0.4472135954999579 1 0 0 0.7708420598542259 0.6370263093151601 1.760323913925008
cell 11.927817102047769 33.803598202441414 0.0 2.23606797749979 0.4472135954999579 1 0 0 0.7113934686698676 0.7027939475648991 1.5829579611201006
cell 20.553358565287724 4.663113986147354 0.0 2.23606797749979 0.4472135954999579 1 0 0 0.7700386303968598 0.637997263079183 1.7578033978547989
cell 26.681188031587386 20.243782952279464 0.0 2.23606797749979 0.4472135954999579 1 0 0 0.7893495012248528 0.6139441056937318 1.819497467658839
cell 26.002991792265362 2.331607397268576 0.0 2.23606797749979 0.4472135954999579 1 0 0 0.8515669563783684 0.5242458572125124 2.037934099182488
cell 2.4996145214381813 18.928762383158027 0.0 2.23606797749979 0.4472135954999579 1 0 0 0.6325508439682386 -0.7745188375985887 4.913500794454065
cell 2.7700907524462712 10.963890999560187 0.0 2.23606797749979 0.4472135954999579 1 0 0 0.571059764610276 -0.8209084877398066 5.067592823171761
cell 14.387592481689815 2.940073595422937 0.0 2.23606797749979 0.4472135954999579 1 0 0 0.7137149008743963 0.70043632135252 1.5895753499781786
cell 4.059448939873104 18.418402330841165 0.0 2.23606797749979 0.4472135954999579 1 0 0 0.6360765623643595 -0.7716259500630723 4.904379495302398
cell 10.123063418575331 30.65284729980035 0.0 2.23606797749979 0.4472135954999579 1 0 0 0.7008718095062528 -0.7132872539443214 4.729947295838154
cell 16.755087031678745 9.027577089149613 0.0 2.23606797749979 0.4472135954999579 1 0 0 0.7385596243256184 0.6741881646217185 1.6618627825078984
cell 44.888299167498495 43.45324420470012 0.0 2.23606797749979 0.4472135954999579 1 0 0 0.6065019021103987 -0.7950820352243336 4.9798783078795354
cell 16.167816493780787 0.02833059448379771 0.0 2.23606797749979 0.4472135954999579 1 0 0 0.752485262011564 0.65860908774127 1.703654978408706
cell 19.035267840224765 18.71947170569329 0.0 2.23606797749979 0.4472135954999579 1 0 0 0.7667214037343265 0.6419799755877623 1.7474369034029045
cell 15.9033922497832 17.88330736138637 0.0 2.23606797749979 0.4472135954999579 1 0 0 0.7513595123246255 0.6598930847033486 1.7002397412193804
cell 17.616697904841757 32.08162175754332 0.0 2.23606797749979 0.4472135954999579 1 0 0 0.7445071864415124 0.6676144466209095 1.6795927321011868
cell 14.649819862734098 17.1347316613847 0.0 2.23606797749979 0.4472135954999579 1 0 0 0.7377652077205148 0.6750574036903125 1.6595076396578163
cell 39.60872271859674 42.593342055722836 0.0 2.23606797749979 0.4472135954999579 1 0 0 0.51120746136552 -0.8594573470767589 5.2100070760705295
cell 8.009048183384413 42.8006696831622 0.0 2.23606797749979 0.4472135954999579 1 0 0 0.6326313314515407 -0.77445309636275 4.913292946961247
cell 22.142812106389414 23.908937304274623 0.0 2.23606797749979 0.4472135954999579 1 0 0 -0.8045632177098745 -0.5938670126453675 1.8698792259266455
cell 4.755623293130785 14.005044205725907 0.0 2.23606797749979 0.4472135954999579 1 0 0 0.6166115038790383 -0.7872675868369221 4.9543227313465525
cell 23.97793638418481 1.9472470968211655 0.0 2.23606797749979 0.4472135954999579 1 0 0 0.8189301199709097 0.5738932466970067 1.91908856437037
cell 12.881569365999109 13.054079520231697 0.0 2.23606797749979 0.4472135954999579 1 0 0 0.7258034351492382 0.6879021540346895 1.6244032511121558
cell 7.357982267314693 16.361923449078045 0.0 2.23606797749979 0.4472135954999579 1 0 0 0.6613412843661471 -0.7500851322302922 4.837974246008422
cell 16.339133711786477 39.31783423981193 0.0 2.23606797749979 0.4472135954999579 1 0 0 0.7511563484433718 0.6601243369193563 1.6996241012245694
cell 15.271413573954844 37.09099098686021 0.0 2.23606797749979 0.4472135954999579 1 0 0 0.7418570205904098 0.6705580966633095 1.6716709961497305
cell 25.62760110228594 11.193346660057012 0.0 2.23606797749979 0.4472135954999579 1 0 0 0.8426806608597541 0.5384136920741969 2.0044856126991384
cell 18.23110260547237 0.2943851777872367 0.0 2.23606797749979 0.4472135954999579 1 0 0 -0.7497925298117387 -0.6616730025008675 1.6954969385893017
cell 4.077053888463121 2.164004584215152 0.0 2.23606797749979 0.4472135954999579 1 0 0 0.6343519096762014 -0.7730444066741292 4.9088455665621415
cell 8.939221903577595 35.00737914572205 0.0 2.23606797749979 0.4472135954999579 1 0 0 0.6865969654246862 -0.7270382431960593 4.769589381619172
cell 7.786822176743398 7.400096958976184 0.0 2.23606797749979 0.4472135954999579 1 0 0 0.6747720941078384 -0.738026165534341 4.8018735992421835
cell 5.521707051362245 38.84717832066986 0.0 2.23606797749979 0.4472135954999579 1 0 0 0.6593734256784377 -0.7518155927546872 4.843215225066149
cell 5.105191758873414 43.30045737472077 0.0 2.23606797749979 0.4472135954999579 1 0 0 0.6690563274621771 -0.7432116997752551 4.817308630739059
cell 8.391787320543841 17.662373380443242 0.0 2.23606797749979 0.4472135954999579 1 0 0 0.6866610304172884 -0.7269777364584611 4.7694131387347545
cell 20.320239985100738 45.142471513164836 0.0 2.23606797749979 0.4472135954999579 1 0 0 0.7688959578320226 0.6393739172265135 1.754225198259698
cell 21.236983476422846 19.240460450188653 0.0 2.23606797749979 0.4472135954999579 1 0 0 0.7986849183271753 0.6017494505495733 1.850213213622022
cell 12.580846461213632 1.8073518633234937 0.0 2.23606797749979 0.4472135954999579 1 0 0 0.7007793524186174 0.7133780899521257 1.552978785622096
cell 19.292590898648584 36.902391088312214 0.0 2.23606797749979 0.4472135954999579 1 0 0 0.7948481389032942 0.6068084014596118 1.8375145528906895
cell 42.69276613215218 23.192733138063144 0.0 2.23606797749979 0.4472135954999579 1 0 0 0.5846452496275865 -0.8112890558166659 5.034299864603034
cell 3.5098731261253513 33.848608904832325 0.0 2.23606797749979 0.4472135954999579 1 0 0 0.6268596696604671 -0.7791321804117515 4.92815311672399
cell 40.60180735556098 38.805936180537465 0.0 2.23606797749979 0.4472135954999579 1 0 0 0.5468002437242645 -0.8372630969194121 5.126109783550671
cell 24.10256415387218 23.738467298879094 0.0 2.23606797749979 0.4472135954999579 1 0 0 0.7862965429162756 0.6178492911689011 1.8095836231289235
cell 26.63262053122177 29.81198847232063 0.0 2.23606797749979 0.4472135954999579 1 0 0 0.7812014311395461 0.6242790433656451 1.7931760328373323
cell 41.63974351148189 14.050540283772097 0.0 2.23606797749979 0.4472135954999579 1 0 0 0.6753353685941015 -0.7375107727524183 4.800346631141864
cell 6.9462407916910465 23.15693886849186 0.0 2.23606797749979 0.4472135954999579 1 0 0 0.6502603109550579 -0.7597114768098685 4.867331245187444
cell 2.434110614431766 1.1829087014270994 0.0 2.23606797749979 0.4472135954999579 1 0 0 -0.6405454992267136 0.7679202194371498 4.892768477980145
cell 19.14750603920218 43.07813039505362 0.0 2.23606797749979 0.4472135954999579 1 0 0 0.75989412024424 0.6500468644784255 1.7263004386338616
cell 6.255617992403839 38.964222439979494 0.0 2.23606797749979 0.4472135954999579 1 0 0 0.6619416888542368 -0.7495553352200228 4.836372783607156
cell 1.1857378930631441 5.458507781735945 0.0 2.23606797749979 0.4472135954999579 1 0 0 0.6172919061551604 -0.7867342007281295 4.952593629793767
cell 25.886095635597204 24.65807675782725 0.0 2.23606797749979 0.4472135954999579 1 0 0 0.7863556941384843 0.6177740058435468 1.8097751093927597
cell 3.004926536617064 6.494616500667367 0.0 2.23606797749979 0.4472135954999579 1 0 0 0.5862764638066307 -0.8101110467006314 5.030275654597936
cell 10.100301737780432 35.091079508249564 0.0 2.23606797749979 0.4472135954999579 1 0 0 0.682537462975235 -0.7308506082882669 4.7807273828559795
cell 19.705629634409007 44.22174529122925 0.0 2.23606797749979 0.4472135954999579 1 0 0 0.7712893629633909 0.6364846569867388 1.7617288585312403
cell 8.573683186579649 28.516607908932944 0.0 2.23606797749979 0.4472135954999579 1 0 0 0.6734834178897614 -0.7392023307779305 4.805363041517077
cell 21.60140424250803 41.39305470806403 0.0 2.23606797749979 0.4472135954999579 1 0 0 0.7748910439380082 0.6320948267662564 1.7730854076269256
cell 24.87862957129455 43.059344398129625 0.0 2.23606797749979 0.4472135954999579 1 0 0 0.7939067481965107 0.6080395342147105 1.8344149369117286
cell 26.14106360696846 34.23926059615955 0.0 2.23606797749979 0.4472135954999579 1 0 0 0.7790664865319105 0.626941312694278 1.7863508800162842
cell 10.501160435416377 22.61591646993749 0.0 2.23606797749979 0.4472135954999579 1 0 0 0.6969697777833743 -0.7171005012246149 4.740859084000573
cell 9.093344648304674 43.995807079721516 0.0 2.23606797749979 0.4472135954999579 1 0 0 0.6854141109645804 -0.7281534841574501 4.772840786028246
cell 42.482687714607586 34.730939256992606 0.0 2.23606797749979 0.4472135954999579 1 0 0 0.5656774660255652 -0.8246265848436464 5.080676176982704
cell 28.716376719140417 30.608482764099215 0.0 2.23606797749979 0.4472135954999579 1 0 0 0.7750577726032817 0.6318903774605527 1.7736130361584903
cell 0.1905074275714936 23.321771628417352 0.0 2.23606797749979 0.4472135954999579 1 0 0 0.5971320348346661 -0.8021429629275638 5.003343404666875
cell 43.62896594400738 23.523362614219995 0.0 2.23606797749979 0.4472135954999579 1 0 0 0.5703601357176545 -0.8213947379817689 5.0692968418678
cell 6.73637742107075 20.80716009543877 0.0 2.23606797749979 0.4472135954999579 1 0 0 0.6427714772620134 -0.7660579795409803 4.886964023981135
cell 25.55551485431085 15.618043089959464 0.0 2.23606797749979 0.4472135954999579 1 0 0 0.8474329453969808 0.530902442126421 2.0222624070367177
cell 12.830258349077551 32.68141801556779 0.0 2.23606797749979 0.4472135954999579 1 0 0 0.7309882244988478 0.6823900758686502 1.6395380216203905
cell 42.78783482607529 27.558177576051857 0.0 2.23606797749979 0.4472135954999579 1 0 0 0.5622782053556646 -0.8269481360895694 5.088908940119338
cell 27.556588235737607 21.39082936972089 0.0 2.23606797749979 0.4472135954999579 1 0 0 0.7820686090814228 0.6231923384393044 1.795956626652445
cell 17.483149825889637 0.21028413641035332 0.0 2.23606797749979 0.4472135954999579 1 0 0 0.7473142567386877 0.664470768111813 1.6880218209045348
cell 12.328275891728518 26.213554218801583 0.0 2.23606797749979 0.4472135954999579 1 0 0 0.7178004895030988 0.6962488472300057 1.6012761314211368
cell 45.12358367631253 12.692324523837048 0.0 2.23606797749979 0.4472135954999579 1 0 0 0.5751737190715084 -0.8180312908987342 5.057552318024378
cell 41.24161557891267 35.16664765042555 0.0 2.23606797749979 0.4472135954999579 1 0 0 0.5523840920528826 -0.8335897161355293 5.112742172717247
cell 32.617799122632626 26.08558630364111 0.0 2.23606797749979 0.4472135954999579 1 0 0 0.6881148867430165 0.7256017520945258 1.5177756831625167
cell 5.29680214422093 25.091658883165742 0.0 2.23606797749979 0.4472135954999579 1 0 0 0.6273318872129281 -0.7787520165533224 4.926940658085745
cell 11.800510117475607 29.791279356579828 0.0 2.23606797749979 0.4472135954999579 1 0 0 0.7267712332975681 0.6868795923967547 1.6272191104031963
cell 41.93939513421197 31.406956236879953 0.0 2.23606797749979 0.4472135954999579 1 0 0 0.5557880020857549 -0.8313240624073893 5.104564198977077
cell 44.27879648358368 30.61714529131318 0.0 2.23606797749979 0.4472135954999579 1 0 0 0.564806186533604 -0.8252235888856836 5.08278856130666
cell 23.959197530463864 42.77452292038233 0.0 2.23606797749979 0.4472135954999579 1 0 0 0.7946532763954701 0.6070635636520648 1.8368724340783242
cell 5.918864194816348 25.1556343307272 0.0 2.23606797749979 0.4472135954999579 1 0 0 0.6336611005530273 -0.7736107610716945 4.910632155044547
cell 13.784746593804707 5.8816979644866905 0.0 2.23606797749979 0.4472135954999579 1 0 0 0.726537422468088 0.6871268978532473 1.626538441632321
cell 6.061778796729161 30.763386246654996 0.0 2.23606797749979 0.4472135954999579 1 0 0 0.6753098067556538 -0.7375341788009838 4.800415949269202
cell 45.234268014791276 30.594950845845574 0.0 2.23606797749979 0.4472135954999579 1 0 0 -0.586876435053127 0.8096765094649423 5.028794049885579
cell 20.0795812828854 8.650831324797226 0.0 2.23606797749979 0.4472135954999579 1 0 0 0.7806488523792002 0.6249698946981667 1.7914067178274222
cell 15.52888793482228 4.418681700003349 0.0 2.23606797749979 0.4472135954999579 1 0 0 0.7618543812208932 0.6477483321588176 1.732342253215926
cell 21.38812034337914 36.26987497842613 0.0 2.23606797749979 0.4472135954999579 1 0 0 0.7634183971910349 0.6459042892180477 1.7371782197877146
cell 19.429131254879024 27.88924321201168 0.0 2.23606797749979 0.4472135954999579 1 0 0 0.7589361342647853 0.6511650667129063 1.7233555353989447
cell 1.5669843351346509 1.5789408306271293 0.0 2.23606797749979 0.4472135954999579 1 0 0 -0.639807733210865 0.7685350119048413 4.894689174253221
cell 11.35873212846338 32.856354129305934 0.0 2.23606797749979 0.4472135954999579 1 0 0 0.7102673363565901 -0.7039320357143255 4.703429482327958
cell 7.222577206283464 43.69711143020028 0.0 2.23606797749979 0.4472135954999579 1 0 0 0.6387853643747954 -0.7693849870257151 4.897348268838577
cell 2.5101777205170315 28.8106701437798 0.0 2.23606797749979 0.4472135954999579 1 0 0 -0.6220468362247654 0.7829800339362173 4.9404769899082455
cell 4.281252711612367 20.357161689550892 0.0 2.23606797749979 0.4472135954999579 1 0 0 0.6098222557640777 -0.792538211302655 4.9715127083102
cell 10.273674599140548 38.79350003840094 0.0 2.23606797749979 0.4472135954999579 1 0 0 0.696708142219182 -0.7173546992705185 4.741588658716328
cell 21.912077428031708 14.810650843280941 0.0 2.23606797749979 0.4472135954999579 1 0 0 0.8159875436783999 0.5780694841986485 1.9088709772434955
cell 18.60825549448712 2.079804864703181 0.0 2.23606797749979 0.4472135954999579 1 0 0 0.7618041503820403 0.6478074069202187 1.7321871666000048
cell 13.786047195632635 20.528576253995446 0.0 2.23606797749979 0.4472135954999579 1 0 0 0.7433094738913499 0.6689477005142963 1.6760082755695285
cell 16.395156445566272 24.105369280286247 0.0 2.23606797749979 0.4472135954999579 1 0 0 0.765473776450576 0.6434670912847786 1.7435545906289625
cell 2.1785272567756095 15.122795608165008 0.0 2.23606797749979 0.4472135954999579 1 0 0 0.6237921164507975 -0.7815902989762825 4.936014986595491
cell 7.464223982636179 40.37714664462812 0.0 2.23606797749979 0.4472135954999579 1 0 0 0.6300714518168883 -0.7765371630549041 4.919894864142011
cell 20.60947431320492 23.613525589233983 0.0 2.23606797749979 0.4472135954999579 1 0 0 0.7851871859821591 0.6192584944669054 1.8059966870522424
cell 15.831518596182143 28.55347162826343 0.0 2.23606797749979 0.4472135954999579 1 0 0 0.758803957786524 0.6513190874275889 1.7229496142139922
cell 20.438699896439097 19.02018124514296 0.0 2.23606797749979 0.4472135954999579 1 0 0 0.7983633155786575 0.6021760675568674 1.849144699877504
cell 13.930644254523468 16.062317490192772 0.0 2.23606797749979 0.4472135954999579 1 0 0 0.7340884901308579 0.6790538186752192 1.6486467635540023
cell 24.0892244338715 28.7300869101889 0.0 2.23606797749979 0.4472135954999579 1 0 0 0.7886063926521601 0.6148983310012697 1.8170785782718186
cell 2.1956602266743817 36.39585716208278 0.0 2.23606797749979 0.4472135954999579 1 0 0 0.5963441633007729 -0.8027288701031632 5.005307104083572
cell 22.86406893739883 6.125723960412083 0.0 2.23606797749979 0.4472135954999579 1 0 0 0.808226528441561 0.5888716997133608 1.8822684340552434
cell 19.170710001017095 23.307321832718582 0.0 2.23606797749979 0.4472135954999579 1 0 0 0.7718833323532808 0.6357642025430456 1.7635963213072097
cell 0.27920418502980215 5.796196541874181 0.0 2.23606797749979 0.4472135954999579 1 0 0 0.6229255173617061 -0.7822811513897359 4.938231534509802
cell 4.27768376069924 6.737512776199941 0.0 2.23606797749979 0.4472135954999579 1 0 0 0.6008913138612876 -0.7993307381341315 4.993953872714337
cell 2.464594816419726 6.270094087841995 0.0 2.23606797749979 0.4472135954999579 1 0 0 0.5875743828824032 -0.8091701579892595 5.027069494249612
cell 44.26647990623248 34.91574805330742 0.0 2.23606797749979 0.4472135954999579 1 0 0 0.5984128979399488 -0.8011878703394806 5.00014789989338
cell 45.28196726597899 14.802925220298178 0.0 2.23606797749979 0.4472135954999579 1 0 0 0.571769814139807 -0.8204140903461682 5.065862390666376
cell 17.697571287460907 4.689120592722354 0.0 2.23606797749979 0.4472135954999579 1 0 0 0.7330047319646881 0.6802235389321483 1.6454575456053386
cell 23.714662465893593 37.901044342519235 0.0 2.23606797749979 0.4472135954999579 1 0 0 0.7673830309295557 0.6411889611037986 1.7494993820607836
cell 9.454013043204823 1.4624366553507833 0.0 2.23606797749979 0.4472135954999579 1 0 0 0.6955685056695811 -0.7184597789163886 4.744763543292555
cell 8.596556818022805 43.940783583328106 0.0 2.23606797749979 0.4472135954999579 1 0 0 0.6666943924888938 -0.7453311928423932 4.8236555973001
cell 42.39235405646253 43.66780157272868 0.0 2.23606797749979 0.4472135954999579 1 0 0 0.5943664294401105 -0.8041943468805374 5.010230134235005
cell 7.86967397900401 11.917272791587466 0.0 2.23606797749979 0.4472135954999579 1 0 0 0.6627888263743712 -0.7488063645785095 4.834111280446775
cell 9.90662132377016 26.192491854605056 0.0 2.23606797749979 0.4472135954999579 1 0 0 0.6949718291308772 -0.7190369647761392 4.746423864283345
cell 14.88156183242203 32.22589400481646 0.0 2.23606797749979 0.4472135954999579 1 0 0 0.7673493002344021 0.6412293282670197 1.749394172409844
cell 11.20558293202331 44.728628833483 0.0 2.23606797749979 0.4472135954999579 1 0 0 0.7267414520385019 -0.6869111018821649 4.6560529094297385
cell 13.091761340232189 8.578765821479877 0.0 2.23606797749979 0.4472135954999579 1 0 0 0.7276287280952454 0.685971161238208 1.629717545674164
cell 13.640822466960568 42.42400507341274 0.0 2.23606797749979 0.4472135954999579 1 0 0 0.7094295120975097 0.7047763952950534 1.577376839557435
cell 15.355657312175545 41.568365854733145 0.0 2.23606797749979 0.4472135954999579 1 0 0 0.7332088458668763 0.6800035208310051 1.6460577803946441
cell 18.55101008321323 17.464681362307967 0.0 2.23606797749979 0.4472135954999579 1 0 0 0.7672484628854427 0.6413499794963163 1.749079689404727
cell 0.4756333181941974 31.101237457684068 0.0 2.23606797749979 0.4472135954999579 1 0 0 -0.5962223226923442 0.8028193706702312 5.0056106530025035
cell 4.6735621813299835 21.711126278092912 0.0 2.23606797749979 0.4472135954999579 1 0 0 0.6174815253921879 -0.7865853836674928 4.95211154277727
cell 12.899877595051102 42.836512883495814 0.0 2.23606797749979 0.4472135954999579 1 0 0 0.7484220452482987 0.6632227696531184 1.6913593026984275
cell 19.90024500112957 23.46734413282674 0.0 2.23606797749979 0.4472135954999579 1 0 0 0.7773063278013905 0.6291223034990233 1.7807455665411576
cell 6.053835259112055 27.551979597780296 0.0 2.23606797749979 0.4472135954999579 1 0 0 0.6430112849049334 -0.7658567016648131 4.88633785949847
cell 6.7041706265345065 29.975159555618124 0.0 2.23606797749979 0.4472135954999579 1 0 0 0.6621937068654604 -0.7493326995319107 4.835700237017936
cell 18.79603170688923 7.606171453149244 0.0 2.23606797749979 0.4472135954999579 1 0 0 0.7550241994507851 0.6556969256018371 1.711382050354621
cell 7.680629362350877 25.607148135830233 0.0 2.23606797749979 0.4472135954999579 1 0 0 0.6656249804434856 -0.7462863963718014 4.826523388267195
cell 40.41573208863336 16.525633703067772 0.0 2.23606797749979 0.4472135954999579 1 0 0 0.6637251486623712 -0.7479765551359971 4.831609054763857
cell 11.983253478411603 7.642749084809015 0.0 2.23606797749979 0.4472135954999579 1 0 0 0.6958733075971929 0.7181645631564834 1.5392704253334848
cell 42.35444364992201 16.6132722415585 0.0 2.23606797749979 0.4472135954999579 1 0 0 0.6701180313912966 -0.7422545547211236 4.814449720292267
cell 25.527487344028028 38.66678012814581 0.0 2.23606797749979 0.4472135954999579 1 0 0 0.7819068199140273 0.6233953199791709 1.7954374841263834
cell 39.53156850657315 1.606881065176436 0.0 2.23606797749979 0.4472135954999579 1 0 0 -0.5756672815204579 0.8176840349345497 5.0563453538878305
cell 17.048587732621606 30.581372580479993 0.0 2.23606797749979 0.4472135954999579 1 0 0 0.7549395226105146 0.655794416872093 1.7111237891296764
cell 7.513374367400682 37.352264090770824 0.0 2.23606797749979 0.4472135954999579 1 0 0 0.6557711629509946 -0.7549597219997237 4.852778046621
cell 3.7848547146381555 26.071199475620777 0.0 2.23606797749979 0.4472135954999579 1 0 0 0.6209183933577771 -0.7838752125115304 4.943357773374225
cell 16.05044024660933 8.955181543961961 0.0 2.23606797749979 0.4472135954999579 1 0 0 0.7455639469943643 0.6664340934722537 1.68276131345353
cell 18.012486983747664 27.61349543292358 0.0 2.23606797749979 0.4472135954999579 1 0 0 0.7456234297925901 0.6663675419348802 1.682939833036958
cell 9.810087806281826 42.56173573373556 0.0 2.23606797749979 0.4472135954999579 1 0 0 0.69614676130699 -0.717899496254029 4.743153206335319
cell 39.35603320685341 27.268152142755323 0.0 2.23606797749979 0.4472135954999579 1 0 0 0.7171478136767855 -0.6969210954897309 4.683783105875806
cell 13.619486469402196 10.369277796950263 0.0 2.23606797749979 0.4472135954999579 1 0 0 0.7359511763383221 0.6770346121478872 1.654141051370882
cell 43.88355440491053 2.3816506294451316 0.0 2.23606797749979 0.4472135954999579 1 0 0 -0.6260849797567842 0.7797548320613006 4.93014091913356
cell 21.236644600657037 10.097549055787955 0.0 2.23606797749979 0.4472135954999579 1 0 0 0.7908536035302309 0.6120053739823272 1.8244050158918748
cell 17.90406842053107 36.6463435710152 0.0 2.23606797749979 0.4472135954999579 1 0 0 0.7587711080716122 0.6513573562613519 1.7228487458362338
cell 17.546891845494173 15.248654352909204 0.0 2.23606797749979 0.4472135954999579 1 0 0 0.7626947422632258 0.64675863359064 1.7349389512531452
cell 25.581405497322375 30.113855630663288 0.0 2.23606797749979 0.4472135954999579 1 0 0 0.7890636382695144 0.614311463966673 1.8185665117332543
cell 8.969519492381982 39.49510410344926 0.0 2.23606797749979 0.4472135954999579 1 0 0 0.6774106850895988 -0.7356050324232701 4.794711459445933
cell 0.40040705668419524 37.50364344491617 0.0 2.23606797749979 0.4472135954999579 1 0 0 0.5792611651865809 -0.8151420137047806 5.0475412859575775
cell 40.58947588055745 23.019450822026737 0.0 2.23606797749979 0.4472135954999579 1 0 0 0.6229223024759589 -0.7822837113720635 4.938239753755481
cell 19.37783581483479 8.524348633556935 0.0 2.23606797749979 0.4472135954999579 1 0 0 0.7571551261755902 0.6532351145690394 1.7178939998732972
cell 9.035337053571817 19.624017942106057 0.0 2.23606797749979 0.4472135954999579 1 0 0 0.6874266738476813 -0.7262537904085001 4.767305715807585
cell 11.776712648800283 22.659734545662158 0.0 2.23606797749979 0.4472135954999579 1 0 0 0.6873265688659806 0.7263485304803187 1.5156039344214303
cell 37.90068712435939 19.783261416130234 0.0 2.23606797749979 0.4472135954999579 1 0 0 0.6250407368123996 -0.7805921325026358 4.932817869356047
cell 20.65323457571071 35.4031910367077 0.0 2.23606797749979 0.4472135954999579 1 0 0 0.7639669498306166 0.6452553754650201 1.7388776303922486
cell 22.43411511434692 1.2628482852512488 0.0 2.23606797749979 0.4472135954999579 1 0 0 0.7701350736672153 0.6378808417781433 1.7581057567394125
cell 3.86833147881318 14.715270292846455 0.0 2.23606797749979 0.4472135954999579 1 0 0 0.6161795338293927 -0.7876057275628411 4.955419886361786
cell 10.863574804492947 35.86711135877062 0.0 2.23606797749979 0.4472135954999579 1 0 0 0.6981792166369054 -0.7159230276058154 4.737483176928459
cell 13.380419427818362 33.87709552068861 0.0 2.23606797749979 0.4472135954999579 1 0 0 0.7195381562100168 0.6944529082363248 1.6062740852837638
cell 14.806699206138811 40.7571879077806 0.0 2.23606797749979 0.4472135954999579 1 0 0 0.7097588601564314 0.7044447177951179 1.5783116766809102
cell 23.608696086939702 15.187143016750456 0.0 2.23606797749979 0.4472135954999579 1 0 0 0.8267248355330583 0.562606475534043 1.9465222476120572
cell 14.66603076279095 12.615025708315908 0.0 2.23606797749979 0.4472135954999579 1 0 0 0.7461224119664592 0.6658087911415359 1.6844380795922969
cell 3.256307957940588 32.097100572244834 0.0 2.23606797749979 0.4472135954999579 1 0 0 0.6225638962582131 -0.782568971449669 4.939155894208607
cell 5.832988861907183 43.415798826484746 0.0 2.23606797749979 0.4472135954999579 1 0 0 0.665105223884723 -0.7467496509281089 4.827915870488121
cell 39.9207084190278 35.38493461822176 0.0 2.23606797749979 0.4472135954999579 1 0 0 0.5523746085171224 -0.8335960003896107 5.112764926116982
cell 43.57839234224757 16.90202182040647 0.0 2.23606797749979 0.4472135954999579 1 0 0 0.5721924885682721 -0.8201193547442029 5.064831812666573
cell 45.001362986976 27.067281306758684 0.0 2.23606797749979 0.4472135954999579 1 0 0 0.5745862282180466 -0.8184440520537484 5.05898830868749
cell 14.349864874894198 43.92093760766538 0.0 2.23606797749979 0.4472135954999579 1 0 0 0.7045954723465249 0.709609202553615 1.563705826684782
cell 15.498888822885965 8.824552881237922 0.0 2.23606797749979 0.4472135954999579 1 0 0 0.7530937907829521 0.6579131722987184 1.7055038760582817
cell 23.267554959380462 1.4052367121978302 0.0 2.23606797749979 0.4472135954999579 1 0 0 0.7961378133198883 0.605115346196266 1.841771170296756
cell 41.657911498358445 27.5207858782378 0.0 2.23606797749979 0.4472135954999579 1 0 0 -0.5218277830859325 0.8530508571003378 5.185200922044775
cell 19.23422649167625 3.191194804185622 0.0 2.23606797749979 0.4472135954999579 1 0 0 0.7631406800757177 0.6462323904088769 1.7363185054388546
cell 19.16057666959129 13.01407822119968 0.0 2.23606797749979 0.4472135954999579 1 0 0 0.764158249790681 0.6450288127493555 1.739470677909718
cell 4.1129414441820025 27.67397469223869 0.0 2.23606797749979 0.4472135954999579 1 0 0 0.6223980208907193 -0.7827009030219115 4.939579783710547
cell 41.283405915950574 2.506419095814984 0.0 2.23606797749979 0.4472135954999579 1 0 0 0.610739630613281 -0.7918314868697462 4.969196645972623
cell 43.45666143873395 0.6924707239911106 0.0 2.23606797749979 0.4472135954999579 1 0 0 0.6159446349437879 -0.7877894431153314 4.956016305313008
cell 11.681092653950984 26.087339054172233 0.0 2.23606797749979 0.4472135954999579 1 0 0 0.713088069586034 0.7010744646712385 1.5877863341452163
cell 25.808882241124508 43.50425731209447 0.0 2.23606797749979 0.4472135954999579 1 0 0 0.805473542580148 0.5926317340502334 1.8729481703960345
cell 5.819136989133296 18.93990753073512 0.0 2.23606797749979 0.4472135954999579 1 0 0 0.6349949791327447 -0.7725162629202088 4.907181265879327
cell 44.23945325798953 39.86557473229059 0.0 2.23606797749979 0.4472135954999579 1 0 0 -0.6053759647313717 0.7959396593496024 4.982709035316892
