500
 Lattice="45.166306353340005 0.0 0.0 0.0 45.166306353340005 0.0 0.0 0.0 1.0"Properties=species:S:1:pos:R:3:aspherical_shape:R:3:orientation:R:4:Color:R:1
cell 4.896291522461426 8.206234277525638 0.0 2.23606797749979 0.4472135954999579 1 0 0 0.7379531134267672 -0.6748519855373776 4.623120872505636
cell 30.252197681910836 11.999502288835245 0.0 2.23606797749979 0.4472135954999579 1 0 0 0.5902490203311591 0.8072212175098639 1.2627345936243786
cell 24.61502845108081 38.583001680818974 0.0 2.23606797749979 0.4472135954999579 1 0 0 0.5843985257274081 0.8114667973045058 1.248277282334079
cell 0.545460664766307 30.17597379005151 0.0 2.23606797749979 0.4472135954999579 1 0 0 0.7239458390734043 -0.6898568127432712 4.664175147297529
cell 2.8203103742666444 28.318896273279147 0.0 2.23606797749979 0.4472135954999579 1 0 0 0.7340043397736317 -0.679144777785617 4.634786372941084
cell 44.94831986529148 9.491199125265622 0.0 2.23606797749979 0.4472135954999579 1 0 0 0.6837962744033924 -0.7296729781977954 4.777279821644096
cell 6.879650273140703 7.466764741699348 0.0 2.23606797749979 0.4472135954999579 1 0 0 0.7367390661432757 -0.6761771575691787 4.626715308533624
cell 32.78541265286882 37.869286119072264 0.0 2.23606797749979 0.4472135954999579 1 0 0 0.5860523723990958 0.8102731741859602 1.2523564716675986
cell 44.04924487462772 21.78508984646912 0.0 2.23606797749979 0.4472135954999579 1 0 0 0.6947022955443343 -0.7192973797849068 4.747173435714792
cell 33.74855203838417 41.93428952831185 0.0 2.23606797749979 0.4472135954999579 1 0 0 0.6301476689779811 0.7764753153073295 1.3634867509542052
cell 28.86940676289355 38.629195923668426 0.0 1.0 1.0 1 0 0 0.0 1.0 0
cell 38.55408517613734 44.26572800103385 0.0 2.23606797749979 0.4472135954999579 1 0 0 0.724348112238958 0.6894344147892951 1.6201767681983228
cell 15.435396443136849 15.726509853939358 0.0 2.23606797749979 0.4472135954999579 1 0 0 0.5317052217090386 0.8469294877422453 1.1212254243659137
cell 25.69224825458409 9.21857520689511 0.0 2.23606797749979 0.4472135954999579 1 0 0 0.510245219527043 0.8600289622738293 1.0709397910986935
cell 29.895280970199945 45.0197773070773 0.0 1.0 1.0 1 0 0 0.0 1.0 0
cell 5.8351420734021975 7.543444551610092 0.0 2.23606797749979 0.4472135954999579 1 0 0 0.7353650177325443 -0.677671226108365 4.630774988939531
cell 28.97882429680766 12.832886163653493 0.0 2.23606797749979 0.4472135954999579 1 0 0 0.5966358809600615 0.8025120719036015 1.2786051161679237
cell 26.221091844326118 35.69235781523495 0.0 2.23606797749979 0.4472135954999579 1 0 0 -0.6151806293643283 -0.7883861954999649 1.3252301176435104
cell 19.879937219680013 42.53787090771824 0.0 2.23606797749979 0.4472135954999579 1 0 0 0.5031014922607207 0.8642273361130369 1.0543675764014102
cell 4.871230347187524 39.87434720245779 0.0 2.23606797749979 0.4472135954999579 1 0 0 0.6714339063819562 -0.7410644434599912 4.810901259989158
cell 28.22014756655704 22.72950561356152 0.0 2.23606797749979 0.4472135954999579 1 0 0 0.5815314827821919 0.8135238991776119 1.2412199127713384
cell 24.960627434775677 19.609700986107544 0.0 2.23606797749979 0.4472135954999579 1 0 0 0.5434789139267439 0.8394228196308502 1.1491519753470778
cell 22.15621532545596 6.096041086882224 0.0 2.23606797749979 0.4472135954999579 1 0 0 0.4465735426676715 0.8947469312544444 0.9258642721880739
cell 16.15135763839181 5.33158856729846 0.0 2.23606797749979 0.4472135954999579 1 0 0 0.5939073393345516 0.8045334500718747 1.271813674441314
cell 38.74628855971445 8.334723328606472 0.0 2.23606797749979 0.4472135954999579 1 0 0 0.6840684588119635 -0.7294178114487093 4.77653364626599
cell 41.91123815305628 1.4502210586177144 0.0 2.23606797749979 0.4472135954999579 1 0 0 0.6644118065561301 -0.7473666779491975 4.82977226484084
cell 22.545822574433373 36.60234194874833 0.0 2.23606797749979 0.4472135954999579 1 0 0 0.5908362089871757 0.8067915307870197 1.2641898203708348
cell 21.600246854181123 41.82036504699194 0.0 2.23606797749979 0.4472135954999579 1 0 0 0.49605790956083334 0.868289439278249 1.0381055834584305
cell 18.48959701174837 28.662731747418132 0.0 2.23606797749979 0.4472135954999579 1 0 0 0.5412514023944018 0.8408608204727422 1.1438492748403528
cell 21.622187413687914 1.3593305721489781 0.0 2.23606797749979 0.4472135954999579 1 0 0 0.4609746471225811 0.8874133054615599 0.9581863736856803
cell 38.058921322706865 15.52663575578236 0.0 2.23606797749979 0.4472135954999579 1 0 0 0.6910007136472095 0.7228540749965011 1.525745061397871
cell 32.15594568478031 34.833395389466894 0.0 2.23606797749979 0.4472135954999579 1 0 0 0.5895487166435947 0.8077328213610554 1.261000046072403
cell 35.62853585148999 19.06463530255831 0.0 2.23606797749979 0.4472135954999579 1 0 0 0.639434994777058 0.7688451648117869 1.3875263313583501
cell 17.156708342941005 9.701709186779995 0.0 2.23606797749979 0.4472135954999579 1 0 0 0.5927787334517094 0.8053653662576926 1.2690095088962332
cell 28.610994761906237 41.9681922832918 0.0 2.23606797749979 0.4472135954999579 1 0 0 0.6219826296661646 0.7830310392274132 1.3425443170042541
cell 23.127779407259773 41.179286393591134 0.0 2.23606797749979 0.4472135954999579 1 0 0 0.5185872963436102 0.8550246874044191 1.0903957679567653
cell 16.426288019656024 10.990103826831069 0.0 2.23606797749979 0.4472135954999579 1 0 0 0.5513834414230541 0.8342519406776765 1.1680432651325965
cell 11.328857477095278 43.239873090137245 0.0 2.23606797749979 0.4472135954999579 1 0 0 0.7023898221975442 -0.7117924821696997 4.725686447610028
cell 28.994023950371734 4.604396892848241 0.0 2.23606797749979 0.4472135954999579 1 0 0 -0.5789729651834918 -0.8153467394836599 1.2349369939591126
cell 23.25380464808918 17.522629685745063 0.0 2.23606797749979 0.4472135954999579 1 0 0 0.5778517616947266 0.8161417410635856 1.232188085031772
cell 3.0072870062722625 3.0506571135901384 0.0 2.23606797749979 0.4472135954999579 1 0 0 0.6939452470083008 -0.7200277731828045 4.749277334099838
cell 5.722890583573596 3.0653760729794834 0.0 2.23606797749979 0.4472135954999579 1 0 0 0.7287210597263388 -0.6848106432520757 4.650280291708826
cell 37.50626045033005 38.749550853726525 0.0 2.23606797749979 0.4472135954999579 1 0 0 0.6777968941029865 0.7352491892850648 1.4895241462576314
cell 41.19406972918728 42.850200279662396 0.0 2.23606797749979 0.4472135954999579 1 0 0 0.6870678170040645 -0.7265932939666243 4.768293725736994
cell 38.69505349755663 12.709138857784694 0.0 2.23606797749979 0.4472135954999579 1 0 0 0.7074443200691267 -0.7067690811021171 4.711434048243419
cell 23.6205071515496 5.255432883283993 0.0 2.23606797749979 0.4472135954999579 1 0 0 0.47073412447188745 0.8822751181222814 0.9802453492266177
cell 21.932794441437697 13.2455165141874 0.0 2.23606797749979 0.4472135954999579 1 0 0 0.5802942804237543 0.8144068688975291 1.2381799748464413
cell 31.13261639337614 30.5134014469086 0.0 2.23606797749979 0.4472135954999579 1 0 0 0.6228772302410768 0.7823195996823834 1.3448303236158816
cell 14.529149512578579 2.247602819773611 0.0 2.23606797749979 0.4472135954999579 1 0 0 0.6736674433196335 0.7390346242302781 1.4783202248788532
cell 6.823732152057278 43.627530959306995 0.0 2.23606797749979 0.4472135954999579 1 0 0 0.7627829853595324 -0.6466545578947074 4.547973455984642
cell 39.41990724986004 6.603705107958566 0.0 2.23606797749979 0.4472135954999579 1 0 0 0.6931406103401996 -0.7208023961511335 4.751511147915177
cell 21.242089570006513 13.963717061240189 0.0 2.23606797749979 0.4472135954999579 1 0 0 0.5889298599496195 0.8081841498444037 1.2594681439394426
cell 33.132063947316375 19.317355677178124 0.0 2.23606797749979 0.4472135954999579 1 0 0 0.5949676417466848 0.8037496533587983 1.2744507779618401
cell 32.317879068147334 10.865218374188666 0.0 2.23606797749979 0.4472135954999579 1 0 0 0.6296600739723083 0.7768707686901261 1.3622311518454648
cell 39.422272505253495 38.445117487759966 0.0 2.23606797749979 0.4472135954999579 1 0 0 0.6951452108566839 0.7188693454467344 1.5372437600645679
cell 11.514494743040194 38.68793744445739 0.0 2.23606797749979 0.4472135954999579 1 0 0 0.7075226095622111 -0.7066907081307061 4.711212494029848
cell 25.75005887530489 42.81516725615324 0.0 2.23606797749979 0.4472135954999579 1 0 0 0.5647527756085752 0.8252601422838802 1.2002673027914799
cell 28.532565839226688 17.7070274527608 0.0 2.23606797749979 0.4472135954999579 1 0 0 0.6037705367418384 0.7971581643328207 1.2964453142599415
cell 29.639290163718172 12.538803398585955 0.0 2.23606797749979 0.4472135954999579 1 0 0 0.5897665337123723 0.8075737958310022 1.2615394286642632
cell 18.39823596895567 38.36649853510316 0.0 2.23606797749979 0.4472135954999579 1 0 0 0.5188084300148069 0.8548905268778987 1.0909130653481607
cell 18.922099875718228 42.95070985177321 0.0 2.23606797749979 0.4472135954999579 1 0 0 0.4831675527366967 0.8755279070266301 1.0085379866605593
cell 36.42081613361367 5.420315046262674 0.0 2.23606797749979 0.4472135954999579 1 0 0 0.684190096453101 0.7293037171957212 1.5069852067987213
cell 24.72372065786412 26.905667772932482 0.0 2.23606797749979 0.4472135954999579 1 0 0 0.5931485598900121 0.8050930293453078 1.2699280707983889
cell 3.8864076956281766 29.99863742290686 0.0 2.23606797749979 0.4472135954999579 1 0 0 0.754548415997698 -0.6562443812447958 4.573253880964158
cell 29.91025147571685 17.231731472660037 0.0 2.23606797749979 0.4472135954999579 1 0 0 0.6157977156882919 0.7879042920006729 1.326796037877966
cell 43.44208799554654 13.919411599260412 0.0 2.23606797749979 0.4472135954999579 1 0 0 0.68909230722967 -0.7246735762513286 4.762713803935012
cell 34.01830481134916 11.012503729627168 0.0 2.23606797749979 0.4472135954999579 1 0 0 0.5839136692237494 0.8118157592050413 1.2470825267142505
cell 37.144592729487734 5.248078028711852 0.0 2.23606797749979 0.4472135954999579 1 0 0 0.6972710281944681 0.7168075845306251 1.5431665850115583
cell 24.83364685857245 32.35535787678995 0.0 2.23606797749979 0.4472135954999579 1 0 0 0.6275215674456386 0.7785991795465552 1.3567318358818892
cell 35.42491366509513 7.706355539595639 0.0 2.23606797749979 0.4472135954999579 1 0 0 0.6961949781436514 0.717852737271065 1.5401664327589737
cell 8.005881401779629 19.78412673981853 0.0 2.23606797749979 0.4472135954999579 1 0 0 0.7053132863275383 0.7088957385468246 1.5657299688613637
cell 36.28406703107998 41.97416954255158 0.0 2.23606797749979 0.4472135954999579 1 0 0 0.6621501697462516 0.7493711715198351 1.4473688707708636
cell 1.4186417666690498 30.789016620004784 0.0 2.23606797749979 0.4472135954999579 1 0 0 0.7250423276720019 -0.6887043074382252 4.660993602855811
cell 36.34586526925804 26.265826728182727 0.0 2.23606797749979 0.4472135954999579 1 0 0 0.6346825281969479 0.7727729863300932 1.3751952582670757
cell 42.89969156556012 18.10651216432542 0.0 2.23606797749979 0.4472135954999579 1 0 0 0.6960992076521035 -0.7179456059522292 4.743285682059326
cell 20.90980759831553 22.3802627000127 0.0 2.23606797749979 0.4472135954999579 1 0 0 0.5655088516677114 0.8247422255986815 1.2021002116913333
cell 30.07586912379256 43.373296554015845 0.0 1.0 1.0 1 0 0 0.0 1.0 0
cell 25.62377790609575 19.144088406381403 0.0 2.23606797749979 0.4472135954999579 1 0 0 0.5473831152828342 0.836882145288845 1.158468166322807
cell 5.054686934653031 21.669281418255704 0.0 2.23606797749979 0.4472135954999579 1 0 0 0.7872710188972588 -0.6166071219216268 4.470444097380982
cell 36.75148772429969 15.815824179143396 0.0 2.23606797749979 0.4472135954999579 1 0 0 0.6653237365974478 0.7465549715325791 1.4558547498496213
cell 0.8881885819968572 14.110106267983918 0.0 2.23606797749979 0.4472135954999579 1 0 0 0.7099740942953058 -0.7042277937070933 4.704262461797812
cell 1.7749220472486185 14.9199337486708 0.0 2.23606797749979 0.4472135954999579 1 0 0 0.7279887028570206 -0.6855891251416935 4.652417935968523
cell 40.87735855355153 9.943664464647968 0.0 2.23606797749979 0.4472135954999579 1 0 0 0.690911715333715 -0.7229391410171562 4.757686472731452
cell 25.058718031471727 21.574492697374986 0.0 2.23606797749979 0.4472135954999579 1 0 0 0.5492235428493784 0.8356754752773214 1.1628696333960196
cell 24.251924948633466 15.044715961167453 0.0 2.23606797749979 0.4472135954999579 1 0 0 0.5498064646709455 0.835292075507745 1.1642650448093566
cell 25.794205022694623 4.5282017507126975 0.0 2.23606797749979 0.4472135954999579 1 0 0 -0.5392663008160657 -0.8421352960208689 1.1391312588252136
cell 8.171938285375964 37.378361400935155 0.0 2.23606797749979 0.4472135954999579 1 0 0 0.6740265466598135 0.7387071235597003 1.4792922576001277
cell 38.42460829911356 19.638741694213174 0.0 2.23606797749979 0.4472135954999579 1 0 0 0.6844701036481479 0.7290409297233549 1.507753220566105
cell 35.78126718578519 27.322733695480704 0.0 2.23606797749979 0.4472135954999579 1 0 0 0.6128748091766881 0.7901800227015602 1.3193873002282897
cell 17.16175948415481 3.5667013992950976 0.0 2.23606797749979 0.4472135954999579 1 0 0 0.6235124677303652 0.7818134065010591 1.3464548336846591
cell 38.77804298569396 26.533566220056873 0.0 2.23606797749979 0.4472135954999579 1 0 0 0.669480539116673 0.742829595360907 1.4670185333845074
cell 26.276645181388847 15.567290368718957 0.0 2.23606797749979 0.4472135954999579 1 0 0 0.5382317433519025 0.8427968856423069 1.1366752375196394
cell 29.835039239851707 41.66524181892099 0.0 1.0 1.0 1 0 0 0.0 1.0 0
cell 23.086515442627213 23.755125133960593 0.0 2.23606797749979 0.4472135954999579 1 0 0 0.5889069925949763 0.8082008129621874 1.2594115550570464
cell 22.386453715964517 41.47933776929047 0.0 2.23606797749979 0.4472135954999579 1 0 0 0.5007760791723382 0.8655768703753468 1.0489902934029478
cell 6.5465053393168136 26.295966990470724 0.0 2.23606797749979 0.4472135954999579 1 0 0 0.7433403834693946 -0.6689133533601892 4.607084616697613
cell 28.282451273103547 35.50638800848623 0.0 1.0 1.0 1 0 0 0.0 1.0 0
cell 9.297695688107456 41.47245531366925 0.0 2.23606797749979 0.4472135954999579 1 0 0 0.6880652044626504 0.7256488644019027 1.5176387467029366
cell 42.46679007191079 10.170435289792549 0.0 2.23606797749979 0.4472135954999579 1 0 0 0.6773646404507909 -0.7356474317680792 4.79483664432049
cell 29.47636779317557 31.75611966060849 0.0 2.23606797749979 0.4472135954999579 1 0 0 0.5570613579176008 0.8304713381658627 1.1816861198933404
cell 29.74514407792068 7.812023522475455 0.0 2.23606797749979 0.4472135954999579 1 0 0 0.5641518912034269 0.8256710262880712 1.1988114349998877
cell 27.81350968532032 28.947032745954573 0.0 2.23606797749979 0.4472135954999579 1 0 0 -0.5680129895858274 -0.8230195888688013 1.208179090248466
cell 16.383793369547835 15.150809256629625 0.0 2.23606797749979 0.4472135954999579 1 0 0 0.5339526879252745 0.8455143565057748 1.1265371867686516
cell 39.058649932674705 3.88123960598417 0.0 2.23606797749979 0.4472135954999579 1 0 0 0.6727001664384455 -0.7399151884328957 4.807481200129714
cell 5.01281188261756 17.18500734056084 0.0 2.23606797749979 0.4472135954999579 1 0 0 0.696950319040864 -0.7171194132003664 4.740913353899669
cell 43.317985623215016 5.774225503899676 0.0 2.23606797749979 0.4472135954999579 1 0 0 0.665502824321192 -0.7463953314568069 4.826850735000912
cell 8.194941984040174 41.95344216830405 0.0 2.23606797749979 0.4472135954999579 1 0 0 0.6928065605182054 0.7211234774315244 1.5307474824576803
cell 37.3968088007151 34.75325277038539 0.0 2.23606797749979 0.4472135954999579 1 0 0 0.6662032815230546 0.745770197639939 1.4582122650666374
cell 17.51813119326758 14.857369109742848 0.0 2.23606797749979 0.4472135954999579 1 0 0 0.5268313704100238 0.8499698272008814 1.10973661568119
cell 35.298927309660726 23.011999417152392 0.0 2.23606797749979 0.4472135954999579 1 0 0 0.6155318866095539 0.7881119822505449 1.3261213517581332
cell 2.413272305263476 31.832598733384746 0.0 2.23606797749979 0.4472135954999579 1 0 0 0.7446890729845107 -0.6674115556217693 4.603047607290304
cell 36.98777927822989 30.609876571684417 0.0 2.23606797749979 0.4472135954999579 1 0 0 0.6316359487747985 0.7752651341414498 1.3673231640373342
cell 18.88863555669201 33.27761368592074 0.0 2.23606797749979 0.4472135954999579 1 0 0 0.5676213809598011 0.8232897229270437 1.2072276077637727
cell 38.772633351639996 39.79108399106588 0.0 2.23606797749979 0.4472135954999579 1 0 0 0.7071349265166827 0.7070786347360849 1.5708759353944892
cell 26.403910645397698 9.066659327977952 0.0 2.23606797749979 0.4472135954999579 1 0 0 0.5241101621734767 0.8516504787214599 1.1033398750984815
cell 19.74792141443798 32.939203128175166 0.0 2.23606797749979 0.4472135954999579 1 0 0 0.5580880230497668 0.829781753552344 1.1841596343386365
cell 1.0462828750731308 42.31236884947732 0.0 2.23606797749979 0.4472135954999579 1 0 0 0.7103579668402158 -0.7038405777920416 4.703171967775875
cell 41.86655919974186 26.21861397070241 0.0 2.23606797749979 0.4472135954999579 1 0 0 0.7047865701750904 -0.7094194038090814 4.7189408082607045
cell 29.02022444391893 22.39736168510747 0.0 2.23606797749979 0.4472135954999579 1 0 0 0.6001710255781354 0.79987170224761 1.287429815817711
cell 30.530456194478585 8.092498373719028 0.0 2.23606797749979 0.4472135954999579 1 0 0 0.5890100619035433 0.8081256999850853 1.2596666255705886
cell 35.31281916638856 43.87556778660081 0.0 2.23606797749979 0.4472135954999579 1 0 0 0.6444336204160659 0.7646602571583291 1.4005647148266411
cell 35.6262303239695 42.38318806704629 0.0 2.23606797749979 0.4472135954999579 1 0 0 0.6333419877455513 0.7738720350022437 1.371728295655182
cell 22.031227462288783 26.497803087273123 0.0 2.23606797749979 0.4472135954999579 1 0 0 0.5807465794471269 0.8140844000842062 1.2392909393824079
cell 40.71009756097664 22.738828167600623 0.0 2.23606797749979 0.4472135954999579 1 0 0 0.6982899446271936 -0.7158150272469493 4.73717382427923
cell 39.585901399597354 44.608424019101065 0.0 2.23606797749979 0.4472135954999579 1 0 0 0.6583268778309219 -0.752732171443064 4.845997583203605
cell 3.0440554688250674 36.24090287851714 0.0 2.23606797749979 0.4472135954999579 1 0 0 0.7414245703899885 -0.6710362184130011 4.612803673039172
cell 30.571729382460852 16.912886157632816 0.0 2.23606797749979 0.4472135954999579 1 0 0 0.590861500317961 0.8067730086226287 1.264252517164587
cell 35.163240614778 15.19272147434384 0.0 2.23606797749979 0.4472135954999579 1 0 0 0.6406500871521796 0.7678329674036566 1.3906892373603374
cell 36.123725309771885 15.836517779141744 0.0 2.23606797749979 0.4472135954999579 1 0 0 0.6477644531572164 0.7618406744365467 1.4092927211737896
cell 42.09126254877906 34.305115744217076 0.0 2.23606797749979 0.4472135954999579 1 0 0 0.7151336294663734 -0.6989877624152313 4.689554780154259
cell 34.27782146632475 7.137629671961106 0.0 2.23606797749979 0.4472135954999579 1 0 0 0.6611855279181595 0.7502224321303547 1.4447957957919109
cell 37.44186919453098 9.250299783558898 0.0 2.23606797749979 0.4472135954999579 1 0 0 0.7092665331281888 0.7049404123642791 1.5769143949935076
cell 42.756577506572306 42.87545240410352 0.0 2.23606797749979 0.4472135954999579 1 0 0 0.6888103155875857 -0.7249416177459607 4.763491918402065
cell 41.51668952703516 22.311407891101958 0.0 2.23606797749979 0.4472135954999579 1 0 0 0.6982975176794538 -0.7158076395252518 4.73715266492646
cell 15.350407120567999 6.639131211668045 0.0 2.23606797749979 0.4472135954999579 1 0 0 0.6061246371895469 0.7953696776919774 1.302358174734773
cell 3.630060690866209 40.71764419232234 0.0 2.23606797749979 0.4472135954999579 1 0 0 0.7467776353000476 -0.6650738029840516 4.596777938084091
cell 19.47592944936945 10.863957475335361 0.0 2.23606797749979 0.4472135954999579 1 0 0 0.6090710373477921 0.7931156734449802 1.3097775614534446
cell 19.695315748801526 18.232625156313112 0.0 2.23606797749979 0.4472135954999579 1 0 0 0.5643623742574395 0.8255271712805737 1.1993213266729346
cell 22.852326498678668 30.45416427821927 0.0 2.23606797749979 0.4472135954999579 1 0 0 0.6008934071660774 0.7993291645025489 1.2892366721140738
cell 43.743698294770724 17.864361268471388 0.0 2.23606797749979 0.4472135954999579 1 0 0 0.6948562176315098 -0.719148688950228 4.7467454124751765
cell 38.57218743031448 2.598944214582572 0.0 2.23606797749979 0.4472135954999579 1 0 0 0.746788362492945 0.6650617577677322 1.6864396280417677
cell 41.50540246474843 30.367266414881744 0.0 2.23606797749979 0.4472135954999579 1 0 0 0.7155038617141822 -0.6986087774084236 4.6884951546368825
cell 39.425008428046915 25.743573438957043 0.0 2.23606797749979 0.4472135954999579 1 0 0 0.7210443032749633 -0.6928889613168352 4.672568683099051
cell 40.106723738438085 40.14454472215678 0.0 2.23606797749979 0.4472135954999579 1 0 0 0.6794138028747961 -0.733755330108891 4.789258429419091
cell 37.41562074722837 29.208930604744825 0.0 2.23606797749979 0.4472135954999579 1 0 0 0.6294697382029788 0.7770249987527257 1.3617411942244573
cell 42.868779641859796 34.60546614974273 0.0 2.23606797749979 0.4472135954999579 1 0 0 0.7120671065293875 -0.7021114126681505 4.698309386809099
cell 29.51971963749015 3.708827334807577 0.0 2.23606797749979 0.4472135954999579 1 0 0 -0.6044063295016276 -0.7966762133127673 1.298040944859915
cell 35.25554229755725 27.941126013662437 0.0 2.23606797749979 0.4472135954999579 1 0 0 0.6172703249796875 0.7867511333957333 1.330536815290817
cell 40.05480640953586 36.14588296332414 0.0 2.23606797749979 0.4472135954999579 1 0 0 0.7130736745830527 -0.7010891060461735 4.695440038151968
cell 17.29283871516894 24.4175040551133 0.0 2.23606797749979 0.4472135954999579 1 0 0 0.5216872911787938 0.8531367828329361 1.0976550147806183
cell 43.3078402618846 9.808266300036296 0.0 2.23606797749979 0.4472135954999579 1 0 0 0.6808701118739374 -0.7324041853763343 4.785285305063043
cell 0.3305893898047381 17.76778902304285 0.0 2.23606797749979 0.4472135954999579 1 0 0 0.7028549043735712 -0.7113332435631123 4.724379234477525
cell 4.745930086524256 34.36994834708359 0.0 2.23606797749979 0.4472135954999579 1 0 0 0.7414453455073035 -0.6710132633752893 4.612741752468895
cell 4.076114553023207 37.172122290999575 0.0 2.23606797749979 0.4472135954999579 1 0 0 0.7247851438210978 -0.6889749598470402 4.661740319029956
cell 25.34662762146099 26.047344100217956 0.0 2.23606797749979 0.4472135954999579 1 0 0 -0.5793066757353252 -0.8151096708103068 1.2357556863082406
cell 23.66955702931915 34.52736420354872 0.0 2.23606797749979 0.4472135954999579 1 0 0 0.5982814716788838 0.8012860167541607 1.282709348871454
cell 9.893297500101335 32.200684762001536 0.0 2.23606797749979 0.4472135954999579 1 0 0 0.668235241036667 0.7439500404171422 1.463668210959234
cell 27.36334342116697 1.094045911005698 0.0 2.23606797749979 0.4472135954999579 1 0 0 -0.5641397311558207 -0.8256793346883755 1.1987819802024244
cell 31.54590885458212 20.75532005250115 0.0 2.23606797749979 0.4472135954999579 1 0 0 0.5659271732263851 0.8244552350516025 1.203114818030922
cell 9.224162356350666 0.9210824510482982 0.0 2.23606797749979 0.4472135954999579 1 0 0 0.708086897936639 0.7061253040151356 1.5735704404120872
cell 6.974833652033315 20.963098482899984 0.0 2.23606797749979 0.4472135954999579 1 0 0 0.7404459021861077 -0.6721159616731335 4.61571821405752
cell 35.69276702091448 37.53569879393531 0.0 2.23606797749979 0.4472135954999579 1 0 0 0.6426965139514044 0.7661208722875994 1.3960255793863023
cell 1.088793671093665 34.603409787705445 0.0 2.23606797749979 0.4472135954999579 1 0 0 0.7331338352353947 -0.6800843915522846 4.637348132028832
cell 1.972362762347903 43.51221758156745 0.0 2.23606797749979 0.4472135954999579 1 0 0 0.7221301260778051 -0.6917572413866394 4.669431932127876
cell 17.82754807331725 7.996472238858787 0.0 2.23606797749979 0.4472135954999579 1 0 0 0.6217803562455346 0.7831916678484112 1.342027727840806
cell 42.35060088405196 22.159791175832837 0.0 2.23606797749979 0.4472135954999579 1 0 0 0.6994621355213534 -0.7146696586339089 4.733896080327509
cell 23.11290337339713 35.66724452051554 0.0 2.23606797749979 0.4472135954999579 1 0 0 0.590739620805574 0.8068622561568279 1.2639503930977287
cell 17.99699620752809 33.67161912582702 0.0 2.23606797749979 0.4472135954999579 1 0 0 0.5790287524702776 0.8153071223856161 1.235073840381443
cell 31.178246386452713 16.35276540892972 0.0 2.23606797749979 0.4472135954999579 1 0 0 0.5895486486064764 0.8077328710200405 1.260999877607994
cell 27.881295276393686 18.111085210147618 0.0 2.23606797749979 0.4472135954999579 1 0 0 0.6018365565317481 0.7986192830266547 1.2915975724487716
cell 21.756756446560356 36.921295363089015 0.0 2.23606797749979 0.4472135954999579 1 0 0 0.5699711199832187 0.8216647262631367 1.2129414132162724
cell 33.040837041253866 35.46421483338608 0.0 2.23606797749979 0.4472135954999579 1 0 0 0.8068722652541663 -0.5907259496277527 4.405509159632025
cell 4.745618188834871 44.378610886180766 0.0 2.23606797749979 0.4472135954999579 1 0 0 0.7169572320012509 -0.6971171547746507 4.68432995363787
cell 43.267319699368194 2.0812289134216093 0.0 2.23606797749979 0.4472135954999579 1 0 0 0.678463634679226 -0.7346339880633442 4.791846756782126
cell 4.765298221247012 3.6842125599844024 0.0 2.23606797749979 0.4472135954999579 1 0 0 -0.7184205094373661 0.6956090652225252 4.680127327517451
cell 40.98440075019865 14.186041576108183 0.0 2.23606797749979 0.4472135954999579 1 0 0 0.7050911276232309 -0.7091167053080901 4.718082014631121
cell 30.92238570970647 7.035844879084981 0.0 2.23606797749979 0.4472135954999579 1 0 0 0.5954866351528175 0.8033652141799364 1.2757425173354822
cell 43.987410013258376 1.3637343877981198 0.0 2.23606797749979 0.4472135954999579 1 0 0 0.6962528117480024 -0.7177966439967527 4.742857738686292
cell 2.1373900371111985 2.826500157040695 0.0 2.23606797749979 0.4472135954999579 1 0 0 0.7053153588971866 -0.7088936764450173 4.717449490991035
cell 35.95658727722019 32.36754997860796 0.0 2.23606797749979 0.4472135954999579 1 0 0 0.6353186281529389 0.7722501153912945 1.376842094277079
cell 0.4872456834122685 0.9754705763980861 0.0 2.23606797749979 0.4472135954999579 1 0 0 0.6909931376490318 -0.7228613170739919 4.757461207025455
cell 34.38022615225296 1.1884911043105422 0.0 2.23606797749979 0.4472135954999579 1 0 0 0.6611424641135905 0.7502603828977042 1.4446809959311566
cell 27.14245703257183 4.022775967090025 0.0 2.23606797749979 0.4472135954999579 1 0 0 0.5502832380245993 0.8349780583639083 1.1654068321910167
cell 28.91950636965489 27.039797441019978 0.0 2.23606797749979 0.4472135954999579 1 0 0 0.5860018852082732 0.8103096880405354 1.2522318567725923
cell 18.68261961415486 6.44429188020549 0.0 2.23606797749979 0.4472135954999579 1 0 0 -0.6505850912415544 -0.7594333670930047 1.416709228062322
cell 37.67996711421078 18.130505667695562 0.0 2.23606797749979 0.4472135954999579 1 0 0 0.6720966132801645 0.7404634646066834 1.4740732996247565
cell 36.27284670799748 1.470533133625708 0.0 2.23606797749979 0.4472135954999579 1 0 0 0.6597559417530772 0.7514799380698797 1.44098788881489
cell 34.05838499913721 39.85504190735307 0.0 2.23606797749979 0.4472135954999579 1 0 0 0.6141905656795399 0.789157746607259 1.3227197253092657
cell 34.78960632659324 5.625638252458126 0.0 2.23606797749979 0.4472135954999579 1 0 0 0.6807220323891663 0.7325418176595537 1.4974956746288133
cell 34.890918008467395 10.343481962487019 0.0 2.23606797749979 0.4472135954999579 1 0 0 0.698619006988656 0.7154938735406364 1.546931095306829
cell 36.064326315317786 7.631542554569469 0.0 2.23606797749979 0.4472135954999579 1 0 0 0.6850906642514615 0.7284578105528771 1.5094563042084206
cell 27.323010577160982 40.01703488417179 0.0 2.23606797749979 0.4472135954999579 1 0 0 -0.5981226949149941 -0.8014045431788024 1.282313073339946
cell 2.8333180910954163 16.514975276833525 0.0 2.23606797749979 0.4472135954999579 1 0 0 0.7423251620761483 -0.6700398150473001 4.6101174970780505
cell 3.2356343665136205 11.988029616886008 0.0 2.23606797749979 0.4472135954999579 1 0 0 0.7120214574394161 -0.7021577060360796 4.6984394162723895
cell 19.267979468910227 23.593279895146416 0.0 2.23606797749979 0.4472135954999579 1 0 0 0.5429365263347329 0.8397737364145023 1.1478599584686593
cell 41.75259435793511 5.886106514779171 0.0 2.23606797749979 0.4472135954999579 1 0 0 0.6757512501591044 -0.7371297361444643 4.79921854181713
cell 18.37523078719378 13.990250026925807 0.0 2.23606797749979 0.4472135954999579 1 0 0 0.5758323971160396 0.8175677650394465 1.227243843616226
cell 40.67703844083548 35.1604196379542 0.0 2.23606797749979 0.4472135954999579 1 0 0 0.7250257830792869 -0.6887217245522801 4.661041647810182
cell 35.247015579508066 38.44780528978001 0.0 2.23606797749979 0.4472135954999579 1 0 0 0.6322489497302937 0.7747652970835365 1.3689050708468737
cell 21.44086518226012 32.277109613350916 0.0 2.23606797749979 0.4472135954999579 1 0 0 0.6077253200882993 0.7941473007720761 1.3063862722747335
cell 17.891473266104168 2.0500731868848328 0.0 2.23606797749979 0.4472135954999579 1 0 0 0.5959969349819649 0.8029867081665196 1.277013222228681
cell 36.26755342712578 12.083016594016142 0.0 2.23606797749979 0.4472135954999579 1 0 0 0.6817674472902572 0.7315689631301525 1.5003517828882282
cell 30.05221337990442 1.5361985952608368 0.0 1.0 1.0 1 0 0 0.0 1.0 0
cell 22.210596694077346 31.572427254710224 0.0 2.23606797749979 0.4472135954999579 1 0 0 0.6029957452638567 0.7977444021700723 1.294502144982255
cell 32.306606136698335 30.438691816019197 0.0 2.23606797749979 0.4472135954999579 1 0 0 0.5621177815875953 0.8270571924740395 1.1938884027295518
cell 24.298912340946476 33.60499440147494 0.0 2.23606797749979 0.4472135954999579 1 0 0 -0.6105826486142499 -0.7919525422720779 1.3135921879615502
cell 38.14105682229783 41.835070091869255 0.0 2.23606797749979 0.4472135954999579 1 0 0 0.7098692551060887 0.7043334726215466 1.5786251254556916
cell 0.08086273841264313 25.881954694892112 0.0 2.23606797749979 0.4472135954999579 1 0 0 0.7059931155535492 -0.7082186955955011 4.715536427163329
cell 30.944539092495347 26.20447081835409 0.0 2.23606797749979 0.4472135954999579 1 0 0 -0.6024971536330224 -0.7981210308368689 1.2932524365687526
cell 26.38299325894239 30.097004472143713 0.0 2.23606797749979 0.4472135954999579 1 0 0 -0.577773271622845 -0.8161973086198179 1.2319957473631087
cell 7.056072764869876 39.30309559248291 0.0 2.23606797749979 0.4472135954999579 1 0 0 0.7295442018355522 -0.6839336645963021 4.647874752543447
cell 1.5018965341508663 22.917974464828376 0.0 2.23606797749979 0.4472135954999579 1 0 0 0.7151777954976299 -0.6989425733400064 4.689428404668694
cell 0.15750310108970972 42.216057556915274 0.0 2.23606797749979 0.4472135954999579 1 0 0 0.7015009809390097 -0.7126684879673066 4.728182384422085
cell 42.461050063497 6.131345129839097 0.0 2.23606797749979 0.4472135954999579 1 0 0 0.6736217396638491 -0.7390762828370625 4.804988763563219
cell 7.903760387489055 24.79458378304193 0.0 2.23606797749979 0.4472135954999579 1 0 0 0.7526561641188841 0.6584137746234106 1.7041740342618568
cell 36.83291303480669 23.16784897955857 0.0 2.23606797749979 0.4472135954999579 1 0 0 0.6223394865375658 0.7827474455379327 1.34345595774704
cell 29.59512209089334 26.793680214618835 0.0 2.23606797749979 0.4472135954999579 1 0 0 0.587902267943832 0.8089319645968372 1.2569263552371983
cell 33.3820777736422 34.760101154032384 0.0 2.23606797749979 0.4472135954999579 1 0 0 0.5959187501018843 0.8030447330485444 1.2768184940857257
cell 34.00598574315419 23.70408717891245 0.0 2.23606797749979 0.4472135954999579 1 0 0 -0.5829138011387531 -0.8125339995606154 1.244620328032429
cell 30.93785534476329 11.628979324295896 0.0 2.23606797749979 0.4472135954999579 1 0 0 -0.5875532563844911 -0.809185498456306 1.2560635957357462
cell 2.531906860188669 39.61908134412282 0.0 2.23606797749979 0.4472135954999579 1 0 0 0.7176535927694642 -0.6964002590357646 4.68233109606107
cell 31.235856755321468 42.190366060742406 0.0 2.23606797749979 0.4472135954999579 1 0 0 -0.5903139953353228 -0.8071737030597865 1.2628955827437096
cell 23.58625383852539 29.470461048118054 0.0 2.23606797749979 0.4472135954999579 1 0 0 0.6168290253188335 0.7870971690485349 1.3294152341356233
cell 19.322751499809705 37.94824381133721 0.0 2.23606797749979 0.4472135954999579 1 0 0 0.5407080136788635 0.841210344648387 1.1425570852876077
cell 6.779698886767168 2.929276576265582 0.0 2.23606797749979 0.4472135954999579 1 0 0 0.75286753829966 -0.6581720669966251 4.57836908409182
cell 24.392672250335924 5.066167299783765 0.0 2.23606797749979 0.4472135954999579 1 0 0 0.4896706778877952 0.8719074648246263 1.0234240196066275
cell 43.59434947561004 42.810734581998034 0.0 2.23606797749979 0.4472135954999579 1 0 0 0.6797364669363078 -0.7334564305512261 4.788378763470489
cell 42.47145695376741 38.57140171350984 0.0 2.23606797749979 0.4472135954999579 1 0 0 0.7078647059811741 -0.7063480431247656 4.710244094792459
cell 3.8602279757796203 4.510849146955351 0.0 2.23606797749979 0.4472135954999579 1 0 0 0.7085259146487112 -0.705684793850064 4.708371026116167
cell 24.983043121441384 9.560863553475318 0.0 2.23606797749979 0.4472135954999579 1 0 0 0.485602592308593 0.87417968538692 1.0141047179484792
cell 41.247740194009886 18.364569684593125 0.0 2.23606797749979 0.4472135954999579 1 0 0 0.7000306771528282 -0.7141127719379853 4.7323043989369715
cell 33.38645257736439 43.49588763783892 0.0 2.23606797749979 0.4472135954999579 1 0 0 0.6296147579949394 0.7769074954683948 1.3621144917572108
cell 0.625112954576256 38.2442623931106 0.0 2.23606797749979 0.4472135954999579 1 0 0 0.7104803204528902 -0.7037170697440546 4.702824263047531
cell 32.43613694114414 0.4409583846877029 0.0 2.23606797749979 0.4472135954999579 1 0 0 0.622352558932452 0.782737051882833 1.343489359278406
cell 22.923456631063715 5.657948173173791 0.0 2.23606797749979 0.4472135954999579 1 0 0 0.44725503406753037 0.8944064705162035 0.9273878785288742
cell 40.94547288684747 5.837734339818625 0.0 2.23606797749979 0.4472135954999579 1 0 0 0.6713960131942605 -0.7410987744335112 4.811003524536624
cell 37.28147085493181 13.696771337779426 0.0 2.23606797749979 0.4472135954999579 1 0 0 0.6778389913358098 0.7352103792961929 1.489638660750138
cell 33.536611495058025 24.730861824364638 0.0 2.23606797749979 0.4472135954999579 1 0 0 0.556553777766909 0.8308115866147884 1.1804639797573624
cell 20.199441567659015 9.580886365402195 0.0 2.23606797749979 0.4472135954999579 1 0 0 -0.6200874717331852 -0.7845326808996208 1.3377083872482878
cell 0.16587363001321848 34.14929269148482 0.0 2.23606797749979 0.4472135954999579 1 0 0 0.7150354467982761 -0.6990881988862275 4.6898356881182135
cell 39.7181157458018 18.653397431543493 0.0 2.23606797749979 0.4472135954999579 1 0 0 0.7117925405891777 -0.7023897629960191 4.699091346814457
cell 40.47049463423895 18.567520778869795 0.0 2.23606797749979 0.4472135954999579 1 0 0 0.7066569087780287 -0.7075563675611158 4.713661007280286
cell 44.12234553599273 5.59022313319074 0.0 2.23606797749979 0.4472135954999579 1 0 0 0.6751728195540665 -0.73765958526641 4.800787391189661
cell 27.10350204060601 8.775308514503784 0.0 2.23606797749979 0.4472135954999579 1 0 0 -0.5489267652493979 -0.8358704483308598 1.1621594462748153
cell 22.62114707944015 25.203074304253267 0.0 2.23606797749979 0.4472135954999579 1 0 0 0.5905873658385408 0.806973706704186 1.2635730190148968
cell 28.52428686175467 32.81154220409196 0.0 2.23606797749979 0.4472135954999579 1 0 0 -0.54127411163554 -0.8408462023896862 1.1439032895785397
cell 20.430288814038022 27.897562704355618 0.0 2.23606797749979 0.4472135954999579 1 0 0 0.5784947664669703 0.8156860947511153 1.233764243312326
cell 20.79852659232339 42.16060693135139 0.0 2.23606797749979 0.4472135954999579 1 0 0 0.49643935556951674 0.8680714061882945 1.038984308646327
cell 33.61560408772354 14.515073246690141 0.0 2.23606797749979 0.4472135954999579 1 0 0 0.6150097611557782 0.7885194948021974 1.3247966910690938
cell 0.9397047999301344 26.35935653996604 0.0 2.23606797749979 0.4472135954999579 1 0 0 0.7161102108665032 -0.6979872247346167 4.686758506061941
cell 26.36292131155725 18.838588780189077 0.0 2.23606797749979 0.4472135954999579 1 0 0 0.5517395062797553 0.834016496965241 1.1688970002827923
cell 44.80748690511042 1.1877959939351963 0.0 2.23606797749979 0.4472135954999579 1 0 0 0.694035256739418 -0.7199410131411115 4.749027301649538
cell 23.83311553024527 0.5074363777679021 0.0 2.23606797749979 0.4472135954999579 1 0 0 0.5193162179653421 0.8545821585770284 1.0921012397832852
cell 39.402595585554685 34.42684237789495 0.0 2.23606797749979 0.4472135954999579 1 0 0 0.7036328342637592 0.7105637441820045 1.560994500750716
cell 31.757524994597922 11.815043551148298 0.0 2.23606797749979 0.4472135954999579 1 0 0 0.6158499529440927 0.7878634624468626 1.3269286392860968
cell 40.17190576416652 27.20185314266386 0.0 2.23606797749979 0.4472135954999579 1 0 0 0.6869503629657129 -0.72670434071999 4.768617001672474
cell 1.4679279363778768 10.456175238319918 0.0 2.23606797749979 0.4472135954999579 1 0 0 0.7099766422324721 -0.7042252249701826 4.704255225668151
cell 44.63141663055226 17.653939740250348 0.0 2.23606797749979 0.4472135954999579 1 0 0 0.6954654813935883 -0.7185595063667201 4.745050315437846
cell 17.89751676605776 43.43564320482919 0.0 2.23606797749979 0.4472135954999579 1 0 0 -0.5083689699239838 -0.861139355980452 1.0665793834849495
cell 1.5726334322215318 39.045371827601514 0.0 2.23606797749979 0.4472135954999579 1 0 0 0.73150889908063 -0.6818318931861759 4.6421206291401935
cell 0.6198154325839287 9.67860808902273 0.0 2.23606797749979 0.4472135954999579 1 0 0 0.6957953123371828 -0.7182401292949331 4.744132077627606
cell 34.046108511686626 34.539340496060376 0.0 2.23606797749979 0.4472135954999579 1 0 0 0.6016024455433222 0.7987956544175074 1.2910113478398437
cell 5.944888278586865 39.23702377781061 0.0 2.23606797749979 0.4472135954999579 1 0 0 0.6990580007627444 -0.7150649701737563 4.735026736995405
cell 44.942817691890674 5.315954463396712 0.0 2.23606797749979 0.4472135954999579 1 0 0 0.6795459907113581 -0.733632909913479 4.788898094416808
cell 22.42075313598393 1.0493257471385316 0.0 2.23606797749979 0.4472135954999579 1 0 0 0.49199245385467055 0.870599463214893 1.0287537535789948
cell 20.186784098218354 37.55654485228428 0.0 2.23606797749979 0.4472135954999579 1 0 0 0.5475122148335815 0.8367976903696772 1.1587767069355113
cell 0.0027019216789199163 13.586174591045847 0.0 2.23606797749979 0.4472135954999579 1 0 0 0.6977067549624975 -0.7163834755769437 4.738802619816478
cell 41.36326573195817 34.70012562249862 0.0 2.23606797749979 0.4472135954999579 1 0 0 0.7230615011077027 -0.6907836605015174 4.666737256295196
cell 34.43145569907467 18.825077115715807 0.0 2.23606797749979 0.4472135954999579 1 0 0 0.603251216406326 0.7975512334040291 1.2951427062289318
cell 26.39574266710108 33.572014417721654 0.0 2.23606797749979 0.4472135954999579 1 0 0 0.6349293659272135 0.772570191169234 1.375834178428656
cell 25.217090875201844 37.81197390332461 0.0 2.23606797749979 0.4472135954999579 1 0 0 0.5979206644761702 0.801555287545641 1.2818089298576654
cell 20.623435870159334 32.59028959036699 0.0 2.23606797749979 0.4472135954999579 1 0 0 0.5766663410344801 0.8169797617553967 1.2292846379826439
cell 20.685207666652044 15.158727334424098 0.0 2.23606797749979 0.4472135954999579 1 0 0 -0.5818672339015285 -0.8132837894067384 1.2420454586964667
cell 34.460794888457066 34.0463837012081 0.0 2.23606797749979 0.4472135954999579 1 0 0 0.5992382103786364 0.8005707758981769 1.2850984228270672
cell 41.02187618629668 26.600041518333754 0.0 2.23606797749979 0.4472135954999579 1 0 0 0.7009504018435502 -0.7132100210704878 4.72972691732473
cell 40.14986335930731 10.20497287009532 0.0 2.23606797749979 0.4472135954999579 1 0 0 0.6994541216303539 -0.7146775019085951 4.733918507044322
cell 33.874645554175196 28.776483090732157 0.0 2.23606797749979 0.4472135954999579 1 0 0 0.6066867452508581 0.7949409997835817 1.30377200675103
cell 31.964013708860694 31.344572614153616 0.0 2.23606797749979 0.4472135954999579 1 0 0 0.7962970481998061 -0.6049057869026182 4.440887749782166
cell 26.19901136766981 41.94742732901433 0.0 2.23606797749979 0.4472135954999579 1 0 0 0.5835286008840126 0.8120925882867955 1.2461340290158074
cell 3.8234240446482795 0.023143269778372416 0.0 2.23606797749979 0.4472135954999579 1 0 0 0.7120987989793005 -0.7020792693793471 4.698219107190204
cell 8.228206800214481 13.305265100951091 0.0 2.23606797749979 0.4472135954999579 1 0 0 0.6561173044672932 0.7546589181733515 1.4313244233466473
cell 13.14299771520651 43.79761499502784 0.0 2.23606797749979 0.4472135954999579 1 0 0 -0.6399111167434056 -0.7684489330256159 1.3887651885211891
cell 40.23444731149035 14.351289776821844 0.0 2.23606797749979 0.4472135954999579 1 0 0 0.7119768277817422 -0.7022029597643743 4.698566533639732
cell 28.54794451221622 44.49045684095956 0.0 2.23606797749979 0.4472135954999579 1 0 0 -0.6314768402241346 -0.7753947383497922 1.3669127360565039
cell 30.526790419975555 30.839301979048905 0.0 2.23606797749979 0.4472135954999579 1 0 0 0.5993764423385097 0.8004672887567805 1.285443778662338
cell 1.2374970208662792 18.45000901464454 0.0 2.23606797749979 0.4472135954999579 1 0 0 0.70934451868033 -0.7048619395443131 4.706049645561134
cell 27.589721640570065 13.289145847073108 0.0 2.23606797749979 0.4472135954999579 1 0 0 0.5607884265810644 0.8279591418740022 1.1906754925169987
cell 42.61769770283295 14.06024931138627 0.0 2.23606797749979 0.4472135954999579 1 0 0 0.688560386154068 -0.7251790086725902 4.764181321549609
cell 18.299566712214364 23.989222976942973 0.0 2.23606797749979 0.4472135954999579 1 0 0 0.5226471550050626 0.8525490902963383 1.0999059889841736
cell 42.67533194766136 26.213449129264276 0.0 2.23606797749979 0.4472135954999579 1 0 0 0.7052046988416264 -0.7090037607316981 4.717761671695884
cell 40.27109566796404 6.089071339853119 0.0 2.23606797749979 0.4472135954999579 1 0 0 0.6752923733058733 -0.7375501410446079 4.800463223718656
cell 35.76667150782771 21.943328601847856 0.0 2.23606797749979 0.4472135954999579 1 0 0 0.6170465019342165 0.7869266893750313 1.329967898220949
cell 32.732085846524164 19.89453608789303 0.0 2.23606797749979 0.4472135954999579 1 0 0 0.5695334504789629 0.8219681555787467 1.2118762860853989
cell 3.3968999793733445 25.522261149992712 0.0 2.23606797749979 0.4472135954999579 1 0 0 0.7477558091499353 -0.6639738322272388 4.593833954294947
cell 32.34794268070678 25.823027997654695 0.0 2.23606797749979 0.4472135954999579 1 0 0 0.5743929333474408 0.8185797200765008 1.2237246904584604
cell 30.95433017945289 35.98108456521764 0.0 2.23606797749979 0.4472135954999579 1 0 0 0.5936837319017424 0.8046984692884783 1.2712578628676559
cell 43.14455554461729 30.26302504508317 0.0 2.23606797749979 0.4472135954999579 1 0 0 0.7117424775087127 -0.702440492646715 4.699233892378928
cell 28.59035671246469 37.00318814446915 0.0 1.0 1.0 1 0 0 0.0 1.0 0
cell 40.433544401851776 43.308186514200465 0.0 2.23606797749979 0.4472135954999579 1 0 0 0.6742614817711026 -0.7384926906881591 4.803256886192374
cell 37.84025903034143 1.1374104795831255 0.0 2.23606797749979 0.4472135954999579 1 0 0 0.713672943906086 0.7004790711623158 1.5894555512565087
cell 2.1881774000540997 7.3088208144745135 0.0 2.23606797749979 0.4472135954999579 1 0 0 0.7053951143642443 -0.7088143146346967 4.717224464490584
cell 2.1390906975635695 19.3681524238302 0.0 2.23606797749979 0.4472135954999579 1 0 0 0.7152150610123902 -0.6989044401783716 4.68932176777813
cell 5.831135393048687 34.14580928432447 0.0 2.23606797749979 0.4472135954999579 1 0 0 0.7121203424827296 -0.702057417753192 4.698157735662418
cell 43.18839489516681 22.075600713596558 0.0 2.23606797749979 0.4472135954999579 1 0 0 0.6950459085879781 -0.7189653572705099 4.746217802148675
cell 5.968811699373179 21.09031613256402 0.0 2.23606797749979 0.4472135954999579 1 0 0 0.7513662158058958 -0.6598854519880917 4.582925248971912
cell 7.188296679135036 16.340194481210872 0.0 2.23606797749979 0.4472135954999579 1 0 0 0.7308371002755614 0.6825519268603738 1.6390951479382363
cell 7.4855948291618555 29.282673381242187 0.0 2.23606797749979 0.4472135954999579 1 0 0 0.8196665484652947 0.5728409459239018 1.9216573493525761
cell 6.136791862356039 12.059127130172005 0.0 2.23606797749979 0.4472135954999579 1 0 0 0.7442584950596904 -0.6678916772437613 4.6043374353961575
cell 29.209107979965513 17.457654751684974 0.0 2.23606797749979 0.4472135954999579 1 0 0 0.5994070891575031 0.8004443400185481 1.28552035208073
cell 23.15446894298362 0.7759786235498993 0.0 2.23606797749979 0.4472135954999579 1 0 0 0.5064584186270292 0.8622643853261068 1.0621450180057772
cell 41.68565850776747 10.021762496621923 0.0 2.23606797749979 0.4472135954999579 1 0 0 0.6813978048306251 -0.7319132677933946 4.783843833658868
cell 28.436704753480445 8.276086626692852 0.0 2.23606797749979 0.4472135954999579 1 0 0 0.5654317364707617 0.8247950966098544 1.2019132133231116
cell 33.39208665817452 29.68478088069211 0.0 2.23606797749979 0.4472135954999579 1 0 0 0.5741732435113341 0.8187338312514477 1.2231879824232523
cell 44.90423374819184 38.132803154282904 0.0 2.23606797749979 0.4472135954999579 1 0 0 0.7057120987430447 -0.7084987181976317 4.7163298579607
cell 19.50443623704065 28.281404432072442 0.0 2.23606797749979 0.4472135954999579 1 0 0 0.5560841496810315 0.8311259943435316 1.1793336651685156
cell 5.719358100291112 43.737307868249296 0.0 2.23606797749979 0.4472135954999579 1 0 0 0.7329695050905255 -0.6802614972254053 4.63783133308946
cell 27.65741695316565 43.22842177820561 0.0 2.23606797749979 0.4472135954999579 1 0 0 0.6154912585408308 0.7881437119331881 1.3260182515596968
cell 15.542702559254302 0.8919697436900638 0.0 2.23606797749979 0.4472135954999579 1 0 0 0.6152817071099169 0.7883073137399567 1.3254865473043358
cell 39.948629771348635 22.792773731377583 0.0 2.23606797749979 0.4472135954999579 1 0 0 0.7087959227187854 -0.7054135949478332 4.7076056420184385
cell 39.32826243065641 10.532287123659916 0.0 2.23606797749979 0.4472135954999579 1 0 0 0.702937822317183 -0.711251304361529 4.7241460871580525
cell 27.24860104191307 32.572903070019834 0.0 1.0 1.0 1 0 0 0.0 1.0 0
cell 3.9131846055849433 20.853699043156453 0.0 2.23606797749979 0.4472135954999579 1 0 0 0.7565192995086344 -0.653971367470293 4.567236911541119
cell 43.651390129790904 34.39170718018016 0.0 2.23606797749979 0.4472135954999579 1 0 0 0.7100159561591418 -0.7041855877532709 4.704143570954045
cell 44.053141398813715 38.36210572984296 0.0 2.23606797749979 0.4472135954999579 1 0 0 0.6996224698861951 -0.7145127008180749 4.733447336014066
cell 27.562572799393514 22.97311767311004 0.0 2.23606797749979 0.4472135954999579 1 0 0 0.5613807533788354 0.8275576413373338 1.1921066511219796
cell 22.876726896735516 10.872651192397125 0.0 2.23606797749979 0.4472135954999579 1 0 0 0.5145311254328063 0.8574717027172674 1.0809214978817863
cell 29.93288142539736 31.035481378378332 0.0 2.23606797749979 0.4472135954999579 1 0 0 0.5840408302967507 0.8117242811116852 1.2473958200598618
cell 36.45522970579187 31.558190533555212 0.0 2.23606797749979 0.4472135954999579 1 0 0 0.6338456017002753 0.7734596002411606 1.3730301857619185
cell 43.51631732286973 25.984252417770737 0.0 2.23606797749979 0.4472135954999579 1 0 0 0.7013323943666151 -0.7128343935389136 4.728655442944227
cell 40.721476249549234 30.72512328960288 0.0 2.23606797749979 0.4472135954999579 1 0 0 0.7223608302367565 -0.6915163273124242 4.6687648069487855
cell 44.8170069934084 29.97109378402771 0.0 2.23606797749979 0.4472135954999579 1 0 0 0.7138770637028233 -0.7002710460379147 4.693146868817702
cell 25.707237827689045 36.66599511359922 0.0 2.23606797749979 0.4472135954999579 1 0 0 -0.5978129626291359 -0.8016356165444344 1.281540211150249
cell 20.177826307168154 16.633983660021777 0.0 2.23606797749979 0.4472135954999579 1 0 0 0.5816194478495601 0.8134610119011069 1.2414361780032617
cell 3.9939078818594553 8.991461173858863 0.0 2.23606797749979 0.4472135954999579 1 0 0 0.7247887789202094 -0.6889711357897018 4.661729766805531
cell 38.754804221014076 35.32568696706904 0.0 2.23606797749979 0.4472135954999579 1 0 0 0.6978973075046367 0.7161978415059477 1.5449147410447899
cell 30.742565626999824 3.280126183327624 0.0 1.0 1.0 1 0 0 0.0 1.0 0
cell 23.612252386980035 22.587912990208615 0.0 2.23606797749979 0.4472135954999579 1 0 0 0.5892431765878275 0.807955740647151 1.2602436130337358
cell 17.897873528843405 19.36990486952226 0.0 2.23606797749979 0.4472135954999579 1 0 0 0.5545850983937932 0.8321270147276476 1.1757285590946478
cell 26.91061098229523 13.554369271460818 0.0 2.23606797749979 0.4472135954999579 1 0 0 0.5489699757499455 0.8358420698463941 1.1622628384551528
cell 32.941878085519676 30.205132958274127 0.0 2.23606797749979 0.4472135954999579 1 0 0 0.5700711567366893 0.8215953239015501 1.2131849212437134
cell 29.56170283713664 22.029161075678886 0.0 2.23606797749979 0.4472135954999579 1 0 0 0.5997522928894168 0.8001857204261316 1.286383021688386
cell 34.009443321369595 2.7366022109886816 0.0 2.23606797749979 0.4472135954999579 1 0 0 0.6519856288277126 0.7582313234113532 1.4204005235042023
cell 4.310848365203315 25.336743480235207 0.0 2.23606797749979 0.4472135954999579 1 0 0 0.7831900547006313 -0.6217823881536226 4.4836255702247705
cell 28.937682150571252 7.8061877485213245 0.0 2.23606797749979 0.4472135954999579 1 0 0 0.5691868801518606 0.8222081825565782 1.2110331397295464
cell 44.11438430861513 9.699038475461293 0.0 2.23606797749979 0.4472135954999579 1 0 0 0.6811050225576822 -0.732185733435649 4.784643731121524
cell 43.96393549911864 30.01667187698856 0.0 2.23606797749979 0.4472135954999579 1 0 0 0.7096481324654235 -0.7045562632525075 4.705187974327444
cell 20.085973851935933 22.968832516229167 0.0 2.23606797749979 0.4472135954999579 1 0 0 0.553196848403844 0.8330505668421662 1.1723937804291613
cell 27.758163521578695 8.54434698101444 0.0 2.23606797749979 0.4472135954999579 1 0 0 0.5709526691507593 0.820982977649125 1.2153315764834915
cell 0.6250272295549484 21.94351159309682 0.0 2.23606797749979 0.4472135954999579 1 0 0 0.7022683424838378 -0.7119123366995427 4.726027753509401
cell 15.18028647800438 11.04433135949188 0.0 2.23606797749979 0.4472135954999579 1 0 0 0.5182039367321442 0.8552570841304431 1.089499168083163
cell 22.06299897709505 7.714180892299305 0.0 2.23606797749979 0.4472135954999579 1 0 0 0.503641690854531 0.8639126386580931 1.0556179347846477
cell 30.919053242659096 21.604876574565246 0.0 2.23606797749979 0.4472135954999579 1 0 0 -0.5833095382210735 -0.8122499508281413 1.2455945795922139
cell 37.108857969252966 26.158688652111753 0.0 2.23606797749979 0.4472135954999579 1 0 0 0.6011037266551154 0.7991710141148342 1.2897629641736874
cell 25.06189945301168 14.79653366179859 0.0 2.23606797749979 0.4472135954999579 1 0 0 0.5399481745868963 0.8416982646770033 1.1407510714942874
cell 18.80158507902701 18.84810655713921 0.0 2.23606797749979 0.4472135954999579 1 0 0 0.5399074309843801 0.8417244002450249 1.1406542601506904
cell 16.012122352243757 34.579417596855 0.0 2.23606797749979 0.4472135954999579 1 0 0 0.5690402406923286 0.8223096767476452 1.2106764650766961
cell 36.74493814262105 9.674646270610609 0.0 2.23606797749979 0.4472135954999579 1 0 0 0.6930473015645418 0.720892112451029 1.5314152728638004
cell 1.3672825366819878 5.975262943960019 0.0 2.23606797749979 0.4472135954999579 1 0 0 0.6931611889337113 -0.7207826067241105 4.751454048005094
cell 31.682820593036833 15.597987870232586 0.0 2.23606797749979 0.4472135954999579 1 0 0 0.5966414287839163 0.802507947286933 1.2786189423477559
cell 13.374528159906163 2.835879663478898 0.0 2.23606797749979 0.4472135954999579 1 0 0 0.5833472666851747 0.8122228551641081 1.2456874797970192
cell 36.478915872741105 19.50511745099571 0.0 2.23606797749979 0.4472135954999579 1 0 0 0.6363311454394522 0.7714160183349285 1.3794657630074798
cell 1.311652836177795 1.5541659167459343 0.0 2.23606797749979 0.4472135954999579 1 0 0 0.6967412175470759 -0.7173225744189419 4.741496441941184
cell 19.675348135062332 3.923092840836785 0.0 2.23606797749979 0.4472135954999579 1 0 0 0.5350797212760456 0.8448015695292885 1.1292042223598044
cell 39.43827293306526 14.529160283946315 0.0 2.23606797749979 0.4472135954999579 1 0 0 0.7183594364927668 -0.6956721354214171 4.68030291515432
cell 30.35479149897644 26.401955398627546 0.0 2.23606797749979 0.4472135954999579 1 0 0 0.5952031810346055 0.8035752443214554 1.2750369426795634
cell 40.01449414186439 31.652889129895886 0.0 2.23606797749979 0.4472135954999579 1 0 0 0.716713151680466 -0.6973680937698924 4.685030083864553
cell 37.92682618417712 11.51719061292466 0.0 2.23606797749979 0.4472135954999579 1 0 0 0.7210665871421147 0.6928657712048005 1.6106809467680256
cell 33.896445352768126 8.407717327654137 0.0 2.23606797749979 0.4472135954999579 1 0 0 0.6388240127319996 0.7693528974124852 1.385937506023223
cell 26.793617361817446 25.15272932818278 0.0 2.23606797749979 0.4472135954999579 1 0 0 0.5718844400031311 0.820334192437634 1.217602364285524
cell 34.80326643626974 17.197375825214547 0.0 2.23606797749979 0.4472135954999579 1 0 0 0.6354948519470351 0.7721051049881847 1.3772985275924352
cell 4.790229634753222 29.78143688161373 0.0 2.23606797749979 0.4472135954999579 1 0 0 0.7720338946659863 -0.635581360241841 4.519115275761109
cell 22.019850276045137 11.201505529929877 0.0 2.23606797749979 0.4472135954999579 1 0 0 0.5192583822883811 0.8546173017340882 1.0919658882850383
cell 27.882136466690795 0.499399319680539 0.0 2.23606797749979 0.4472135954999579 1 0 0 0.5609596181961315 0.8278431655532649 1.1910890482022136
cell 1.862301062504034 27.36533199191234 0.0 2.23606797749979 0.4472135954999579 1 0 0 0.7301099767492368 -0.6833296582552443 4.646219548686411
cell 18.88532312147089 12.376631549309423 0.0 2.23606797749979 0.4472135954999579 1 0 0 0.5961791044625737 0.8028514653422535 1.2774669901931808
cell 32.09021298650273 40.30403454712272 0.0 2.23606797749979 0.4472135954999579 1 0 0 0.5960431190867366 0.8029524271022253 1.2771282554917596
cell 23.48727009797956 15.431848757831037 0.0 2.23606797749979 0.4472135954999579 1 0 0 0.5784407436274799 0.8157244057349811 1.2336317865469575
cell 26.566872790288876 40.56853928869771 0.0 2.23606797749979 0.4472135954999579 1 0 0 0.6196003680372891 0.7849174376506461 1.336466923949777
cell 23.850372315793816 40.88162805636895 0.0 2.23606797749979 0.4472135954999579 1 0 0 -0.5349159501100261 -0.844905276535712 1.128816531049
cell 5.100647262116522 12.682030812818194 0.0 2.23606797749979 0.4472135954999579 1 0 0 0.7363122049520748 -0.6766419561619083 4.627977446753588
cell 3.053134496391829 21.046581303702684 0.0 2.23606797749979 0.4472135954999579 1 0 0 0.7332300493508316 -0.6799806576138596 4.637065162871333
cell 34.03177319873083 19.622276042097024 0.0 2.23606797749979 0.4472135954999579 1 0 0 0.6113887007098546 0.7913304345495097 1.3156285946879938
cell 37.417032754549055 42.00113091874226 0.0 2.23606797749979 0.4472135954999579 1 0 0 0.6714312914563104 0.741066812678392 1.4722769899864603
cell 38.93659187938635 16.9119658963306 0.0 2.23606797749979 0.4472135954999579 1 0 0 0.7276746949785358 -0.6859223996108416 4.653333736870903
cell 32.17605408356766 20.707847288010168 0.0 2.23606797749979 0.4472135954999579 1 0 0 0.5767676887775028 0.8169082158861286 1.2295327522824724
cell 36.024581976216545 35.59447286040718 0.0 2.23606797749979 0.4472135954999579 1 0 0 0.6421976188570548 0.7665391172890845 1.3947235421957394
cell 26.88329301940267 23.420903481628702 0.0 2.23606797749979 0.4472135954999579 1 0 0 0.5569472254326613 0.8305478842805274 1.1814112706123265
cell 35.80113424193686 3.1729941807302127 0.0 2.23606797749979 0.4472135954999579 1 0 0 0.685687322650805 0.7278962120769491 1.5110950770800973
cell 24.285970606960586 9.96164136537153 0.0 2.23606797749979 0.4472135954999579 1 0 0 0.4818855139673291 0.8762341875483078 1.0056105605118937
cell 31.635022955554465 0.18788189919037737 0.0 2.23606797749979 0.4472135954999579 1 0 0 0.5902116529868235 0.8072485395951865 1.2626420125297761
cell 38.338899563306875 22.556452401024323 0.0 2.23606797749979 0.4472135954999579 1 0 0 0.6452334501061393 0.763985467704804 1.4026576251827174
cell 40.915375437649345 39.14829011817863 0.0 2.23606797749979 0.4472135954999579 1 0 0 0.6959024593966235 -0.718136315058451 4.743833696072651
cell 32.48529736860083 15.724285948851477 0.0 2.23606797749979 0.4472135954999579 1 0 0 -0.5917138259007257 -0.8061480932421323 1.2663662609861381
cell 38.13232802959777 37.460583995081976 0.0 2.23606797749979 0.4472135954999579 1 0 0 0.6925580049888329 0.7213621903911291 1.5300582401796958
cell 25.228702354055773 45.15050269562963 0.0 2.23606797749979 0.4472135954999579 1 0 0 0.528775805492435 0.8487615374920252 1.1143151718287394
cell 20.0072585987688 2.222922971786244 0.0 2.23606797749979 0.4472135954999579 1 0 0 0.44055922742322906 0.8977235471637399 0.9124430354158787
cell 34.49357515312486 28.131836114678563 0.0 2.23606797749979 0.4472135954999579 1 0 0 0.5680250693867008 0.8230112517749886 1.208208445229126
cell 27.13329271300621 29.521977874592356 0.0 2.23606797749979 0.4472135954999579 1 0 0 0.5490983025076678 0.8357577724336147 1.1625699137592402
cell 34.59491986442245 23.496672796619347 0.0 2.23606797749979 0.4472135954999579 1 0 0 0.602348781020414 0.7982330148541974 1.2928806578581795
cell 28.27379906713451 13.098254804743789 0.0 2.23606797749979 0.4472135954999579 1 0 0 0.5780874337634916 0.8159748273842402 1.2327656713921658
cell 31.677814289358896 41.1998625730157 0.0 2.23606797749979 0.4472135954999579 1 0 0 0.5846794646594903 0.8112643980882508 1.248969791186002
cell 17.0326920787477 34.07990727604244 0.0 2.23606797749979 0.4472135954999579 1 0 0 0.5739270027987553 0.8189064631924927 1.2225865299271004
cell 2.389629849137944 23.870217550520742 0.0 2.23606797749979 0.4472135954999579 1 0 0 0.7260424969508296 -0.6876498328520154 4.658086882634617
cell 25.138214043628107 4.778566990887163 0.0 2.23606797749979 0.4472135954999579 1 0 0 -0.5166199643901014 -0.8562148167332602 1.0857971572257483
cell 40.51656243148742 1.7033577424076793 0.0 2.23606797749979 0.4472135954999579 1 0 0 0.6903814640074997 -0.7234455295009165 4.759152891211317
cell 9.440047314080964 17.33511900025034 0.0 2.23606797749979 0.4472135954999579 1 0 0 0.6890194827613711 0.7247428180915301 1.5202705272696326
cell 35.05337963379556 31.243983719861117 0.0 2.23606797749979 0.4472135954999579 1 0 0 0.6137016733103935 0.7895380017301403 1.3214810006112798
cell 20.438515774680557 7.100986427520019 0.0 2.23606797749979 0.4472135954999579 1 0 0 0.47739359633970246 0.8786895664418949 0.9953721491673331
cell 37.12279119085556 44.17623626238198 0.0 2.23606797749979 0.4472135954999579 1 0 0 0.6610131056334818 0.7503743560255637 1.4443361858946222
cell 24.27926065481794 11.59915238010796 0.0 2.23606797749979 0.4472135954999579 1 0 0 0.5115137436544592 0.8592750956780956 1.0738910408008462
cell 27.849521013446203 3.7532321392140813 0.0 2.23606797749979 0.4472135954999579 1 0 0 0.5429760141994643 0.8397482051210726 1.147954003955646
cell 21.24278152403105 27.245010971931766 0.0 2.23606797749979 0.4472135954999579 1 0 0 0.5886505140345303 0.808387637415914 1.2587769382299028
cell 27.15735028019165 18.75254689911546 0.0 2.23606797749979 0.4472135954999579 1 0 0 0.5407244685761371 0.8411997676432478 1.1425962074901026
cell 31.34310273906044 4.989924338928821 0.0 1.0 1.0 1 0 0 0.0 1.0 0
cell 33.450883170080644 3.9697884782093134 0.0 2.23606797749979 0.4472135954999579 1 0 0 0.6533117963663486 0.7570889622287296 1.4239012149754922
cell 42.0547595563336 18.15358773953163 0.0 2.23606797749979 0.4472135954999579 1 0 0 0.6971292581309673 -0.7169454633776318 4.740414243734997
cell 30.11165948062732 37.87630869206625 0.0 2.23606797749979 0.4472135954999579 1 0 0 0.5839687780592894 0.8117761183059898 1.2472182968823133
cell 26.487080027584504 4.2436043778938775 0.0 2.23606797749979 0.4472135954999579 1 0 0 0.5513938038278301 0.834245091744792 1.168068107621554
cell 25.894422674339506 44.90608288651869 0.0 2.23606797749979 0.4472135954999579 1 0 0 0.5322852911321747 0.8465650411187176 1.1225955366173908
cell 42.004738655095615 42.63835514832562 0.0 2.23606797749979 0.4472135954999579 1 0 0 0.6858302005701163 -0.7277615928214087 4.771697616070638
cell 43.26201049795295 38.76811678194549 0.0 2.23606797749979 0.4472135954999579 1 0 0 0.7033360578445021 -0.7108575031156069 4.723025960442528
cell 44.304661910826965 13.756176674577556 0.0 2.23606797749979 0.4472135954999579 1 0 0 0.691138568108743 -0.722722270082081 4.757058793880998
cell 42.48285232893128 2.0263113350857753 0.0 2.23606797749979 0.4472135954999579 1 0 0 0.6609681981586087 -0.7504139131325872 4.83896881165244
cell 44.472696320425904 34.08445666605014 0.0 2.23606797749979 0.4472135954999579 1 0 0 0.7115024354254372 -0.7026836303655234 4.699917225835407
cell 32.836652474820504 6.520506660645988 0.0 2.23606797749979 0.4472135954999579 1 0 0 0.6246378904635865 0.7809145316852545 1.3493354951514662
cell 3.055934360736622 7.529573154003558 0.0 2.23606797749979 0.4472135954999579 1 0 0 0.7073124287883207 -0.7069010737589573 4.7118072365150105
cell 26.280150551821162 13.898598632194973 0.0 2.23606797749979 0.4472135954999579 1 0 0 0.5296149460212595 0.8482381793758746 1.1162931107808545
cell 36.80405705605675 36.037718120093366 0.0 2.23606797749979 0.4472135954999579 1 0 0 0.6783248578527997 0.7347621296848247 1.4909607711877904
cell 30.383549439075328 21.77761872465775 0.0 2.23606797749979 0.4472135954999579 1 0 0 0.5925179541100174 0.8055572444322497 1.2683619809822702
cell 30.508239702612727 36.92096521981155 0.0 2.23606797749979 0.4472135954999579 1 0 0 0.5566372524072118 0.8307556615711685 1.1806649337430015
cell 34.69390554969466 44.13442938294157 0.0 2.23606797749979 0.4472135954999579 1 0 0 0.6467093033202063 0.7627365711692953 1.4065243480485012
cell 16.842139911980365 19.872724921923528 0.0 2.23606797749979 0.4472135954999579 1 0 0 0.4860648574959452 0.8739227393239327 1.01516247101842
cell 3.760270116873498 16.45466893958388 0.0 2.23606797749979 0.4472135954999579 1 0 0 0.7675010779662426 -0.6410476544849499 4.533317671600168
cell 37.983109493070856 33.26313949140672 0.0 2.23606797749979 0.4472135954999579 1 0 0 0.6743661788361385 0.7383970861548312 1.480211981931305
cell 33.127995950760926 15.266971447823702 0.0 2.23606797749979 0.4472135954999579 1 0 0 0.6203193555078124 0.7843493463899694 1.3382995949207706
cell 24.257643688298426 21.812891239093922 0.0 2.23606797749979 0.4472135954999579 1 0 0 -0.5738658141184309 -0.8189493436020268 1.2224370938655325
cell 32.46575334362055 39.1284417202676 0.0 2.23606797749979 0.4472135954999579 1 0 0 0.5916025538535064 0.8062297552645952 1.2660902163923828
cell 39.25089992679072 42.7125329955099 0.0 2.23606797749979 0.4472135954999579 1 0 0 0.7348442824887207 0.6782358590443573 1.650874120888706
cell 27.819148440007222 34.15729274321788 0.0 1.0 1.0 1 0 0 0.0 1.0 0
cell 28.27638524740077 27.654517455232103 0.0 2.23606797749979 0.4472135954999579 1 0 0 0.5950602718263462 0.8036810766056116 1.2746812826494316
cell 34.06984143907376 13.16920634814616 0.0 2.23606797749979 0.4472135954999579 1 0 0 0.6045704247611162 0.796551694181968 1.2984529267443305
cell 41.78242974834901 14.133993917871639 0.0 2.23606797749979 0.4472135954999579 1 0 0 0.6957341002569724 -0.71829942345767 4.7443025207735845
cell 44.44438475391893 42.320809595560426 0.0 2.23606797749979 0.4472135954999579 1 0 0 0.6965940867114813 -0.7174654544705252 4.7419066233257965
cell 6.9495275843361854 34.83574204562638 0.0 2.23606797749979 0.4472135954999579 1 0 0 0.7006432560700392 -0.7135117572427054 4.730588040420865
cell 21.90742869740996 19.469004384546377 0.0 2.23606797749979 0.4472135954999579 1 0 0 0.5891180142712912 0.8080470068387424 1.2599338058468836
cell 0.5692256133824943 5.278545500803934 0.0 2.23606797749979 0.4472135954999579 1 0 0 0.6855337487058188 -0.7280408500800949 4.772512154778538
cell 9.041037317752417 33.78374744958058 0.0 2.23606797749979 0.4472135954999579 1 0 0 0.6245909535053112 0.7809520733049667 1.34921528780953
cell 29.474271442068115 40.057372631870194 0.0 1.0 1.0 1 0 0 0.0 1.0 0
cell 32.88845833590454 10.143960265206001 0.0 2.23606797749979 0.4472135954999579 1 0 0 0.627738036239808 0.7784246642147136 1.3572879450092914
cell 16.647328943595923 26.614091050350122 0.0 2.23606797749979 0.4472135954999579 1 0 0 0.6164560157418832 0.7873893450229327 1.3284675992930557
cell 5.206211462290904 25.145443790334816 0.0 2.23606797749979 0.4472135954999579 1 0 0 0.7873990904622189 -0.6164435678464578 4.470028634933048
cell 27.423698260133293 37.77473365321754 0.0 2.23606797749979 0.4472135954999579 1 0 0 0.6249514020974861 0.780663656779529 1.3501385586983399
cell 31.387841476152957 34.80878310866929 0.0 2.23606797749979 0.4472135954999579 1 0 0 0.6024405617421361 0.7981637485928683 1.2931106275592528
cell 32.86201758834159 4.09127688996509 0.0 2.23606797749979 0.4472135954999579 1 0 0 0.616915167803377 0.7870296536561575 1.3296341300548464
cell 39.15192963838274 21.384022976480306 0.0 2.23606797749979 0.4472135954999579 1 0 0 0.7079538854700199 -0.7062586608657638 4.709991570183945
cell 2.9242869834711374 43.828391587032144 0.0 2.23606797749979 0.4472135954999579 1 0 0 0.6936811052008363 -0.7202822532086616 4.750010903399956
cell 24.22884240119954 39.86630265656248 0.0 2.23606797749979 0.4472135954999579 1 0 0 0.5720952805312258 0.8201871676598568 1.2181164460452918
cell 3.461413758160038 32.75428843088496 0.0 2.23606797749979 0.4472135954999579 1 0 0 0.7558643823541784 -0.6547282149780445 4.569238645502277
cell 35.14517822726175 3.269765888429438 0.0 2.23606797749979 0.4472135954999579 1 0 0 0.6775014432482819 0.7355214438726414 1.488720619605495
cell 10.834461639438794 35.41298820347309 0.0 2.23606797749979 0.4472135954999579 1 0 0 0.6360239112685047 -0.771669349070386 4.9045159593889895
cell 21.423364401131806 20.931148217734563 0.0 2.23606797749979 0.4472135954999579 1 0 0 0.5854972714731099 0.8106743767367657 1.250986653368493
cell 36.649156810300134 39.73311216460871 0.0 2.23606797749979 0.4472135954999579 1 0 0 0.6759644946805018 0.7369341910451258 1.484545422816795
cell 41.08169359956901 1.6916216082707578 0.0 2.23606797749979 0.4472135954999579 1 0 0 0.671631542448358 -0.7408853293111152 4.810367811234385
cell 2.352286796232742 11.758314227158477 0.0 2.23606797749979 0.4472135954999579 1 0 0 0.7214839379612488 -0.692431171499326 4.671299273491518
cell 22.49559652197347 18.25877370805101 0.0 2.23606797749979 0.4472135954999579 1 0 0 -0.600029689350786 -0.7999777321260881 1.287076441996538
cell 33.008691522629825 44.679345464720114 0.0 2.23606797749979 0.4472135954999579 1 0 0 0.6283736812142261 0.7779116381423292 1.3589216406009486
cell 44.923416163496086 21.692487672418434 0.0 2.23606797749979 0.4472135954999579 1 0 0 0.6975589904838178 -0.7165273580228442 4.739215107389859
cell 25.442714782744886 31.206898748727586 0.0 2.23606797749979 0.4472135954999579 1 0 0 -0.6620119063418061 -0.7494933194243213 1.446999889038656
cell 44.37440595612227 25.769590369367297 0.0 2.23606797749979 0.4472135954999579 1 0 0 0.7025369278922793 -0.7116472897072527 4.725273066736126
cell 38.139298682378936 7.060392241849777 0.0 2.23606797749979 0.4472135954999579 1 0 0 0.7386488709540711 0.6740903837307547 1.6621275545861351
cell 34.928696383013296 33.105366199412046 0.0 2.23606797749979 0.4472135954999579 1 0 0 0.603679169933694 0.7972273576516088 1.2962160928908695
cell 32.72263012085535 24.54472283107128 0.0 2.23606797749979 0.4472135954999579 1 0 0 -0.5694953087434185 -0.8219945822931186 1.2117834817056918
cell 39.24478861904394 30.591363062813944 0.0 2.23606797749979 0.4472135954999579 1 0 0 0.7229184134967673 0.6909334030334016 1.6160338195943527
cell 41.69167607463395 38.72900987583855 0.0 2.23606797749979 0.4472135954999579 1 0 0 0.7008677611405377 -0.7132912318217925 4.7299586470978445
cell 35.608000949446264 12.04126252542838 0.0 2.23606797749979 0.4472135954999579 1 0 0 -0.699877364369678 -0.7142630291726942 1.550451573658699
cell 20.801306429139878 1.7449033878600855 0.0 2.23606797749979 0.4472135954999579 1 0 0 0.44580199734461834 0.8951315987962601 0.9241400316604362
cell 4.207509256236988 13.463841381122863 0.0 2.23606797749979 0.4472135954999579 1 0 0 0.7303832070919654 -0.683037605698292 4.645419674900513
cell 31.714284132910738 26.045248084818294 0.0 2.23606797749979 0.4472135954999579 1 0 0 -0.598054592804609 -0.8014553662090692 1.2821431218427621
cell 29.41616052032452 33.13505571099788 0.0 2.23606797749979 0.4472135954999579 1 0 0 0.5585283608249475 0.8294854249196891 1.1852211578125087
cell 38.1604973611636 27.438976984819533 0.0 2.23606797749979 0.4472135954999579 1 0 0 0.6287579251163331 0.7776011005672533 1.3599097235262234
cell 24.175861148054885 28.092544007324758 0.0 2.23606797749979 0.4472135954999579 1 0 0 0.6078202322144407 0.7940746597838162 1.3066253122285576
cell 2.0153747232053085 35.19752063507219 0.0 2.23606797749979 0.4472135954999579 1 0 0 0.7272016298422053 -0.6864239138861934 4.6547125874217885
cell 36.95178432983441 1.2029923473868522 0.0 2.23606797749979 0.4472135954999579 1 0 0 0.6485276038133153 0.761191137029432 1.4112970144170018
cell 24.53709405273913 0.23211671636837417 0.0 2.23606797749979 0.4472135954999579 1 0 0 0.5219308715362522 0.852987787331922 1.0982260876320689
cell 39.752165385731345 2.5838907566828118 0.0 2.23606797749979 0.4472135954999579 1 0 0 0.6934531756613238 -0.7205016954631163 4.7506436965062955
cell 38.4063847903447 30.87783529242928 0.0 2.23606797749979 0.4472135954999579 1 0 0 0.6576458696653216 0.7533272264508585 1.4353790088080711
cell 37.70153886632174 23.780891849401716 0.0 2.23606797749979 0.4472135954999579 1 0 0 0.6285912468151544 0.7777358448903905 1.359481061939993
cell 6.066521967871157 16.59044008059591 0.0 2.23606797749979 0.4472135954999579 1 0 0 0.6996829166729588 -0.7144535087155927 4.733278131770259
cell 34.54027009086349 39.0450958711038 0.0 2.23606797749979 0.4472135954999579 1 0 0 0.6362401362177916 0.7714910816500512 1.3792298208135372
cell 10.392046209871811 40.09015030438011 0.0 2.23606797749979 0.4472135954999579 1 0 0 0.7049137948092942 -0.7092929873384907 4.718582103749045
cell 26.062168265819817 25.577417731562285 0.0 2.23606797749979 0.4472135954999579 1 0 0 -0.5743261521467519 -0.8186265760163824 1.2235615315436403
cell 31.577886518736566 2.1391633779246386 0.0 2.23606797749979 0.4472135954999579 1 0 0 0.5916290286364334 0.8062103276904299 1.2661558927128973
cell 20.999240246679456 37.23379013076983 0.0 2.23606797749979 0.4472135954999579 1 0 0 0.5525370433935927 0.8334883416568387 1.170810127092507
cell 14.211174113173335 7.097081021992497 0.0 2.23606797749979 0.4472135954999579 1 0 0 0.5437170223938776 0.8392686098974127 1.1497193421932976
cell 17.387393691628453 38.83120702899585 0.0 2.23606797749979 0.4472135954999579 1 0 0 0.5115151044196903 0.859274285633239 1.0738942080423486
cell 31.947184621915902 6.935873826785921 0.0 1.0 1.0 1 0 0 0.0 1.0 0
cell 37.21119061531263 20.119493313418552 0.0 2.23606797749979 0.4472135954999579 1 0 0 0.6412129808942091 0.7673629604905118 1.3921558741760738
cell 42.332554225866225 30.294759711911627 0.0 2.23606797749979 0.4472135954999579 1 0 0 0.7191989253098391 -0.6948042212257871 4.677887947906412
cell 37.76099049857833 4.87971457663397 0.0 2.23606797749979 0.4472135954999579 1 0 0 0.7199108428567961 0.6940665518069701 1.6073477083723966
cell 5.841169847110138 29.615588120473518 0.0 2.23606797749979 0.4472135954999579 1 0 0 0.7852790991451569 -0.6191419356220113 4.476891743089527
