500
 Lattice="43.767628180872926 0.0 0.0 0.0 43.767628180872926 0.0 0.0 0.0 1.0"Properties=species:S:1:pos:R:3:aspherical_shape:R:3:orientation:R:4:Color:R:1
cell 38.48603123349884 21.16218864944159 0.0 2.23606797749979 0.4472135954999579 1 0 0 0.4623515340053987 0.886696711961229 0.9612907732840107
cell 21.309544034159643 30.940397160589647 0.0 2.23606797749979 0.4472135954999579 1 0 0 0.5187810262009295 0.8549071568620247 1.0908489552744702
cell 20.943802189228723 11.783659484074745 0.0 2.23606797749979 0.4472135954999579 1 0 0 -0.3733403750164485 -0.9276944348127661 0.7652143020633089
cell 19.243308954733784 41.960158091107736 0.0 2.23606797749979 0.4472135954999579 1 0 0 0.5466954009038271 0.8373315583629962 1.1568250921111276
cell 0.03873373077059615 17.2865502817407 0.0 2.23606797749979 0.4472135954999579 1 0 0 0.5180057489875655 0.855377135546556 1.0890357429010584
cell 16.69208332691849 9.995717128579344 0.0 2.23606797749979 0.4472135954999579 1 0 0 0.32980121836334736 0.9440503992722272 0.672186009763046
cell 28.77325586242931 42.80149979973763 0.0 2.23606797749979 0.4472135954999579 1 0 0 0.5139023809895531 0.8578486712779057 1.079455312498282
cell 34.71228930772887 37.384163434829276 0.0 2.23606797749979 0.4472135954999579 1 0 0 0.4141671297373273 0.9102008507165569 0.8540551443707273
cell 33.53960735088482 39.48521958895479 0.0 2.23606797749979 0.4472135954999579 1 0 0 0.37039336264813366 0.9288749953068002 0.758864935655881
cell 27.84597845254727 3.054205742149751 0.0 2.23606797749979 0.4472135954999579 1 0 0 0.47389215284385655 0.8805828907451103 0.9874110426127837
cell 43.37057893339372 4.7939038086743295 0.0 2.23606797749979 0.4472135954999579 1 0 0 -0.29565747861015723 -0.9552940151293131 0.6002873856525914
cell 15.841109897145728 38.756678097220274 0.0 2.23606797749979 0.4472135954999579 1 0 0 0.5580371078357037 0.8298159954341463 1.1840369173391028
cell 0.16541446228166187 40.85289213297489 0.0 2.23606797749979 0.4472135954999579 1 0 0 -0.30402990674146824 -0.9526624878763591 0.617839933373542
cell 32.66286038231095 29.843767979563516 0.0 2.23606797749979 0.4472135954999579 1 0 0 -0.24629418162834765 -0.9691951176600213 0.49770956465038285
cell 43.17302202991551 22.682445646553514 0.0 2.23606797749979 0.4472135954999579 1 0 0 0.4945042218067795 0.8691752266460839 1.0345286765540331
cell 11.480095957310898 37.935825831172544 0.0 2.23606797749979 0.4472135954999579 1 0 0 -0.46555621393799484 -0.8850183114849771 0.9685259694531716
cell 40.423702496281884 9.377898451078606 0.0 2.23606797749979 0.4472135954999579 1 0 0 0.4734534484879752 0.8808188418255165 0.9864147807408945
cell 6.11509771270012 10.71077654229058 0.0 2.23606797749979 0.4472135954999579 1 0 0 0.27204682022783616 0.9622840160804519 0.5510388753935882
cell 19.8921611527631 41.5839852073766 0.0 2.23606797749979 0.4472135954999579 1 0 0 0.5634054460003901 0.8261805513428052 1.1970038993536172
cell 5.7265502396672305 41.74188806149712 0.0 2.23606797749979 0.4472135954999579 1 0 0 0.348832345808315 0.937185144204638 0.7126497961075067
cell 41.35239626571743 24.1664439950421 0.0 2.23606797749979 0.4472135954999579 1 0 0 -0.456356661848803 -0.8897969415468999 0.9477926121413347
cell 2.403647852153074 29.545546908937993 0.0 2.23606797749979 0.4472135954999579 1 0 0 -0.4109355888695414 -0.9116643800217508 0.8469601355320018
cell 19.765217611829925 7.661205715515778 0.0 2.23606797749979 0.4472135954999579 1 0 0 -0.4161390588063736 -0.9093009863272697 0.8583902393002205
cell 27.832025916889542 8.438772145681671 0.0 2.23606797749979 0.4472135954999579 1 0 0 0.5029730384021556 0.864302101490274 1.0540703205825988
cell 9.022653791229411 25.969902631576982 0.0 2.23606797749979 0.4472135954999579 1 0 0 0.6073037211215248 0.7944697541832221 1.3053247226569409
cell 27.983450164566705 32.44269067353533 0.0 2.23606797749979 0.4472135954999579 1 0 0 0.40588761105099486 0.9139229985044234 0.8358996625850286
cell 29.738646764228292 27.45252117295051 0.0 2.23606797749979 0.4472135954999579 1 0 0 0.26224160654096795 0.965002248597801 0.5306887504113438
cell 25.9587509213341 9.734557413699035 0.0 2.23606797749979 0.4472135954999579 1 0 0 0.4535184289227178 0.8912468988038442 0.9414183040884269
cell 9.217596794664733 39.08832840269531 0.0 2.23606797749979 0.4472135954999579 1 0 0 0.32956533975540603 0.9441327697055663 0.671686315431289
cell 26.962133486293155 16.496087033885942 0.0 2.23606797749979 0.4472135954999579 1 0 0 -0.4074904592839068 -0.9132094642482581 0.8394086535409064
cell 38.42030509689935 5.374064075749666 0.0 2.23606797749979 0.4472135954999579 1 0 0 0.4999371648133276 0.8660616786571333 1.0470524425879562
cell 16.45033221290575 33.48125634716532 0.0 2.23606797749979 0.4472135954999579 1 0 0 0.616583733992165 0.7872893362521044 1.3287920292901603
cell 36.754962798910796 1.3606850929666385 0.0 2.23606797749979 0.4472135954999579 1 0 0 0.502629573924645 0.8645018863000414 1.0532756336766977
cell 18.46199753524461 4.4075533268138 0.0 2.23606797749979 0.4472135954999579 1 0 0 -0.4236021437726956 -0.9058483448078803 0.8748363636703846
cell 39.254037674194926 4.559738465682243 0.0 2.23606797749979 0.4472135954999579 1 0 0 0.5063528693331125 0.8623263719254584 1.0619002079409172
cell 12.627654176012804 33.8542966105704 0.0 2.23606797749979 0.4472135954999579 1 0 0 0.5856609891122788 0.8105561089967969 1.2513905876395373
cell 14.96314197760009 18.48249444827134 0.0 2.23606797749979 0.4472135954999579 1 0 0 -0.2527338330044718 -0.9675358441188976 0.5110095588607413
cell 36.50589614194219 21.11146214061634 0.0 2.23606797749979 0.4472135954999579 1 0 0 -0.43983408380080896 -0.8980790492640962 0.910827838769098
cell 30.936459796739918 40.22629279106016 0.0 2.23606797749979 0.4472135954999579 1 0 0 0.5463111055061244 0.8375823398333302 1.1559073245975306
cell 31.184495682178117 24.18911715522449 0.0 2.23606797749979 0.4472135954999579 1 0 0 0.3214709245842392 0.9469194499253643 0.6545649146504698
cell 7.637492814963269 31.563076776165524 0.0 2.23606797749979 0.4472135954999579 1 0 0 0.5072768322083575 0.8617831603742637 1.0640438369145582
cell 3.499266010340877 6.871878600059183 0.0 2.23606797749979 0.4472135954999579 1 0 0 0.32098907847469926 0.9470828957910513 0.6535472895134486
cell 28.593059951295263 15.90453543680368 0.0 2.23606797749979 0.4472135954999579 1 0 0 0.4572819023945322 0.8893217987559046 0.9498728340879795
cell 2.3951007077603346 14.85467955330569 0.0 2.23606797749979 0.4472135954999579 1 0 0 0.4499124822526595 0.8930726500757094 0.9333346808083852
cell 12.151613198407048 42.28990129544025 0.0 2.23606797749979 0.4472135954999579 1 0 0 -0.37399491119466316 -0.9274307555825912 0.7666256055256158
cell 7.9223397814981205 16.846262351324526 0.0 2.23606797749979 0.4472135954999579 1 0 0 0.5100560915989888 0.8601411415708261 1.0705000022037012
cell 20.01332698084108 20.129522266794865 0.0 2.23606797749979 0.4472135954999579 1 0 0 0.28146481618159197 0.959571548792409 0.5706405993465266
cell 43.40903071186045 41.515833460682295 0.0 2.23606797749979 0.4472135954999579 1 0 0 0.3422150998288538 0.9396216395172727 0.6985466532228877
cell 30.28280185826717 11.439170370750986 0.0 2.23606797749979 0.4472135954999579 1 0 0 0.46785435519961516 0.8838055794804377 0.9737229593406037
cell 27.196888623284977 8.9157281186632 0.0 2.23606797749979 0.4472135954999579 1 0 0 0.4809184140762884 0.876765350023795 1.0034038290845333
cell 19.586336522997392 24.470976451087292 0.0 2.23606797749979 0.4472135954999579 1 0 0 0.9333305893762449 -0.3590181206214963 3.8760239807547863
cell 23.944505102577274 34.547482433823916 0.0 2.23606797749979 0.4472135954999579 1 0 0 0.49831177779705677 0.8669979077879811 1.0433009580979389
cell 1.9718974992789204 10.521752210915981 0.0 2.23606797749979 0.4472135954999579 1 0 0 0.46893355821277366 0.8832334447822429 0.97616592265756
cell 42.22204566147987 36.98364676090068 0.0 2.23606797749979 0.4472135954999579 1 0 0 0.2709348314123038 0.9625976922513302 0.5487281075432449
cell 7.576905207187587 7.965419072507128 0.0 2.23606797749979 0.4472135954999579 1 0 0 0.32928687203256735 0.944229927457824 0.6710964547625976
cell 5.954112190115241 17.93376861811256 0.0 2.23606797749979 0.4472135954999579 1 0 0 0.5539347271806065 0.8325600987456383 1.1741658121379788
cell 28.79889032068405 31.33302746765655 0.0 2.23606797749979 0.4472135954999579 1 0 0 -0.42957019324622714 -0.9030334706279712 0.8880335283892169
cell 43.16376957977438 30.08195304392586 0.0 2.23606797749979 0.4472135954999579 1 0 0 0.3784621798220309 0.9256167557063543 0.7762686609699795
cell 5.435858943692249 27.78401056827333 0.0 2.23606797749979 0.4472135954999579 1 0 0 0.4913135740002999 0.8709827621733118 1.0271945281572166
cell 21.993798397542236 16.021941214140977 0.0 2.23606797749979 0.4472135954999579 1 0 0 -0.32808068733547957 -0.9446497036454726 0.668542169114585
cell 6.873892500926241 17.28638075564181 0.0 2.23606797749979 0.4472135954999579 1 0 0 0.5531207771544226 0.8331010778291477 1.1722111529963901
cell 8.662617124890547 30.80121542782043 0.0 2.23606797749979 0.4472135954999579 1 0 0 -0.5342074584766162 -0.8453534120756563 1.127139884517459
cell 41.059995960317444 19.833368576733005 0.0 2.23606797749979 0.4472135954999579 1 0 0 -0.49914782301583654 -0.866516849679538 1.04523009115056
cell 0.5945082288378639 33.78759833734143 0.0 2.23606797749979 0.4472135954999579 1 0 0 0.3437425638019308 0.9390639221218519 0.7017988496898009
cell 34.6073353678412 20.004286205944847 0.0 2.23606797749979 0.4472135954999579 1 0 0 0.4434401117311565 0.8963040038445993 0.9188663076338379
cell 1.552059170109456 11.944848551200142 0.0 2.23606797749979 0.4472135954999579 1 0 0 0.5106512187324516 0.8597879580495774 1.0718840757910202
cell 30.493923383859673 6.284428881009327 0.0 2.23606797749979 0.4472135954999579 1 0 0 0.4856340234815719 0.8741622247827345 1.0141766287636182
cell 43.6372260640726 27.655120510094495 0.0 2.23606797749979 0.4472135954999579 1 0 0 -0.41386901973822726 -0.9103364402795918 0.8534001509291542
cell 31.3749105440188 25.32030321634485 0.0 2.23606797749979 0.4472135954999579 1 0 0 0.304905885673445 0.9523824866521287 0.61967921566231
cell 17.917188053007465 21.156804465375664 0.0 2.23606797749979 0.4472135954999579 1 0 0 0.2751717892450731 0.9613950730077958 0.5575367705698048
cell 42.805335423061685 17.485641575723182 0.0 2.23606797749979 0.4472135954999579 1 0 0 0.5180816689211473 0.8553311547744995 1.089213259860464
cell 14.788492858133518 29.561548740117658 0.0 2.23606797749979 0.4472135954999579 1 0 0 0.6338057752131095 0.7734922360996969 1.3729272052134067
cell 2.2474142278049114 33.49474500664728 0.0 2.23606797749979 0.4472135954999579 1 0 0 -0.3576253297009517 -0.9338651527690096 0.7314476214274785
cell 16.72274547949008 4.596859463511453 0.0 2.23606797749979 0.4472135954999579 1 0 0 -0.41052571067382987 -0.911849023071115 0.8460610399989204
cell 26.732076232962484 17.153945018029013 0.0 2.23606797749979 0.4472135954999579 1 0 0 -0.3778844943664224 -0.9258527468865841 0.775020602741523
cell 11.330059911813718 4.249201986248098 0.0 2.23606797749979 0.4472135954999579 1 0 0 -0.33972306016614234 -0.9405255139502339 0.6932448592675255
cell 22.71697087766513 34.81565147400131 0.0 2.23606797749979 0.4472135954999579 1 0 0 0.4561621399211782 0.8898966805773193 0.9473554089633672
cell 1.4528742260222711 26.233020308710902 0.0 2.23606797749979 0.4472135954999579 1 0 0 0.4614713838524801 0.8871550946059414 0.95930605262712
cell 1.2322524176265988 20.78405885567605 0.0 2.23606797749979 0.4472135954999579 1 0 0 0.5052995083334156 0.8629440346152283 1.0594580148451183
cell 0.17178420072771733 3.9082898139741946 0.0 2.23606797749979 0.4472135954999579 1 0 0 0.32569286252327023 0.9454756259689607 0.6634889094084643
cell 29.159693861047497 7.432809385226282 0.0 2.23606797749979 0.4472135954999579 1 0 0 0.475830890071911 0.8795367894826077 0.9918169622005716
cell 13.92991194326062 29.980930041384326 0.0 2.23606797749979 0.4472135954999579 1 0 0 0.6191015110101336 0.7853109696578607 1.3351961355522415
cell 24.451202168163658 8.966120658275342 0.0 2.23606797749979 0.4472135954999579 1 0 0 0.46677191654113565 0.8843777348670167 0.9712742572982791
cell 28.127124800589893 23.701060480644113 0.0 2.23606797749979 0.4472135954999579 1 0 0 0.2998274905778942 0.9539934359804384 0.6090236402900072
cell 8.199442967283703 36.37728358970671 0.0 2.23606797749979 0.4472135954999579 1 0 0 0.3782622380360207 0.9256984818373534 0.7758366615326538
cell 6.175078262412789 27.322592794681793 0.0 2.23606797749979 0.4472135954999579 1 0 0 0.5204662357842587 0.8538822503182535 1.0947937574365336
cell 5.004516618451489 3.2871690910704245 0.0 2.23606797749979 0.4472135954999579 1 0 0 0.3226311412212841 0.9465247734287 0.6570159327000674
cell 34.83269178890383 11.028688162406112 0.0 2.23606797749979 0.4472135954999579 1 0 0 0.5146258783491879 0.8574148385311084 1.0811425105587327
cell 25.148215081131806 13.621542073943383 0.0 2.23606797749979 0.4472135954999579 1 0 0 0.40992793769323693 0.9121179122781055 0.8447501106227217
cell 29.792404983176382 6.843059907038954 0.0 2.23606797749979 0.4472135954999579 1 0 0 0.4783628461107477 0.8781622785458421 0.9975789366673121
cell 15.035748386580115 1.5125543531248782 0.0 2.23606797749979 0.4472135954999579 1 0 0 -0.3840319633155619 -0.9233197989602492 0.788318326236241
cell 14.18305081438971 1.5848740901394305 0.0 2.23606797749979 0.4472135954999579 1 0 0 -0.3723246804630965 -0.928102544074766 0.7630250659270486
cell 41.479573601047726 27.42539175188627 0.0 2.23606797749979 0.4472135954999579 1 0 0 0.4351278981748949 0.9003686535136028 0.9003606455856371
cell 33.4772521684532 20.837271058669298 0.0 2.23606797749979 0.4472135954999579 1 0 0 -0.4526963434472234 -0.8916647467683768 0.9395739380610335
cell 34.96177023993 18.060852504305597 0.0 2.23606797749979 0.4472135954999579 1 0 0 0.46920490398930037 0.8830893262136008 0.9767804100634812
cell 4.6184945938130175 27.788929580419467 0.0 2.23606797749979 0.4472135954999579 1 0 0 0.5208693007992217 0.8536364398764441 1.095737969666341
cell 5.187167343529962 36.83724167772902 0.0 2.23606797749979 0.4472135954999579 1 0 0 -0.36533753231587646 -0.9308751191654796 0.7479907481231063
cell 32.82072677867262 7.036110204550664 0.0 2.23606797749979 0.4472135954999579 1 0 0 0.5244155406254704 0.8514624717217405 1.104057099281743
cell 31.06071727331394 19.60009851879377 0.0 2.23606797749979 0.4472135954999579 1 0 0 -0.4331298741915991 -0.9013315217403469 0.8959247839663096
cell 3.8997039298804532 5.947863184815485 0.0 2.23606797749979 0.4472135954999579 1 0 0 0.3330939859129797 0.942893629498367 0.679166109134611
cell 15.803396309896414 10.338471305069808 0.0 2.23606797749979 0.4472135954999579 1 0 0 0.319539906879941 0.9475728193184726 0.6504877968560799
cell 35.06210244958878 9.611621923428327 0.0 2.23606797749979 0.4472135954999579 1 0 0 0.4884512154676765 0.8725912044641233 1.0206278874158545
cell 20.568653257311045 41.21443476597321 0.0 2.23606797749979 0.4472135954999579 1 0 0 0.567481972504898 0.8233858213996341 1.206888965570293
cell 19.131514685590677 36.97135705505309 0.0 2.23606797749979 0.4472135954999579 1 0 0 0.5857175096406027 0.8105152675307298 1.2515300522655108
cell 28.48791737477967 2.3947130587046326 0.0 2.23606797749979 0.4472135954999579 1 0 0 0.47798093240246964 0.8783702113913391 0.9967092375198205
cell 21.557076576439872 17.869902443238225 0.0 2.23606797749979 0.4472135954999579 1 0 0 0.3274807807768985 0.9448578402181743 0.6672721947440202
cell 2.246217754071227 20.880234716306575 0.0 2.23606797749979 0.4472135954999579 1 0 0 0.5111903744279175 0.8594675102016629 1.0731384691903678
cell 11.412536534100791 34.3835955068366 0.0 2.23606797749979 0.4472135954999579 1 0 0 0.5345656088798297 0.8451269785085179 1.127987336874433
cell 39.837591700859285 3.1968525971993587 0.0 2.23606797749979 0.4472135954999579 1 0 0 0.9346148100878808 -0.35566157617093586 3.868836317049271
cell 8.67883646271327 5.4376910084470556 0.0 2.23606797749979 0.4472135954999579 1 0 0 0.31133913468167906 0.9502988704695293 0.6332037597884089
cell 12.608168783001213 38.41206619336662 0.0 2.23606797749979 0.4472135954999579 1 0 0 0.48022726712244296 0.8771440998559529 1.001827585982318
cell 11.565660950670763 42.47030513368873 0.0 2.23606797749979 0.4472135954999579 1 0 0 -0.3675181632603538 -0.9300163437669985 0.7526780283644179
cell 33.877585708124286 41.79108109398271 0.0 2.23606797749979 0.4472135954999579 1 0 0 0.4830221169365721 0.8756081512583768 1.0082057776375033
cell 2.8102068494754535 24.182120932531554 0.0 2.23606797749979 0.4472135954999579 1 0 0 -0.487809851074742 -0.8729499121910936 1.0191581669768404
cell 25.198177804195915 4.985258542659414 0.0 2.23606797749979 0.4472135954999579 1 0 0 0.4887619687499085 0.8724171811144674 1.0213402124259008
cell 41.609740623622166 13.980615324515195 0.0 2.23606797749979 0.4472135954999579 1 0 0 -0.5212721160206272 -0.8533905208398894 1.0966818685576856
cell 20.430885489402602 12.423933207812322 0.0 2.23606797749979 0.4472135954999579 1 0 0 0.34691629854851647 0.9378960932861361 0.7085624071355635
cell 31.442313588766517 26.4055922394881 0.0 2.23606797749979 0.4472135954999579 1 0 0 0.2879952201249826 0.9576318463716434 0.5842654003544085
cell 38.013625818105844 39.74277250195523 0.0 2.23606797749979 0.4472135954999579 1 0 0 0.39695581852408046 0.9178377188478786 0.8163955392446351
cell 32.023692630097074 33.81041241091736 0.0 2.23606797749979 0.4472135954999579 1 0 0 0.40549155297780426 0.9140987914135149 0.8350330250664216
cell 1.7724018088088633 33.94985757564618 0.0 2.23606797749979 0.4472135954999579 1 0 0 0.3545094551400926 0.9350524296617141 0.7247787951438335
cell 26.176474632098742 17.861673992019725 0.0 2.23606797749979 0.4472135954999579 1 0 0 -0.35017870697207426 -0.9366829096248988 0.7155237677926092
cell 36.708811433149734 23.903501030680097 0.0 2.23606797749979 0.4472135954999579 1 0 0 -0.44901241602858 -0.8935255174040512 0.9313195300838037
cell 0.9693114516346147 34.97149652329519 0.0 2.23606797749979 0.4472135954999579 1 0 0 0.3253973404656829 0.945577374315746 0.6628638141728741
cell 14.692722652159594 37.81215462919436 0.0 2.23606797749979 0.4472135954999579 1 0 0 0.5435063415453697 0.8394050611593713 1.1492173247945996
cell 39.231844120264384 16.114833665160813 0.0 2.23606797749979 0.4472135954999579 1 0 0 0.4960910786291243 0.8682704887905566 1.0381819852404843
cell 18.108048821918963 1.672018170423337 0.0 2.23606797749979 0.4472135954999579 1 0 0 0.45443236677128057 0.8907812436455161 0.9434697593862669
cell 26.454003960477635 42.28411820056215 0.0 2.23606797749979 0.4472135954999579 1 0 0 0.4772784022802532 0.8787521417992725 0.9951099633804722
cell 38.52328317911371 38.735207607561755 0.0 2.23606797749979 0.4472135954999579 1 0 0 0.39943437564081247 0.9167617899740556 0.8217995646939916
cell 25.815819689957607 25.29970807604566 0.0 2.23606797749979 0.4472135954999579 1 0 0 -0.28204971901350717 -0.9593997894540115 0.5718598000758854
cell 33.36955865786832 43.159008686537305 0.0 2.23606797749979 0.4472135954999579 1 0 0 0.5040413555419884 0.8636795192103347 1.0565433029127842
cell 41.17129791760423 42.94851037635409 0.0 2.23606797749979 0.4472135954999579 1 0 0 0.3262058912886967 0.9452987445715492 0.6645742398652968
cell 33.99163784822501 17.923886185828945 0.0 2.23606797749979 0.4472135954999579 1 0 0 -0.46575656290083506 -0.8849128906930899 0.9689787530681233
cell 35.21895912730587 25.55949858806558 0.0 2.23606797749979 0.4472135954999579 1 0 0 -0.37331146233204077 -0.9277060698796323 0.7651519701100034
cell 8.480776038012097 37.532182493260116 0.0 2.23606797749979 0.4472135954999579 1 0 0 0.3679317643495684 0.9298527930713623 0.7535675556418038
cell 40.66197398097695 14.61632093153761 0.0 2.23606797749979 0.4472135954999579 1 0 0 0.4989497324711358 0.8666309274812329 1.0447729101843466
cell 5.028285771754188 18.466216555749156 0.0 2.23606797749979 0.4472135954999579 1 0 0 0.5095254026785482 0.8604556142098576 1.069266270007405
cell 20.726954387367492 5.147794100331031 0.0 2.23606797749979 0.4472135954999579 1 0 0 0.46787987416165105 0.8837920702034374 0.9737807076908319
cell 7.854846791613881 35.06173396785957 0.0 2.23606797749979 0.4472135954999579 1 0 0 -0.40703932490149747 -0.9134106349193298 0.8384207428671058
cell 21.519860137487715 35.15652070298133 0.0 2.23606797749979 0.4472135954999579 1 0 0 0.5413920655253355 0.8407702607646222 1.1441838622113285
cell 4.261319406951127 23.41787402535296 0.0 2.23606797749979 0.4472135954999579 1 0 0 0.5099877408439507 0.8601816692936926 1.0703410767867492
cell 24.485887142534033 5.371751677551562 0.0 2.23606797749979 0.4472135954999579 1 0 0 0.47428517864085695 0.8803712678873672 0.9883037990506449
cell 3.9081029509089515 28.19345335781694 0.0 2.23606797749979 0.4472135954999579 1 0 0 0.4837836026269609 0.8751876517806217 1.0099455251078828
cell 41.52792941071348 37.57025698854904 0.0 2.23606797749979 0.4472135954999579 1 0 0 0.25278906704629744 0.967521414533995 0.511123734379969
cell 21.151875799634198 10.939350616978171 0.0 2.23606797749979 0.4472135954999579 1 0 0 -0.4047622449707489 -0.9144219622506009 0.8334376196723721
cell 40.894823639773016 0.11191273629115947 0.0 2.23606797749979 0.4472135954999579 1 0 0 0.3066284475711141 0.95182928886441 0.6232976397261721
cell 34.81657176887712 12.84301286278521 0.0 2.23606797749979 0.4472135954999579 1 0 0 0.4872029559022805 0.8732887722626923 1.017767990127754
cell 40.75121383062958 20.808570609716632 0.0 2.23606797749979 0.4472135954999579 1 0 0 0.475540583588355 0.8796937838591601 0.9911568861757003
cell 34.66371495753842 28.930108156407815 0.0 2.23606797749979 0.4472135954999579 1 0 0 0.2691918596909731 0.963086570706972 0.545107636048747
cell 6.022873038584643 32.40538058650497 0.0 2.23606797749979 0.4472135954999579 1 0 0 -0.4332413342556938 -0.9012779517398316 0.8961721144404748
cell 6.151062830273319 35.860508203432204 0.0 2.23606797749979 0.4472135954999579 1 0 0 0.3752144973923463 0.9269380135406083 0.7692563358143213
cell 15.355329739420327 11.05649270855798 0.0 2.23606797749979 0.4472135954999579 1 0 0 -0.3193438354442492 -0.9476389158132734 0.6500739719913273
cell 37.16405055308381 23.513134928684085 0.0 2.23606797749979 0.4472135954999579 1 0 0 0.45946926081150824 0.8881936716557522 0.9547951143140117
cell 9.856507317717039 0.1397290982075458 0.0 2.23606797749979 0.4472135954999579 1 0 0 0.3661274665342171 0.9305647093293598 0.7496882172732322
cell 21.783700574234043 5.427118392275519 0.0 2.23606797749979 0.4472135954999579 1 0 0 -0.4593079719563219 -0.8882770890309907 0.9544319473915666
cell 25.027973430978495 43.34498072002608 0.0 2.23606797749979 0.4472135954999579 1 0 0 0.513291289428688 0.8582144558306128 1.0780309091056997
cell 35.91680840780049 32.26829878266651 0.0 2.23606797749979 0.4472135954999579 1 0 0 0.2454933942608267 0.9693982635502801 0.4960572587470697
cell 31.44030637151578 34.93812362712191 0.0 2.23606797749979 0.4472135954999579 1 0 0 -0.39874476883528975 -0.917061944105463 0.8202953704572158
cell 15.772990226327344 4.707394576936576 0.0 2.23606797749979 0.4472135954999579 1 0 0 0.401061951439529 0.916050932594644 0.8253516469135227
cell 15.843163456381859 1.1841327416183778 0.0 2.23606797749979 0.4472135954999579 1 0 0 0.40353727327828137 0.9149632064051153 0.8307591864361706
cell 13.235582624469144 33.623739654626554 0.0 2.23606797749979 0.4472135954999579 1 0 0 0.609708675400604 0.7926255932918397 1.3113859903486766
cell 36.72369644176069 31.701036038417712 0.0 2.23606797749979 0.4472135954999579 1 0 0 0.25016933877780856 0.9682020976714903 0.5057103028592824
cell 35.2381457926872 36.221339962821276 0.0 2.23606797749979 0.4472135954999579 1 0 0 -0.41664810824946263 -0.9090678488936588 0.859510032864498
cell 41.53497040150818 7.112109974780354 0.0 2.23606797749979 0.4472135954999579 1 0 0 0.5299093459654384 0.8480542936973324 1.1169873305475428
cell 18.939585966050238 20.58136752529298 0.0 2.23606797749979 0.4472135954999579 1 0 0 0.2653248203648841 0.964159084227464 0.5370816034015374
cell 37.690607514257636 6.1333474397418755 0.0 2.23606797749979 0.4472135954999579 1 0 0 0.5034310736022073 0.8640353893977543 1.0551303801872618
cell 19.904859729418362 36.51208129047273 0.0 2.23606797749979 0.4472135954999579 1 0 0 0.595224928630374 0.8035591355569086 1.275091070314538
cell 42.59654254570702 13.113349506556531 0.0 2.23606797749979 0.4472135954999579 1 0 0 0.41761294924382997 0.9086250187089668 0.8616332538353186
cell 19.577360625886776 12.645031060857276 0.0 2.23606797749979 0.4472135954999579 1 0 0 0.3204397562908759 0.9472688966646399 0.6523873736612528
cell 38.333583649595404 11.862389036081293 0.0 2.23606797749979 0.4472135954999579 1 0 0 0.4808141609927996 0.876822526278146 1.00316602387437
cell 13.419478674360981 38.34696581924244 0.0 2.23606797749979 0.4472135954999579 1 0 0 -0.5115345529027188 -0.8592627078994035 1.0739394755765383
cell 7.083955256226346 40.88618608843534 0.0 2.23606797749979 0.4472135954999579 1 0 0 0.3587073593980772 0.9334500684630425 0.7337654509266818
cell 8.092813779172308 1.4515179421441682 0.0 2.23606797749979 0.4472135954999579 1 0 0 -0.3383097542683304 -0.9410348081590297 0.6902403196513198
cell 24.14463581572902 38.434787854671036 0.0 2.23606797749979 0.4472135954999579 1 0 0 -0.496575516742124 -0.8679935231165568 1.0392980323326473
cell 18.603528774904934 42.364738454169476 0.0 2.23606797749979 0.4472135954999579 1 0 0 0.5253571129489549 0.850881838961168 1.1062695124147608
cell 32.919890240184365 9.184959191102294 0.0 2.23606797749979 0.4472135954999579 1 0 0 0.4919177189304706 0.8706416931219424 1.0285820716178096
cell 12.589288680198907 18.284160080354148 0.0 2.23606797749979 0.4472135954999579 1 0 0 0.9512003396717277 -0.30857400053859013 3.7689796721894813
cell 2.281487568096533 24.78760488732973 0.0 2.23606797749979 0.4472135954999579 1 0 0 -0.47933953692311787 -0.8776295393515028 0.9998040084592503
cell 4.016716027910966 36.70085764669141 0.0 2.23606797749979 0.4472135954999579 1 0 0 0.3508551423697444 0.9364297459354366 0.7169682839379814
cell 14.24572053206352 34.633663667995314 0.0 2.23606797749979 0.4472135954999579 1 0 0 0.6114409628721399 0.7912900535972827 1.3157606848831043
cell 16.059530742955953 41.95974049481338 0.0 2.23606797749979 0.4472135954999579 1 0 0 0.4966408017550815 0.8679561705708819 1.0394484629889365
cell 14.097377965816195 14.634298042200257 0.0 2.23606797749979 0.4472135954999579 1 0 0 0.2981531187993874 0.9545180552248336 0.6055143685740296
cell 7.5360464786125 26.704966233027818 0.0 2.23606797749979 0.4472135954999579 1 0 0 -0.5340373020519639 -0.8454609157241152 1.1267373413847679
cell 5.181915523809204 42.30666051843853 0.0 2.23606797749979 0.4472135954999579 1 0 0 -0.3390097938359592 -0.9407828440630178 0.6917283268118659
cell 36.8409535748499 16.58156773475054 0.0 2.23606797749979 0.4472135954999579 1 0 0 0.4904708319718992 0.87145760825458 1.0252599036455463
cell 12.202084105361239 2.93975566927013 0.0 2.23606797749979 0.4472135954999579 1 0 0 -0.3604363798060105 -0.9327837992334223 0.7374713528356684
cell 33.984442327549196 5.160468102828817 0.0 2.23606797749979 0.4472135954999579 1 0 0 0.4802340014499052 0.8771404128481439 1.001842941136886
cell 6.4000715407051825 41.27518386952165 0.0 2.23606797749979 0.4472135954999579 1 0 0 0.34655412343517167 0.9380299779485087 0.7077901483255848
cell 24.075227592942625 13.627197610138358 0.0 2.23606797749979 0.4472135954999579 1 0 0 0.4072048818565067 0.9133368404877953 0.8387832603070579
cell 37.36146030543379 35.935395316536024 0.0 2.23606797749979 0.4472135954999579 1 0 0 0.18996785606446556 0.9817903104340919 0.3822588126086782
cell 29.880892695280938 12.449078096674723 0.0 2.23606797749979 0.4472135954999579 1 0 0 0.5027686154801783 0.8644210312620493 1.0535973173187412
cell 8.747545126050435 1.119494705424888 0.0 2.23606797749979 0.4472135954999579 1 0 0 -0.35494469127583145 -0.9348873013016621 0.7257098115197573
cell 2.9632250717592297 38.880892788773465 0.0 2.23606797749979 0.4472135954999579 1 0 0 0.3278482159841829 0.9447304098397534 0.6680500048360167
cell 18.409869501622115 37.346254330546756 0.0 2.23606797749979 0.4472135954999579 1 0 0 0.5777977619296094 0.816179971764276 1.2320557587515464
cell 3.301465708881269 19.239908649260478 0.0 2.23606797749979 0.4472135954999579 1 0 0 0.4786453958502039 0.8780083057872525 0.9982224954184696
cell 12.716886203797019 41.86486692304069 0.0 2.23606797749979 0.4472135954999579 1 0 0 -0.37480678541581736 -0.9271029466063957 0.7683767177719574
cell 41.131107165722284 38.341776072953195 0.0 2.23606797749979 0.4472135954999579 1 0 0 -0.27762156922062564 -0.9606905143195063 0.5626349382376414
cell 29.037756606743653 20.691629312986223 0.0 2.23606797749979 0.4472135954999579 1 0 0 0.3572393632945139 0.9340128678518997 0.7306210869392868
cell 16.683513891016645 41.80889985596266 0.0 2.23606797749979 0.4472135954999579 1 0 0 -0.5038916200825521 -0.8637668870769364 1.0561965819759926
cell 32.85563174496837 22.560141752617156 0.0 2.23606797749979 0.4472135954999579 1 0 0 -0.39016864382153343 -0.9207434112598718 0.8016294921854552
cell 27.75004517110287 28.765036433833206 0.0 2.23606797749979 0.4472135954999579 1 0 0 0.18111341937737507 0.9834622155026775 0.3642369519929175
cell 38.89046224867171 20.473524393220018 0.0 2.23606797749979 0.4472135954999579 1 0 0 0.4802582585975435 0.8771271316342091 1.0018982511669052
cell 18.91472452197284 13.174382767974853 0.0 2.23606797749979 0.4472135954999579 1 0 0 0.3220316665040502 0.9467288977149817 0.6557493835707318
cell 5.895916573213798 12.375434930149936 0.0 2.23606797749979 0.4472135954999579 1 0 0 0.9638003436657812 -0.2666250129858826 3.681371808412961
cell 39.94408381383401 1.9023374203613066 0.0 2.23606797749979 0.4472135954999579 1 0 0 0.2652735048683725 0.9641732041572456 0.5369751580615748
cell 13.621914712454998 41.86109550164851 0.0 2.23606797749979 0.4472135954999579 1 0 0 0.4395296329897548 0.8982280900327553 0.9101498905463721
cell 28.093354100300026 22.648910569951013 0.0 2.23606797749979 0.4472135954999579 1 0 0 0.30007824608442624 0.9539145906352908 0.6095493585145549
cell 23.249291022880183 6.163330103779937 0.0 2.23606797749979 0.4472135954999579 1 0 0 0.45057240411192784 0.8927398885749407 0.9348128243759694
cell 21.849551666981288 23.28480799523572 0.0 2.23606797749979 0.4472135954999579 1 0 0 0.25976868088811644 0.9656708716895461 0.5255653055889117
cell 1.2733159788996273 1.0763297154349611 0.0 2.23606797749979 0.4472135954999579 1 0 0 0.33442650789880735 0.9424218327344761 0.6819932683886099
cell 26.05552481791275 12.242179536499089 0.0 2.23606797749979 0.4472135954999579 1 0 0 -0.45218953242138515 -0.891921872569862 0.9384373271295479
cell 32.24966447163609 23.036425886794675 0.0 2.23606797749979 0.4472135954999579 1 0 0 0.38458525443341995 0.9230894767423046 0.789516957782514
cell 40.76422274505922 33.60363073086918 0.0 2.23606797749979 0.4472135954999579 1 0 0 0.27959291644375595 0.9601186390621083 0.5667401800884747
cell 6.4368555206744755 31.91147473900167 0.0 2.23606797749979 0.4472135954999579 1 0 0 -0.46432073153747894 -0.8856671261057962 0.9657350000945462
cell 38.61110820359863 28.27211231392351 0.0 2.23606797749979 0.4472135954999579 1 0 0 -0.3448705063377178 -0.9386502723902903 0.7042016485894731
cell 1.5984252938164496 39.83855369876338 0.0 2.23606797749979 0.4472135954999579 1 0 0 0.32184734704689366 0.9467915743176406 0.6553600147536596
cell 10.693595339746773 34.77186902951673 0.0 2.23606797749979 0.4472135954999579 1 0 0 -0.5111097146401544 -0.859515479558373 1.072950777309333
cell 17.53382431248385 9.679781043005342 0.0 2.23606797749979 0.4472135954999579 1 0 0 0.3534027584489409 0.9354712664324221 0.7224121925408741
cell 41.56337901159989 33.207321646382326 0.0 2.23606797749979 0.4472135954999579 1 0 0 -0.2972998799125149 -0.9547841543532256 0.6037268279200818
cell 29.2527080172155 12.871947322738414 0.0 2.23606797749979 0.4472135954999579 1 0 0 0.48309905419514054 0.8755657050363271 1.0083815163472662
cell 36.940184826967915 13.360213654104244 0.0 2.23606797749979 0.4472135954999579 1 0 0 0.49326997039434434 0.8698762764365762 1.0316897699362324
cell 36.146647889564996 24.40205808482999 0.0 2.23606797749979 0.4472135954999579 1 0 0 0.42270547841626516 0.9062671121236147 0.8728570962239981
cell 6.7698878130152496 2.390162831697783 0.0 2.23606797749979 0.4472135954999579 1 0 0 0.3107513512314624 0.9504912402057266 0.6319668353574995
cell 26.793949535892587 24.876308089432968 0.0 2.23606797749979 0.4472135954999579 1 0 0 0.27644023616272334 0.9610311107504781 0.5601760328609475
cell 6.780134827205396 9.835736817834757 0.0 2.23606797749979 0.4472135954999579 1 0 0 0.28833849063202105 0.9575285451724392 0.5849823544118924
cell 42.96056706559916 23.898314050567265 0.0 2.23606797749979 0.4472135954999579 1 0 0 0.49494221236578917 0.8689258923627826 1.0355366513949642
cell 43.59753332509631 21.76991629345719 0.0 2.23606797749979 0.4472135954999579 1 0 0 0.49509629183037607 0.8688381102459831 1.0358913128195346
cell 43.21828129637021 6.134935188091515 0.0 2.23606797749979 0.4472135954999579 1 0 0 0.9305386426864227 -0.36619371167089976 3.891423249063748
cell 12.07956835430627 29.33788562991652 0.0 2.23606797749979 0.4472135954999579 1 0 0 0.634407222479552 0.7729990142721919 1.37448284863777
cell 0.9499546349643934 40.37421065579562 0.0 2.23606797749979 0.4472135954999579 1 0 0 -0.3249520394102996 -0.9457304965385683 0.6619220298044652
cell 43.43271601578707 26.1068146873749 0.0 2.23606797749979 0.4472135954999579 1 0 0 -0.46333531363513974 -0.886183043811281 0.9635103925798214
cell 39.90527838206065 34.047360592113186 0.0 2.23606797749979 0.4472135954999579 1 0 0 0.258026481604749 0.9661378446115617 0.5219579115517314
cell 25.787882853720202 4.4832209320790835 0.0 2.23606797749979 0.4472135954999579 1 0 0 0.5018959902865425 0.8649279825131633 1.0515789274792755
cell 21.908662773786713 40.197303753489805 0.0 2.23606797749979 0.4472135954999579 1 0 0 -0.576913039369161 -0.8168055735643807 1.2298886300187402
cell 42.93944146812998 36.50774322528522 0.0 2.23606797749979 0.4472135954999579 1 0 0 0.2927615632971252 0.9561854773294893 0.5942273403131959
cell 37.72292349646487 29.454671129556466 0.0 2.23606797749979 0.4472135954999579 1 0 0 0.31827233109875064 0.9479993266120853 0.6478129831435586
cell 33.83663951003979 14.405249230641328 0.0 2.23606797749979 0.4472135954999579 1 0 0 0.4724343155498538 0.8813658817375115 0.9841014413710305
cell 24.781290432751103 19.752811812594867 0.0 2.23606797749979 0.4472135954999579 1 0 0 0.32728674082227777 0.9449250707235634 0.6668614809994619
cell 5.31800944033042 32.886822892487636 0.0 2.23606797749979 0.4472135954999579 1 0 0 0.4132167739459491 0.9106326908966658 0.851967406676179
cell 37.46068655589426 21.18604143436627 0.0 2.23606797749979 0.4472135954999579 1 0 0 -0.4566884609479448 -0.889626691167142 0.9485384695958414
cell 13.261043181561732 1.777090675504865 0.0 2.23606797749979 0.4472135954999579 1 0 0 -0.37122375202315966 -0.9285434432129968 0.7606532011376537
cell 2.686039393885306 33.07680533669621 0.0 2.23606797749979 0.4472135954999579 1 0 0 0.3672783509804391 0.9301110755716703 0.7521623383614794
cell 35.92107236868599 18.03866736075268 0.0 2.23606797749979 0.4472135954999579 1 0 0 0.46268154231105685 0.8865245571357072 0.9620351999556266
cell 40.62891257259169 24.331090836162648 0.0 2.23606797749979 0.4472135954999579 1 0 0 -0.43448927523406905 -0.9006770063161229 0.8989423074983698
cell 23.096613616159036 1.072060101876609 0.0 2.23606797749979 0.4472135954999579 1 0 0 0.5052789647754277 0.862956063629819 1.0594104024531659
cell 10.585233927449707 21.719542405810063 0.0 2.23606797749979 0.4472135954999579 1 0 0 0.5169030300530363 0.8560439577042699 1.0864584256381682
cell 27.136564136331796 3.5122149536011977 0.0 2.23606797749979 0.4472135954999579 1 0 0 0.49044166308163484 0.871474024348242 1.0251929615126112
cell 31.802969995337374 10.701197678886261 0.0 2.23606797749979 0.4472135954999579 1 0 0 0.4754772753065296 0.8797280037983778 0.991012956431867
cell 31.069057293535565 5.4667931454962515 0.0 2.23606797749979 0.4472135954999579 1 0 0 0.4954373600064893 0.8686436682033665 1.0366765139674552
cell 15.004249471409796 22.76368734711879 0.0 2.23606797749979 0.4472135954999579 1 0 0 0.46644877649479305 0.8845482117479582 0.9705435539166786
cell 28.414381395630937 36.82709020154531 0.0 2.23606797749979 0.4472135954999579 1 0 0 0.5123814977611683 0.858757940721378 1.07591138386651
cell 11.916350400473723 3.747472594847278 0.0 2.23606797749979 0.4472135954999579 1 0 0 -0.3459472905306813 -0.9382539486591466 0.7064964573767343
cell 11.910449981792464 34.15781474322222 0.0 2.23606797749979 0.4472135954999579 1 0 0 -0.5705882077682357 -0.8212363223554062 1.2144438475996848
cell 14.012263690932501 38.06130305725957 0.0 2.23606797749979 0.4472135954999579 1 0 0 -0.5173695465484532 -0.855762088611226 1.0875485409228327
cell 39.81397557113715 15.21884867566106 0.0 2.23606797749979 0.4472135954999579 1 0 0 0.4928875374353929 0.8700930268890069 1.0308105982127722
cell 16.66305534885327 1.0707114242108755 0.0 2.23606797749979 0.4472135954999579 1 0 0 0.44501063292803905 0.8955252852828813 0.9223722683952469
cell 3.0463330442849075 0.030637679293270992 0.0 2.23606797749979 0.4472135954999579 1 0 0 0.3324121383471279 0.94313422707454 0.6777200063450483
cell 10.724264484812867 25.164366358598137 0.0 2.23606797749979 0.4472135954999579 1 0 0 0.6266309215881591 0.7793161669756212 1.354445072965181
cell 39.70033384344406 10.081990881028934 0.0 2.23606797749979 0.4472135954999579 1 0 0 -0.4744847395491745 -0.8802637286262295 0.98875718298964
cell 42.07949331166748 41.45204656141025 0.0 2.23606797749979 0.4472135954999579 1 0 0 0.3618273583416206 0.9322451194592142 0.740454638003546
cell 36.42864556059738 17.444118754725668 0.0 2.23606797749979 0.4472135954999579 1 0 0 0.4703696821102779 0.8824694681129065 0.9794192980024999
cell 38.59448471103124 24.137454981234267 0.0 2.23606797749979 0.4472135954999579 1 0 0 0.4482043267287785 0.8939311391273952 0.9295111746379915
cell 9.029974847390656 0.3209428627117528 0.0 2.23606797749979 0.4472135954999579 1 0 0 -0.3660191295764275 -0.9306073268485019 0.7494553812848093
cell 32.03454880707536 1.2011633838558629 0.0 2.23606797749979 0.4472135954999579 1 0 0 0.4880296903087947 0.8728270283264044 1.019661872181757
cell 35.8333269058885 8.933706437549088 0.0 2.23606797749979 0.4472135954999579 1 0 0 0.48263431089003733 0.8758219693246446 1.007320087627632
cell 31.578298086235396 16.675323724407534 0.0 2.23606797749979 0.4472135954999579 1 0 0 0.4855915049361569 0.874185844276741 1.014079351691257
cell 4.220087703346686 4.97163223319476 0.0 2.23606797749979 0.4472135954999579 1 0 0 0.34301303901062474 0.9393306420364959 0.7002453427354124
cell 27.78602835057467 24.493435716032756 0.0 2.23606797749979 0.4472135954999579 1 0 0 0.28411965195913647 0.9587888314799141 0.5761762309410849
cell 11.312255711434657 9.96446917728879 0.0 2.23606797749979 0.4472135954999579 1 0 0 -0.30091645694599817 -0.9536505051322876 0.6113070145116861
cell 9.045658632713817 35.51687114540743 0.0 2.23606797749979 0.4472135954999579 1 0 0 -0.4370470347684107 -0.8994386523827734 0.9046258485545939
cell 40.15078370106853 26.814126589605177 0.0 2.23606797749979 0.4472135954999579 1 0 0 0.413845703886486 0.9103470400757608 0.8533489265356962
cell 20.947524593597155 19.605936714210152 0.0 2.23606797749979 0.4472135954999579 1 0 0 0.3060202668878171 0.9520249977043194 0.622019851469161
cell 26.632542559580692 38.14803969916812 0.0 2.23606797749979 0.4472135954999579 1 0 0 0.4939825318211595 0.8694718271776016 1.0333284560289617
cell 30.809804411249758 3.0394905328591295 0.0 2.23606797749979 0.4472135954999579 1 0 0 0.521297804570087 0.8533748291052458 1.0967420726143442
cell 0.458024677123504 21.160856036535545 0.0 2.23606797749979 0.4472135954999579 1 0 0 0.5078761064948075 0.8614301251126959 1.0654348992220235
cell 37.59970837429889 40.82877010953715 0.0 2.23606797749979 0.4472135954999579 1 0 0 0.3962951589972957 0.9181231654605542 0.8149561632668232
cell 8.30495927058012 31.14646816081255 0.0 2.23606797749979 0.4472135954999579 1 0 0 0.5140679395367271 0.8577494701487515 1.0798413202530408
cell 40.51091697950384 1.0157151387903467 0.0 2.23606797749979 0.4472135954999579 1 0 0 0.29870043136982755 0.9543469244983602 0.6066612544172002
cell 26.253065711642606 13.772123189989058 0.0 2.23606797749979 0.4472135954999579 1 0 0 -0.419721608275218 -0.9076528915542904 0.8662771644881406
cell 41.33587026829118 32.058757645487866 0.0 2.23606797749979 0.4472135954999579 1 0 0 -0.32607826828333913 -0.9453427753748048 0.6643042299161506
cell 33.71448840631876 22.293098725559982 0.0 2.23606797749979 0.4472135954999579 1 0 0 -0.4259089627113684 -0.9047660225064412 0.8799325735142158
cell 23.681129011884188 0.5319021102831815 0.0 2.23606797749979 0.4472135954999579 1 0 0 0.5100667685834002 0.8601348101239061 1.0705248284169624
cell 27.8918481439812 21.627927728667615 0.0 2.23606797749979 0.4472135954999579 1 0 0 0.31411534629596977 0.9493848267280044 0.6390493848090232
cell 11.713811904077007 9.203812613781828 0.0 2.23606797749979 0.4472135954999579 1 0 0 -0.29902580613085283 -0.9542450247540165 0.6073431702305845
cell 42.60309461263084 30.582762669448154 0.0 2.23606797749979 0.4472135954999579 1 0 0 0.37217016574863426 0.9281645154425125 0.7626921079869433
cell 8.347520298215983 6.245779367701129 0.0 2.23606797749979 0.4472135954999579 1 0 0 0.3217358386631645 0.946829472566053 0.6551244694553354
cell 7.917350540855195 7.062677639597542 0.0 2.23606797749979 0.4472135954999579 1 0 0 -0.3235709629148433 -0.9462039061208536 0.6590021056290762
cell 31.254342724523795 18.731096892219256 0.0 2.23606797749979 0.4472135954999579 1 0 0 -0.43797390330865876 -0.8989876862452442 0.9066873585275674
cell 3.6988982801343284 32.977047628560385 0.0 2.23606797749979 0.4472135954999579 1 0 0 -0.4026622020466472 -0.9153486499924196 0.8288467884764437
cell 16.882259423312213 23.270546489774595 0.0 2.23606797749979 0.4472135954999579 1 0 0 0.9199600086911469 -0.39201222226989935 3.9472283921089852
cell 19.942303084966316 31.279173207766437 0.0 2.23606797749979 0.4472135954999579 1 0 0 0.3896923134590394 0.920945112822117 0.8005949408036238
cell 0.5634976073295156 2.930568353139757 0.0 2.23606797749979 0.4472135954999579 1 0 0 -0.3290936346697258 -0.9442972940869147 0.6706871678643997
cell 16.089007965182994 17.915160388788145 0.0 2.23606797749979 0.4472135954999579 1 0 0 -0.26314190721888164 -0.9647571386961641 0.5325548910680977
cell 24.952841399626475 18.848202230586107 0.0 2.23606797749979 0.4472135954999579 1 0 0 0.3304519891445548 0.9438228026861859 0.6735648539666848
cell 0.3665180018550863 15.922528996090124 0.0 2.23606797749979 0.4472135954999579 1 0 0 0.42209817518395437 0.9065501257549832 0.8715170754057879
cell 12.028926169112156 25.989332917493652 0.0 2.23606797749979 0.4472135954999579 1 0 0 0.5884745796531343 0.8085157197618775 1.2583417003910533
cell 25.50414819500541 38.32582661920348 0.0 2.23606797749979 0.4472135954999579 1 0 0 0.4310021545988011 0.9023508977837785 0.8912061736770431
cell 22.657183264733344 39.7142356789137 0.0 2.23606797749979 0.4472135954999579 1 0 0 0.5739758156637147 0.8188722507407205 1.2227057471681835
cell 23.388631145166336 8.653184308199176 0.0 2.23606797749979 0.4472135954999579 1 0 0 0.4592094353441987 0.8883280331560308 0.9542100936756414
cell 14.7309061871112 12.80685469922889 0.0 2.23606797749979 0.4472135954999579 1 0 0 0.3236645367716334 0.9461719017368905 0.6591998969056826
cell 4.193496341506334 18.869181728361934 0.0 2.23606797749979 0.4472135954999579 1 0 0 0.5148356220248369 0.857288914132394 1.0816317931517803
cell 17.295212615596498 32.994616849283304 0.0 2.23606797749979 0.4472135954999579 1 0 0 0.6367610370459308 0.7710612048989306 1.3805805712882704
cell 18.326918287033063 14.868687026925095 0.0 2.23606797749979 0.4472135954999579 1 0 0 -0.32126067824665827 -0.9469908007010929 0.6541208675544734
cell 9.998901957710087 30.340210261000326 0.0 2.23606797749979 0.4472135954999579 1 0 0 0.5750231669632809 0.8181371263153376 1.2252649289818949
cell 40.97743327752395 30.90703485310951 0.0 2.23606797749979 0.4472135954999579 1 0 0 0.35528054301549 0.9347597208666079 0.7264283465845345
cell 11.007473463463716 10.828155945083076 0.0 2.23606797749979 0.4472135954999579 1 0 0 0.30569655511039157 0.9521289913628507 0.6213398397134614
cell 23.999467034736746 10.699347611341556 0.0 2.23606797749979 0.4472135954999579 1 0 0 -0.42567422087776907 -0.9048764875274992 0.879413704553123
cell 33.29798856874968 5.921038705588359 0.0 2.23606797749979 0.4472135954999579 1 0 0 0.4841952057497995 0.8749600006451206 1.010886252856606
cell 30.72471303099269 26.979585569339402 0.0 2.23606797749979 0.4472135954999579 1 0 0 0.2659858001215916 0.9639769468891238 0.5384528338959598
cell 40.00101376667609 38.65564206563017 0.0 2.23606797749979 0.4472135954999579 1 0 0 -0.3303057886535225 -0.9438739778074055 0.6732550574098424
cell 29.58883508339277 20.014464073798795 0.0 2.23606797749979 0.4472135954999579 1 0 0 -0.3795269675759944 -0.9251806747238995 0.7785699125688428
cell 23.866316156306443 5.780956833982393 0.0 2.23606797749979 0.4472135954999579 1 0 0 0.46253802645136566 0.8865994439917475 0.9617114417542002
cell 14.71677995323613 6.696020592032093 0.0 2.23606797749979 0.4472135954999579 1 0 0 0.35183048181374565 0.9360637329085598 0.7190517931556388
cell 36.86103043518801 14.991383972920483 0.0 2.23606797749979 0.4472135954999579 1 0 0 0.5052238210709177 0.8629883490653285 1.05928260296186
cell 34.010886123760315 33.62391466130691 0.0 2.23606797749979 0.4472135954999579 1 0 0 -0.2329421395883468 -0.9724905961519644 0.47020391531956207
cell 23.913535595050952 22.30296583590806 0.0 2.23606797749979 0.4472135954999579 1 0 0 0.28178924570767977 0.959476326442449 0.5713168295275111
cell 20.798279846582737 23.94593638537317 0.0 2.23606797749979 0.4472135954999579 1 0 0 0.2956785125991108 0.9552875049885126 0.600331422483747
cell 9.817698811114 25.564989138914783 0.0 2.23606797749979 0.4472135954999579 1 0 0 0.6083576383178599 0.7936630165884737 1.3079792035946043
cell 25.79987172812583 42.92191727173193 0.0 2.23606797749979 0.4472135954999579 1 0 0 0.5102333456378189 0.8600360068039233 1.0709121784458286
cell 17.52786840486525 4.547076340880076 0.0 2.23606797749979 0.4472135954999579 1 0 0 0.40921427042000075 0.9124383162080747 0.8431855280120065
cell 12.89180814624214 2.478592954431981 0.0 2.23606797749979 0.4472135954999579 1 0 0 0.36840787157027327 0.9296642620672589 0.7545917080344594
cell 34.943444762982594 26.25811060694206 0.0 2.23606797749979 0.4472135954999579 1 0 0 -0.34173241919341085 -0.9397972939268441 0.6975193556550252
cell 0.04591769382422426 36.156682960211505 0.0 2.23606797749979 0.4472135954999579 1 0 0 0.29979500080407073 0.9540036464777728 0.6089555274524793
cell 15.239744871184387 42.02144256879377 0.0 2.23606797749979 0.4472135954999579 1 0 0 0.4838693477255785 0.8751402483782946 1.0101414771887272
cell 2.6290990664611895 9.314756704039656 0.0 2.23606797749979 0.4472135954999579 1 0 0 0.9389725077178023 -0.3439921943157167 3.8439231873478037
cell 8.860451525830825 34.28386744945448 0.0 2.23606797749979 0.4472135954999579 1 0 0 -0.46045526106302764 -0.887682912170432 0.9570159897040744
cell 21.32374386186336 18.77196445279508 0.0 2.23606797749979 0.4472135954999579 1 0 0 -0.3200579819819261 -0.9473979565998952 0.6515813759142084
cell 39.35919513832271 11.397595497884902 0.0 2.23606797749979 0.4472135954999579 1 0 0 -0.4837253082563808 -0.8752198730332106 1.0098123118538673
cell 25.400945101578504 18.09358900671681 0.0 2.23606797749979 0.4472135954999579 1 0 0 0.3311472386295414 0.9435790938485388 0.6750383068752923
cell 26.97010966297131 12.189455570685208 0.0 2.23606797749979 0.4472135954999579 1 0 0 -0.46098059164177335 -0.8874102175034951 0.9581997711172905
cell 35.313939279508375 3.407866582609844 0.0 2.23606797749979 0.4472135954999579 1 0 0 0.52153686023118 0.8532287521059067 1.0973023800276445
cell 21.1883745741201 2.2327064533280137 0.0 2.23606797749979 0.4472135954999579 1 0 0 0.49057006823794347 0.8714017489935509 1.0254876587206172
cell 5.548741938189525 34.18059196858931 0.0 2.23606797749979 0.4472135954999579 1 0 0 -0.40190430003196 -0.9156816770121702 0.8271911043291622
cell 20.547388529410735 2.5717822199714386 0.0 2.23606797749979 0.4472135954999579 1 0 0 0.4660463704122968 0.884760295574753 0.9696338062409232
cell 7.4841274439747805 1.9714521083882333 0.0 2.23606797749979 0.4472135954999579 1 0 0 0.32167688424637975 0.9468495034278368 0.6549999406043252
cell 17.16901838786464 17.41919688549378 0.0 2.23606797749979 0.4472135954999579 1 0 0 0.2992194257480858 0.9541843298100141 0.6077489900553644
cell 43.217896514802916 12.235939262500251 0.0 2.23606797749979 0.4472135954999579 1 0 0 0.44064104185019953 0.8976833919802519 0.9126253103645381
cell 4.557797960956737 13.673945292503486 0.0 2.23606797749979 0.4472135954999579 1 0 0 0.5648911870897125 0.8251654056905048 1.2006027592584079
cell 1.2473134867730853 27.318152525449864 0.0 2.23606797749979 0.4472135954999579 1 0 0 0.45261781842339593 0.8917046094114608 0.939397810724305
cell 32.14802206592815 16.292063654718337 0.0 2.23606797749979 0.4472135954999579 1 0 0 0.4889775745883656 0.8722963553458649 1.021834518987646
cell 6.459198517144806 22.497811740284227 0.0 2.23606797749979 0.4472135954999579 1 0 0 0.5565460581691072 0.8308167578572478 1.1804453965457136
cell 18.023716721181966 9.07401859259741 0.0 2.23606797749979 0.4472135954999579 1 0 0 -0.3626893338843664 -0.9319101067627256 0.7423042167707825
cell 28.467434460965492 7.902735579557064 0.0 2.23606797749979 0.4472135954999579 1 0 0 0.47682289049012216 0.8789993919819541 0.9940733850673715
cell 1.6548169164495041 25.313930766926617 0.0 2.23606797749979 0.4472135954999579 1 0 0 0.47848884472825826 0.8780936313802855 0.9978659076413764
cell 25.318276241412136 28.816856170118374 0.0 2.23606797749979 0.4472135954999579 1 0 0 0.35869015335696214 0.9334566802400415 0.7337285855800296
cell 21.76500640668998 16.895313339769242 0.0 2.23606797749979 0.4472135954999579 1 0 0 -0.3265844519138091 -0.9451680251511669 0.6653752285441046
cell 30.761007581972034 36.00734559822996 0.0 2.23606797749979 0.4472135954999579 1 0 0 0.4225063182768336 0.9063599787149447 0.8724176012178013
cell 12.110792227059694 15.858552544614723 0.0 2.23606797749979 0.4472135954999579 1 0 0 0.2520867916956946 0.9677046292400235 0.5096721720221045
cell 30.074787956266402 40.972357872080075 0.0 2.23606797749979 0.4472135954999579 1 0 0 0.5079735552822542 0.8613726644919182 1.0656611556175453
cell 11.315248295861215 29.57733698484294 0.0 2.23606797749979 0.4472135954999579 1 0 0 -0.6095227768268026 -0.7927685567234259 1.3109169623206682
cell 19.100179450973958 1.8468953652439695 0.0 2.23606797749979 0.4472135954999579 1 0 0 0.4606667815509482 0.8875731611396838 0.9574925868330173
cell 38.966921355993165 34.54719783373907 0.0 2.23606797749979 0.4472135954999579 1 0 0 0.23834178924035496 0.9711813381144153 0.4813161522480366
cell 37.12655347151945 41.85076471150605 0.0 2.23606797749979 0.4472135954999579 1 0 0 -0.36033846484664206 -0.9328216285828526 0.7372614157121617
cell 34.18771416443656 38.482529834634114 0.0 2.23606797749979 0.4472135954999579 1 0 0 0.3732109168546778 0.9277465233243889 0.7649352133410448
cell 10.536112026213422 4.665812545565858 0.0 2.23606797749979 0.4472135954999579 1 0 0 0.32322980993535283 0.9463205006598746 0.6582810518353751
cell 29.28040661268974 41.75620070123232 0.0 2.23606797749979 0.4472135954999579 1 0 0 0.49644745682157915 0.86806677313176 1.0390029736400674
cell 12.255682648445088 7.638879761654054 0.0 2.23606797749979 0.4472135954999579 1 0 0 -0.3374025166786967 -0.9413604738562596 0.6883124832865439
cell 21.824607427207212 1.8357980585002807 0.0 2.23606797749979 0.4472135954999579 1 0 0 -0.4988054498788263 -0.8667139800252339 1.044439952580003
cell 14.427130743997864 13.658582898492437 0.0 2.23606797749979 0.4472135954999579 1 0 0 0.3169569558704745 0.9484399233084413 0.6450385731171985
cell 1.8940020896128564 0.3570989044478577 0.0 2.23606797749979 0.4472135954999579 1 0 0 -0.30540605876678323 -0.9522222110770889 0.6207296658317052
cell 41.15017943969061 22.60318306489581 0.0 2.23606797749979 0.4472135954999579 1 0 0 0.44941954121754396 0.8933208135780853 0.9322309127245146
cell 28.26993838077549 16.705181009391907 0.0 2.23606797749979 0.4472135954999579 1 0 0 0.4093305141740318 0.9123861738134915 0.8434403333470061
cell 24.612654376829102 21.729528870786293 0.0 2.23606797749979 0.4472135954999579 1 0 0 0.30703134017091593 0.9516994043041381 0.6241442623071324
cell 13.135319955148828 30.342009389815495 0.0 2.23606797749979 0.4472135954999579 1 0 0 0.6183780730499671 0.7858807535313544 1.3333543796459055
cell 19.127155515478684 4.222207674691053 0.0 2.23606797749979 0.4472135954999579 1 0 0 0.45195036745381856 0.8920430849226725 0.9379010722773898
cell 28.235146867352608 20.847135268211566 0.0 2.23606797749979 0.4472135954999579 1 0 0 0.34397144195453927 0.9389801100767338 0.7022863316605136
cell 9.043535125929967 21.168171229844447 0.0 2.23606797749979 0.4472135954999579 1 0 0 0.5840969949062869 0.8116838673655188 1.2475342069703044
cell 9.5332612499488 4.981213204149462 0.0 2.23606797749979 0.4472135954999579 1 0 0 0.30127401590750646 0.9535376066726281 0.612056933106723
cell 29.041770462341997 1.5138749057723306 0.0 2.23606797749979 0.4472135954999579 1 0 0 0.4995795912961643 0.8662679908436866 1.0462267948642452
cell 33.73497055036656 29.38532077197511 0.0 2.23606797749979 0.4472135954999579 1 0 0 0.26160023861586457 0.9651763129895609 0.529359613482228
cell 4.917809290403138 23.013872726713625 0.0 2.23606797749979 0.4472135954999579 1 0 0 0.5097960069062515 0.8602953163550533 1.0698953075297237
cell 24.3229661108519 26.680015921607485 0.0 2.23606797749979 0.4472135954999579 1 0 0 0.19314382406710295 0.9811704557439221 0.3887305980586207
cell 9.25455473282722 13.301229195547315 0.0 2.23606797749979 0.4472135954999579 1 0 0 0.2497325443162006 0.9683148539134143 0.5048080758917507
cell 14.051482192806704 41.24846723215684 0.0 2.23606797749979 0.4472135954999579 1 0 0 -0.46943735455573066 -0.8829657808475463 0.9773068954809716
cell 9.4095178943748 30.52635705251901 0.0 2.23606797749979 0.4472135954999579 1 0 0 -0.5549563632820401 -0.831879459328557 1.1766210192812512
cell 18.004133693947846 42.69405161292795 0.0 2.23606797749979 0.4472135954999579 1 0 0 -0.5082742379716403 -0.8611952734510033 1.066359375245832
cell 22.870129728205093 22.727315108785838 0.0 2.23606797749979 0.4472135954999579 1 0 0 0.2602589410041234 0.9655388566118984 0.526580752224853
cell 15.682710087293653 33.96998380363479 0.0 2.23606797749979 0.4472135954999579 1 0 0 -0.61180130418464 -0.7910114817105841 1.3166716144328268
cell 4.55059268580781 42.83962702093833 0.0 2.23606797749979 0.4472135954999579 1 0 0 -0.3386184634460041 -0.940923767482503 0.6908964641146476
cell 3.6618859486521154 30.138121357484618 0.0 2.23606797749979 0.4472135954999579 1 0 0 -0.44919650383256016 -0.8934329862639977 0.931731599648824
cell 16.488460835144462 38.46854706721732 0.0 2.23606797749979 0.4472135954999579 1 0 0 0.5645486509216008 0.825399794489071 1.199772652909002
cell 31.020411940941685 17.094796212873653 0.0 2.23606797749979 0.4472135954999579 1 0 0 -0.47357378189608945 -0.8807541502034691 0.9866880215511742
cell 41.495035095807204 42.089957510407324 0.0 2.23606797749979 0.4472135954999579 1 0 0 -0.35259307571785226 -0.93577674845864 0.7206814060836777
cell 31.331076552887176 1.9435440383538718 0.0 2.23606797749979 0.4472135954999579 1 0 0 0.49951276735244243 0.866306524996727 1.046072518224302
cell 0.4815156449571251 30.348011730030688 0.0 2.23606797749979 0.4472135954999579 1 0 0 0.40754572586562765 0.9131848013018278 0.8395296933026847
cell 34.42500016904759 13.807733359475883 0.0 2.23606797749979 0.4472135954999579 1 0 0 0.4748739010671111 0.8800538495372334 0.9896414814058442
cell 36.52908408826822 42.81854056598094 0.0 2.23606797749979 0.4472135954999579 1 0 0 0.30451016054678687 0.9525090876856609 0.6188482494775748
cell 2.228847456031452 39.34618161781347 0.0 2.23606797749979 0.4472135954999579 1 0 0 0.3216660948011605 0.9468531688996826 0.6549771504475032
cell 39.13649743215699 27.724966331835088 0.0 2.23606797749979 0.4472135954999579 1 0 0 -0.40024933579908906 -0.9164062795465711 0.8235778197664816
cell 38.28324285795953 30.73952446787458 0.0 2.23606797749979 0.4472135954999579 1 0 0 -0.28778532919695 -0.9576949432355812 0.5838270606865645
cell 26.54773164064997 9.351944205335823 0.0 2.23606797749979 0.4472135954999579 1 0 0 0.47481767314649803 0.8800841876023824 0.9895137006990871
cell 13.035506477529902 25.597301699949462 0.0 2.23606797749979 0.4472135954999579 1 0 0 0.6025368574505519 0.7980910570941222 1.2933519316617201
cell 2.8066799921674246 31.031759721221253 0.0 2.23606797749979 0.4472135954999579 1 0 0 0.4065116452266912 0.9136455999429367 0.8372654863400963
cell 38.845288198301375 17.197582118512393 0.0 2.23606797749979 0.4472135954999579 1 0 0 0.4984516911622352 0.8669174767978252 1.0436237267084918
cell 18.82111656397604 7.688218737859966 0.0 2.23606797749979 0.4472135954999579 1 0 0 0.4029345969307491 0.9152287750045093 0.8294419993172892
cell 24.34568976742647 0.06101359076333872 0.0 2.23606797749979 0.4472135954999579 1 0 0 0.5170969180648998 0.8559268527904603 1.0869114427336606
cell 7.248176994189223 8.90510541308834 0.0 2.23606797749979 0.4472135954999579 1 0 0 0.32471247364023925 0.9458127771723307 0.6614154259702119
cell 34.40601051911891 26.818453173719316 0.0 2.23606797749979 0.4472135954999579 1 0 0 0.31295842648926003 0.9497668257469127 0.6366126764775061
cell 21.593043829259162 7.556101378993002 0.0 2.23606797749979 0.4472135954999579 1 0 0 -0.43094966775701776 -0.902375965914494 0.8910898417426676
cell 23.880387240195756 14.417463204912485 0.0 2.23606797749979 0.4472135954999579 1 0 0 -0.3883596136483424 -0.9215079003931058 0.7977016250583366
cell 37.504362131252265 12.494001285537271 0.0 2.23606797749979 0.4472135954999579 1 0 0 0.487502920234968 0.8731213562629071 1.0184550322488186
cell 13.250977478500362 7.474038984513384 0.0 2.23606797749979 0.4472135954999579 1 0 0 -0.35027286181666745 -0.9366477044624418 0.7157248104570613
cell 41.41625297821104 18.791661028672753 0.0 2.23606797749979 0.4472135954999579 1 0 0 0.5031612788543562 0.8641925291632928 1.0545059376753412
cell 34.84182615252451 32.8339135286217 0.0 2.23606797749979 0.4472135954999579 1 0 0 0.21304306246468094 0.9770428104928003 0.4293769440281697
cell 31.661376299324388 23.52645322071369 0.0 2.23606797749979 0.4472135954999579 1 0 0 0.35019313344238145 0.9366775161654124 0.7155545711983141
cell 1.1021294818837941 29.867107924313938 0.0 2.23606797749979 0.4472135954999579 1 0 0 0.4199671859680988 0.90753928989881 0.8668183252399148
cell 10.637865194970875 29.902190456760884 0.0 2.23606797749979 0.4472135954999579 1 0 0 0.5876835771555499 0.8090908559251284 1.2563857181480873
cell 26.901386574728907 41.35806273557517 0.0 2.23606797749979 0.4472135954999579 1 0 0 0.4690862967447851 0.8831523346548225 0.9765118007401596
cell 15.163165715048068 11.96763546172821 0.0 2.23606797749979 0.4472135954999579 1 0 0 -0.31105314954085644 -0.9503925179423045 0.6326019048204579
cell 43.69255545884673 11.04799561558572 0.0 2.23606797749979 0.4472135954999579 1 0 0 0.5065370254361211 0.8622182101198782 1.0623273493537306
cell 37.57017456912837 31.237289531329093 0.0 2.23606797749979 0.4472135954999579 1 0 0 0.26513790137495746 0.9642105025638765 0.5366938789930599
cell 37.24619167382421 7.453943214084634 0.0 2.23606797749979 0.4472135954999579 1 0 0 0.4993146501269501 0.8664207293045345 1.0456151647103265
cell 36.20634450781469 25.464560929541026 0.0 2.23606797749979 0.4472135954999579 1 0 0 0.38265447555490656 0.9238915262831451 0.7853354785533644
cell 18.27914554509544 8.260985274739792 0.0 2.23606797749979 0.4472135954999579 1 0 0 -0.393240326956023 -0.9194357211113348 0.8083064079868603
cell 6.7764941285846705 27.03394304989564 0.0 2.23606797749979 0.4472135954999579 1 0 0 -0.5346947815771437 -0.8450452594708585 1.128293039912644
cell 14.926471973775275 34.35883345077201 0.0 2.23606797749979 0.4472135954999579 1 0 0 -0.61270185694135 -0.7903141365941909 1.3189495833695961
cell 2.338329739834155 19.392193245638204 0.0 2.23606797749979 0.4472135954999579 1 0 0 0.4691323304785354 0.8831278823023188 0.9766160508660411
cell 10.716508907873393 11.74638826772454 0.0 2.23606797749979 0.4472135954999579 1 0 0 0.299580097789251 0.9540711530114422 0.6085050146864838
cell 39.6114313593391 27.254955419295346 0.0 2.23606797749979 0.4472135954999579 1 0 0 0.41510670942244043 0.9097727297476407 0.8561201844608145
cell 18.226016657056046 32.611914826173546 0.0 2.23606797749979 0.4472135954999579 1 0 0 0.6459256503508694 0.76340032369577 1.4044703962618734
cell 32.457238138472285 10.124993595450768 0.0 2.23606797749979 0.4472135954999579 1 0 0 0.48002707130319794 0.877253675293569 1.0013711425891223
cell 0.8946909204465356 1.9891575146595486 0.0 2.23606797749979 0.4472135954999579 1 0 0 0.33639869589684496 0.9417196596646489 0.6861801880774379
cell 42.20165789770721 30.9633088998564 0.0 2.23606797749979 0.4472135954999579 1 0 0 0.37232628768371234 0.9281018993082955 0.7630285293830734
cell 36.73561065889284 8.470546311880765 0.0 2.23606797749979 0.4472135954999579 1 0 0 0.47087506239137095 0.8821999068340024 0.9805648503069739
cell 8.078231486286318 21.62449943078304 0.0 2.23606797749979 0.4472135954999579 1 0 0 0.588150307256145 0.8087516405389866 1.2575396749483747
cell 7.289446211273852 22.198666827448108 0.0 2.23606797749979 0.4472135954999579 1 0 0 0.5753157984631223 0.8179313736730851 1.2259803794577713
cell 10.836814601756124 38.37188665220002 0.0 2.23606797749979 0.4472135954999579 1 0 0 -0.4092979501932046 -0.912400782533444 0.8433689519055498
cell 31.144638585989128 11.216628935006083 0.0 2.23606797749979 0.4472135954999579 1 0 0 0.4710673174164607 0.8820972636064911 0.9810007293131864
cell 18.09947627827344 15.768602806408877 0.0 2.23606797749979 0.4472135954999579 1 0 0 0.32943180946458306 0.9441793700949469 0.6714034590373995
cell 20.75784692831477 7.634509264625739 0.0 2.23606797749979 0.4472135954999579 1 0 0 -0.4193389163601717 -0.9078297600463849 0.8654339905607209
cell 17.744485365050135 37.784648499776345 0.0 2.23606797749979 0.4472135954999579 1 0 0 0.56159227964685 0.8274141112170218 1.192617901580572
cell 20.618214195262183 35.851750678563405 0.0 2.23606797749979 0.4472135954999579 1 0 0 0.5846574086252978 0.8112802934495276 1.2489154172527448
cell 5.684306452932386 36.333438356806006 0.0 2.23606797749979 0.4472135954999579 1 0 0 0.35117875606876814 0.9363084327752221 0.7176594936318542
cell 11.888377998113373 8.324619869347123 0.0 2.23606797749979 0.4472135954999579 1 0 0 0.3132687426313088 0.9496645170217738 0.6372661691988288
cell 21.98865683580667 10.658406331115005 0.0 2.23606797749979 0.4472135954999579 1 0 0 0.4060107158911974 0.9138683157772335 0.8361690693582297
cell 18.537939398707792 28.157945853709496 0.0 2.23606797749979 0.4472135954999579 1 0 0 0.44788760587677195 0.8940898682470199 0.9288026352027439
cell 15.284849055709927 5.237089791612749 0.0 2.23606797749979 0.4472135954999579 1 0 0 0.3575297867138946 0.9339017355227032 0.7312430070560113
cell 10.200170956120656 43.115461772741455 0.0 2.23606797749979 0.4472135954999579 1 0 0 0.3739361985648735 0.9274544298254506 0.7664989936356033
cell 16.043655468259438 21.100868010547988 0.0 2.23606797749979 0.4472135954999579 1 0 0 0.9460532073411279 -0.3240113098019342 3.801525598640234
cell 5.733233183837792 22.88622840649841 0.0 2.23606797749979 0.4472135954999579 1 0 0 0.5280555017236229 0.8492098604581867 1.1126183146815023
cell 35.795949465321 2.089837706245587 0.0 2.23606797749979 0.4472135954999579 1 0 0 0.5252420834284056 0.8509528505127577 1.1059991465065193
cell 4.255267748193222 37.92498081648381 0.0 2.23606797749979 0.4472135954999579 1 0 0 0.3431477966702025 0.9392814219606312 0.700532272989783
cell 24.748872000995934 25.75294764210891 0.0 2.23606797749979 0.4472135954999579 1 0 0 -0.2571122826089268 -0.9663815365225203 0.5200656688419265
cell 24.76963692235476 20.827364809335645 0.0 2.23606797749979 0.4472135954999579 1 0 0 -0.31675679716690874 -0.9485067904071968 0.6446165081190083
cell 10.147611866250745 12.57834454235377 0.0 2.23606797749979 0.4472135954999579 1 0 0 0.2793232942048513 0.9601971137816183 0.5661785594555477
cell 8.0932488272322 39.88903560206817 0.0 2.23606797749979 0.4472135954999579 1 0 0 0.3655167323829457 0.9308047691906687 0.7483757768654512
cell 17.13395578133861 38.19122128590154 0.0 2.23606797749979 0.4472135954999579 1 0 0 -0.5600795437370047 -0.8284388358155046 1.1889636266240693
cell 10.606587816569034 42.65865095114493 0.0 2.23606797749979 0.4472135954999579 1 0 0 0.3548432978351194 0.9349257906280566 0.725492905474869
cell 39.56439983524022 24.315721014277788 0.0 2.23606797749979 0.4472135954999579 1 0 0 0.44548029938356354 0.8952917417585904 0.9234213235196158
cell 32.087610598797596 14.689675132202188 0.0 2.23606797749979 0.4472135954999579 1 0 0 -0.4584513046684144 -0.8887195290122912 0.9525035988222026
cell 34.06631579831141 20.379622648322552 0.0 2.23606797749979 0.4472135954999579 1 0 0 0.45155529178335807 0.8922431386468861 0.9370153945003934
cell 17.72998345877959 16.66466732547974 0.0 2.23606797749979 0.4472135954999579 1 0 0 0.31868145669577685 0.9478618724045491 0.6486761804934226
cell 15.259743060918927 6.192960342204558 0.0 2.23606797749979 0.4472135954999579 1 0 0 -0.35190516363664115 -0.9360356594734353 0.7192113612280604
cell 18.651965930776008 14.017026082499218 0.0 2.23606797749979 0.4472135954999579 1 0 0 0.3227046456371487 0.9464997156281677 0.6571712490549325
cell 22.503677732945814 15.332824583843829 0.0 2.23606797749979 0.4472135954999579 1 0 0 -0.3267411998688498 -0.9451138493897253 0.6657069207785646
cell 29.82195832308491 19.382219621723756 0.0 2.23606797749979 0.4472135954999579 1 0 0 -0.40344120168723857 -0.9150055719945955 0.8305491903048958
cell 11.089626274228035 39.580357956490275 0.0 2.23606797749979 0.4472135954999579 1 0 0 0.3876427660536705 0.9218096798831412 0.796146065525449
cell 38.174940812597356 28.88597580025617 0.0 2.23606797749979 0.4472135954999579 1 0 0 0.3620465006504839 0.9321600352765287 0.7409247982738015
cell 32.809272410302725 0.5176824053469871 0.0 2.23606797749979 0.4472135954999579 1 0 0 0.4980627847858296 0.8671409703222334 1.042726625758911
cell 3.7009060051662575 14.625808773470089 0.0 2.23606797749979 0.4472135954999579 1 0 0 0.5317722355210744 0.8468874125460355 1.1213836795161356
cell 26.457171973106295 3.9997717072611323 0.0 2.23606797749979 0.4472135954999579 1 0 0 0.4953384805792422 0.8687000573601038 1.0364488574002821
cell 29.14093041055051 15.360452952864893 0.0 2.23606797749979 0.4472135954999579 1 0 0 0.4604247763625458 0.887698724405696 0.9569473065548271
cell 23.433143975032007 39.17214256060447 0.0 2.23606797749979 0.4472135954999579 1 0 0 0.5403891514968279 0.841415215541375 1.141799074270153
cell 4.59894812028982 4.066586107901197 0.0 2.23606797749979 0.4472135954999579 1 0 0 -0.33790386565608144 -0.9411806296214754 0.6893777433536012
cell 2.8647985244014205 7.7877953961391215 0.0 2.23606797749979 0.4472135954999579 1 0 0 0.3062888207043937 0.9519386315889863 0.6225840509331925
cell 28.6611891602689 27.92989858181642 0.0 2.23606797749979 0.4472135954999579 1 0 0 0.23890542992995326 0.9710428391940205 0.4824769671124802
cell 28.639005238183294 13.306888120247995 0.0 2.23606797749979 0.4472135954999579 1 0 0 -0.4746550982430343 -0.8801718796416388 0.9891442660332412
cell 6.493256176151783 30.510558285938785 0.0 2.23606797749979 0.4472135954999579 1 0 0 0.5048997508458546 0.8631779895223197 1.058531643534576
cell 21.260625217998687 40.759206541984014 0.0 2.23606797749979 0.4472135954999579 1 0 0 0.5703627328480456 0.8213929345801003 1.2138947890271015
cell 38.85030058396595 18.88817397235 0.0 2.23606797749979 0.4472135954999579 1 0 0 0.4987795785304951 0.8667288688170838 1.0443802532403987
cell 5.710389984303643 2.696884221661526 0.0 2.23606797749979 0.4472135954999579 1 0 0 0.30046034414104333 0.953794307803651 0.6103505248808078
cell 23.306152991613697 15.089385737763196 0.0 2.23606797749979 0.4472135954999579 1 0 0 -0.3509730674281313 -0.9363855541069012 0.7172201508641614
cell 23.02514364125087 10.704192800109917 0.0 2.23606797749979 0.4472135954999579 1 0 0 -0.4152221311992758 -0.909720056809968 0.856373929411129
cell 13.23857989333739 15.28655498425213 0.0 2.23606797749979 0.4472135954999579 1 0 0 -0.27440820748713735 -0.9616132984020636 0.5559484639786181
cell 15.733334765219183 29.108758139738697 0.0 2.23606797749979 0.4472135954999579 1 0 0 -0.6275893067168734 -0.778544579388126 1.3569058449181224
cell 3.8839002277666563 24.406471089933678 0.0 2.23606797749979 0.4472135954999579 1 0 0 0.48930447528579446 0.8721130261986076 1.0225841152626047
cell 3.8428451378797903 43.3527252710176 0.0 2.23606797749979 0.4472135954999579 1 0 0 0.33333472707385203 0.9428085488192184 0.6796767754791325
cell 42.06060925136553 18.12376040391658 0.0 2.23606797749979 0.4472135954999579 1 0 0 0.508789674857612 0.8608908564726921 1.0675566135526116
cell 31.90380643880341 30.50553403295919 0.0 2.23606797749979 0.4472135954999579 1 0 0 0.2500422527805927 0.9682349259474201 0.5054477877441853
cell 30.722435821541993 31.08104571180989 0.0 2.23606797749979 0.4472135954999579 1 0 0 0.23366771290286617 0.9723165122256968 0.4716962448729237
cell 8.77298645228744 39.50297817527537 0.0 2.23606797749979 0.4472135954999579 1 0 0 0.35032380184176987 0.9366286531294717 0.7158335825021112
cell 33.04373719347938 14.7034283982576 0.0 2.23606797749979 0.4472135954999579 1 0 0 -0.4632163767819395 -0.8862452190455034 0.9632419769705374
cell 41.13671433486193 8.57899980422854 0.0 2.23606797749979 0.4472135954999579 1 0 0 0.46760349941180035 0.8839383277909373 0.9731553300927266
cell 22.472121596041145 1.4904099658084264 0.0 2.23606797749979 0.4472135954999579 1 0 0 0.4935881462031851 0.8696957755029647 1.0324213885086
cell 14.172926336182131 7.254898861201876 0.0 2.23606797749979 0.4472135954999579 1 0 0 0.34853019736757745 0.9372975522868485 0.7120050348863202
cell 38.12348477598858 35.14939936967851 0.0 2.23606797749979 0.4472135954999579 1 0 0 0.2316577308951329 0.972797355936229 0.4675628492394715
cell 3.873624364220814 29.091815307479184 0.0 2.23606797749979 0.4472135954999579 1 0 0 -0.4431351240635438 -0.8964548297718004 0.9181858197534796
cell 3.748159102019872 38.48485052016907 0.0 2.23606797749979 0.4472135954999579 1 0 0 0.33066129132304517 0.9437494955869254 0.6740083912612806
cell 43.15872972168358 8.043950696002089 0.0 2.23606797749979 0.4472135954999579 1 0 0 0.5028747947292185 0.86435926606131 1.0538429916801881
cell 42.245861722876604 27.118560236760576 0.0 2.23606797749979 0.4472135954999579 1 0 0 -0.4387791925214323 -0.8985949144137417 0.9084792965639217
cell 7.141926071498028 39.88211910401174 0.0 2.23606797749979 0.4472135954999579 1 0 0 -0.3814376445822908 -0.9243945712170285 0.7827020533526738
cell 0.841421973309695 35.801703429631786 0.0 2.23606797749979 0.4472135954999579 1 0 0 0.3041283513388539 0.9526310649521726 0.6180466093414564
cell 27.54320178013685 37.60802737696528 0.0 2.23606797749979 0.4472135954999579 1 0 0 0.5282396129324638 0.849095348785377 1.1130519498305145
cell 10.165225356162257 34.91906183649086 0.0 2.23606797749979 0.4472135954999579 1 0 0 -0.4951629223335996 -0.8688001383206897 1.036044694579509
cell 8.210600736166299 26.30209204999597 0.0 2.23606797749979 0.4472135954999579 1 0 0 -0.5658570843657923 -0.8245033414565672 1.2029447983310968
cell 9.21120673120735 15.303129418202857 0.0 2.23606797749979 0.4472135954999579 1 0 0 0.9615513966523662 -0.27462503818094225 3.6979921048259117
cell 1.7937083507401714 15.929537845449193 0.0 2.23606797749979 0.4472135954999579 1 0 0 0.46217563230518405 0.8867884104471051 0.9608940364917697
cell 34.74550271063022 4.519838713457538 0.0 2.23606797749979 0.4472135954999579 1 0 0 0.4943490370472946 0.8692634983538723 1.034171609590807
cell 24.909046473228017 33.99812221893657 0.0 2.23606797749979 0.4472135954999579 1 0 0 0.5142010473153039 0.8576696817189264 1.0801516998548186
cell 34.82087702766412 28.064979369766004 0.0 2.23606797749979 0.4472135954999579 1 0 0 0.29871447095278897 0.9543425301449137 0.6066906768733824
