step,msd_global,n_round,n_elongated
0,0.0,500,0
100,14.801144541351668,500,0
200,104.44309747187063,4,496
300,191.9612640583791,2,498
400,302.420841851792,6,494
500,380.1843268799211,7,493
600,463.8716057508759,11,489
700,543.8566251314104,10,490
800,616.7746270010425,15,485
900,684.5950302024568,17,483
1000,772.2497417421606,6,494
1100,878.7742914525955,4,496
1200,975.6679074245401,4,496
1300,1054.1830487409698,5,495
1400,1126.992755066859,4,496
1500,1228.3069918539672,10,490
1600,1317.3684125301684,7,493
1700,1417.688708684776,11,489
1800,1521.2634372196485,12,488
1900,1614.9259660521639,17,483
2000,1705.6325824151827,15,485
2100,1814.2060280298172,12,488
2200,1943.245857871035,8,492
2300,2062.6055211129565,8,492
2400,2182.962016358264,8,492
2500,2371.499027838324,8,492
2600,2510.4632882939063,2,498
2700,2597.4722863352767,1,499
2800,2724.013385952613,2,498
2900,2785.6926881361796,2,498
3000,2854.774593642909,2,498
3100,2967.202477831094,3,497
3200,3063.354695716271,4,496
3300,3124.2242542572244,5,495
3400,3197.646435672178,3,497
3500,3184.71175237679,4,496
3600,3211.8538010600682,3,497
3700,3260.8517131378435,6,494
3800,3298.7959186213493,3,497
3900,3459.7067407103978,0,500
4000,3644.565971002847,2,498
4100,3849.076615732732,3,497
4200,3943.316212960696,5,495
4300,4110.851109151634,5,495
4400,4388.206120075281,3,497
4500,4575.554274667982,3,497
4600,4778.573575421117,3,497
4700,5035.3926535243645,5,495
4800,5281.234142577461,7,493
4900,5512.710426118934,6,494
5000,5685.024536954898,1,499
5100,5881.2598947938095,1,499
5200,6124.723834615432,2,498
5300,6363.850803642849,1,499
5400,6582.670181251606,1,499
5500,6839.9618038144,1,499
5600,7086.102003891252,1,499
5700,7338.755227735826,2,498
5800,7645.254249742628,2,498
5900,8034.969334980697,4,496
6000,8404.320237102795,2,498
6100,8763.404026024149,1,499
6200,9041.212471584804,1,499
6300,9381.359422407226,1,499
6400,9531.671471975187,2,498
6500,9774.09059807088,1,499
6600,9870.177305496902,1,499
6700,10066.745832036424,2,498
6800,10212.73153939872,4,496
6900,10396.742816931379,4,496
7000,10739.514604212809,3,497
7100,11163.559531588171,0,500
7200,11697.96727592416,0,500
7300,12136.588205542826,0,500
7400,12664.122027103134,0,500
7500,13292.837355023144,0,500
7600,14057.778634990938,0,500
7700,14803.78813154328,0,500
7800,15322.60981560825,2,498
7900,15894.275292879627,2,498
8000,16374.873387952648,1,499
8100,16863.42008441863,0,500
8200,17156.650359569503,0,500
8300,17551.25035319464,0,500
8400,17820.45426656524,0,500
8500,18117.485086878976,1,499
8600,18516.4832119715,1,499
8700,18884.842944473054,0,500
8800,19469.24146568486,0,500
8900,20148.482734035,0,500
9000,20816.015907629215,0,500
9100,21344.000393447852,0,500
9200,21995.383787872375,1,499
9300,22704.119780823425,0,500
9400,23480.241461371712,0,500
9500,24455.205888718243,0,500
9600,25425.219713659233,2,498
9700,26331.03883725329,2,498
9800,27113.663852268808,1,499
9900,27899.38378267731,0,500
10000,28630.348826151177,0,500
10100,29216.041136311673,0,500
10200,29719.809791153955,0,500
10300,30406.47160643477,0,500
10400,31077.05409381754,0,500
10500,31777.25636500823,0,500
10600,32603.846786896294,1,499
10700,33328.71589780583,1,499
10800,34066.09017630871,1,499
10900,34724.24987024255,1,499
11000,35465.51882122565,0,500
11100,36459.92115200655,0,500
11200,37694.627666115004,0,500
11300,38848.02388879709,0,500
11400,39977.323307926345,0,500
11500,41310.34785839941,0,500
11600,42790.230344062,0,500
11700,44124.734979065164,0,500
11800,45373.21275214931,0,500
11900,46389.159812426966,0,500
12000,47430.99464073078,0,500
12100,48336.66050424133,0,500
12200,49185.12871883996,0,500
12300,50238.3284399105,0,500
12400,51557.39247174193,0,500
12500,52764.66759340882,0,500
12600,54142.8688013006,0,500
12700,55199.040659768194,0,500
12800,56148.282451169965,0,500
12900,56941.979561239044,0,500
13000,58047.59813783078,0,500
13100,59172.38229927243,0,500
13200,60355.328631728305,0,500
13300,61751.69910151095,0,500
13400,63439.52071863631,0,500
13500,65266.44538896956,1,499
13600,66976.1590918105,0,500
13700,68592.90759161547,0,500
13800,70067.49829058957,0,500
13900,71294.24239172351,0,500
14000,72419.00231774297,0,500
14100,73521.44357727675,1,499
14200,74459.5882628743,1,499
14300,75597.73687481678,0,500
14400,76933.0551886501,1,499
14500,78194.37929508695,0,500
14600,79250.11060640082,2,498
14700,80270.49350851926,5,495
14800,81356.9281319451,8,492
14900,82224.32587787228,15,485
15000,83015.16003698298,13,487
15100,83713.55743831802,10,490
15200,84386.12623075217,10,490
15300,85447.6830105494,10,490
15400,86446.02335337942,8,492
15500,87604.22858123871,3,497
15600,88607.72783308272,0,500
15700,89620.37291303187,0,500
15800,90206.48476280484,0,500
15900,90787.64690167754,0,500
16000,91391.53594029893,1,499
16100,91848.43349520401,6,494
16200,92359.06884924126,8,492
16300,92696.40397499007,15,485
16400,93681.38483204591,15,485
16500,94854.2571433122,15,485
16600,95716.79161726145,14,486
16700,96808.98487981442,14,486
16800,97572.04910295772,8,492
16900,98551.65675216733,4,496
17000,99506.78632355452,1,499
17100,100958.75382834538,1,499
17200,102304.85775438679,0,500
17300,103963.52536559087,0,500
17400,105760.3111625152,0,500
17500,107167.21939223768,1,499
17600,108570.6554562182,5,495
17700,109485.43517487348,3,497
17800,110317.87448662889,7,493
17900,110547.18445430056,7,493
18000,111280.32483715218,11,489
18100,111967.90569400357,9,491
18200,112859.30706004596,7,493
18300,113740.82434048972,8,492
18400,114718.61256227651,8,492
18500,116474.35268445384,8,492
18600,117376.55731972764,13,487
18700,118084.94649753463,11,489
18800,118820.90503463565,6,494
18900,119474.05564257821,3,497
19000,120310.65864019046,1,499
19100,121096.5767951734,1,499
19200,121997.03472393093,2,498
19300,123139.69667232342,1,499
19400,125050.0545400133,3,497
19500,126947.09849452124,3,497
19600,128783.81670035915,3,497
19700,130323.40462385818,4,496
19800,131599.28429629677,8,492
19900,132980.5287461091,7,493
20000,134137.93923441073,10,490
20100,135080.05806574714,12,488
20200,135732.1528648718,13,487
20300,136567.91116069598,10,490
20400,136812.46197475152,7,493
20500,137217.29217085947,4,496
20600,137723.04360154588,1,499
20700,138538.5502305146,1,499
20800,139480.44629487235,2,498
20900,140679.75818335317,1,499
21000,142284.04130516338,0,500
21100,143785.0956747641,1,499
21200,144856.38318335827,2,498
21300,145571.17538388734,3,497
21400,146632.7698698678,1,499
21500,147658.07888517444,2,498
21600,148778.28408984118,1,499
21700,149692.66790037652,4,496
21800,150123.6791204706,3,497
21900,150456.2081790278,1,499
22000,150692.35320405234,3,497
22100,150909.50927731735,0,500
22200,151004.67529307783,0,500
22300,150633.92968035763,0,500
22400,150042.6471171,7,493
22500,149444.78301374297,8,492
22600,148219.24920634733,6,494
22700,146910.81939505815,5,495
22800,145667.8126225875,6,494
22900,144657.8372567064,4,496
23000,143784.49787530612,2,498
23100,142724.39407004547,3,497
23200,141410.1308115682,2,498
23300,140502.8973248445,1,499
23400,139741.93249095866,3,497
23500,138971.68520546835,2,498
23600,138420.214346452,0,500
23700,137910.14748144132,0,500
23800,137902.83701871897,0,500
23900,137824.86871696103,0,500
24000,138142.5796863814,0,500
24100,139005.54814822203,0,500
24200,139916.8610094571,0,500
24300,141223.4583054329,0,500
24400,142362.55735709195,0,500
24500,143792.93233042725,0,500
24600,144886.4657097,1,499
24700,145687.67056238663,4,496
24800,146358.45760059994,7,493
24900,147116.02585082393,9,491
25000,147851.5429170158,8,492
25100,148234.3752800633,6,494
25200,148749.17737663025,4,496
25300,149661.08388279995,3,497
25400,150566.5349714912,3,497
25500,151527.3914338342,3,497
25600,152329.43627264674,0,500
25700,153228.9704278075,0,500
25800,154043.87255045705,0,500
25900,154679.13752254136,0,500
26000,155045.29923033624,0,500
26100,155365.01422957715,0,500
26200,155437.76277290293,0,500
26300,155339.05851924652,0,500
26400,155340.73731725206,1,499
26500,155185.37997207796,3,497
26600,154736.91434121292,2,498
26700,154261.6932250452,2,498
26800,153925.69922392126,0,500
26900,153445.61319277357,0,500
27000,153248.1092045594,0,500
27100,153275.7252412374,0,500
27200,153468.38401080712,0,500
27300,153418.1983696112,0,500
27400,153547.44865829515,0,500
27500,153737.7820191374,0,500
27600,154302.03806119258,0,500
27700,154991.9021238184,0,500
27800,155615.5041570834,1,499
27900,156308.4753236799,0,500
28000,156603.7470417853,0,500
28100,156853.2242449773,0,500
28200,157140.41768283202,0,500
28300,157595.62467372746,0,500
28400,158240.7721979931,0,500
28500,158784.46004857004,0,500
28600,159030.41395335118,0,500
28700,159387.61113240648,0,500
28800,160038.82392160903,0,500
28900,160446.15935481983,0,500
29000,161130.6692002852,0,500
29100,161829.54997490803,0,500
29200,162570.5979187748,0,500
29300,163633.1727328994,0,500
29400,164898.24662769673,0,500
29500,166201.33125198417,1,499
29600,167685.25569558024,1,499
29700,169539.59935590086,0,500
29800,171332.08518624003,0,500
29900,172447.66475242804,0,500
30000,173561.77750543153,2,498
