step,msd_global,n_round,n_elongated
0,0.0,500,0
100,8.890519111733916,500,0
200,96.94381989816114,2,498
300,182.5992810255328,2,498
400,285.070995564179,2,498
500,400.8073907518871,4,496
600,502.81109657055185,8,492
700,610.2462616383517,5,495
800,713.2059394491076,7,493
900,805.6731894461949,8,492
1000,907.0115141299623,5,495
1100,997.5856269004564,9,491
1200,1109.875304842289,12,488
1300,1224.5489678340036,7,493
1400,1343.3632296980802,10,490
1500,1397.6693304117734,5,495
1600,1446.0588995250425,7,493
1700,1487.165369035837,6,494
1800,1490.03669877295,9,491
1900,1548.2550208615837,9,491
2000,1658.1513505445896,8,492
2100,1810.3577721590955,1,499
2200,1914.2764370296143,0,500
2300,2057.3282504010604,1,499
2400,2174.7656571232783,0,500
2500,2286.1929404389152,0,500
2600,2374.329926077159,3,497
2700,2465.942451127447,1,499
2800,2645.842409607264,1,499
2900,2828.3242591323956,3,497
3000,3067.0575045233522,4,496
3100,3349.6732498824413,2,498
3200,3599.536662244015,6,494
3300,3874.353120319778,5,495
3400,4105.149350974344,5,495
3500,4267.279518050928,3,497
3600,4360.912597860593,2,498
3700,4518.535010634815,5,495
3800,4671.722106330687,2,498
3900,4870.268872822101,3,497
4000,5050.366689237261,5,495
4100,5224.849650286284,3,497
4200,5470.267062007153,3,497
4300,5745.570822846699,3,497
4400,6054.765406434175,2,498
4500,6342.762080075909,1,499
4600,6667.005622595245,3,497
4700,6972.341737778943,4,496
4800,7263.892821503507,4,496
4900,7576.9067486141075,5,495
5000,7866.0783229986855,8,492
5100,8262.318521443127,4,496
5200,8606.285038406739,0,500
5300,8851.329570095293,0,500
5400,9078.782182032099,1,499
5500,9327.27875940662,3,497
5600,9616.71389782145,5,495
5700,9881.267868314691,2,498
5800,10075.857159033012,2,498
5900,10375.896298046879,3,497
6000,10654.380534254353,0,500
6100,10997.771419621527,2,498
6200,11473.05302401066,1,499
6300,12008.32057702849,0,500
6400,12592.350266502233,0,500
6500,13165.492833293702,0,500
6600,13780.333375653405,0,500
6700,14490.110078065167,0,500
6800,15159.477121090327,1,499
6900,15926.567125420584,4,496
7000,16586.913419119865,4,496
7100,17185.836153740824,4,496
7200,17683.980637426153,4,496
7300,18081.16846516562,2,498
7400,18514.300532097866,1,499
7500,18848.25572802844,1,499
7600,19015.062970055842,1,499
7700,19390.095324886017,0,500
7800,19897.329675037377,2,498
7900,20291.816785438506,0,500
8000,20768.33267661203,0,500
8100,21414.882742436443,0,500
8200,22236.731304242454,0,500
8300,23137.447809460715,0,500
8400,24125.620626865417,0,500
8500,25059.52753640429,0,500
8600,26045.1485110527,0,500
8700,27103.8788836605,0,500
8800,28250.693049849586,0,500
8900,29350.934907944702,0,500
9000,30284.204575359232,1,499
9100,31197.18985321711,0,500
9200,32081.155671876695,0,500
9300,32690.42849934239,0,500
9400,33321.7590669045,0,500
9500,34008.25209238484,0,500
9600,34757.03841285734,0,500
9700,35418.5669520434,0,500
9800,35981.92539813405,0,500
9900,36557.74423509137,0,500
10000,37131.21478723219,0,500
10100,37969.51729931967,0,500
10200,38977.44499572763,0,500
10300,40156.85201604094,0,500
10400,41344.20218577488,0,500
10500,42420.872079486086,0,500
10600,43766.378483065295,0,500
10700,45031.946927280245,0,500
10800,46341.039975504646,0,500
10900,47602.403680713585,0,500
11000,48580.08928996239,0,500
11100,49505.37972573953,0,500
11200,50204.97450100164,0,500
11300,50752.68175733582,0,500
11400,51270.39691097549,0,500
11500,52068.00702921912,0,500
11600,52954.53864793227,0,500
11700,53832.02724924255,0,500
11800,54651.93214875909,0,500
11900,55062.381277942026,0,500
12000,55976.74147540334,0,500
12100,56834.81484578634,0,500
12200,57943.50524092069,0,500
12300,59160.46930472954,0,500
12400,60326.54531853725,0,500
12500,61493.55721490385,0,500
12600,62780.82820489284,0,500
12700,64152.57259839634,0,500
12800,65581.32212457973,0,500
12900,66880.46655474576,0,500
13000,68066.13846473287,0,500
13100,69284.77409195712,1,499
13200,70782.35325632607,0,500
13300,72226.16997644179,1,499
13400,73502.76183194033,0,500
13500,74902.76117781522,0,500
13600,76091.91731991972,0,500
13700,77708.30886328364,0,500
13800,78953.57997379327,0,500
13900,80182.23666429514,0,500
14000,81361.14119485382,0,500
14100,82524.9338268316,0,500
14200,83695.36555606833,0,500
14300,84834.77008900382,0,500
14400,86007.14376821392,0,500
14500,87261.28052018458,0,500
14600,88519.48285449244,0,500
14700,89859.7689087326,0,500
14800,91328.57646727312,0,500
14900,92897.83545133357,0,500
15000,94387.61296531127,0,500
15100,96049.91958374059,0,500
15200,97775.87554072004,0,500
15300,99229.63671055263,0,500
15400,100844.66832347594,0,500
15500,102312.67851726332,0,500
15600,103706.07816290778,0,500
15700,105337.16382768819,0,500
15800,107095.29217090353,0,500
15900,109174.76047925034,0,500
16000,111341.3164564288,0,500
16100,113807.9696673386,0,500
16200,116007.94177578851,0,500
16300,117552.42317789674,0,500
16400,118794.24827630309,0,500
16500,120473.69111688406,0,500
16600,122560.28990381812,0,500
16700,124605.32113238487,0,500
16800,126614.52487847423,0,500
16900,128536.9448067766,0,500
17000,130528.90329167352,0,500
17100,132302.16600652944,0,500
17200,133910.21083578534,0,500
17300,135582.22231543146,0,500
17400,137744.56468944717,0,500
17500,139584.2865915669,0,500
17600,141500.39812499407,0,500
17700,142919.03729474221,0,500
17800,144581.82281384277,0,500
17900,146266.4980517656,0,500
18000,147753.15025401444,0,500
18100,149563.58469746684,0,500
18200,151462.37209063568,1,499
18300,153280.3235741669,3,497
18400,155354.93777490297,3,497
18500,156941.52926639694,1,499
18600,158905.26243104757,0,500
18700,160299.91083992933,0,500
18800,162206.08470869725,0,500
18900,164283.2196358719,0,500
19000,166838.06875765772,0,500
19100,168884.5617801957,0,500
19200,171046.0351776396,0,500
19300,173565.68246009637,0,500
19400,175509.42142146308,0,500
19500,177796.85440950698,0,500
19600,180092.06737230843,0,500
19700,182353.7169903317,0,500
19800,185045.03771217653,0,500
19900,187479.973385684,0,500
20000,189555.78166735807,0,500
20100,191713.730154603,0,500
20200,194042.1820662855,0,500
20300,196376.038997055,0,500
20400,198335.9749172234,0,500
20500,200388.57533611346,0,500
20600,202484.57701081896,0,500
20700,204554.55921132315,0,500
20800,206603.48490342332,0,500
20900,208464.6802726747,0,500
21000,210132.79760576904,0,500
21100,211999.3793248554,0,500
21200,214062.07324686163,0,500
21300,216059.97219317767,0,500
21400,218716.66701967752,0,500
21500,221317.1533278379,0,500
21600,223399.1224661213,0,500
21700,225861.17329498363,0,500
21800,228476.03219204658,0,500
21900,231475.2712718122,0,500
22000,234809.00948047906,0,500
22100,237689.65954909098,0,500
22200,240259.90757550183,0,500
22300,243220.22664116323,0,500
22400,245937.80049139683,0,500
22500,248438.35239398538,0,500
22600,251416.33112390334,0,500
22700,254489.25951689135,0,500
22800,257965.82696310262,0,500
22900,261272.61891063975,0,500
23000,264095.1927374855,0,500
23100,266770.4983839332,0,500
23200,269666.30091960396,0,500
23300,272859.1326101511,0,500
23400,275924.3321985433,0,500
23500,278341.8710926744,0,500
23600,280930.16080827854,0,500
23700,283703.9833648059,0,500
23800,286282.6125328667,0,500
23900,289394.4835160064,0,500
24000,292205.1124775601,0,500
24100,295157.6229859715,0,500
24200,298143.3249485681,0,500
24300,301219.46792444144,0,500
24400,304314.8696305616,0,500
24500,307326.8338521562,0,500
24600,310627.5962915337,0,500
24700,314467.17978376575,0,500
24800,317554.9795873611,0,500
24900,320646.9069147162,0,500
25000,323795.6285458503,0,500
25100,326604.2799120138,0,500
25200,329592.89795328176,0,500
25300,332474.1554184548,0,500
25400,335827.248297489,0,500
25500,338423.3018430568,0,500
25600,341250.9458865519,0,500
25700,344095.2921843344,0,500
25800,346573.0349740023,0,500
25900,348685.55298905476,0,500
26000,351118.5379593709,0,500
26100,353863.66625934484,0,500
26200,356184.5536895548,0,500
26300,359050.3668430072,0,500
26400,361869.6489721967,0,500
26500,365446.5120890862,0,500
26600,369073.12368899886,0,500
26700,372607.5547969753,0,500
26800,376025.2354580655,0,500
26900,379241.474203749,0,500
27000,382301.2386866245,0,500
27100,385101.4185837106,0,500
27200,388966.6198873941,0,500
27300,392606.4091918285,0,500
27400,395979.9445617627,0,500
27500,399502.49795155774,0,500
27600,402581.0028194641,0,500
27700,404479.03480759484,0,500
27800,407502.68934804277,0,500
27900,410448.87503452995,0,500
28000,413013.57096780156,0,500
28100,415908.1880887097,0,500
28200,418514.2757697012,0,500
28300,420749.41005133867,0,500
28400,423363.28633727244,0,500
28500,425963.4299859128,0,500
28600,428618.2152883143,0,500
28700,432072.96925358044,1,499
28800,434926.48947039514,1,499
28900,438619.5338598884,3,497
29000,441758.14972168626,5,495
29100,445136.6102184551,7,493
29200,448218.38085355284,6,494
29300,451312.40916228143,6,494
29400,453926.80193642,4,496
29500,456207.90413936396,4,496
29600,458036.12698507594,4,496
29700,459360.0381183671,5,495
29800,461350.8121215506,4,496
29900,463825.67570329586,3,497
30000,467309.08711355645,1,499
30100,470596.7414467981,0,500
30200,473830.3432150067,0,500
30300,477001.97523291386,0,500
30400,479992.3987043929,0,500
30500,483284.8689966427,0,500
30600,487309.9545084515,0,500
30700,491175.44895328925,0,500
30800,495721.9141726942,0,500
30900,500569.185111012,0,500
31000,505084.393935425,2,498
31100,509261.4125226793,0,500
31200,513488.7275936515,0,500
31300,517821.7107353445,0,500
31400,521217.8543718585,0,500
31500,524231.9386771901,0,500
31600,527108.1459912574,0,500
31700,529636.0570626343,0,500
31800,532924.2797432325,0,500
31900,535821.6120720635,0,500
32000,538448.423525748,0,500
32100,541911.3628730933,0,500
32200,545039.9714280429,0,500
32300,548047.7409918339,0,500
32400,550790.0236498711,0,500
32500,553821.2248790017,0,500
32600,557951.7410485529,0,500
32700,562128.383925458,0,500
32800,565926.9735953504,0,500
32900,570661.2459374935,0,500
33000,574903.3560397084,0,500
33100,578850.7711567905,0,500
33200,582526.7582065861,0,500
33300,586275.4983315568,0,500
33400,590385.2631364132,0,500
33500,594035.7143895931,0,500
33600,597779.9380607065,0,500
33700,600518.3113386378,0,500
33800,604431.3430956337,0,500
33900,608271.0508955836,0,500
34000,612548.458566499,0,500
34100,617519.6317544236,0,500
34200,620695.3799118367,0,500
34300,624306.570695084,0,500
34400,627949.3952402332,0,500
34500,632927.2710844664,0,500
34600,637772.3021295812,0,500
34700,642508.4429173444,0,500
34800,646355.8766315384,0,500
34900,650496.8413489702,0,500
35000,654598.5523668949,0,500
35100,657497.7523159578,1,499
35200,660153.2582738622,0,500
35300,663615.8043636173,0,500
35400,666740.7848262567,0,500
35500,669814.9496631485,1,499
35600,672674.5410133061,2,498
35700,674956.7471080563,4,496
35800,676611.1408598099,2,498
35900,678576.6373657228,1,499
36000,681509.3218697319,3,497
36100,684154.3906097475,3,497
36200,686448.3866732166,2,498
36300,688318.6652289282,2,498
36400,691125.3721357503,0,500
36500,694341.388829866,0,500
36600,697494.006729371,1,499
36700,699935.2350710537,1,499
36800,702874.6564777874,0,500
36900,705511.4412843091,0,500
37000,708807.1557295653,1,499
37100,713169.7369802904,0,500
37200,717046.5303427868,1,499
37300,720759.9617369071,0,500
37400,723660.9476533218,0,500
37500,726224.9697280469,0,500
37600,728421.1146201009,1,499
37700,730779.5363532731,5,495
37800,732057.9243943322,0,500
37900,733884.2573358333,0,500
38000,735052.210519802,0,500
38100,735668.6754788177,0,500
38200,736779.5255326614,0,500
38300,737179.9560559684,0,500
38400,737536.644488229,0,500
38500,737066.3369630327,0,500
38600,736055.5574999772,0,500
38700,735937.6047371785,0,500
38800,734531.2211568098,0,500
38900,733572.2256913515,0,500
39000,731979.8109700859,0,500
39100,730493.0030907426,0,500
39200,729854.4658692887,1,499
39300,729131.3514854165,1,499
39400,727540.158546464,0,500
39500,725397.7363430468,0,500
39600,724942.7207142658,0,500
39700,724331.570159698,0,500
39800,724559.2848529734,0,500
39900,725881.0116884294,0,500
40000,727760.3228742885,0,500
40100,729714.335242159,0,500
40200,731359.9761083901,2,498
40300,733669.8893499448,0,500
40400,735396.2109072525,0,500
40500,737217.2574092027,0,500
40600,738907.431177422,0,500
40700,740006.1542681337,1,499
40800,742041.787986626,0,500
40900,744456.6377235983,0,500
41000,746114.9559382754,0,500
41100,747825.0602957638,0,500
41200,749094.9894352658,0,500
41300,750852.2003566539,0,500
41400,753380.2440030684,0,500
41500,756397.3718382986,1,499
41600,758479.2999421406,0,500
41700,760086.5677968161,0,500
41800,761844.6971878278,0,500
41900,763473.9457500267,0,500
42000,765928.4470593724,0,500
42100,768549.40297602,0,500
42200,771796.9367427692,0,500
42300,774700.5268122383,0,500
42400,776801.3095023512,0,500
42500,779126.9156614778,0,500
42600,781249.1268585928,0,500
42700,783177.6509267219,0,500
42800,785587.089150302,0,500
42900,787628.5169492635,0,500
43000,788858.5292665677,0,500
43100,788956.3688147806,0,500
43200,788607.5871272588,0,500
43300,787882.9145561872,0,500
43400,787561.5673393152,0,500
43500,787479.5248909922,0,500
43600,787923.3914343107,0,500
43700,789198.6679036726,0,500
43800,790348.2948637647,0,500
43900,792199.5276603205,0,500
44000,793926.7070156742,0,500
44100,796040.9882313423,0,500
44200,798132.2783555024,0,500
44300,800305.8795532479,0,500
44400,803539.7743018855,0,500
44500,806566.3440495217,0,500
44600,809258.8571027381,0,500
44700,812816.8829973943,0,500
44800,815869.4787747448,0,500
44900,818902.5184998611,0,500
45000,820903.0150610047,0,500
45100,823626.7601448672,2,498
45200,826147.9173658838,1,499
45300,828989.0873251958,1,499
45400,832665.2223361492,0,500
45500,837002.4836140708,0,500
45600,841264.2684553125,1,499
45700,844735.2322935809,1,499
45800,848351.0526588511,0,500
45900,850793.4665429048,0,500
46000,853556.4991648293,0,500
46100,855908.5544044998,0,500
46200,858707.3437885952,0,500
46300,861975.3300262883,0,500
46400,865823.8946063396,0,500
46500,869965.418128076,0,500
46600,874349.3609168784,0,500
46700,878183.1199069617,0,500
46800,882823.7490126309,0,500
46900,887482.7596874943,0,500
47000,893148.3050357751,0,500
47100,896755.1785790651,0,500
47200,901224.4175943492,0,500
47300,906048.5427898733,0,500
47400,910696.6279115815,0,500
47500,914908.6938937305,0,500
47600,918325.140752703,0,500
47700,921624.9131912322,0,500
47800,924439.2182967355,0,500
47900,927110.9489243967,0,500
48000,929907.8938882792,0,500
48100,934142.2053973863,0,500
48200,938718.0279420047,0,500
48300,943225.8727373674,0,500
48400,947969.2743195626,0,500
48500,953337.9339695146,0,500
48600,958960.8404867745,0,500
48700,964685.042741706,0,500
48800,970104.9144136703,0,500
48900,976083.6691699082,0,500
49000,981927.0431387088,0,500
49100,987417.0335304022,0,500
49200,991760.3782856271,0,500
49300,996399.2615241611,0,500
49400,1001654.6914353435,0,500
49500,1007425.7956174505,0,500
49600,1011842.1304619927,0,500
49700,1015027.7025074869,0,500
49800,1018146.4023378143,0,500
49900,1021459.9219078327,0,500
50000,1024414.8695892023,0,500
