500
 Lattice="51.166335397324424 0.0 0.0 0.0 51.166335397324424 0.0 0.0 0.0 1.0"Properties=species:S:1:pos:R:3:aspherical_shape:R:3:orientation:R:4:Color:R:1
cell 26.74158174944074 24.446248186559306 0.0 2.23606797749979 0.4472135954999579 1 0 0 -0.8733867898194096 -0.4870272224105613 2.124227104521939
cell 16.417410980942442 20.998332356552364 0.0 2.23606797749979 0.4472135954999579 1 0 0 0.8467192557711644 0.5320399439011376 2.019576694140326
cell 32.33401566748331 3.9856860230127475 0.0 2.23606797749979 0.4472135954999579 1 0 0 0.8256527461710998 0.5641786443495725 1.9427164144695035
cell 8.892986617249543 17.916895843137567 0.0 2.23606797749979 0.4472135954999579 1 0 0 0.2554936931637592 -0.9668107222996355 5.766468687682476
cell 11.389657123498361 32.894909544750725 0.0 2.23606797749979 0.4472135954999579 1 0 0 0.832654009690954 0.5537935537233858 1.967765953296153
cell 12.869829661355404 45.699330686275296 0.0 2.23606797749979 0.4472135954999579 1 0 0 0.9170933559813306 0.39867251775724444 2.3214548512032955
cell 47.681463629507746 1.5259208306293761 0.0 2.23606797749979 0.4472135954999579 1 0 0 0.8220988870277304 0.5693447285676464 1.9301755261776035
cell 4.5820758487837585 6.614179778277233 0.0 2.23606797749979 0.4472135954999579 1 0 0 0.9520945536726911 0.3058037947226933 2.52002754702157
cell 41.78041258647116 8.227652214457542 0.0 2.23606797749979 0.4472135954999579 1 0 0 0.8580269377287473 0.5136046866334345 2.0628313176282
cell 17.69042149408501 17.222483813752195 0.0 2.23606797749979 0.4472135954999579 1 0 0 0.8999184509921365 0.4360582318497309 2.239164929726048
cell 25.28042297410683 5.601783353775444 0.0 2.23606797749979 0.4472135954999579 1 0 0 0.4009645965558108 -0.9160935499766582 5.458046208751301
cell 47.131449075823404 21.904896576006546 0.0 2.23606797749979 0.4472135954999579 1 0 0 0.9268546184560453 0.375420452621722 2.371891920219945
cell 13.318626038447945 2.8007430435853187 0.0 2.23606797749979 0.4472135954999579 1 0 0 0.9643761795979896 0.26453465599801107 2.6061499402567527
cell 5.0070557733692445 50.03603992968563 0.0 2.23606797749979 0.4472135954999579 1 0 0 0.8775513491860475 0.47948266865627964 2.1414624525796118
cell 41.690261121807154 13.65005972969646 0.0 2.23606797749979 0.4472135954999579 1 0 0 0.9023155622620999 0.4310761256432912 2.2502225248638004
cell 37.43001913391388 48.74691949330484 0.0 2.23606797749979 0.4472135954999579 1 0 0 0.8478942716590118 0.5301653554202066 2.024001508851058
cell 28.182138222757573 16.714030819416045 0.0 2.23606797749979 0.4472135954999579 1 0 0 0.8504889481692068 0.5259929172926534 2.0338283363531544
cell 41.31192366260042 23.07175205474805 0.0 2.23606797749979 0.4472135954999579 1 0 0 0.9687596288395717 0.24800157566155792 2.640358974468672
cell 19.94025335112941 29.005755281376413 0.0 2.23606797749979 0.4472135954999579 1 0 0 0.8417987669650268 0.5397914744937722 2.001213902544491
cell 37.57429615444022 6.1284327949644934 0.0 2.23606797749979 0.4472135954999579 1 0 0 0.8415155218658682 0.5402329372213577 2.000164870357469
cell 3.5273636542550255 43.053420059950845 0.0 2.23606797749979 0.4472135954999579 1 0 0 -0.8008862276854288 -0.5988165414413696 1.8575474439968716
cell 36.37983969808084 15.409524737658598 0.0 2.23606797749979 0.4472135954999579 1 0 0 0.8936601982087576 0.44874430373820234 2.210873200567985
cell 36.71633603618484 10.622606274379066 0.0 2.23606797749979 0.4472135954999579 1 0 0 0.8586771661407883 0.5125168527457659 2.065366020585132
cell 24.791951215949926 24.70328331912535 0.0 2.23606797749979 0.4472135954999579 1 0 0 0.8475866347030652 0.5306570424226298 2.0228415146882344
cell 1.445347803451174 15.647778215964179 0.0 2.23606797749979 0.4472135954999579 1 0 0 0.9473644037126713 0.3201572841247484 2.4898016426420604
cell 18.90832835755204 39.543435335262515 0.0 2.23606797749979 0.4472135954999579 1 0 0 0.9318190115096098 0.36292331116814974 2.3987862666693682
cell 18.13918344601139 22.690246478152634 0.0 2.23606797749979 0.4472135954999579 1 0 0 0.8439185993291938 0.5364712459267986 2.0090923864228785
cell 31.608218818594903 49.41743489362194 0.0 2.23606797749979 0.4472135954999579 1 0 0 0.359963399818939 -0.9329664253287954 5.546727980703316
cell 28.353911792482148 10.614283733786216 0.0 2.23606797749979 0.4472135954999579 1 0 0 0.7905990632981162 0.6123341580478271 1.8235734157620467
cell 28.262952499142678 44.02706457093167 0.0 2.23606797749979 0.4472135954999579 1 0 0 0.31548237728434747 -0.9489314356806906 5.64125541024697
cell 17.342494261265482 0.8202283152580487 0.0 2.23606797749979 0.4472135954999579 1 0 0 0.9686076321880662 0.24859455920640688 2.6391346665364384
cell 32.193503828738294 17.837408853052427 0.0 2.23606797749979 0.4472135954999579 1 0 0 0.8534892518009036 0.5211104461247479 2.0452896515416
cell 35.86336027047288 28.668936643826015 0.0 2.23606797749979 0.4472135954999579 1 0 0 0.9696937347038419 0.24432368054716905 2.647948304746598
cell 32.271592960365105 35.90701378996264 0.0 2.23606797749979 0.4472135954999579 1 0 0 0.9534824214390819 0.30144862249919985 2.5291694808240597
cell 40.501813157250396 27.946499580397933 0.0 2.23606797749979 0.4472135954999579 1 0 0 0.9731872054401661 0.2300144846907687 2.677407520384459
cell 28.377478473228127 3.363105220699379 0.0 2.23606797749979 0.4472135954999579 1 0 0 0.42322802351932554 -0.9060232006455051 5.409174874572565
cell 14.836066526076703 35.82029777470566 0.0 2.23606797749979 0.4472135954999579 1 0 0 0.8683982138255253 0.4958674643739366 2.1039257101730375
cell 47.685998420590934 13.969585874052505 0.0 2.23606797749979 0.4472135954999579 1 0 0 0.9400147062146212 0.3411339210636188 2.4453468255205575
cell 18.343746534880907 35.40000106025552 0.0 2.23606797749979 0.4472135954999579 1 0 0 0.877783032366919 0.47905839736793715 2.1424292684399724
cell 49.38393162317954 10.742874248915156 0.0 2.23606797749979 0.4472135954999579 1 0 0 0.9288578826086594 0.37043627510782173 2.38263532045268
cell 3.447097574404295 9.09684523535885 0.0 2.23606797749979 0.4472135954999579 1 0 0 0.9552558824189062 0.2957806604632507 2.541047369720399
cell 41.12074558312343 7.876694648260675 0.0 2.23606797749979 0.4472135954999579 1 0 0 -0.858310408506288 -0.5131308241080134 2.06393567514724
cell 13.951892887578483 38.42526435767484 0.0 2.23606797749979 0.4472135954999579 1 0 0 0.8816917543519626 0.471825868629263 2.1588716478528127
cell 22.810436193812436 38.13593830979777 0.0 2.23606797749979 0.4472135954999579 1 0 0 0.9511453617923861 0.30874342218228884 2.5138493976498144
cell 33.784595344803904 13.78404661232719 0.0 2.23606797749979 0.4472135954999579 1 0 0 0.8523445173643738 0.5229807106566099 2.0409040805293053
cell 34.00710776519579 32.337516029904705 0.0 2.23606797749979 0.4472135954999579 1 0 0 0.9885124644278273 0.15113936506027636 2.8381510992948464
cell 0.4269807553184637 5.511195211661784 0.0 2.23606797749979 0.4472135954999579 1 0 0 0.9091704452437269 0.4164241845706412 2.28257523751466
cell 17.344990545500476 13.874323951172343 0.0 2.23606797749979 0.4472135954999579 1 0 0 0.27157722833246595 -0.962416650443692 5.733122358888264
cell 16.45155067573336 38.83822280921323 0.0 2.23606797749979 0.4472135954999579 1 0 0 0.8827705370258584 0.4698044050017811 2.1634542626311606
cell 46.33992322164247 0.9222651624498927 0.0 2.23606797749979 0.4472135954999579 1 0 0 0.819629487471754 0.5728939720984938 1.92152796168028
cell 6.806484679213547 34.89998823196311 0.0 2.23606797749979 0.4472135954999579 1 0 0 0.8166398738832571 0.577147568983824 1.911129704756996
cell 6.288869294437716 0.42178583552813437 0.0 2.23606797749979 0.4472135954999579 1 0 0 0.9163817970721042 0.4003053859179275 2.3178925062732016
cell 17.39571460087567 29.140797155054436 0.0 2.23606797749979 0.4472135954999579 1 0 0 0.8407727970379685 0.5413881267269823 1.9974181608640331
cell 21.787800796502026 44.121988978288655 0.0 2.23606797749979 0.4472135954999579 1 0 0 0.9467375322237318 0.3220062811171831 2.485896897348206
cell 38.624116186205036 2.12658932909743 0.0 2.23606797749979 0.4472135954999579 1 0 0 0.845726723054244 0.5336162571660744 2.015851168294642
cell 22.847765484709207 4.781408068185819 0.0 2.23606797749979 0.4472135954999579 1 0 0 0.36177036242709776 -0.932267238976768 5.542852944395611
cell 23.836937135314034 15.37968544771714 0.0 2.23606797749979 0.4472135954999579 1 0 0 0.8011687554124897 0.5984384891956752 1.8584913622585177
cell 42.46112251192453 15.267954183870392 0.0 2.23606797749979 0.4472135954999579 1 0 0 0.8886818254776191 0.4585243865551391 2.1889245856981847
cell 22.116232471945793 22.564940058980884 0.0 2.23606797749979 0.4472135954999579 1 0 0 0.8372075692453431 0.5468852585308037 1.9843140453486858
cell 25.51316746368558 25.02764243665901 0.0 2.23606797749979 0.4472135954999579 1 0 0 0.8553607104133054 0.5180328706571093 2.0524934955498093
cell 37.49196325889984 50.98374605269997 0.0 2.23606797749979 0.4472135954999579 1 0 0 0.8572374295400231 0.5149213429210465 2.059760873085344
cell 14.221996328320227 24.411773569890954 0.0 2.23606797749979 0.4472135954999579 1 0 0 -0.8047832108367176 -0.5935688532557477 1.8706202954214906
cell 39.72222270318681 21.22690944448841 0.0 2.23606797749979 0.4472135954999579 1 0 0 0.9460344816512832 0.32406598020586475 2.481544131646731
cell 5.860663603296788 9.85652179783642 0.0 2.23606797749979 0.4472135954999579 1 0 0 0.9655011400023247 0.2603988261383131 2.6147221401291496
cell 6.903956567598436 7.218184712310277 0.0 2.23606797749979 0.4472135954999579 1 0 0 0.9574768118571259 0.2885102333642849 2.5562515686267346
cell 45.95027719845882 12.393000797552682 0.0 2.23606797749979 0.4472135954999579 1 0 0 0.9007816065856451 0.4342723767832628 2.2431319523813595
cell 48.40317913746573 8.660419919083697 0.0 2.23606797749979 0.4472135954999579 1 0 0 0.9077206322684084 0.41957508714679537 2.2756383342377786
cell 36.451178338783166 4.459474303446897 0.0 2.23606797749979 0.4472135954999579 1 0 0 0.8505133324730401 0.5259534877587599 2.033921057061022
cell 19.14279875579096 25.034317666765602 0.0 2.23606797749979 0.4472135954999579 1 0 0 0.8388235988059073 0.5444033156459522 1.9902374222355723
cell 44.15183119224503 9.874742997326221 0.0 2.23606797749979 0.4472135954999579 1 0 0 0.8875698261057391 0.4606732071508263 2.1840855876980765
cell 3.071067823824852 41.474275827539934 0.0 2.23606797749979 0.4472135954999579 1 0 0 0.8074907520066756 0.5898802297277758 1.879771636142301
cell 10.20070288938707 26.71549600279792 0.0 2.23606797749979 0.4472135954999579 1 0 0 0.8462350438715758 0.5328097695460099 2.0177578013516073
cell 23.772124628566306 20.820758081450588 0.0 2.23606797749979 0.4472135954999579 1 0 0 0.8304815315620188 0.5570461612240081 1.9599431312275912
cell 8.304578522319401 41.26081372273295 0.0 2.23606797749979 0.4472135954999579 1 0 0 0.8390226213889601 0.544096536285242 1.990968786894858
cell 31.4233827884988 35.09279659499701 0.0 2.23606797749979 0.4472135954999579 1 0 0 0.9659123989407523 0.25886915145015066 2.6178901294540355
cell 25.37820436884711 33.27318074459329 0.0 2.23606797749979 0.4472135954999579 1 0 0 0.9138385557485491 0.4060776945701473 2.3052769990652804
cell 3.213750766548068 36.41762468376749 0.0 2.23606797749979 0.4472135954999579 1 0 0 0.8273352325687621 0.5617084768368664 1.948693870339108
cell 21.845767431181567 31.941213406488934 0.0 2.23606797749979 0.4472135954999579 1 0 0 0.8805343559022103 0.47398232886456815 2.1539767954922837
cell 15.51724514962013 50.691656698910435 0.0 2.23606797749979 0.4472135954999579 1 0 0 0.9564963041584492 0.2917444431882593 2.5494924209279257
cell 42.5019707147101 21.478008961852417 0.0 2.23606797749979 0.4472135954999579 1 0 0 0.9659565790620668 0.2587042469050501 2.618231569886234
cell 9.901866827730304 37.071822099389045 0.0 2.23606797749979 0.4472135954999579 1 0 0 0.8353467094668091 0.549723453186213 1.9775263626592785
cell 29.584084645824248 49.616250852679144 0.0 2.23606797749979 0.4472135954999579 1 0 0 0.3098141439007262 -0.9507971372690707 5.653190202709271
cell 4.133554342404102 9.717924173647235 0.0 2.23606797749979 0.4472135954999579 1 0 0 0.9671931597955823 0.2540421060466892 2.6278782759349646
cell 8.117252801469364 47.950900074606764 0.0 2.23606797749979 0.4472135954999579 1 0 0 0.8849001781349292 0.4657807152907585 2.1725593130845056
cell 27.693015347404433 21.710440449260314 0.0 2.23606797749979 0.4472135954999579 1 0 0 0.8635316627348435 0.5042946236619983 2.0844628141356942
cell 40.31500449011061 17.208595793511876 0.0 2.23606797749979 0.4472135954999579 1 0 0 0.8995396669673049 0.43683908656661 2.23742917458938
cell 46.8101577432104 6.0350187659618895 0.0 2.23606797749979 0.4472135954999579 1 0 0 0.8846615524088688 0.46623378008197813 2.1715351842880932
cell 22.393349867294614 19.6390919586794 0.0 2.23606797749979 0.4472135954999579 1 0 0 0.8203986555070274 0.5717919604561277 1.9242157484264448
cell 49.601684037814174 2.4274536597707033 0.0 2.23606797749979 0.4472135954999579 1 0 0 0.8652106059826862 0.5014086230761025 2.0911404964184914
cell 46.505331713061295 13.902129605425213 0.0 2.23606797749979 0.4472135954999579 1 0 0 0.9269516803256339 0.3751807329028021 2.3724091689049693
cell 11.053526938862634 0.016601427055917384 0.0 2.23606797749979 0.4472135954999579 1 0 0 0.9501020450706557 0.31193926324295523 2.5071257318308344
cell 39.61720810537704 24.98478817294116 0.0 2.23606797749979 0.4472135954999579 1 0 0 0.9571699310979943 0.28952672243138616 2.554127962326324
cell 33.473818021178666 18.771098248113407 0.0 2.23606797749979 0.4472135954999579 1 0 0 0.8820517424312257 0.4711525481986047 2.160398673521062
cell 48.71174029527921 21.86425381751572 0.0 2.23606797749979 0.4472135954999579 1 0 0 0.9340447672099419 0.35715595031824043 2.4111501756498273
cell 47.17259709783706 12.122316421889376 0.0 2.23606797749979 0.4472135954999579 1 0 0 0.9099614323447427 0.41469288834642953 2.2863820988485233
cell 14.594319997630713 20.92484001050229 0.0 2.23606797749979 0.4472135954999579 1 0 0 0.8963146860286096 0.4434185196960485 2.222774525828739
cell 39.46183196420832 26.176205981509387 0.0 2.23606797749979 0.4472135954999579 1 0 0 0.9649014099216784 0.26261239333123115 2.610135394793973
cell 42.827466526400315 3.7299925793048176 0.0 2.23606797749979 0.4472135954999579 1 0 0 0.8392679814039536 0.5437179925201417 1.991870999558269
cell 47.09859370924778 47.652699693633274 0.0 2.23606797749979 0.4472135954999579 1 0 0 0.7686739544708776 0.6396407989786949 1.7535309033275046
cell 35.48955251561509 1.6261855192472798 0.0 2.23606797749979 0.4472135954999579 1 0 0 0.8426162859302089 0.5385144331261515 2.004246506939108
cell 23.96286475400035 33.81512551849614 0.0 2.23606797749979 0.4472135954999579 1 0 0 0.9087716584749185 0.41729374875828906 2.280661944193487
cell 30.552397800434644 13.122647861900717 0.0 2.23606797749979 0.4472135954999579 1 0 0 0.8407794325905277 0.5413778216114421 1.9974426742044065
cell 2.2127163430820938 1.2446297951171983 0.0 2.23606797749979 0.4472135954999579 1 0 0 0.8676811180972939 0.49712118974896863 2.101037074535175
cell 20.17495382323452 36.39888939068756 0.0 2.23606797749979 0.4472135954999579 1 0 0 0.9113168671558805 0.4117056808415344 2.292942776208001
cell 44.28621088864327 15.350302319042832 0.0 2.23606797749979 0.4472135954999579 1 0 0 0.907394960701894 0.42027893748415257 2.2740872477839913
cell 51.110847742579395 5.120737314974577 0.0 2.23606797749979 0.4472135954999579 1 0 0 0.890245816367042 0.4554803908413389 2.1957691423204118
cell 26.204765569546193 42.81315417486557 0.0 2.23606797749979 0.4472135954999579 1 0 0 0.9477490632034036 0.3190167914030089 2.4922088707135504
cell 5.546228696227088 0.22476146354559073 0.0 2.23606797749979 0.4472135954999579 1 0 0 0.9043352361247483 0.42682289149387914 2.259639344751002
cell 46.1191253794634 5.744432576651704 0.0 2.23606797749979 0.4472135954999579 1 0 0 0.8688119160831927 0.49514225680288204 2.10559553126478
cell 47.250354525316794 7.817733775145239 0.0 2.23606797749979 0.4472135954999579 1 0 0 0.8999142140271171 0.4360669758098588 2.2391454968969904
cell 9.908609371138137 43.01311995245005 0.0 2.23606797749979 0.4472135954999579 1 0 0 0.8762644998222145 0.48183039168500386 2.136107907225903
cell 45.40588115979299 11.981990082485966 0.0 2.23606797749979 0.4472135954999579 1 0 0 0.9029872280013269 0.42966739004313526 2.2533438523703415
cell 29.81563563342114 12.558615891682122 0.0 2.23606797749979 0.4472135954999579 1 0 0 0.8314490906520123 0.5556009446121756 1.9634215345453268
cell 15.549491753906615 6.256855131236002 0.0 2.23606797749979 0.4472135954999579 1 0 0 0.8945944053156965 0.44687901044673756 2.2150455205749884
cell 31.08269024460305 8.267499137645927 0.0 2.23606797749979 0.4472135954999579 1 0 0 0.8139771142885248 0.5808969421631739 1.9019322866045778
cell 12.01883048277625 33.6638125644251 0.0 2.23606797749979 0.4472135954999579 1 0 0 0.8327621402292912 0.5536309400681382 1.9681565191129637
cell 23.821310301642647 18.403152035228864 0.0 2.23606797749979 0.4472135954999579 1 0 0 0.8214799840070423 0.5702373504741597 1.9280031404540254
cell 28.973389667253265 38.924540186626984 0.0 2.23606797749979 0.4472135954999579 1 0 0 0.9440415355309819 0.3298265895774714 2.4693528938717693
cell 44.38246558091962 45.77115835825109 0.0 2.23606797749979 0.4472135954999579 1 0 0 0.8909463286160562 0.4541086208448046 2.1988497077253086
cell 26.827034678206605 12.447250482555877 0.0 2.23606797749979 0.4472135954999579 1 0 0 0.7931069208694032 0.6090824345431859 1.831786351667175
cell 27.054115772249684 14.924424280656376 0.0 2.23606797749979 0.4472135954999579 1 0 0 0.8206487400721176 0.571432975438105 1.925090762794131
cell 32.93724652930871 31.684375655970268 0.0 2.23606797749979 0.4472135954999579 1 0 0 0.9798969732203183 0.19950419011554296 2.7398888274762156
cell 29.731442326648885 33.762774038994976 0.0 2.23606797749979 0.4472135954999579 1 0 0 0.9769669678266576 0.21339058970720007 2.711504296051393
cell 15.004399493798058 49.94527171854092 0.0 2.23606797749979 0.4472135954999579 1 0 0 0.9533424775310657 0.3018909083343342 2.528241685456081
cell 42.28654574142445 14.111329484957679 0.0 2.23606797749979 0.4472135954999579 1 0 0 0.9016062060542994 0.43255779868633987 2.246937077044774
cell 16.909582225513123 43.14595560710547 0.0 2.23606797749979 0.4472135954999579 1 0 0 0.9290158435590598 0.37003994705470455 2.3834886142831984
cell 11.611328472268047 1.6458264578056625 0.0 2.23606797749979 0.4472135954999579 1 0 0 0.9552850417947688 0.29568647064613374 2.541244570033351
cell 16.108224310780347 0.317927669567579 0.0 2.23606797749979 0.4472135954999579 1 0 0 0.9645344354265452 0.2639570474080883 2.6073477325611947
cell 9.850509782714502 7.859979045865876 0.0 2.23606797749979 0.4472135954999579 1 0 0 0.9725377618371944 0.23274514345244765 2.6717938658035476
cell 42.95649338444224 9.089783671466648 0.0 2.23606797749979 0.4472135954999579 1 0 0 0.8872636055124299 0.4612627172589208 2.182756989586471
cell 43.66074548381973 19.212605868269574 0.0 2.23606797749979 0.4472135954999579 1 0 0 0.9635288232943537 0.26760457148748035 2.5997805125304487
cell 19.7461005430111 31.114818024169907 0.0 2.23606797749979 0.4472135954999579 1 0 0 0.85412967425281 0.5200600922593357 2.0477500452908632
cell 38.08470593557722 16.53408403778228 0.0 2.23606797749979 0.4472135954999579 1 0 0 -0.908993182544819 -0.41681098124574584 2.2817242763286423
cell 43.01366311264612 15.73780957168778 0.0 2.23606797749979 0.4472135954999579 1 0 0 0.8964497296801339 0.44314544131291117 2.223383815880756
cell 28.265375487419625 25.944755037306425 0.0 2.23606797749979 0.4472135954999579 1 0 0 0.8885841730720601 0.45871360058956523 2.188498731529218
cell 28.036602708391356 23.775409716703365 0.0 2.23606797749979 0.4472135954999579 1 0 0 0.8762300122944113 0.48189310594211227 2.1359647643934476
cell 11.142203304815052 0.9649240856995724 0.0 2.23606797749979 0.4472135954999579 1 0 0 0.9522710644890113 0.3052536973354545 2.5211829918934843
cell 16.98586124044038 31.924108960811104 0.0 2.23606797749979 0.4472135954999579 1 0 0 0.8414023610713375 0.5404091660802753 1.9997460053372318
cell 22.627435322003798 28.295165449465863 0.0 2.23606797749979 0.4472135954999579 1 0 0 0.8515285739297693 0.5243081992312664 2.037787678696692
cell 28.880290744588915 33.25514228046335 0.0 2.23606797749979 0.4472135954999579 1 0 0 0.9685091906710624 0.24897780540779837 2.6383432920733836
cell 36.614213997744805 20.88601121969207 0.0 2.23606797749979 0.4472135954999579 1 0 0 0.8876378272700393 0.4605421670154905 2.1843808548683112
cell 21.91563714278948 24.886173370578756 0.0 2.23606797749979 0.4472135954999579 1 0 0 0.8522207618220582 0.5231823516895717 2.040430901744114
cell 20.341842884840624 31.49861524585363 0.0 2.23606797749979 0.4472135954999579 1 0 0 0.8664738084629648 0.49922253479554113 2.0961901165479477
cell 48.75018745440625 18.070966805104007 0.0 2.23606797749979 0.4472135954999579 1 0 0 0.9639825348187508 0.26596554770198316 2.6031818380449447
cell 27.63679648632116 37.45239373938181 0.0 2.23606797749979 0.4472135954999579 1 0 0 0.9548314949566447 0.29714780200913316 2.5381843775272337
cell 48.33877166689875 1.819589925466065 0.0 2.23606797749979 0.4472135954999579 1 0 0 0.8316852134612401 0.5552474274680895 1.9642717776986005
cell 9.905819979884745 31.485771330636254 0.0 2.23606797749979 0.4472135954999579 1 0 0 0.8278053572617877 0.5610154102060692 1.9503688134697355
cell 33.9159993311388 5.814318934773011 0.0 2.23606797749979 0.4472135954999579 1 0 0 0.8265330843072788 0.5628881421254998 1.9458407651032452
cell 32.269947951697944 30.996137071749548 0.0 2.23606797749979 0.4472135954999579 1 0 0 0.9717221064602052 0.23612739742889147 2.6648354326850963
cell 40.735839554512985 49.38142650789994 0.0 2.23606797749979 0.4472135954999579 1 0 0 0.8546144110969017 0.5192631397908924 2.049615631641658
cell 34.820145979827544 8.626478343383159 0.0 2.23606797749979 0.4472135954999579 1 0 0 0.8208770030969944 0.571105021678585 1.9258899065334756
cell 20.231844036772273 26.596449448165206 0.0 2.23606797749979 0.4472135954999579 1 0 0 0.8418068943184058 0.5397787997670901 2.001244015835206
cell 7.02287270702671 46.06209954070803 0.0 2.23606797749979 0.4472135954999579 1 0 0 0.8732272720056692 0.487313175920308 2.123572229438904
cell 18.771925864958067 23.681804017219562 0.0 2.23606797749979 0.4472135954999579 1 0 0 0.840488569169051 0.5418292767063824 1.9963685918246377
cell 43.342881573814665 24.282147740344204 0.0 2.23606797749979 0.4472135954999579 1 0 0 0.9482438308507927 0.3175431266039517 2.4953178792059796
cell 32.61270360870218 12.327279133979973 0.0 2.23606797749979 0.4472135954999579 1 0 0 0.8238633645908466 0.5667884583202534 1.9363877420158648
cell 20.517180572856372 34.86181207026558 0.0 2.23606797749979 0.4472135954999579 1 0 0 0.8957059741984452 0.44464683489845536 2.2200327828627
cell 36.05957655278905 20.408066375035954 0.0 2.23606797749979 0.4472135954999579 1 0 0 0.8894072664989848 0.45711564652591336 2.1920936951445573
cell 26.360973218640158 30.138925661223613 0.0 2.23606797749979 0.4472135954999579 1 0 0 0.8923889686812745 0.4512670258017656 2.2052233664364587
cell 42.78520179810376 49.91404072566272 0.0 2.23606797749979 0.4472135954999579 1 0 0 0.8432836236587672 0.5374688177642855 2.0067273546379525
cell 6.382267029056627 39.554209689642676 0.0 2.23606797749979 0.4472135954999579 1 0 0 0.8295133452689201 0.5584868933294366 1.9564714777573737
cell 11.036075902865619 38.511904983787986 0.0 2.23606797749979 0.4472135954999579 1 0 0 0.8521484061451366 0.5233001948254015 2.040154334582828
cell 6.569989326252519 16.566734361893893 0.0 2.23606797749979 0.4472135954999579 1 0 0 0.1868483857035112 -0.982388762537516 5.90727921012749
cell 14.79778134244367 3.205886947402988 0.0 2.23606797749979 0.4472135954999579 1 0 0 0.9703049250676783 0.2418849982727479 2.6529765164468837
cell 50.03806669498 18.567200395861555 0.0 2.23606797749979 0.4472135954999579 1 0 0 0.9479920623677798 0.3182939674069925 2.493734024019006
cell 41.00420628339217 21.377888414927494 0.0 2.23606797749979 0.4472135954999579 1 0 0 0.9622610167688258 0.2721281602609799 2.5903847199892898
cell 25.06615693513197 41.09489825026929 0.0 2.23606797749979 0.4472135954999579 1 0 0 0.9484220810549508 0.31701034078937596 2.4964415052430535
cell 40.515705830159156 2.5830607078505103 0.0 2.23606797749979 0.4472135954999579 1 0 0 0.8346573066816735 0.5507696255267668 1.9750205669999028
cell 14.38768988144244 48.3063137408908 0.0 2.23606797749979 0.4472135954999579 1 0 0 0.9490349277115914 0.3151709155100682 2.5003191682300914
cell 25.673854131254274 35.60034511326382 0.0 2.23606797749979 0.4472135954999579 1 0 0 0.9622172502353193 0.27228287377207694 2.590063150214424
cell 7.933053380139278 1.740205974181857 0.0 2.23606797749979 0.4472135954999579 1 0 0 0.9433940302446238 0.3316740925951347 2.465437523278754
cell 1.539434853037419 0.8354687561917917 0.0 2.23606797749979 0.4472135954999579 1 0 0 0.870231192612901 0.4926435541073566 2.111342832095988
cell 39.84083077665293 18.897696211448686 0.0 2.23606797749979 0.4472135954999579 1 0 0 0.9071980775112509 0.4207037534416473 2.273150804315318
cell 42.103787617034264 3.3699145168710705 0.0 2.23606797749979 0.4472135954999579 1 0 0 0.8347794942782011 0.5505844130854332 1.9754643392720062
cell 28.596860244378835 32.485902637970774 0.0 2.23606797749979 0.4472135954999579 1 0 0 0.9547386076096641 0.29744611468223936 2.5375594983038345
cell 7.776388040476203 3.845226203677552 0.0 2.23606797749979 0.4472135954999579 1 0 0 0.9518423160244498 0.306588006003515 2.518379989796422
cell 1.1807196252543983 40.34093188725654 0.0 2.23606797749979 0.4472135954999579 1 0 0 0.7866114164468587 0.6174483618210244 1.8106032106688223
cell 50.40925172488728 49.065727031317785 0.0 2.23606797749979 0.4472135954999579 1 0 0 -0.8094797169172461 -0.5871478416034374 1.8865309074489502
cell 20.940535182716406 41.33654004924855 0.0 2.23606797749979 0.4472135954999579 1 0 0 0.9390933151613786 0.3436622548654589 2.43996484162746
cell 38.7279265741695 11.627072893454534 0.0 2.23606797749979 0.4472135954999579 1 0 0 0.886341571335578 0.46303198477251933 2.1787667736132215
cell 31.015887542822682 14.227000574479215 0.0 2.23606797749979 0.4472135954999579 1 0 0 0.8356738798899354 0.5492259703161367 1.9787172105962747
cell 0.18509956997746807 11.48725483428857 0.0 2.23606797749979 0.4472135954999579 1 0 0 0.9642387014719775 0.26503533082144837 2.605111527005659
cell 50.47771737707393 4.701455446329446 0.0 2.23606797749979 0.4472135954999579 1 0 0 0.8936262814789507 0.4488118414771419 2.210722049110902
cell 39.33712604015961 11.982753896869513 0.0 2.23606797749979 0.4472135954999579 1 0 0 0.8920256787940638 0.4519847213922055 2.2036145575135873
cell 33.93026902251837 28.047607139353808 0.0 2.23606797749979 0.4472135954999579 1 0 0 0.9525653713507564 0.3043340488729376 2.523114177949692
cell 34.35774476092325 14.3981949876283 0.0 2.23606797749979 0.4472135954999579 1 0 0 0.8596733017093587 0.5108442172797201 2.069259603341541
cell 1.9210898527005196 11.729565702096773 0.0 2.23606797749979 0.4472135954999579 1 0 0 0.9641618614435726 0.265314728082828 2.6045319850478363
cell 10.15531789228518 46.020755349172404 0.0 2.23606797749979 0.4472135954999579 1 0 0 0.8942899016071888 0.44748806898441956 2.213683647117233
cell 1.7415733323534686 9.417659379385508 0.0 2.23606797749979 0.4472135954999579 1 0 0 0.9440477603551245 0.3298087721217758 2.469390640933275
cell 12.182832913878494 27.70952026167292 0.0 2.23606797749979 0.4472135954999579 1 0 0 0.8249822925274279 0.5651585768757201 1.9403417346934182
cell 25.814639153677547 29.663141177447688 0.0 2.23606797749979 0.4472135954999579 1 0 0 0.8899138823599885 0.4561285805373005 2.1943126669990596
cell 47.77998644142419 8.215741737396366 0.0 2.23606797749979 0.4472135954999579 1 0 0 0.9026432904284467 0.43038946344503703 2.2517442485620536
cell 49.682390053964156 11.564055610734792 0.0 2.23606797749979 0.4472135954999579 1 0 0 0.9422614448196271 0.33487814142823463 2.4586408506268893
cell 22.217923114320154 27.464068721150685 0.0 2.23606797749979 0.4472135954999579 1 0 0 -0.8431641410392703 -0.5376562389347952 2.006282819862168
cell 14.662292915195186 47.07667202894941 0.0 2.23606797749979 0.4472135954999579 1 0 0 0.9442356360747205 0.3292705021203205 2.470530872294507
cell 19.144636889462873 35.51753074189734 0.0 2.23606797749979 0.4472135954999579 1 0 0 0.8877769165693529 0.46027399058236196 2.184985054944985
cell 38.307572475946564 6.443501872364202 0.0 2.23606797749979 0.4472135954999579 1 0 0 0.8494952064584522 0.5275963364202899 2.0300555514179672
cell 15.113038230344996 25.26728648920756 0.0 2.23606797749979 0.4472135954999579 1 0 0 -0.8342974428056981 -0.5513145898013883 1.9737144458952525
cell 34.086745135413565 8.104447546054054 0.0 2.23606797749979 0.4472135954999579 1 0 0 0.8136601734549703 0.581340796893894 1.9008414914426337
cell 34.9792986928296 24.01397854064477 0.0 2.23606797749979 0.4472135954999579 1 0 0 0.9068780750476383 0.42139311455918455 2.2716307775327986
cell 26.77607803484254 1.578942896902943 0.0 2.23606797749979 0.4472135954999579 1 0 0 0.3277627602850004 -0.9447600610580219 5.615316209737262
cell 31.40810395365842 51.15892244092971 0.0 2.23606797749979 0.4472135954999579 1 0 0 0.3803109229793593 -0.92485869291616 5.502920392071546
cell 21.26459506625845 43.37426601735983 0.0 2.23606797749979 0.4472135954999579 1 0 0 0.9448003023682873 0.32764674368104574 2.473969151061618
cell 51.13924335996235 29.9479349490373 0.0 2.23606797749979 0.4472135954999579 1 0 0 0.3536022472878775 -0.9353958791404646 5.560346598328022
cell 2.401461230190438 2.0871970050585054 0.0 2.23606797749979 0.4472135954999579 1 0 0 0.8744946769371209 0.4850351121399775 2.1287860164296437
cell 20.73441383993779 5.118642097665206 0.0 2.23606797749979 0.4472135954999579 1 0 0 -0.3360177617898821 0.9418556491106894 5.597814078743942
cell 21.8631385721116 37.8297469856409 0.0 2.23606797749979 0.4472135954999579 1 0 0 0.9472262418058182 0.3205658229356736 2.4889391052795764
cell 15.568379689965475 33.12923119779767 0.0 2.23606797749979 0.4472135954999579 1 0 0 -0.8492986108001143 -0.5279127481819283 2.0293105245529883
cell 12.238834322515798 45.41033004552697 0.0 2.23606797749979 0.4472135954999579 1 0 0 0.9093818003286865 0.4159624276673998 2.2835908957547617
cell 50.042320773327376 9.065317995700635 0.0 2.23606797749979 0.4472135954999579 1 0 0 0.9252784084733854 0.37928863259127465 2.3635379320577394
cell 9.588258559164803 48.68921622885551 0.0 2.23606797749979 0.4472135954999579 1 0 0 0.9220855363815974 0.38698612842821883 2.3468710455755994
cell 15.434227690713538 38.83314455695059 0.0 2.23606797749979 0.4472135954999579 1 0 0 0.8925002583642063 0.45104688095565515 2.205716718834262
cell 43.52698310258589 9.483448757448555 0.0 2.23606797749979 0.4472135954999579 1 0 0 0.8926054269277743 0.4508387204079589 2.2061831574288346
cell 2.609037245446919 16.07227841604904 0.0 2.23606797749979 0.4472135954999579 1 0 0 0.9503632848842885 0.3111424541009226 2.5088028139281158
cell 33.279944104091776 12.83127482446764 0.0 2.23606797749979 0.4472135954999579 1 0 0 0.8376577399825862 0.5461954875749762 1.9859613919455255
cell 3.9030786224267233 3.532240008498383 0.0 2.23606797749979 0.4472135954999579 1 0 0 0.92139835720217 0.38861943768311724 2.3433270844198506
cell 48.921014180618265 48.398997130152544 0.0 2.23606797749979 0.4472135954999579 1 0 0 0.7824956242801248 0.6226560832293039 1.7973276286926718
cell 36.312381073653825 29.508612200106597 0.0 2.23606797749979 0.4472135954999579 1 0 0 0.9756325767999866 0.21941074514849582 2.6991717389072707
cell 30.22081624520843 7.3402566204329585 0.0 2.23606797749979 0.4472135954999579 1 0 0 0.807153467011864 0.5903416643696494 1.8786285121676776
cell 4.290651143414128 48.43237249116547 0.0 2.23606797749979 0.4472135954999579 1 0 0 0.8527029712485311 0.5223960593495386 2.0422756582432684
cell 44.686267264026405 10.426293054984757 0.0 2.23606797749979 0.4472135954999579 1 0 0 0.8915716029887032 0.45287975969803973 2.2016072922192373
cell 23.167429109787026 31.276814458001745 0.0 2.23606797749979 0.4472135954999579 1 0 0 0.8839906587844475 0.46750456166955057 2.1686611735337995
cell 18.430400880039194 47.05743045356489 0.0 2.23606797749979 0.4472135954999579 1 0 0 0.9504465523692567 0.3108880040937472 2.5093382699230684
cell 43.199500294695085 18.553335310366716 0.0 2.23606797749979 0.4472135954999579 1 0 0 0.9478447392220491 0.3187324117956717 2.4928089562484153
cell 27.630348955763623 15.861613086775366 0.0 2.23606797749979 0.4472135954999579 1 0 0 0.8407248859283974 0.5414625251858923 1.9972411794512959
cell 45.47944549661439 5.394406663806254 0.0 2.23606797749979 0.4472135954999579 1 0 0 0.8554889809056898 0.5178210149742325 2.052988818272475
cell 29.294656300746276 26.750942963307057 0.0 2.23606797749979 0.4472135954999579 1 0 0 0.8945150223347171 0.4470378896889171 2.214690306434799
cell 33.7791879300865 24.219186974914976 0.0 2.23606797749979 0.4472135954999579 1 0 0 -0.8980258057009575 -0.43994278297881656 2.2305227372436
cell 2.996270496926936 3.4525528269114343 0.0 2.23606797749979 0.4472135954999579 1 0 0 0.9200030072572882 0.3919112994512229 2.33617631691227
cell 0.5977737615160705 6.5519075925707195 0.0 2.23606797749979 0.4472135954999579 1 0 0 0.9209649652826346 0.38964539355926653 2.3410996067935272
cell 36.61165721296149 6.121952118616257 0.0 2.23606797749979 0.4472135954999579 1 0 0 0.8408333600815764 0.5412940610924215 1.9976419127433052
cell 20.396590074859912 19.501033152480492 0.0 2.23606797749979 0.4472135954999579 1 0 0 0.8267980310812117 0.5624989029324694 1.9467824740742217
cell 22.22954627164535 36.486899241249795 0.0 2.23606797749979 0.4472135954999579 1 0 0 0.931386091425002 0.36403289507963144 2.3964041697578407
cell 49.39235872340584 3.926095591680618 0.0 2.23606797749979 0.4472135954999579 1 0 0 0.8884293285944365 0.45901342909901754 2.1878238272444146
cell 39.230049274275174 17.361996328253053 0.0 2.23606797749979 0.4472135954999579 1 0 0 0.8935635258298427 0.44893677205876126 2.2104424356509216
cell 13.263145863740421 40.6161030891357 0.0 2.23606797749979 0.4472135954999579 1 0 0 0.8939985030416673 0.4480699460567045 2.212382118683146
cell 23.660157553436463 38.60630012612773 0.0 2.23606797749979 0.4472135954999579 1 0 0 0.9500140388366328 0.3122071844357666 2.5065617216773393
cell 51.04244899004899 49.333387931247024 0.0 2.23606797749979 0.4472135954999579 1 0 0 0.830716713928304 0.5566953755871881 1.9607877881071862
cell 28.716074090431885 26.31524057152113 0.0 2.23606797749979 0.4472135954999579 1 0 0 0.8934888999651304 0.44908527657795816 2.210110034616209
cell 39.94063113788836 12.390139148008858 0.0 2.23606797749979 0.4472135954999579 1 0 0 0.9046901079789141 0.4260701920166449 2.2613036651238505
cell 29.317906758129777 18.20394400882172 0.0 2.23606797749979 0.4472135954999579 1 0 0 0.8530696886181518 0.5217969972709019 2.04368044580518
cell 12.946276852228257 15.979954534680553 0.0 2.23606797749979 0.4472135954999579 1 0 0 0.20143956398860124 -0.9795009454105097 5.877530526080798
cell 25.38475674627176 19.049222863418084 0.0 2.23606797749979 0.4472135954999579 1 0 0 0.8363647811632144 0.5481732872275047 1.9812355326280977
cell 17.984662655815818 44.25374915535884 0.0 2.23606797749979 0.4472135954999579 1 0 0 0.9452907865310418 0.32622895165745835 2.476969623929819
cell 34.72599178668127 19.645580473129208 0.0 2.23606797749979 0.4472135954999579 1 0 0 0.9009413603515526 0.4339408545042675 2.2438679640353985
cell 2.969326223889594 30.419551042627724 0.0 2.23606797749979 0.4472135954999579 1 0 0 0.2986540080344067 -0.9543614532686159 5.6766213401970775
cell 1.2093900857801414 45.078702259453614 0.0 2.23606797749979 0.4472135954999579 1 0 0 0.813113094615324 0.5821057424257995 1.8989606012398235
cell 23.278457061313873 28.676062492875875 0.0 2.23606797749979 0.4472135954999579 1 0 0 0.8578799315879236 0.5138501950750816 2.0622590058218613
cell 26.571925171190305 36.01443167653151 0.0 2.23606797749979 0.4472135954999579 1 0 0 0.9640558803352248 0.2656995664111529 2.603733655450765
cell 37.42562886675127 10.918289089365976 0.0 2.23606797749979 0.4472135954999579 1 0 0 0.8620214868704829 0.5068717354258393 2.078488822900902
cell 15.836618081890146 26.046646304190343 0.0 2.23606797749979 0.4472135954999579 1 0 0 0.8309741857208544 0.5563109765819502 1.9617131082096486
cell 31.227301728534783 22.612578946789476 0.0 2.23606797749979 0.4472135954999579 1 0 0 0.8956968455806881 0.44466522330490943 2.219991723629678
cell 23.400958261822485 33.33923784748015 0.0 2.23606797749979 0.4472135954999579 1 0 0 0.9049187160460187 0.4255844420906678 2.2623773776474887
cell 7.721343159376576 35.29088430301002 0.0 2.23606797749979 0.4472135954999579 1 0 0 0.8292385595351125 0.5588948124469683 1.9554878005525378
cell 30.279954543243694 20.08715105003296 0.0 2.23606797749979 0.4472135954999579 1 0 0 0.8684051957847415 0.49585523687268324 2.10395387110636
cell 4.219798991345771 43.47531720059417 0.0 2.23606797749979 0.4472135954999579 1 0 0 -0.8065211879378638 -0.5912051872296935 1.8764879994565966
cell 12.784517675807377 42.41884626760463 0.0 2.23606797749979 0.4472135954999579 1 0 0 0.8923544556930438 0.451335269400444 2.2050704176199214
cell 15.308238550235032 31.924517645731946 0.0 2.23606797749979 0.4472135954999579 1 0 0 -0.8457395938819777 -0.533595857686646 2.0158994092302684
cell 21.065065464715104 42.43696983487457 0.0 2.23606797749979 0.4472135954999579 1 0 0 0.9380089436788328 0.3466110523028951 2.433681124269284
cell 40.479539789627424 7.5507138461911785 0.0 2.23606797749979 0.4472135954999579 1 0 0 0.8513109625006676 0.5246614576335743 2.036957868512743
cell 17.682378483956768 35.053000470192785 0.0 2.23606797749979 0.4472135954999579 1 0 0 0.8747948045239907 0.48449360158606114 2.1300242575380666
cell 50.02293859544968 4.404206964249681 0.0 2.23606797749979 0.4472135954999579 1 0 0 0.8904056467397962 0.45516786381936636 2.1964711932837555
cell 12.14850508669608 2.375492453325724 0.0 2.23606797749979 0.4472135954999579 1 0 0 0.9582759412245083 0.2858447488940153 2.561816968955111
cell 14.986634202237758 41.883292699994165 0.0 2.23606797749979 0.4472135954999579 1 0 0 0.9007350677523087 0.4343688958952331 2.2429176460399245
cell 36.92554449722548 15.728105134367329 0.0 2.23606797749979 0.4472135954999579 1 0 0 0.8981069835987039 0.43977704125071987 2.2308918452040216
cell 25.275543381546214 29.254119749404968 0.0 2.23606797749979 0.4472135954999579 1 0 0 0.8869413989799705 0.4618819706109482 2.1813608638280315
cell 5.581067754843986 39.24293159372279 0.0 2.23606797749979 0.4472135954999579 1 0 0 0.8183020851193832 0.5747883936626328 1.91690158839067
cell 24.39134100384369 2.0966922051174013 0.0 2.23606797749979 0.4472135954999579 1 0 0 0.3292720497127254 -0.9442350964023634 5.612120247904127
cell 7.68631742421555 2.900520750037821 0.0 2.23606797749979 0.4472135954999579 1 0 0 0.9487573540422584 0.31600551126639037 2.4985600806617776
cell 44.39541328142029 50.7015942195666 0.0 2.23606797749979 0.4472135954999579 1 0 0 0.8356498007154377 0.5492626061951144 1.978629529486034
cell 11.529646176990235 39.29046261250693 0.0 2.23606797749979 0.4472135954999579 1 0 0 0.8549715835788789 0.5186748415651409 2.0509921010426995
cell 20.81325906142711 32.21131532767763 0.0 2.23606797749979 0.4472135954999579 1 0 0 0.8716650763696355 0.4901020247229321 2.1171790638536856
cell 2.679371902961576 12.383856242076625 0.0 2.23606797749979 0.4472135954999579 1 0 0 0.9676244870636604 0.25239423930586846 2.631285039037532
cell 30.674235946906 34.317498133195755 0.0 2.23606797749979 0.4472135954999579 1 0 0 0.9797467773486743 0.20024048610330317 2.7383859095037053
cell 41.9019776461927 49.49052009197977 0.0 2.23606797749979 0.4472135954999579 1 0 0 -0.8365086940504248 -0.5479536520345974 1.9817607013151495
cell 34.431843681977014 25.69445004725249 0.0 2.23606797749979 0.4472135954999579 1 0 0 0.9238257447886234 0.38281326161164414 2.3559134296835382
cell 18.94718129966458 47.83308783568219 0.0 2.23606797749979 0.4472135954999579 1 0 0 0.9556596341158747 0.2944735365385358 2.5437834900973346
cell 49.62164732431045 43.95940608381111 0.0 2.23606797749979 0.4472135954999579 1 0 0 0.7807581721014041 0.62483331913149 1.7917565960185335
cell 5.414160245836022 25.077071262630323 0.0 2.23606797749979 0.4472135954999579 1 0 0 0.3346079010965107 -0.9423574441387873 5.60080707446254
cell 28.896428323410596 17.22269245888361 0.0 2.23606797749979 0.4472135954999579 1 0 0 0.8550380426795321 0.5185652760942971 2.0512483930986303
cell 17.77139272368803 45.438870800705985 0.0 2.23606797749979 0.4472135954999579 1 0 0 0.9465080983353573 0.3226800579298101 2.4844733593279806
cell 7.8818194579838945 30.58177506327459 0.0 2.23606797749979 0.4472135954999579 1 0 0 0.8245331577363281 0.5658136369807284 1.9387532437933352
cell 14.971845105452319 45.789602540087024 0.0 2.23606797749979 0.4472135954999579 1 0 0 0.9321169215472579 0.3621574858611416 2.4004297250100404
cell 17.9455670112331 46.369310785104744 0.0 2.23606797749979 0.4472135954999579 1 0 0 0.951002541253065 0.3091830631360849 2.512924882904639
cell 7.425494658477611 46.6435111055633 0.0 2.23606797749979 0.4472135954999579 1 0 0 0.8740005897849257 0.48592485947479797 2.1267505582274824
cell 3.531620478728283 13.186511288118819 0.0 2.23606797749979 0.4472135954999579 1 0 0 0.9810570229211868 0.1937191724559497 2.751689208083842
cell 30.084750138333025 21.743981405308013 0.0 2.23606797749979 0.4472135954999579 1 0 0 0.8791831525268078 0.4764839811714805 2.148290313179878
cell 19.34078112761831 7.572868180507552 0.0 2.23606797749979 0.4472135954999579 1 0 0 0.29757506471661876 -0.9546984240370884 5.678882019845184
cell 31.637994754216965 16.90182394913672 0.0 2.23606797749979 0.4472135954999579 1 0 0 0.862646796187327 0.5058067862610588 2.0809587448908715
cell 39.531806023030114 46.98341369898949 0.0 2.23606797749979 0.4472135954999579 1 0 0 0.8662354406469874 0.49963602889215214 2.09523555573176
cell 17.777991643033868 39.52849829997108 0.0 2.23606797749979 0.4472135954999579 1 0 0 0.9199216684535847 0.3921021855455194 2.3357613301551887
cell 27.336027630785445 36.58786552043938 0.0 2.23606797749979 0.4472135954999579 1 0 0 0.9642209600706296 0.265099868276982 2.604977663784568
cell 22.82846219534408 45.75743736855588 0.0 2.23606797749979 0.4472135954999579 1 0 0 0.9532766100166492 0.30209883282655253 2.527805469344007
cell 26.40622827899387 20.70570165196586 0.0 2.23606797749979 0.4472135954999579 1 0 0 0.8579291004994803 0.513768097993786 2.0624503956087143
cell 3.535131057771677 1.7961431269847445 0.0 2.23606797749979 0.4472135954999579 1 0 0 0.8969890449513369 0.44205277200498194 2.22582085290301
cell 36.04112140533785 10.289219905079376 0.0 2.23606797749979 0.4472135954999579 1 0 0 -0.8547621945529352 -0.5190198365795377 2.0501849695135057
cell 35.65663060980787 3.9135188932955653 0.0 2.23606797749979 0.4472135954999579 1 0 0 0.8328873937762021 0.5534424895946151 1.9686090764339885
cell 15.482936097424728 42.449175616213054 0.0 2.23606797749979 0.4472135954999579 1 0 0 0.9232061330726207 0.38430513378967324 2.352682577262466
cell 29.77436866964451 27.056223435277474 0.0 2.23606797749979 0.4472135954999579 1 0 0 0.8893943594313661 0.45714075886062694 2.192037224913485
cell 29.582775166919586 39.86318626001767 0.0 2.23606797749979 0.4472135954999579 1 0 0 0.9478396914489731 0.31874742244277926 2.492777282944854
cell 35.31356586086892 20.039826609055524 0.0 2.23606797749979 0.4472135954999579 1 0 0 0.9029087671998202 0.4298322441531126 2.2529787059611186
cell 8.574253128867694 35.76020002105179 0.0 2.23606797749979 0.4472135954999579 1 0 0 0.8250377783087637 0.5650775737572138 1.9405381035009812
cell 45.01885520146363 19.4559888376472 0.0 2.23606797749979 0.4472135954999579 1 0 0 0.9729634307936662 0.2309592222411108 2.6754657642664212
cell 9.32392389719349 42.60035502823634 0.0 2.23606797749979 0.4472135954999579 1 0 0 0.8613752228098283 0.5079692171080042 2.075941570657362
cell 24.36069483785776 28.212970794270024 0.0 2.23606797749979 0.4472135954999579 1 0 0 -0.8678661098010859 -0.49679816370305696 2.101781568345517
cell 8.695175541550308 0.15308794977159232 0.0 2.23606797749979 0.4472135954999579 1 0 0 0.9362415811154396 0.35135694356375197 2.4235525292818574
cell 34.80385093157081 0.4123639691430301 0.0 2.23606797749979 0.4472135954999579 1 0 0 0.8560042164951325 0.5169688398177925 2.0549804711456763
cell 23.470752290159478 46.68779249665317 0.0 2.23606797749979 0.4472135954999579 1 0 0 0.9618003309593856 0.2737519376486976 2.587008991862661
cell 7.114446849250747 39.97169697062785 0.0 2.23606797749979 0.4472135954999579 1 0 0 0.8319132173609737 0.5549057566651415 1.9650932999886284
cell 10.388701597627321 48.90654822924137 0.0 2.23606797749979 0.4472135954999579 1 0 0 0.9235929590498367 0.38337455052933106 2.3546981363680595
cell 6.703887504495811 10.579913176345496 0.0 2.23606797749979 0.4472135954999579 1 0 0 0.957628800949143 0.28800534646548925 2.557306104488825
cell 18.0175553310193 33.055091314946075 0.0 2.23606797749979 0.4472135954999579 1 0 0 0.8545751030104706 0.5193278283653242 2.049464241584869
cell 0.342954795565605 0.21176150313501 0.0 2.23606797749979 0.4472135954999579 1 0 0 0.8660694751281326 0.4999236584232446 2.094571401226788
cell 25.887157658510606 19.97883560570108 0.0 2.23606797749979 0.4472135954999579 1 0 0 0.8472643946647899 0.5311713899800207 2.0216276084919063
cell 14.819989313632378 30.991010888883782 0.0 2.23606797749979 0.4472135954999579 1 0 0 0.8479172786293883 0.5301285585607818 2.0240883035409816
cell 2.9884907601562003 47.72546621257144 0.0 2.23606797749979 0.4472135954999579 1 0 0 0.8110694045504577 0.5849499303377734 1.8919560066054653
cell 16.347396114098984 34.65974179224501 0.0 2.23606797749979 0.4472135954999579 1 0 0 0.8630325978015647 0.5051482308509877 2.0824852286175606
cell 35.295850602453825 9.8856940297955 0.0 2.23606797749979 0.4472135954999579 1 0 0 0.8492863129092246 0.5279325323420169 2.029263934806873
cell 44.541603030581456 16.464064079060222 0.0 2.23606797749979 0.4472135954999579 1 0 0 0.930073654730412 0.3673731029572174 2.3892265677721545
cell 11.413031057804663 42.08261248145267 0.0 2.23606797749979 0.4472135954999579 1 0 0 0.8852503842614744 0.46511477848474336 2.1740641269432706
cell 31.10706652081959 26.387781242428535 0.0 2.23606797749979 0.4472135954999579 1 0 0 0.893850318373305 0.4483654852282246 2.211720901324523
cell 49.75133340134052 32.54200286201434 0.0 2.23606797749979 0.4472135954999579 1 0 0 0.3541157426856066 -0.9352016043518218 5.559248563311162
cell 6.146063070715675 18.11507452274913 0.0 2.23606797749979 0.4472135954999579 1 0 0 0.26604371871751115 -0.9639609638003801 5.744612306351733
cell 17.76746401185246 38.368939163408825 0.0 2.23606797749979 0.4472135954999579 1 0 0 0.8990884741480006 0.43776696501017537 2.2353656499729424
cell 20.644561950748017 23.74948076731059 0.0 2.23606797749979 0.4472135954999579 1 0 0 0.8363572854221906 0.5481847235387214 1.9812081848422463
cell 48.06397313344577 48.035520834362536 0.0 2.23606797749979 0.4472135954999579 1 0 0 0.7657526225905255 0.6431352276121503 1.7444215131627956
cell 27.038214742132983 21.204825925918673 0.0 2.23606797749979 0.4472135954999579 1 0 0 0.8587940496075915 0.5123209739592882 2.0658222233647354
cell 33.24216554374625 4.607904265904409 0.0 2.23606797749979 0.4472135954999579 1 0 0 0.8307652984529309 0.5566228695323366 1.96096234565103
cell 24.5164432912045 40.34124755414908 0.0 2.23606797749979 0.4472135954999579 1 0 0 0.9499246915835443 0.3124789278013932 2.5059896119362772
cell 6.258095289165065 49.414660987499765 0.0 2.23606797749979 0.4472135954999579 1 0 0 0.8921101675794564 0.451817937781751 2.2039884833226733
cell 25.4546578868416 16.68402513123782 0.0 2.23606797749979 0.4472135954999579 1 0 0 0.8228235060482613 0.5682969979636062 1.9327233192327926
cell 34.088397507156145 19.189839647052825 0.0 2.23606797749979 0.4472135954999579 1 0 0 0.8920258231402808 0.4519844365140292 2.2036151962354538
cell 50.84426686796221 21.297016864517854 0.0 2.23606797749979 0.4472135954999579 1 0 0 -0.38627644844368 0.9223830578332068 5.490002743965058
cell 38.738067740785006 16.97870341220509 0.0 2.23606797749979 0.4472135954999579 1 0 0 0.9027787916793611 0.43010516538859733 2.252374124660075
cell 13.570506234447508 29.45966283053608 0.0 2.23606797749979 0.4472135954999579 1 0 0 0.8339357454248865 0.5518615519336703 1.972402969498447
cell 37.2752504871408 23.74625465430636 0.0 2.23606797749979 0.4472135954999579 1 0 0 0.9424006573635497 0.3344861746033001 2.4594727595803914
cell 17.062961375330676 27.801220880261994 0.0 2.23606797749979 0.4472135954999579 1 0 0 0.8409162381831329 0.541165298554821 1.9979481712671228
cell 1.3213650878191192 7.692929316180344 0.0 2.23606797749979 0.4472135954999579 1 0 0 0.938178072470964 0.34615300711486907 2.4346576690912727
cell 28.371789757445423 38.09055336666027 0.0 2.23606797749979 0.4472135954999579 1 0 0 0.9484693301721739 0.31686894723646825 2.4967396636970567
cell 42.36375630735013 8.690741136234855 0.0 2.23606797749979 0.4472135954999579 1 0 0 0.8771696335376848 0.48018062643068365 2.1398714127631004
cell 51.00427858820437 15.717987780967045 0.0 2.23606797749979 0.4472135954999579 1 0 0 0.9532881122263499 0.3020625350617355 2.5278816225726684
cell 30.23495614694582 30.526733118440927 0.0 2.23606797749979 0.4472135954999579 1 0 0 0.9533800838353037 0.30177212552883237 2.5284908728475872
cell 4.1964609794143435 28.24091128317155 0.0 2.23606797749979 0.4472135954999579 1 0 0 0.29205355129780636 -0.9564019673622277 5.690438708505561
cell 19.46102741391391 48.66539363535174 0.0 2.23606797749979 0.4472135954999579 1 0 0 0.9616894140557799 0.27414133379162436 2.5861992217276937
cell 2.2763991395060135 47.33916827168784 0.0 2.23606797749979 0.4472135954999579 1 0 0 0.808264348621394 0.5888197880061724 1.8823968893602678
cell 25.631070434849583 41.91063088563499 0.0 2.23606797749979 0.4472135954999579 1 0 0 0.9464902223640996 0.32273248824553935 2.48436257145217
cell 13.630874996243017 46.027391014038216 0.0 2.23606797749979 0.4472135954999579 1 0 0 0.9233328523308812 0.384000577872637 2.3533423107783724
cell 14.54958418726586 49.21298971217945 0.0 2.23606797749979 0.4472135954999579 1 0 0 0.951923072016675 0.30633717528621335 2.5189070100215525
cell 39.782804298082866 7.154785919929826 0.0 2.23606797749979 0.4472135954999579 1 0 0 0.8506779384177404 0.5256872122178198 2.034547149008052
cell 22.355897804626295 16.70761470956022 0.0 2.23606797749979 0.4472135954999579 1 0 0 0.8035403385116192 0.5952503039769341 1.8664384251522705
cell 20.888581893072352 20.9486499740935 0.0 2.23606797749979 0.4472135954999579 1 0 0 0.8276851007568337 0.5611928135544415 1.9499401710771829
cell 34.19312036338212 44.21642053242567 0.0 2.23606797749979 0.4472135954999579 1 0 0 -0.16920379252117015 0.9855810857542128 5.943141792922996
cell 40.50687627251513 12.814703580779891 0.0 2.23606797749979 0.4472135954999579 1 0 0 0.9134071526470752 0.4070471391536399 2.3031548006371705
cell 13.656583488935839 36.07785494451753 0.0 2.23606797749979 0.4472135954999579 1 0 0 -0.8432911078676743 -0.5374570749290688 2.006755204777047
cell 10.447878920852064 37.84327449890435 0.0 2.23606797749979 0.4472135954999579 1 0 0 -0.8412207286099362 -0.5406918584156488 1.9990739776337083
cell 38.35623211444525 0.4258151678571125 0.0 2.23606797749979 0.4472135954999579 1 0 0 0.8739000788489286 0.48610559777463613 2.1263369459383235
cell 37.566210592743325 16.200056275321476 0.0 2.23606797749979 0.4472135954999579 1 0 0 0.9054970812420551 0.42435249010948317 2.2650992977563984
cell 40.385686953585235 19.336960122673744 0.0 2.23606797749979 0.4472135954999579 1 0 0 0.9039789966799474 0.42757686275278706 2.2579715567050114
cell 33.5631407080628 23.327559086742948 0.0 2.23606797749979 0.4472135954999579 1 0 0 0.8869960636251515 0.4617769841747054 2.1815975946899324
cell 41.139418381118965 13.228216068345857 0.0 2.23606797749979 0.4472135954999579 1 0 0 -0.908787133573975 -0.41726004583520593 2.280736116040311
cell 18.750573695835794 3.072097447019952 0.0 2.23606797749979 0.4472135954999579 1 0 0 0.9100717665508292 0.41445069637660514 2.2869143791795454
cell 47.48532468015649 17.42079989551069 0.0 2.23606797749979 0.4472135954999579 1 0 0 0.9652631217986803 0.26127974604906906 2.6128971221980475
cell 14.112655061640899 41.74175323856438 0.0 2.23606797749979 0.4472135954999579 1 0 0 0.8815956650327837 0.4720053849220406 2.158464416926796
cell 32.560912820452955 10.04628557597868 0.0 2.23606797749979 0.4472135954999579 1 0 0 0.8233689240278231 0.5675064889014617 1.9346441372050758
cell 15.796241930889337 36.97412726949219 0.0 2.23606797749979 0.4472135954999579 1 0 0 0.8749283678812805 0.48425236300569435 2.130575747242593
cell 6.298376207617265 44.44502905272755 0.0 2.23606797749979 0.4472135954999579 1 0 0 0.8497211164095083 0.5272324196478995 2.03091222107663
cell 5.599420809451701 44.17885265693377 0.0 2.23606797749979 0.4472135954999579 1 0 0 -0.8327113624150818 -0.5537073115869233 1.967973096155804
cell 10.62822256184327 44.240385760148584 0.0 2.23606797749979 0.4472135954999579 1 0 0 0.8918138249416877 0.4524025880152287 2.20267755255433
cell 30.943498758516927 16.487863459691354 0.0 2.23606797749979 0.4472135954999579 1 0 0 0.841186093130104 0.540745741291147 1.9989458686061328
cell 16.02549097233274 42.9373560804538 0.0 2.23606797749979 0.4472135954999579 1 0 0 0.9192952452333365 0.393568611669401 2.332572090643021
cell 4.560494438822502 49.362261062498824 0.0 2.23606797749979 0.4472135954999579 1 0 0 0.8675284584148044 0.4973875489398915 2.100423064118367
cell 11.235467984264794 27.198899348498284 0.0 2.23606797749979 0.4472135954999579 1 0 0 0.8342798550833136 0.5513412041577931 1.9736506445803566
cell 7.169393414456107 0.5361015971015115 0.0 2.23606797749979 0.4472135954999579 1 0 0 0.9226349363744558 0.38567444066375955 2.34971524351837
cell 18.83307302428403 27.83609168956905 0.0 2.23606797749979 0.4472135954999579 1 0 0 0.8341657896155559 0.5515137672216862 1.9732369348168386
cell 12.876174446080503 28.676475255407254 0.0 2.23606797749979 0.4472135954999579 1 0 0 0.8278845171162316 0.5608985882663854 1.9506510449221295
cell 48.94623654950346 2.094264702888897 0.0 2.23606797749979 0.4472135954999579 1 0 0 0.8512600565403033 0.5247440482168422 2.0367638311838343
cell 2.944918801318161 19.172701070483246 0.0 2.23606797749979 0.4472135954999579 1 0 0 0.4038384664697727 -0.9148303083082361 5.451767700683777
cell 46.735703418670305 16.792431995206133 0.0 2.23606797749979 0.4472135954999579 1 0 0 0.9611236945742405 0.27611816986203935 2.5820868399989645
cell 37.35813471592433 22.38562753419094 0.0 2.23606797749979 0.4472135954999579 1 0 0 0.9163507706346745 0.40037640434625776 2.3177375061830716
cell 5.4345990460981355 3.0249779413106266 0.0 2.23606797749979 0.4472135954999579 1 0 0 0.9330509330444254 0.35974429299841165 2.405605005101323
cell 26.79655235937375 43.71970076882129 0.0 2.23606797749979 0.4472135954999579 1 0 0 0.9484931162439535 0.3167977405819589 2.4968898124880576
cell 42.88607395915501 23.330352614544907 0.0 2.23606797749979 0.4472135954999579 1 0 0 0.9460954321932423 0.3238879948116046 2.4819203962835994
cell 24.980826165336406 47.087759831306784 0.0 2.23606797749979 0.4472135954999579 1 0 0 -0.3013660554247463 0.9535085215338815 5.67093532259748
cell 17.325731756208405 21.83513702549823 0.0 2.23606797749979 0.4472135954999579 1 0 0 0.8205356057235667 0.5715954161291531 1.9246948518998217
cell 35.070476676970856 14.694265449410725 0.0 2.23606797749979 0.4472135954999579 1 0 0 0.8695425566175006 0.4938580182917969 2.108550597789168
cell 44.09526212828616 4.783172777336326 0.0 2.23606797749979 0.4472135954999579 1 0 0 0.8545996154790193 0.5192874899543722 2.0495586460024118
cell 20.90500480052846 36.71818995319088 0.0 2.23606797749979 0.4472135954999579 1 0 0 0.9137528285345472 0.40627056051985155 2.304854878561437
cell 27.65410835522737 25.45936914330999 0.0 2.23606797749979 0.4472135954999579 1 0 0 0.8857583223223452 0.4641467380438049 2.176250542720744
cell 35.72337376450814 14.966054190378344 0.0 2.23606797749979 0.4472135954999579 1 0 0 0.8869963431890503 0.461776447178992 2.1815988055084485
cell 44.811128517029225 5.114273705055545 0.0 2.23606797749979 0.4472135954999579 1 0 0 0.8534989327823891 0.5210945900115669 2.0453268073071147
cell 28.345625620956387 29.91667817434487 0.0 2.23606797749979 0.4472135954999579 1 0 0 0.9036043138912286 0.4283681172976834 2.2562205901194505
cell 8.8739219547256 48.43412774023252 0.0 2.23606797749979 0.4472135954999579 1 0 0 0.9208521189685328 0.3899120092933317 2.3405205791919643
cell 16.48639073293856 26.86009794271472 0.0 2.23606797749979 0.4472135954999579 1 0 0 0.8444077441915607 0.5357010001384352 2.0109172604773073
cell 8.817009543689624 41.96381052496206 0.0 2.23606797749979 0.4472135954999579 1 0 0 0.8562034946331517 0.5166387284921433 2.05575166571375
cell 10.744480026991079 32.01128703345508 0.0 2.23606797749979 0.4472135954999579 1 0 0 0.8287810322132467 0.5595730521062869 1.9538515361202884
cell 15.317424534040079 13.709463158100476 0.0 2.23606797749979 0.4472135954999579 1 0 0 0.2207592349250383 -0.9753283345598608 5.837999622472314
cell 14.698822005851815 5.476187635095534 0.0 2.23606797749979 0.4472135954999579 1 0 0 0.413511242281122 -0.9104990129083739 5.43057111953311
cell 11.321952517112942 50.00352017176925 0.0 2.23606797749979 0.4472135954999579 1 0 0 0.9440945100664612 0.3296749248310655 2.4696741943340603
cell 37.559559006599095 25.446361954295025 0.0 2.23606797749979 0.4472135954999579 1 0 0 0.9516024873703653 0.3073315897048879 2.5168173835948218
cell 49.67990313737835 48.7383869019394 0.0 2.23606797749979 0.4472135954999579 1 0 0 -0.7970307676783794 -0.6039387016693111 1.8447253945440814
cell 39.062184723526066 6.828014012241267 0.0 2.23606797749979 0.4472135954999579 1 0 0 0.8515456129208843 0.5242805252106886 2.037852676500755
cell 38.80733513751998 23.588890881948615 0.0 2.23606797749979 0.4472135954999579 1 0 0 0.9541730364877093 0.29925543677571587 2.5337681828550513
cell 22.788144837253327 32.94873639338011 0.0 2.23606797749979 0.4472135954999579 1 0 0 0.8999872914192685 0.43591613331443546 2.2394807207847727
cell 50.57260192824148 14.905578674007677 0.0 2.23606797749979 0.4472135954999579 1 0 0 0.9646366038344997 0.2635834261531679 2.608122409855526
cell 46.465939584862625 15.945334993646286 0.0 2.23606797749979 0.4472135954999579 1 0 0 0.950481513225871 0.31078110144578974 2.5095632182517917
cell 21.553467332694876 50.119643164295354 0.0 2.23606797749979 0.4472135954999579 1 0 0 0.3224227803686671 -0.9465957694281854 5.626609622941376
cell 0.5799622982089653 49.6833188100212 0.0 2.23606797749979 0.4472135954999579 1 0 0 0.8524250432832678 0.5228494482960835 2.0412120690417637
cell 43.55374779106843 4.098236203428774 0.0 2.23606797749979 0.4472135954999579 1 0 0 0.8365711269992946 0.547858329745136 1.9819885978880658
cell 8.939233123256843 10.267785512878424 0.0 2.23606797749979 0.4472135954999579 1 0 0 0.9304468805702256 0.36642680365543184 2.3912610504929415
cell 31.945514113551763 8.891190007143857 0.0 2.23606797749979 0.4472135954999579 1 0 0 -0.8251366643211697 -0.5649331687845326 1.9408881391543815
cell 4.9601205897308525 43.792547850350154 0.0 2.23606797749979 0.4472135954999579 1 0 0 0.8191256171523817 0.5736141763631106 1.9197700316119821
cell 10.785618664280118 5.1468269987440305 0.0 2.23606797749979 0.4472135954999579 1 0 0 0.964128983784851 0.2654341775770228 2.6042842018996923
cell 26.776355455111577 32.92512425855041 0.0 2.23606797749979 0.4472135954999579 1 0 0 0.9396913945856673 0.34202351226435246 2.443453782488055
cell 1.1274839530498844 8.844814295111046 0.0 2.23606797749979 0.4472135954999579 1 0 0 0.9426739444916873 0.33371519949873907 2.4611087161856413
cell 43.633080714658256 50.316350977692196 0.0 2.23606797749979 0.4472135954999579 1 0 0 0.8317523726388901 0.5551468189673582 1.964513706825246
cell 24.961531926520376 35.092810929535126 0.0 2.23606797749979 0.4472135954999579 1 0 0 0.9536250358555682 0.3009971610986825 2.530116383716935
cell 30.709807800281528 22.217036380528416 0.0 2.23606797749979 0.4472135954999579 1 0 0 0.8854110079116613 0.4648089360897186 2.174755038019403
cell 32.061823935134825 27.37497514529285 0.0 2.23606797749979 0.4472135954999579 1 0 0 0.9121555767493662 0.40984412134985054 2.2970263231816754
cell 11.845238444705632 48.57720777945085 0.0 2.23606797749979 0.4472135954999579 1 0 0 0.9344155306455947 0.3561848060885132 2.4132292011306284
cell 31.865920149239738 23.0925745786231 0.0 2.23606797749979 0.4472135954999579 1 0 0 0.8997676470572538 0.43636931756145886 2.2384735075742253
cell 6.558164874906805 45.375023376800726 0.0 2.23606797749979 0.4472135954999579 1 0 0 0.8634269787636213 0.5044738371245083 2.0840477180064405
cell 39.651360901870554 2.2042215309153566 0.0 2.23606797749979 0.4472135954999579 1 0 0 0.8373711926352873 0.5466346913108943 1.9849125653436681
cell 8.864552427575356 45.745066253217416 0.0 2.23606797749979 0.4472135954999579 1 0 0 0.8803001346071222 0.47441719299650437 2.1529889363256465
cell 32.42393932918031 23.447106451893468 0.0 2.23606797749979 0.4472135954999579 1 0 0 0.9011496102951351 0.43350822352629736 2.244828250672878
cell 29.109090848743627 11.679146338653215 0.0 2.23606797749979 0.4472135954999579 1 0 0 0.8180828079370512 0.5751004428426653 1.9161388114240183
cell 45.61152325278998 0.694689653127652 0.0 2.23606797749979 0.4472135954999579 1 0 0 0.8333582060549367 0.5527332995223806 1.9703115626208563
cell 32.79945836561989 18.390108751789967 0.0 2.23606797749979 0.4472135954999579 1 0 0 0.873165486130953 0.4874238749073505 2.123318680547617
cell 12.08587225478211 5.622086696300979 0.0 2.23606797749979 0.4472135954999579 1 0 0 0.9705910317060527 0.24073439548967696 2.6553477979043314
cell 38.078377078402426 11.27077644077508 0.0 2.23606797749979 0.4472135954999579 1 0 0 0.8699771742990782 0.4930919956748349 2.110312055400327
cell 36.00772564646277 27.539981617165076 0.0 2.23606797749979 0.4472135954999579 1 0 0 0.9575795332485306 0.2881691126812974 2.556964071275028
cell 46.43115664953726 21.046803504524306 0.0 2.23606797749979 0.4472135954999579 1 0 0 0.9260500892688035 0.3774006255496155 2.3676171786948275
cell 35.400124470485736 26.081004289711196 0.0 2.23606797749979 0.4472135954999579 1 0 0 0.947064132402127 0.32104443480211053 2.487928464328708
cell 4.323729658449801 5.838316425984938 0.0 2.23606797749979 0.4472135954999579 1 0 0 0.9468022476075484 0.3218159472824406 2.4862989672410674
cell 14.204903785320251 30.222123289003083 0.0 2.23606797749979 0.4472135954999579 1 0 0 0.8359225182046573 0.548847468390248 1.9796229362124615
cell 0.34831063760067726 44.703869499076895 0.0 2.23606797749979 0.4472135954999579 1 0 0 0.7919663998654026 0.6105646742845783 1.8280458576724767
cell 1.8957267140074818 45.751351233460255 0.0 2.23606797749979 0.4472135954999579 1 0 0 0.8164988831372115 0.5773470133599776 1.9106412113591025
cell 21.592566008238865 27.147525225151313 0.0 2.23606797749979 0.4472135954999579 1 0 0 0.8481147461783243 0.529812586972862 2.0248335054702906
cell 13.195601182942351 35.15189188524855 0.0 2.23606797749979 0.4472135954999579 1 0 0 0.8427342336097096 0.5383298352332475 2.004684630379961
cell 43.09479654787758 45.55019419300413 0.0 2.23606797749979 0.4472135954999579 1 0 0 0.8810908514064357 0.4729470494335304 2.1563275323177034
cell 10.187913563867605 15.981931910088749 0.0 2.23606797749979 0.4472135954999579 1 0 0 -0.23522724917824933 0.9719404000472631 5.808280564641424
cell 19.604557876647455 18.47153009374677 0.0 2.23606797749979 0.4472135954999579 1 0 0 0.8431040025303983 0.5377505378121179 2.0060591333089133
cell 24.73367313677128 4.522079394462534 0.0 2.23606797749979 0.4472135954999579 1 0 0 0.3653947337321454 -0.9308526674833212 5.535071659421719
cell 10.603447789350675 14.516798269713641 0.0 2.23606797749979 0.4472135954999579 1 0 0 0.1670356111514414 -0.985950863180952 5.947540769052817
cell 19.131850271943655 40.45942407345012 0.0 2.23606797749979 0.4472135954999579 1 0 0 0.9435276720121529 0.33129372488371595 2.466243847581054
cell 8.057909483042236 7.601306157178329 0.0 2.23606797749979 0.4472135954999579 1 0 0 0.9660829446125462 0.25823195799271625 2.6192093736985043
cell 18.378626507109995 30.668732453844985 0.0 2.23606797749979 0.4472135954999579 1 0 0 0.8416169753671209 0.5400748714520044 2.000540517002397
cell 17.98978998395996 43.224094328861945 0.0 2.23606797749979 0.4472135954999579 1 0 0 0.9347411342630153 0.3553294413874138 2.415059683630996
cell 4.168812400418421 37.15038051343281 0.0 2.23606797749979 0.4472135954999579 1 0 0 0.7991820599659694 0.6010890408488162 1.8518664417620971
cell 5.862931987571353 34.398600055192766 0.0 2.23606797749979 0.4472135954999579 1 0 0 0.786006907764134 0.6182177132265495 1.8086463433671927
cell 3.6229814520147716 48.05439555002679 0.0 2.23606797749979 0.4472135954999579 1 0 0 0.8295453643768298 0.5584393328204171 1.9565861464155228
cell 32.2979235761488 30.013435893561564 0.0 2.23606797749979 0.4472135954999579 1 0 0 0.9604117934377224 0.27858425480586235 2.576953271339423
cell 5.485931217456333 6.986002900642126 0.0 2.23606797749979 0.4472135954999579 1 0 0 0.9609641646240736 0.27667286514646916 2.5809324801368465
cell 21.727449680125726 1.4189766500921306 0.0 2.23606797749979 0.4472135954999579 1 0 0 0.8745366451836969 0.4849594377170575 2.128959082336276
cell 24.190026932464065 24.09402768791636 0.0 2.23606797749979 0.4472135954999579 1 0 0 0.8334862822179544 0.5525401499931859 1.9707750720356554
cell 25.290978627086833 14.167634337747144 0.0 2.23606797749979 0.4472135954999579 1 0 0 0.8004257901527435 0.5994318597291575 1.8560104087391616
cell 37.18748718570243 30.29411349344566 0.0 2.23606797749979 0.4472135954999579 1 0 0 0.9831279189817322 0.1829193672595891 2.7736824453491318
cell 26.911759322239142 30.496863313706033 0.0 2.23606797749979 0.4472135954999579 1 0 0 0.8984781726650262 0.4390181923844563 2.232581381196211
cell 48.91517787757019 9.105480709629338 0.0 2.23606797749979 0.4472135954999579 1 0 0 0.9074076721496337 0.4202514919949517 2.27414774028869
cell 1.0588334768315484 0.5027343926708421 0.0 2.23606797749979 0.4472135954999579 1 0 0 0.8609838276289451 0.5086323314157397 2.074401556628806
cell 50.59760347273476 44.37271613962969 0.0 2.23606797749979 0.4472135954999579 1 0 0 0.7828391689520948 0.6222241039644748 1.79843149287746
cell 29.086666115801 20.57187458923563 0.0 2.23606797749979 0.4472135954999579 1 0 0 0.8549881384925665 0.5186475518471249 2.0510559381440334
cell 11.687692477716078 44.933617651574686 0.0 2.23606797749979 0.4472135954999579 1 0 0 0.8925637014206115 0.45092132230172643 2.2059980726827524
cell 44.02973946378669 25.17144699498989 0.0 2.23606797749979 0.4472135954999579 1 0 0 0.9514006742195987 0.30795577132843754 2.515505390816745
cell 25.60963464420004 27.523967444131934 0.0 2.23606797749979 0.4472135954999579 1 0 0 0.875582174974254 0.4830692029796092 2.133279323866556
cell 19.909676295183218 8.616393933088672 0.0 2.23606797749979 0.4472135954999579 1 0 0 0.3296835426492039 -0.9440915007065102 5.6112485916332355
cell 4.788246212267115 38.75720944237276 0.0 2.23606797749979 0.4472135954999579 1 0 0 0.8028316577972434 0.5962057775957306 1.8640592165796284
cell 20.23409798323306 40.67269846501594 0.0 2.23606797749979 0.4472135954999579 1 0 0 0.9455747641628596 0.3254049252521427 2.4787127967383733
cell 8.943397674214923 31.002888124226715 0.0 2.23606797749979 0.4472135954999579 1 0 0 0.82892433864426 0.5593607429943366 1.9543638324897685
cell 47.12951824349156 6.672964756486291 0.0 2.23606797749979 0.4472135954999579 1 0 0 0.8888276203917416 0.45824170612107545 2.189560712684373
cell 24.100555241782377 39.42292785359312 0.0 2.23606797749979 0.4472135954999579 1 0 0 0.9443234795455699 0.32901848881019985 2.4710646407247148
cell 41.331799277332884 2.9844497043921168 0.0 2.23606797749979 0.4472135954999579 1 0 0 0.8385638003629359 0.5448034074057083 1.989283339112337
cell 37.67252920423444 20.745257017552177 0.0 2.23606797749979 0.4472135954999579 1 0 0 0.8899193167397719 0.45611797782308205 2.194336495556081
cell 49.780522725994594 13.321891468116128 0.0 2.23606797749979 0.4472135954999579 1 0 0 0.9552760303357407 0.2957155827243281 2.5411836202346416
cell 20.11280020801323 49.516168744148445 0.0 2.23606797749979 0.4472135954999579 1 0 0 0.971103694462229 0.23865794476993613 2.6596254011757434
cell 42.00396379005291 18.399925124666847 0.0 2.23606797749979 0.4472135954999579 1 0 0 0.9107809911299956 0.4128897990944594 2.2903433151947605
cell 49.86736446554612 14.276964901217239 0.0 2.23606797749979 0.4472135954999579 1 0 0 0.9615587947418632 0.2745991337469499 2.585247082644272
cell 45.117357279308244 51.0543337825431 0.0 2.23606797749979 0.4472135954999579 1 0 0 0.8370850807481962 0.5470727260509208 1.9838661725844247
cell 12.60755100651434 34.42591762738746 0.0 2.23606797749979 0.4472135954999579 1 0 0 0.838786305679482 0.5444607730631901 1.9901004239571007
cell 9.383240332469791 4.868233891174995 0.0 2.23606797749979 0.4472135954999579 1 0 0 0.9607625500736469 0.27737217303829026 2.5794768978095464
cell 23.673173839765912 23.20875973837566 0.0 2.23606797749979 0.4472135954999579 1 0 0 0.8342440006089437 0.5513954546856411 1.9735205882370954
cell 8.464890398733285 12.492774782352647 0.0 2.23606797749979 0.4472135954999579 1 0 0 0.9362346896913767 0.35137530621614776 2.4235133028250386
cell 30.936537105333272 27.587311622174067 0.0 2.23606797749979 0.4472135954999579 1 0 0 0.9044503468548888 0.42657891423987576 2.2601788830021237
cell 28.310406858313886 1.7445022862175563 0.0 2.23606797749979 0.4472135954999579 1 0 0 -0.3845480563601186 0.9231049736349898 5.493748943449965
cell 0.5817954640656551 18.648425366288333 0.0 2.23606797749979 0.4472135954999579 1 0 0 0.9590321360040772 0.28329730339602105 2.5671315952881946
cell 2.1039883936234465 6.009665797534235 0.0 2.23606797749979 0.4472135954999579 1 0 0 0.9311184348454686 0.36471695914904323 2.3949350425068645
cell 32.05744569749412 28.465593793327027 0.0 2.23606797749979 0.4472135954999579 1 0 0 0.9447971512471514 0.32765583009503646 2.473949916459088
cell 28.856688952217105 30.474923629544115 0.0 2.23606797749979 0.4472135954999579 1 0 0 0.9348282314931216 0.35510023599463114 2.4155500754738077
cell 7.842616229725832 40.39717086659787 0.0 2.23606797749979 0.4472135954999579 1 0 0 0.8401674155880672 0.5423271280178303 1.995183694257494
cell 8.361200908248994 4.432965039919721 0.0 2.23606797749979 0.4472135954999579 1 0 0 0.9547117887254144 0.29753218392086545 2.537379196707662
cell 45.11272129569616 20.73840718605223 0.0 2.23606797749979 0.4472135954999579 1 0 0 0.9520297783751511 0.306005393885403 2.5196040470251395
cell 2.2483026925992093 40.72478145739966 0.0 2.23606797749979 0.4472135954999579 1 0 0 0.8142143436117959 0.5805643828696455 1.9027492895124118
cell 12.397789761852808 39.43537747474536 0.0 2.23606797749979 0.4472135954999579 1 0 0 0.8752271825293241 0.4837120827122072 2.1318105638306335
cell 4.60405562471693 4.663249451077015 0.0 2.23606797749979 0.4472135954999579 1 0 0 0.9425749964166169 0.33399457500117363 2.4605159552099902
cell 44.82126844665916 11.484806270331767 0.0 2.23606797749979 0.4472135954999579 1 0 0 0.8974582100956449 0.44109949119435776 2.22794580969573
cell 31.31224272771442 46.34627402835961 0.0 2.23606797749979 0.4472135954999579 1 0 0 0.19643955820858525 -0.9805159356026887 5.8877345094902624
cell 47.01872888172492 1.2189553389823486 0.0 2.23606797749979 0.4472135954999579 1 0 0 0.8174297617023488 0.576028284620852 1.9138695737651419
cell 39.949911854084604 27.06758113394046 0.0 2.23606797749979 0.4472135954999579 1 0 0 0.9720553178015655 0.23475190975516586 2.6676659778431286
cell 22.28933121521054 44.889623051578944 0.0 2.23606797749979 0.4472135954999579 1 0 0 0.9495414881480069 0.3136414549858939 2.503541498773215
cell 40.46679680953937 47.62292839776885 0.0 2.23606797749979 0.4472135954999579 1 0 0 0.8855568862573244 0.46453094751828133 2.1753829174294577
cell 9.312421117517427 36.18674451454139 0.0 2.23606797749979 0.4472135954999579 1 0 0 0.830028814826366 0.5577205093574542 1.95831869546821
