500
 Lattice="51.166335397324424 0.0 0.0 0.0 51.166335397324424 0.0 0.0 0.0 1.0"Properties=species:S:1:pos:R:3:aspherical_shape:R:3:orientation:R:4:Color:R:1
cell 44.69385525738845 7.051697023874441 0.0 2.23606797749979 0.4472135954999579 1 0 0 0.008101862883479784 0.9999671793703118 0.01620390304144786
cell 17.467217060792503 23.646830188654935 0.0 2.23606797749979 0.4472135954999579 1 0 0 0.9061909076298428 0.42286882000095705 2.268375071037352
cell 45.45738838738386 44.582140838014254 0.0 2.23606797749979 0.4472135954999579 1 0 0 -0.18725087905565982 -0.9823121236617629 0.3767255466677515
cell 5.784171822137462 49.80056073725187 0.0 2.23606797749979 0.4472135954999579 1 0 0 0.046527473369213104 0.9989170106780028 0.09308855380187207
cell 4.715109786069772 43.38545634398526 0.0 2.23606797749979 0.4472135954999579 1 0 0 -0.19620563697483262 -0.9805627710755187 0.39497367001087547
cell 37.423087832880675 40.67640872742106 0.0 2.23606797749979 0.4472135954999579 1 0 0 0.17151396158045015 0.9851816893258725 0.34473239519214777
cell 43.73103631678547 1.0776936929095966 0.0 1.0 1.0 1 0 0 0.0 1.0 0
cell 30.37252613710418 3.252750854219764 0.0 2.23606797749979 0.4472135954999579 1 0 0 0.9927962009945729 0.11981528821792202 2.901384997107502
cell 15.790904089558133 10.18906550341379 0.0 2.23606797749979 0.4472135954999579 1 0 0 -0.1103118461135125 -0.9938970251525199 0.22107361103760237
cell 32.56030153740937 0.2358465524059014 0.0 2.23606797749979 0.4472135954999579 1 0 0 0.025818574411009813 0.9996666450449285 0.05164288742036485
cell 20.413376604218644 6.012420174741194 0.0 2.23606797749979 0.4472135954999579 1 0 0 0.9999695579077127 0.007802772446614319 3.1259869503394904
cell 19.625564031344947 14.162751403640877 0.0 2.23606797749979 0.4472135954999579 1 0 0 0.9931481205274139 0.11686235789536917 2.907332652566575
cell 36.87483622151265 42.00881643114529 0.0 2.23606797749979 0.4472135954999579 1 0 0 0.1441164349383944 0.9895607374894416 0.2892400563793658
cell 27.748672451035812 1.33889687607385 0.0 1.0 1.0 1 0 0 0.0 1.0 0
cell 23.298043362960488 44.65470732356164 0.0 2.23606797749979 0.4472135954999579 1 0 0 0.16301884099250313 0.9866229560888298 0.32749931270038823
cell 19.080121082041607 4.526521794349533 0.0 2.23606797749979 0.4472135954999579 1 0 0 0.9987568961590471 0.0498463877803244 3.041858547986662
cell 7.001800506082377 9.401831909708605 0.0 2.23606797749979 0.4472135954999579 1 0 0 0.04029671431043161 -0.999187757538984 6.202570050998582
cell 15.743727506439551 38.00261081236399 0.0 2.23606797749979 0.4472135954999579 1 0 0 -0.23722608911226106 -0.971454467612611 0.4790188611096058
cell 14.004665441994122 44.379651982978785 0.0 2.23606797749979 0.4472135954999579 1 0 0 0.1467065366783796 0.9891800605025535 0.2944759119564715
cell 39.27022974838683 37.072011442456855 0.0 2.23606797749979 0.4472135954999579 1 0 0 0.15422854847284134 0.9880351991887538 0.30969322422247014
cell 45.27383982482925 2.271889410579555 0.0 2.23606797749979 0.4472135954999579 1 0 0 0.999999499553179 0.0010004465960224763 3.139591760063968
cell 20.12998288099733 10.033610739036114 0.0 2.23606797749979 0.4472135954999579 1 0 0 -0.01581813622138702 -0.9998748854564163 0.031637591894736694
cell 22.27538403930345 3.3102309467116884 0.0 2.23606797749979 0.4472135954999579 1 0 0 0.9925706453799036 0.12166969191265993 2.897648855026053
cell 25.342175743989774 7.260344769988186 0.0 2.23606797749979 0.4472135954999579 1 0 0 0.9997413439702 0.022743024351618263 3.0961026827338354
cell 40.49156491887938 34.14501579461246 0.0 2.23606797749979 0.4472135954999579 1 0 0 -0.19586035631814985 -0.9806317967631517 0.39426944482327286
cell 35.18282590025494 47.85348168683351 0.0 2.23606797749979 0.4472135954999579 1 0 0 0.07924810206105505 0.9968549234064707 0.1586625743403476
cell 17.85067489707341 3.8608526310038322 0.0 2.23606797749979 0.4472135954999579 1 0 0 0.9976472413878839 0.06855641291042991 3.0043721953416114
cell 27.532567865050645 45.71665531768002 0.0 2.23606797749979 0.4472135954999579 1 0 0 0.16296363319360063 0.9866320764379909 0.32738740055932575
cell 37.76863648444081 49.41666544154557 0.0 2.23606797749979 0.4472135954999579 1 0 0 0.0542690261625403 0.9985263505783758 0.10859139945173442
cell 26.64702381126334 47.58926283293528 0.0 2.23606797749979 0.4472135954999579 1 0 0 -0.08303613981165615 -0.9965465365376467 0.1662637189508489
cell 49.59423672093231 11.616162175482042 0.0 2.23606797749979 0.4472135954999579 1 0 0 0.02811030759856575 -0.999604827222595 6.226957285192772
cell 25.75984583836275 34.221756732702076 0.0 2.23606797749979 0.4472135954999579 1 0 0 0.28883528901369065 0.9573788047687174 0.5860201035657379
cell 21.652745650160206 5.041731378090498 0.0 2.23606797749979 0.4472135954999579 1 0 0 0.9984812046618587 0.05509341101260017 3.0313500139090106
cell 38.45267959909781 37.65755770384099 0.0 2.23606797749979 0.4472135954999579 1 0 0 0.14864892563578905 0.9888900327677116 0.298403757263274
cell 3.935900778910354 38.65677653688842 0.0 2.23606797749979 0.4472135954999579 1 0 0 -0.22825680695179815 -0.9736009603940259 0.4605736930040356
cell 3.387301844029516 37.14759259101201 0.0 2.23606797749979 0.4472135954999579 1 0 0 0.3151989136185124 0.9490256291869622 0.6413324889743977
cell 16.333059650887456 48.02071984032713 0.0 2.23606797749979 0.4472135954999579 1 0 0 0.07880671498271408 0.9968899145209732 0.15777703058824188
cell 0.8161580082306731 41.202201230266525 0.0 2.23606797749979 0.4472135954999579 1 0 0 0.22396230204907472 0.9745978079499661 0.45175632176522074
cell 41.995904357647866 40.14915965971703 0.0 2.23606797749979 0.4472135954999579 1 0 0 0.14767257207896575 0.9890363044173771 0.29642925809378196
cell 23.948300595944193 41.44718300580693 0.0 2.23606797749979 0.4472135954999579 1 0 0 -0.18128152454852295 -0.983431242567249 0.3645788213911789
cell 29.828357794275156 7.124659622595993 0.0 2.23606797749979 0.4472135954999579 1 0 0 0.9989360448216332 0.046117007232819286 3.0493259142441715
cell 2.9032805025232467 47.17138994740675 0.0 2.23606797749979 0.4472135954999579 1 0 0 -0.10305841069108981 -0.9946753058087984 0.2064834386983545
cell 41.133443096020486 46.044950630755544 0.0 2.23606797749979 0.4472135954999579 1 0 0 0.16316669652829402 0.9865985146674627 0.32779903685746925
cell 40.72615783643691 13.674017224349123 0.0 2.23606797749979 0.4472135954999579 1 0 0 0.9981671086722452 -0.060517957375395996 3.262702571158575
cell 42.616448763849846 24.33329481842134 0.0 2.23606797749979 0.4472135954999579 1 0 0 0.9996905994575488 0.024873788537470725 3.091839945237354
cell 22.444946966796092 1.3619988059689057 0.0 1.0 1.0 1 0 0 0.0 1.0 0
cell 40.632234077978104 10.73196683238507 0.0 2.23606797749979 0.4472135954999579 1 0 0 0.02998943067948222 -0.9995502158708789 6.223197451689127
cell 45.387093831646546 45.89211536659347 0.0 2.23606797749979 0.4472135954999579 1 0 0 0.16511529359573845 0.9862742721073043 0.3317498165465831
cell 5.4568535927267074 41.83228463582576 0.0 2.23606797749979 0.4472135954999579 1 0 0 -0.2547439548920697 -0.9670085405237884 0.5151658267244077
cell 37.03677658916827 46.77181995430224 0.0 2.23606797749979 0.4472135954999579 1 0 0 0.09889635903230941 0.9950977390036381 0.19811656369304195
cell 44.23172723186318 36.76840209277088 0.0 2.23606797749979 0.4472135954999579 1 0 0 0.14929130374277863 0.9887932577777729 0.299703010965764
cell 50.49609727063664 42.92905411133014 0.0 2.23606797749979 0.4472135954999579 1 0 0 0.20807810115729072 0.9781122143285893 0.4192192827236614
cell 45.417783114176075 34.47370885813241 0.0 2.23606797749979 0.4472135954999579 1 0 0 0.2726828632663966 0.9621039736332241 0.552360943539512
cell 34.974068417333896 48.613559816130106 0.0 2.23606797749979 0.4472135954999579 1 0 0 0.05203068612504738 0.9986454864972638 0.10410838189910455
cell 47.302943030835564 43.86615832617613 0.0 2.23606797749979 0.4472135954999579 1 0 0 0.16586005940701512 0.9861492993930997 0.3332601732197504
cell 29.420133168907086 50.55480318794747 0.0 2.23606797749979 0.4472135954999579 1 0 0 -0.009857784895579234 -0.9999514108580239 0.019715889118238294
cell 19.07251375217584 8.141929263170324 0.0 2.23606797749979 0.4472135954999579 1 0 0 -0.05124265537193765 -0.9986862321422244 0.10253021497797388
cell 25.034567934966525 49.98203613885106 0.0 2.23606797749979 0.4472135954999579 1 0 0 0.0060030992471664085 0.9999819812373765 0.012006270607132798
cell 7.282795277635373 48.16333331247585 0.0 2.23606797749979 0.4472135954999579 1 0 0 -0.04651349160345448 -0.9989176618214614 0.09306055996244034
cell 36.606056695809606 42.55021516702034 0.0 2.23606797749979 0.4472135954999579 1 0 0 -0.1177097145713703 -0.9930480467205636 0.23596649233271894
cell 4.8188381441606465 45.88925363208027 0.0 2.23606797749979 0.4472135954999579 1 0 0 -0.14019408656274596 -0.9901240417709477 0.2813148689267031
cell 50.93533003583405 1.2175812107271125 0.0 1.0 1.0 1 0 0 0.0 1.0 0
cell 32.34133625617698 41.10816969711682 0.0 2.23606797749979 0.4472135954999579 1 0 0 -0.17338535126973892 -0.9848540602368806 0.3485321011148752
cell 40.62759716612923 7.775275917410487 0.0 2.23606797749979 0.4472135954999579 1 0 0 0.03310521763638845 -0.9994518720605047 6.216962771990694
cell 33.90419142020803 37.87413277251703 0.0 2.23606797749979 0.4472135954999579 1 0 0 -0.20776287202034965 -0.9781792213136894 0.4185747384017482
cell 32.22957200538317 4.344929440307535 0.0 2.23606797749979 0.4472135954999579 1 0 0 0.9944928697612678 0.10480425561015107 2.931598512292796
cell 29.55640158583748 1.300924885216098 0.0 1.0 1.0 1 0 0 0.0 1.0 0
cell 36.709205326047886 14.485291076887561 0.0 2.23606797749979 0.4472135954999579 1 0 0 0.9848297812248928 -0.173523203095522 3.4904047018162934
cell 14.623650353850946 7.8380435728472575 0.0 2.23606797749979 0.4472135954999579 1 0 0 -0.08264959096549478 -0.9965786698064716 0.1654879546585013
cell 24.265911777840643 37.365050392203955 0.0 2.23606797749979 0.4472135954999579 1 0 0 -0.24946785146000158 -0.9683830807526176 0.5042613869118888
cell 34.19381078891321 36.305474961944334 0.0 2.23606797749979 0.4472135954999579 1 0 0 -0.19776899417997884 -0.9802486546489312 0.3981628739360801
cell 27.331077604719734 11.419232806524477 0.0 2.23606797749979 0.4472135954999579 1 0 0 0.05328314639852907 -0.998579444165497 6.176568524568926
cell 48.11017022383428 38.948938969615845 0.0 2.23606797749979 0.4472135954999579 1 0 0 -0.2292531979356975 -0.9733668225475203 0.46262075491362253
cell 20.69558684671956 1.35275600165453 0.0 1.0 1.0 1 0 0 0.0 1.0 0
cell 48.452377056037264 38.23881111614402 0.0 2.23606797749979 0.4472135954999579 1 0 0 0.2262845216547047 0.9740612482074736 0.4565231248629538
cell 6.936132168238019 7.566964310606718 0.0 2.23606797749979 0.4472135954999579 1 0 0 -0.02618313450867637 -0.999657162965034 0.052372254203605806
cell 50.88393194532188 36.62777200946033 0.0 2.23606797749979 0.4472135954999579 1 0 0 0.24170780064065314 0.9703490810576667 0.48825090432749163
cell 37.15639632048173 41.26352752204245 0.0 2.23606797749979 0.4472135954999579 1 0 0 -0.1549671976652644 -0.9879196159849114 0.31118849962521633
cell 17.280269869488244 1.4878029259543912 0.0 1.0 1.0 1 0 0 0.0 1.0 0
cell 44.309653491160795 42.37883221213729 0.0 2.23606797749979 0.4472135954999579 1 0 0 -0.1733867997226439 -0.9848538052330101 0.3485350425721956
cell 15.110241114681019 41.91536369741587 0.0 2.23606797749979 0.4472135954999579 1 0 0 0.21778818780047937 0.9759960580118052 0.43909537017013817
cell 20.320726646742237 41.21422547206495 0.0 2.23606797749979 0.4472135954999579 1 0 0 -0.18143870217844474 -0.9834022561250313 0.36489847758920835
cell 1.0794609396612274 40.631821138864105 0.0 2.23606797749979 0.4472135954999579 1 0 0 0.2306274707777629 0.9730421212479201 0.4654449766540356
cell 50.00345401920819 45.10865317510585 0.0 2.23606797749979 0.4472135954999579 1 0 0 0.1305635563185512 0.991439941580655 0.2618747610098161
cell 20.593626034779234 12.308220015405677 0.0 2.23606797749979 0.4472135954999579 1 0 0 0.10979399408866705 0.9939543645771961 0.22003157738094886
cell 16.499291882918616 47.483363105890206 0.0 2.23606797749979 0.4472135954999579 1 0 0 0.08835726893192616 0.996088847958299 0.17694528470715096
cell 49.43771762750489 9.27243440735174 0.0 2.23606797749979 0.4472135954999579 1 0 0 0.061102611128448676 -0.9981314897914431 6.16090391408748
cell 45.02276887534617 35.24037089952495 0.0 2.23606797749979 0.4472135954999579 1 0 0 0.21510283724536736 0.976591403509673 0.43359426168712695
cell 3.8268617929471964 5.628517819824316 0.0 2.23606797749979 0.4472135954999579 1 0 0 0.9998140745363543 -0.01928254026349802 3.1801601243713797
cell 9.515993876411041 43.767135009491305 0.0 2.23606797749979 0.4472135954999579 1 0 0 0.21593856284260096 0.9764069525958283 0.4353059385937863
cell 17.912039980836642 46.364432913075774 0.0 2.23606797749979 0.4472135954999579 1 0 0 0.08242762601280543 0.9965970532115239 0.16504250481841232
cell 3.767132102594039 34.932491830679105 0.0 2.23606797749979 0.4472135954999579 1 0 0 0.24566781089411638 0.9693540770484708 0.4964171121005213
cell 13.494671341540455 4.243275838810287 0.0 2.23606797749979 0.4472135954999579 1 0 0 0.9991685256624805 0.04077079010106345 3.060028465958029
cell 39.545118911322774 36.33469513318835 0.0 2.23606797749979 0.4472135954999579 1 0 0 -0.1525209097762914 -0.9883002438940367 0.30623705330256
cell 12.602699026449804 37.20748165784063 0.0 2.23606797749979 0.4472135954999579 1 0 0 0.2564216613240244 0.9665650167494307 0.5186365113634721
cell 40.709560043882455 46.38955489320253 0.0 2.23606797749979 0.4472135954999579 1 0 0 0.1399880045412602 0.9901531995527542 0.2808985998984247
cell 20.77200167231413 48.037167463166085 0.0 2.23606797749979 0.4472135954999579 1 0 0 0.0974430773243454 0.9952410997751056 0.19519589225483455
cell 26.58968859259247 46.213783400364356 0.0 2.23606797749979 0.4472135954999579 1 0 0 0.1487297328472933 0.9888778825351353 0.29856718839355784
cell 49.16006460205098 7.311871794192887 0.0 2.23606797749979 0.4472135954999579 1 0 0 0.02194327038462657 -0.9997592174542964 6.239295243700045
cell 11.911196818578205 38.707313791022976 0.0 2.23606797749979 0.4472135954999579 1 0 0 0.3053416523098564 0.9522428657462795 0.6205943911917315
cell 32.72265372610337 43.262262549045516 0.0 2.23606797749979 0.4472135954999579 1 0 0 0.1285428165906623 0.9917039600117261 0.2577989316624737
cell 35.630326265133796 4.290421718604283 0.0 2.23606797749979 0.4472135954999579 1 0 0 0.997699695666141 0.06778876948056786 3.0059110623481144
cell 27.389355061369592 8.155043801203345 0.0 2.23606797749979 0.4472135954999579 1 0 0 -0.028508855977447952 -0.9995935399605468 0.05702543835158291
cell 16.491321804078463 6.340319921973447 0.0 2.23606797749979 0.4472135954999579 1 0 0 0.9998999206448542 -0.014147391788392931 3.169888381112265
cell 24.963889858764308 35.850329783528984 0.0 2.23606797749979 0.4472135954999579 1 0 0 0.28230781151992596 0.9593238762559962 0.5723978504673503
cell 12.625597981258037 3.5123035388181885 0.0 2.23606797749979 0.4472135954999579 1 0 0 0.9996435926746939 0.026696209926330077 3.0881938896828465
cell 45.27551293208044 45.020008127618105 0.0 2.23606797749979 0.4472135954999579 1 0 0 0.17382253756612287 0.9847769927420491 0.3494199552915097
cell 24.668315886465944 5.382225486866336 0.0 2.23606797749979 0.4472135954999579 1 0 0 0.9974374223475788 0.07154431144834464 2.998381680034907
cell 0.6770359965161631 44.21673565761803 0.0 2.23606797749979 0.4472135954999579 1 0 0 -0.17836971397633974 -0.9839635385195931 0.3586586909240834
cell 37.30939479612919 13.697052819596172 0.0 2.23606797749979 0.4472135954999579 1 0 0 0.9903940697352235 -0.138273593405615 3.4190287545435596
cell 26.254197536148837 33.30862454311724 0.0 2.23606797749979 0.4472135954999579 1 0 0 0.29915246636332793 0.9542053247958419 0.607608642648704
cell 10.25458699194595 50.062445465409205 0.0 2.23606797749979 0.4472135954999579 1 0 0 -0.03879669913304343 -0.9992471246575494 0.07761287685095564
cell 11.379124229186111 8.122664397851805 0.0 2.23606797749979 0.4472135954999579 1 0 0 -0.06785849058530166 -0.9976949560138533 0.13582135528213435
cell 15.176562221585069 43.37489737975032 0.0 2.23606797749979 0.4472135954999579 1 0 0 0.2016850144267245 0.9794504351705051 0.40615596849786756
cell 0.45611400484660225 32.368232099676916 0.0 2.23606797749979 0.4472135954999579 1 0 0 0.23850327553454104 0.971141692833386 0.48164871545454957
cell 28.52553987358315 44.6070445086231 0.0 2.23606797749979 0.4472135954999579 1 0 0 0.1423269441491663 0.9898197012431911 0.2856237928927245
cell 8.649777670152346 32.713377113376175 0.0 2.23606797749979 0.4472135954999579 1 0 0 0.13526247755007564 0.9908098012065764 0.27135673964980506
cell 11.091863404761 39.978389376313196 0.0 2.23606797749979 0.4472135954999579 1 0 0 0.25352894676657844 0.9673278002577148 0.5126533206207183
cell 26.04674158540427 4.319597061792395 0.0 2.23606797749979 0.4472135954999579 1 0 0 0.9957459935641564 0.09214074180801388 2.9570494129740803
cell 38.7883577154135 20.388714248585778 0.0 2.23606797749979 0.4472135954999579 1 0 0 0.9993599882006057 -0.035771692491203745 3.2131513053508254
cell 20.186513720522772 35.84681601031201 0.0 2.23606797749979 0.4472135954999579 1 0 0 -0.24677181200921763 -0.9690736157783305 0.49869524916969077
cell 51.1412793589759 4.703907522504293 0.0 2.23606797749979 0.4472135954999579 1 0 0 0.9987270319424004 -0.050441210012483945 3.2425179021227053
cell 41.36260010206004 44.73222915898026 0.0 2.23606797749979 0.4472135954999579 1 0 0 -0.14648892072882938 -0.9892123109341607 0.29403592653838295
cell 23.779700268318088 41.97953602134136 0.0 2.23606797749979 0.4472135954999579 1 0 0 0.17178080498512652 0.9851351963251855 0.3452741220686481
cell 44.954429231772366 12.445864311083126 0.0 2.23606797749979 0.4472135954999579 1 0 0 0.03414567328123712 -0.9994168664757319 6.214880683195524
cell 41.77736501968698 31.83584913295542 0.0 2.23606797749979 0.4472135954999579 1 0 0 0.3216556917920889 0.9468567029586645 0.6549551766293886
cell 18.421805651772978 45.022817109454415 0.0 2.23606797749979 0.4472135954999579 1 0 0 0.13067517331433642 0.9914252362529754 0.26209992406561045
cell 20.685454536095023 37.125238013955816 0.0 2.23606797749979 0.4472135954999579 1 0 0 0.26513773028782844 0.9642105496092742 0.5366935241180105
cell 7.695499171601309 37.08234988722278 0.0 2.23606797749979 0.4472135954999579 1 0 0 0.31871135576056714 0.9478518194893446 0.6487392682158264
cell 6.575222815930796 1.4262498592065045 0.0 1.0 1.0 1 0 0 0.0 1.0 0
cell 29.518596618419785 49.824064724613 0.0 2.23606797749979 0.4472135954999579 1 0 0 -0.010905192922996677 -0.999940536615709 0.02181081816272812
cell 31.801523318874004 8.887212218910383 0.0 2.23606797749979 0.4472135954999579 1 0 0 0.018774541247663173 0.9998237427671638 0.037551288749999856
cell 43.50937504274872 3.897241735567381 0.0 2.23606797749979 0.4472135954999579 1 0 0 0.9999990086339953 -0.0014080948216481505 3.144408844163715
cell 34.02905244535265 49.268784331495425 0.0 2.23606797749979 0.4472135954999579 1 0 0 0.05117101369017575 0.9986899055051672 0.10238674338966165
cell 12.742089392900176 5.7888119954942825 0.0 2.23606797749979 0.4472135954999579 1 0 0 0.999975875875073 0.00694605412307427 3.127700433630915
cell 23.217115761728927 8.233933949219495 0.0 2.23606797749979 0.4472135954999579 1 0 0 -0.07398256095011893 -0.9972595352641468 0.1481004346393444
cell 45.24670064522246 46.337113282176546 0.0 2.23606797749979 0.4472135954999579 1 0 0 -0.15317290707002829 -0.9881994032277678 0.30755655218744327
cell 7.1998695594074595 37.76956527523502 0.0 2.23606797749979 0.4472135954999579 1 0 0 -0.2902658642195026 -0.9569460424020286 0.5890093035264892
cell 31.799341515702288 10.904008567839554 0.0 2.23606797749979 0.4472135954999579 1 0 0 0.013808243484801891 -0.9999046616612328 6.255567942539849
cell 36.496426358436594 1.7862344246879998 0.0 1.0 1.0 1 0 0 0.0 1.0 0
cell 38.38944464971979 50.19492773149769 0.0 2.23606797749979 0.4472135954999579 1 0 0 -0.030088965649852806 -0.9995472245702661 0.06018701530783499
cell 11.589742276313661 22.52509129335199 0.0 2.23606797749979 0.4472135954999579 1 0 0 0.9600936540580146 0.279678700364417 2.57467377675844
cell 33.92829024788711 50.04349264441011 0.0 2.23606797749979 0.4472135954999579 1 0 0 -0.03677489251193637 -0.9993235748648861 0.07356637315330161
cell 45.714694355930774 43.870447733184264 0.0 2.23606797749979 0.4472135954999579 1 0 0 -0.20411212723014271 -0.9789475162221855 0.41111330938775037
cell 37.080437433236 44.08888761934656 0.0 2.23606797749979 0.4472135954999579 1 0 0 -0.16942433864474557 -0.9855431971632652 0.3404910682227529
cell 4.057163184340934 4.770288082082168 0.0 2.23606797749979 0.4472135954999579 1 0 0 0.9986239385363095 -0.05244262943664345 3.246526048480318
cell 17.088281130369726 7.227289753802457 0.0 2.23606797749979 0.4472135954999579 1 0 0 0.9995052754581989 -0.03145161889680477 3.2045062666950987
cell 17.073586243719536 35.71670817011237 0.0 2.23606797749979 0.4472135954999579 1 0 0 0.23668507334825428 0.9715864223290337 0.47790511048742107
cell 15.536669989961986 41.29034326137021 0.0 2.23606797749979 0.4472135954999579 1 0 0 0.220936765171977 0.9752881347557463 0.4455497342254455
cell 45.00277704156561 47.56543001759135 0.0 2.23606797749979 0.4472135954999579 1 0 0 0.1050870761398145 0.9944630241634853 0.2105629231963268
cell 1.4553939890862861 1.1000726164012447 0.0 1.0 1.0 1 0 0 0.0 1.0 0
cell 37.10328744638859 17.02759865340954 0.0 2.23606797749979 0.4472135954999579 1 0 0 -0.2787556572052627 -0.9603620585883546 0.5649963267157787
cell 25.947030994289506 1.343245892105439 0.0 1.0 1.0 1 0 0 0.0 1.0 0
cell 50.67580888876593 50.53991453636783 0.0 2.23606797749979 0.4472135954999579 1 0 0 -0.008842424417057241 -0.9999609050010049 0.017685079300767903
cell 24.22997847277571 1.5759909711931406 0.0 1.0 1.0 1 0 0 0.0 1.0 0
cell 6.872100153040614 10.490289461346837 0.0 2.23606797749979 0.4472135954999579 1 0 0 0.09921184127932306 -0.9950663347485766 6.0844346606015565
cell 40.82910511307341 2.6232302833847907 0.0 2.23606797749979 0.4472135954999579 1 0 0 0.9990832002837111 0.04281073359401805 3.0559450108901496
cell 20.954807859480017 2.793804460560179 0.0 2.23606797749979 0.4472135954999579 1 0 0 0.9959433065139455 0.08998294399534378 2.9613830145420406
cell 28.631936699057448 41.18746020216168 0.0 2.23606797749979 0.4472135954999579 1 0 0 -0.16862116481323042 -0.9856809335566096 0.33886127123609455
cell 7.366711433866028 47.48766543792834 0.0 2.23606797749979 0.4472135954999579 1 0 0 -0.03604015041447727 -0.9993503427517808 0.07209591404962268
cell 16.210565087321438 48.80836232092853 0.0 2.23606797749979 0.4472135954999579 1 0 0 0.08614126311492669 0.9962829331013179 0.17249630600896318
cell 47.080383130940085 40.135228668923155 0.0 2.23606797749979 0.4472135954999579 1 0 0 0.18788280470880492 0.9821914536864761 0.3780122343350802
cell 28.702209067431824 6.33027771478513 0.0 2.23606797749979 0.4472135954999579 1 0 0 0.9990048005181582 0.04460278625461642 3.052357476848866
cell 16.425702275530274 36.417443408981434 0.0 2.23606797749979 0.4472135954999579 1 0 0 -0.24928400304051634 -0.9684304238447364 0.503881694352958
cell 8.013955853871009 45.058265055283925 0.0 2.23606797749979 0.4472135954999579 1 0 0 -0.18408565903658658 -0.9829102045136502 0.3702830851981327
cell 21.014584355418553 33.96038230438308 0.0 2.23606797749979 0.4472135954999579 1 0 0 -0.30583109706708866 -0.9520857839852147 0.6216224590024515
cell 2.648412936988544 9.271643569089532 0.0 2.23606797749979 0.4472135954999579 1 0 0 0.06665968535566606 -0.997775769573647 6.1497670041097265
cell 5.23602000570963 42.278673046668835 0.0 2.23606797749979 0.4472135954999579 1 0 0 -0.2277265536427326 -0.9737251238239689 0.45948450039216127
cell 3.7622458214752634 43.72245372623122 0.0 2.23606797749979 0.4472135954999579 1 0 0 0.21293296587838348 0.9770668104291718 0.42915157983160224
cell 17.21388352334841 5.465312060567806 0.0 2.23606797749979 0.4472135954999579 1 0 0 0.9994296220380348 0.03377026196094572 3.0740392855286536
cell 47.94735651303545 3.8279125709551445 0.0 2.23606797749979 0.4472135954999579 1 0 0 0.9996012489613041 -0.02823726394325491 3.1980746890993372
cell 46.570631082490706 19.51217001018995 0.0 2.23606797749979 0.4472135954999579 1 0 0 0.9741254876978324 0.22600781892992147 2.6856376523421437
cell 50.78546479297614 33.182380283606776 0.0 2.23606797749979 0.4472135954999579 1 0 0 0.23026387995758968 0.9731282266931099 0.4646976817087031
cell 11.865568237587912 47.70293431809436 0.0 2.23606797749979 0.4472135954999579 1 0 0 0.06116178435486074 0.9981278656237033 0.12239996130566923
cell 36.17910555876549 46.04994766104005 0.0 2.23606797749979 0.4472135954999579 1 0 0 0.12115611375514354 0.9926334651318939 0.24290898679130954
cell 24.235772356754996 40.72546391276416 0.0 2.23606797749979 0.4472135954999579 1 0 0 0.1892551179237001 0.9819279506866512 0.3808069992328406
cell 17.77448309256196 46.858390183678985 0.0 2.23606797749979 0.4472135954999579 1 0 0 0.07747268365042158 0.9969944750539 0.15510078488370482
cell 40.95229189776259 43.77272677430854 0.0 2.23606797749979 0.4472135954999579 1 0 0 -0.14948784349419564 -0.9887635635719264 0.30010055150396386
cell 36.29299018727175 32.648342343666044 0.0 2.23606797749979 0.4472135954999579 1 0 0 0.2223793898801188 0.9749602078836582 0.44850858703096336
cell 24.603005574535704 36.65448712424192 0.0 2.23606797749979 0.4472135954999579 1 0 0 0.2604961474157203 0.9654748868725521 0.5270721136379017
cell 23.621775010664372 0.178765235100989 0.0 2.23606797749979 0.4472135954999579 1 0 0 0.014554462432909485 0.9998940782019309 0.029109952665919557
cell 14.544789901468828 2.7148409538545577 0.0 2.23606797749979 0.4472135954999579 1 0 0 0.99931455921191 0.03701907274778653 3.0675375871998884
cell 7.520831172830037 2.5864344974754423 0.0 2.23606797749979 0.4472135954999579 1 0 0 0.9998487005545591 0.0173947118216904 3.106801475300053
cell 18.188531424418333 45.55978154433486 0.0 2.23606797749979 0.4472135954999579 1 0 0 0.10780081316916826 0.9941725125349554 0.21602141027407182
cell 28.77796515049405 38.20285933326665 0.0 2.23606797749979 0.4472135954999579 1 0 0 0.24988774386577872 0.9682748140201061 0.5051286384803376
cell 47.828338656546464 39.62312600016401 0.0 2.23606797749979 0.4472135954999579 1 0 0 -0.22188246501478745 -0.9750734186300853 0.4474892715733869
cell 7.144904796736976 39.50679451567739 0.0 2.23606797749979 0.4472135954999579 1 0 0 0.23046266716650224 0.9730811677565762 0.46510624454636734
cell 19.15812733296925 51.1296081149382 0.0 2.23606797749979 0.4472135954999579 1 0 0 0.07799608842809395 0.9969536650165427 0.1561507716012776
cell 29.473619193844446 36.73509885572731 0.0 2.23606797749979 0.4472135954999579 1 0 0 0.2661764870141468 0.9639243112199255 0.5388484701167078
cell 7.6329915795061 46.207794149854344 0.0 2.23606797749979 0.4472135954999579 1 0 0 0.16367094753381273 0.9865149876881668 0.3288212811306728
cell 39.61250078722017 48.392380549001 0.0 2.23606797749979 0.4472135954999579 1 0 0 0.07130170360084812 0.9974547944962803 0.14272451550115903
cell 46.53017395933139 50.04233839066233 0.0 2.23606797749979 0.4472135954999579 1 0 0 -0.004977169451173223 -0.9999876138154183 0.009954380001309993
cell 47.15889583719277 32.12485146065334 0.0 2.23606797749979 0.4472135954999579 1 0 0 -0.29126836729859334 -0.95664138432916 0.5911048502956033
cell 12.00510953078112 47.15515233890874 0.0 2.23606797749979 0.4472135954999579 1 0 0 0.08250471184064997 0.9965906745119038 0.16519720339844854
cell 8.498246953222527 1.3061338261413271 0.0 1.0 1.0 1 0 0 0.0 1.0 0
cell 12.665163832697095 6.656499699982991 0.0 2.23606797749979 0.4472135954999579 1 0 0 0.9980547603084055 -0.06234336713501492 3.266360299348392
cell 43.80905313954996 49.39428600995501 0.0 2.23606797749979 0.4472135954999579 1 0 0 0.051945404558013455 0.9986499261229154 0.10393758780135971
cell 5.859306954904301 41.1311614566404 0.0 2.23606797749979 0.4472135954999579 1 0 0 0.2709447756923657 0.9625948932572901 0.5487487689152794
cell 22.24626804887088 47.6001925646322 0.0 2.23606797749979 0.4472135954999579 1 0 0 0.09690533266896949 0.9952936031645719 0.19411528885415041
cell 24.432608685246123 40.0840544344447 0.0 2.23606797749979 0.4472135954999579 1 0 0 0.1993014885030343 0.9799382208488834 0.40129011456803687
cell 41.52534548780898 0.11309535015147448 0.0 2.23606797749979 0.4472135954999579 1 0 0 0.03022092248731363 -0.9995432436088074 6.2227342581236655
cell 33.14388487343845 6.051996743467755 0.0 2.23606797749979 0.4472135954999579 1 0 0 0.9991720233172802 0.04068498273383718 3.0602002232037444
cell 47.98244181389168 6.4106874247762295 0.0 2.23606797749979 0.4472135954999579 1 0 0 0.0007646888688796758 -0.9999997076254241 6.281655929292777
cell 6.921701296438877 22.610257481579364 0.0 2.23606797749979 0.4472135954999579 1 0 0 0.968049546121955 0.25075900034311194 2.6346642000857545
cell 20.107660074623663 41.84951028325217 0.0 2.23606797749979 0.4472135954999579 1 0 0 0.17565060838655874 0.9844525706063405 0.35313322535272057
cell 2.5936707581541447 8.271280806596705 0.0 2.23606797749979 0.4472135954999579 1 0 0 0.0465712008110902 -0.9989149729856956 6.190009203589288
cell 28.517915650852416 41.81216505693177 0.0 2.23606797749979 0.4472135954999579 1 0 0 -0.15608793238471202 -0.9877431636634422 0.3134575803828774
cell 38.35056317524571 1.6352279452322516 0.0 1.0 1.0 1 0 0 0.0 1.0 0
cell 13.301259446279722 46.196203761306464 0.0 2.23606797749979 0.4472135954999579 1 0 0 0.12713057459124522 0.9918859899222793 0.2549510814586619
cell 49.78931570090395 45.7745881341036 0.0 2.23606797749979 0.4472135954999579 1 0 0 0.13817813782962265 0.9904073920493212 0.2772433394322104
cell 3.1661259652546105 46.072840593178405 0.0 2.23606797749979 0.4472135954999579 1 0 0 -0.12324939242302105 -0.9923757288786119 0.24712715947936026
cell 24.261971966422358 6.394549193545803 0.0 2.23606797749979 0.4472135954999579 1 0 0 0.9995192227360447 0.031005215386013252 3.079572283171157
cell 45.07904392752303 10.187774068178337 0.0 2.23606797749979 0.4472135954999579 1 0 0 0.03710022531908466 -0.9993115496587004 6.208967824075733
cell 32.211466451852026 41.66221117639001 0.0 2.23606797749979 0.4472135954999579 1 0 0 -0.1452942271997358 -0.9893884917171978 0.2916206977922826
cell 50.81535673686359 20.533854000541865 0.0 2.23606797749979 0.4472135954999579 1 0 0 0.9798525463985426 0.19972227546343435 2.7394436984537403
cell 23.995950048542156 38.169591767788205 0.0 2.23606797749979 0.4472135954999579 1 0 0 0.22596482049767677 0.9741354628066123 0.4558667206049018
cell 28.286951443751942 45.381947087681354 0.0 2.23606797749979 0.4472135954999579 1 0 0 -0.14874552423691306 -0.988875507341286 0.29859912642931175
cell 47.2003447855225 4.663896196834361 0.0 2.23606797749979 0.4472135954999579 1 0 0 0.9983963788386672 -0.056609811180012265 3.2548728352580385
cell 39.44302976662794 48.94343370770925 0.0 2.23606797749979 0.4472135954999579 1 0 0 0.06411682761204565 0.9979423993482626 0.12832167889289728
cell 10.072446131687924 42.52191444017996 0.0 2.23606797749979 0.4472135954999579 1 0 0 0.21830016450445025 0.9758816722212432 0.4401445684560743
cell 28.10763367910933 43.10113206174462 0.0 2.23606797749979 0.4472135954999579 1 0 0 0.13298191991218733 0.9911184636442147 0.2667540369752309
cell 33.011754054648684 1.6068598647780474 0.0 1.0 1.0 1 0 0 0.0 1.0 0
cell 8.438783646057477 11.239694648862637 0.0 2.23606797749979 0.4472135954999579 1 0 0 0.08653781794752012 -0.9962485664054337 6.109892918744913
cell 28.078797285752145 5.480292617281523 0.0 2.23606797749979 0.4472135954999579 1 0 0 0.9968251861675442 0.07962127995731248 2.982181357546085
cell 19.694449772256924 40.12689987512005 0.0 2.23606797749979 0.4472135954999579 1 0 0 0.20228553014602763 0.9793265871472808 0.4073822759206052
cell 43.33812870228497 31.877764424883065 0.0 2.23606797749979 0.4472135954999579 1 0 0 -0.3331594796212956 -0.9428704901196492 0.6793050315111868
cell 29.537741853499423 49.188975973672584 0.0 2.23606797749979 0.4472135954999579 1 0 0 0.026042439450072532 0.9996608381583673 0.052090768100259255
cell 33.21615155364871 39.16311886166995 0.0 2.23606797749979 0.4472135954999579 1 0 0 -0.23434828860158818 -0.972152703863702 0.4730962684172404
cell 36.26647433470762 47.404577257696786 0.0 2.23606797749979 0.4472135954999579 1 0 0 0.10135690343806668 0.9948501284743579 0.20306250864365333
cell 44.94084464846053 8.068595694745419 0.0 2.23606797749979 0.4472135954999579 1 0 0 0.016653574881082867 -0.9998613196057142 6.249876617649119
cell 20.836157142325888 20.798320445734493 0.0 2.23606797749979 0.4472135954999579 1 0 0 0.9020585410798037 0.4316137028234579 2.2490308048911727
cell 22.33160942758293 45.104645755465064 0.0 2.23606797749979 0.4472135954999579 1 0 0 -0.15536200119913493 -0.987857605418615 0.31198778716500364
cell 22.19129004167141 45.74555015846501 0.0 2.23606797749979 0.4472135954999579 1 0 0 0.12167497504151481 0.9925699977576629 0.2439544439129717
cell 11.454978781931665 9.041098876316038 0.0 2.23606797749979 0.4472135954999579 1 0 0 -0.04604978685818594 -0.998939145859404 0.09213215561402244
cell 50.9085687519658 34.57389762036934 0.0 2.23606797749979 0.4472135954999579 1 0 0 0.2627697565886196 0.9648585673674446 0.5317834408265216
cell 24.212499375127805 43.51756219991207 0.0 2.23606797749979 0.4472135954999579 1 0 0 0.1328376202507313 0.9911378141540774 0.2664628543207632
cell 41.11809107616306 40.7633721580465 0.0 2.23606797749979 0.4472135954999579 1 0 0 -0.17168637073928059 -0.9851516584274598 0.34508240532335144
cell 24.57496797057149 39.302825914473324 0.0 2.23606797749979 0.4472135954999579 1 0 0 -0.21954780063374094 -0.9756017441747873 0.44270187629445523
cell 44.79752728365248 41.71008698365873 0.0 2.23606797749979 0.4472135954999579 1 0 0 0.18126321036479895 0.9834346183495102 0.3645415759763543
cell 26.462697365606353 46.779332243853716 0.0 2.23606797749979 0.4472135954999579 1 0 0 0.1104733027964131 0.9938790919268058 0.22139851016715353
cell 20.24925478026215 38.742306298699916 0.0 2.23606797749979 0.4472135954999579 1 0 0 -0.22350400387577934 -0.9747030113072882 0.4508158857682245
cell 11.703011593296464 11.958029904235227 0.0 2.23606797749979 0.4472135954999579 1 0 0 0.001334483068248167 -0.9999991095770738 6.28051634025092
cell 45.10445379727174 11.284079855963162 0.0 2.23606797749979 0.4472135954999579 1 0 0 0.024331383468146787 -0.9997039480658891 6.234517737439113
cell 12.93451246353811 34.0018194330914 0.0 2.23606797749979 0.4472135954999579 1 0 0 0.15996113552341668 0.9871233130273336 0.32130256275175495
cell 28.488693943421588 38.845030799198845 0.0 2.23606797749979 0.4472135954999579 1 0 0 0.21904177413166018 0.9757154816775507 0.4416645739347296
cell 3.036648537030023 46.600549935090235 0.0 2.23606797749979 0.4472135954999579 1 0 0 0.09887635184121403 0.9950997271864627 0.1980763522237087
cell 50.44807806612385 49.93721539954283 0.0 2.23606797749979 0.4472135954999579 1 0 0 -0.026089811226469452 -0.9996596029400043 0.052185543855889804
cell 4.926246514503943 1.2450101950670027 0.0 1.0 1.0 1 0 0 0.0 1.0 0
cell 33.8652097048289 50.726228456080825 0.0 2.23606797749979 0.4472135954999579 1 0 0 -0.03448667527496149 -0.9994051576955562 0.06898702989372829
cell 28.33424381306008 42.51136466520793 0.0 2.23606797749979 0.4472135954999579 1 0 0 0.1354262446865742 0.9907874304057819 0.2716873156791073
cell 37.20517945402873 43.53918377737545 0.0 2.23606797749979 0.4472135954999579 1 0 0 0.1342017151993685 0.9909540350780895 0.2692156929115797
cell 11.330875488739139 9.943133273321372 0.0 2.23606797749979 0.4472135954999579 1 0 0 -0.00758233892830973 0.9999712536550119 6.2680204840116085
cell 31.017181022262722 13.030637058259561 0.0 2.23606797749979 0.4472135954999579 1 0 0 -0.022805520942431247 -0.9997399202865435 0.04561499646516953
cell 20.55886264360807 49.84810397921343 0.0 2.23606797749979 0.4472135954999579 1 0 0 -0.0439313548578169 -0.9990345519852437 0.08789099626583496
cell 17.029513417532737 3.1205431490359192 0.0 2.23606797749979 0.4472135954999579 1 0 0 0.995269307023394 0.09715454954438825 2.946976567955313
cell 48.43382839073463 42.70290925897066 0.0 2.23606797749979 0.4472135954999579 1 0 0 0.17776544750032686 0.984072886363103 0.35743052979985995
cell 48.41043564121901 34.21191911889569 0.0 2.23606797749979 0.4472135954999579 1 0 0 0.304237496372145 0.9525962134090231 0.6182757579252738
cell 27.990868712102923 3.1035068741905234 0.0 2.23606797749979 0.4472135954999579 1 0 0 0.9918580893186321 0.1273480689024867 2.886203018967654
cell 49.69244324175 46.22764591988348 0.0 2.23606797749979 0.4472135954999579 1 0 0 -0.14681726817405844 -0.989163631441182 0.29469979923351897
cell 8.807866772608953 35.4596749151366 0.0 2.23606797749979 0.4472135954999579 1 0 0 -0.36421039301538116 -0.9313166967361756 0.7455696459504413
cell 30.74508579670477 47.845636357362054 0.0 2.23606797749979 0.4472135954999579 1 0 0 0.1036552191442008 0.9946132894467918 0.20768348264698755
cell 37.61761320370102 5.977772650397195 0.0 2.23606797749979 0.4472135954999579 1 0 0 0.9999913551604467 -0.004158077004251231 3.1499088315623176
cell 46.23328988197699 50.79673435051634 0.0 2.23606797749979 0.4472135954999579 1 0 0 -0.03260047527253735 0.9994684632403389 6.217972801943784
cell 11.814343702179558 35.786662209773475 0.0 2.23606797749979 0.4472135954999579 1 0 0 0.2079325726023694 0.9781431619405005 0.41892171716771553
cell 50.81611490958818 42.22546360460478 0.0 2.23606797749979 0.4472135954999579 1 0 0 -0.21060216727178352 -0.977571852673975 0.4243818031033335
cell 24.93829797186124 12.544363162194104 0.0 2.23606797749979 0.4472135954999579 1 0 0 -0.11867160373712102 -0.992933557931476 0.23790384983549284
cell 40.66542743670404 9.757360268915074 0.0 2.23606797749979 0.4472135954999579 1 0 0 0.024329935816928584 -0.9997039832986283 6.234520633598912
cell 14.745882105797772 50.47291850552153 0.0 2.23606797749979 0.4472135954999579 1 0 0 -0.059502065049143744 -0.998228182458744 0.11907446448375492
cell 2.7358154135390254 48.32631030396829 0.0 2.23606797749979 0.4472135954999579 1 0 0 0.09433443206425803 0.995540564179639 0.18894981758029433
cell 48.84564864170074 37.52685980789967 0.0 2.23606797749979 0.4472135954999579 1 0 0 0.21669888799364895 0.9762384913238752 0.43686346684857336
cell 36.39368027860503 3.2509095805826296 0.0 2.23606797749979 0.4472135954999579 1 0 0 0.9961183506441873 0.08802403938643062 2.965316434916781
cell 1.2923712378188936 6.449835703773245 0.0 2.23606797749979 0.4472135954999579 1 0 0 0.003878298239749319 -0.9999924793731019 6.275428691255207
cell 8.204756411354948 36.30020124163723 0.0 2.23606797749979 0.4472135954999579 1 0 0 -0.3647251580277767 -0.9311152233218042 0.7466752219314872
cell 37.82912234391486 39.12043460774099 0.0 2.23606797749979 0.4472135954999579 1 0 0 0.1709425804367763 0.985280992506004 0.34357250288273766
cell 5.700946352072922 4.206726702486804 0.0 2.23606797749979 0.4472135954999579 1 0 0 0.9976407683077256 -0.06865054559412474 3.2790018218049926
cell 29.972241890653255 34.82889600754449 0.0 2.23606797749979 0.4472135954999579 1 0 0 0.2760294012479321 0.9611491921895935 0.559321097644086
cell 16.159432094951942 39.96862591566899 0.0 2.23606797749979 0.4472135954999579 1 0 0 0.27011338547863245 0.9628285200310965 0.5470215848448561
cell 25.08363194733963 49.25234934404442 0.0 2.23606797749979 0.4472135954999579 1 0 0 -0.015939046157406395 -0.999872965334893 0.03187944225766959
cell 41.45342498708041 42.57918372923808 0.0 2.23606797749979 0.4472135954999579 1 0 0 -0.17828043276033 -0.9839797189448517 0.3584772198057271
cell 11.530369544971796 39.298488605182875 0.0 2.23606797749979 0.4472135954999579 1 0 0 -0.2780134577209158 -0.9605771792657062 0.5634508339010385
cell 0.4472550018776191 44.936030063616045 0.0 2.23606797749979 0.4472135954999579 1 0 0 -0.14366642881953892 -0.9896261704453052 0.28833057964566944
cell 3.2160239783984395 35.75704218777517 0.0 2.23606797749979 0.4472135954999579 1 0 0 -0.25170754082978847 -0.9678033446364093 0.5088883966697502
cell 43.59902812827904 38.228279932348016 0.0 2.23606797749979 0.4472135954999579 1 0 0 -0.15620706613741098 -0.9877243302099744 0.31369880683266516
cell 26.669958181560965 48.191807254269236 0.0 2.23606797749979 0.4472135954999579 1 0 0 0.09038542570957496 0.9959068605142244 0.18101789604502255
cell 16.310152761054518 0.21909899696476728 0.0 2.23606797749979 0.4472135954999579 1 0 0 0.04424871297334088 0.9990205460350667 0.08852633032277768
cell 42.41911797734547 39.505746876152315 0.0 2.23606797749979 0.4472135954999579 1 0 0 -0.15746982205259147 -0.987523799785466 0.3162559655490389
cell 3.2034407610881948 1.1251983472516651 0.0 1.0 1.0 1 0 0 0.0 1.0 0
cell 44.55774742370215 36.01634191787056 0.0 2.23606797749979 0.4472135954999579 1 0 0 -0.1789937927966203 -0.9838502031001877 0.3599272638304676
cell 12.183065527014941 46.47366887340564 0.0 2.23606797749979 0.4472135954999579 1 0 0 0.12659251276212677 0.9919548052772217 0.2538661923541997
cell 36.239635022751685 10.318223183939182 0.0 2.23606797749979 0.4472135954999579 1 0 0 0.033072581241952906 -0.9994529525545435 6.217028080541718
cell 45.144404608842095 47.13591896252982 0.0 2.23606797749979 0.4472135954999579 1 0 0 -0.1193942952018933 -0.9928469178444597 0.2393595826149859
cell 2.604223711129949 49.027497269670526 0.0 2.23606797749979 0.4472135954999579 1 0 0 0.07183163333419751 0.9974167716920251 0.14378709963913766
cell 48.92880123708465 1.2159844673229703 0.0 1.0 1.0 1 0 0 0.0 1.0 0
cell 36.19986527771514 5.146325552454067 0.0 2.23606797749979 0.4472135954999579 1 0 0 0.9995295240200741 0.030671332090472878 3.080240367514728
cell 24.9479451409328 50.633899432222684 0.0 2.23606797749979 0.4472135954999579 1 0 0 -0.0023766160101321003 -0.9999971758441822 0.004753236494892121
cell 42.11699800127196 6.198318360105604 0.0 2.23606797749979 0.4472135954999579 1 0 0 0.9999945980252772 -0.0032869317401038518 3.148166528907308
cell 29.892377261452165 35.9509602637673 0.0 2.23606797749979 0.4472135954999579 1 0 0 0.2651904767163243 0.9641960438930294 0.5368029334690476
cell 49.590139535573485 46.94984384801114 0.0 2.23606797749979 0.4472135954999579 1 0 0 0.15344774758309343 0.9881567632525091 0.3081128092345377
cell 28.121524876432943 0.07534362477200518 0.0 2.23606797749979 0.4472135954999579 1 0 0 0.0004571470019823241 -0.9999998955083038 6.2822710131437765
cell 44.02635285178486 3.08972646637026 0.0 2.23606797749979 0.4472135954999579 1 0 0 0.9999991515957916 -0.0013026157134850326 3.1441978857535267
cell 40.75037604767717 47.80716115277278 0.0 2.23606797749979 0.4472135954999579 1 0 0 0.08155612368080771 0.9966687507342451 0.16329361157047884
cell 41.17253514361532 45.18925178261463 0.0 2.23606797749979 0.4472135954999579 1 0 0 0.15801562058207153 0.987436612472954 0.31736140242199534
cell 25.12409246352161 48.67222084647703 0.0 2.23606797749979 0.4472135954999579 1 0 0 -0.058312001556942605 -0.9982984075287424 0.11669019701198113
cell 49.98096735850436 0.05311312536855499 0.0 2.23606797749979 0.4472135954999579 1 0 0 -0.00700851970028674 -0.9999754400242091 0.014017154154417177
cell 38.131522216335824 38.378878091446126 0.0 2.23606797749979 0.4472135954999579 1 0 0 0.1535169161038318 0.9881460198118338 0.3082528050313415
cell 39.881974164611975 35.58725735565698 0.0 2.23606797749979 0.4472135954999579 1 0 0 0.15391376111031402 0.9880842849377158 0.30905604137519127
cell 22.331551360287666 47.14084818492796 0.0 2.23606797749979 0.4472135954999579 1 0 0 0.09307358728966406 0.9956592325434608 0.18641698364136813
cell 40.4960880691528 12.649455157265631 0.0 2.23606797749979 0.4472135954999579 1 0 0 -0.02805332468972155 0.9996064280374817 6.227071295973131
cell 27.60603268717082 10.194763614679337 0.0 2.23606797749979 0.4472135954999579 1 0 0 -0.04489602644483421 -0.9989916650350316 0.08982224522311544
cell 14.04632287929979 42.13972875700329 0.0 2.23606797749979 0.4472135954999579 1 0 0 0.21373545544203948 0.9768915779588766 0.43079437739229814
cell 15.767375251740885 40.66589243928461 0.0 2.23606797749979 0.4472135954999579 1 0 0 0.24726985358700998 0.9689466546240091 0.49972318798835974
cell 12.071908783712779 50.92709668926175 0.0 2.23606797749979 0.4472135954999579 1 0 0 -0.0197844169915264 -0.9998042692668928 0.03957141579748491
cell 41.1362220925067 43.300192004555434 0.0 2.23606797749979 0.4472135954999579 1 0 0 -0.1577385904589016 -0.9874809046660289 0.31680030532513204
cell 20.55273598665108 38.010305023471396 0.0 2.23606797749979 0.4472135954999579 1 0 0 0.2304262288068773 0.9730897970268935 0.46503135213397384
cell 11.754357982503482 48.406601513717476 0.0 2.23606797749979 0.4472135954999579 1 0 0 0.06268161763731349 0.9980335739895575 0.12544547247247484
cell 29.00954625752423 4.4203731067206595 0.0 2.23606797749979 0.4472135954999579 1 0 0 0.9936395065143714 0.11260786426301006 2.915898212511451
cell 11.571089697690732 49.63966762478894 0.0 2.23606797749979 0.4472135954999579 1 0 0 0.05415697909506511 0.9985324339325672 0.1083669752770899
cell 13.531362646130528 45.55851124865778 0.0 2.23606797749979 0.4472135954999579 1 0 0 -0.1298205535869969 -0.9915375050225612 0.26037599924012245
cell 20.44746532674543 50.58523831597913 0.0 2.23606797749979 0.4472135954999579 1 0 0 0.04689550803291448 0.9988998004436355 0.09382542748816664
cell 14.334448437319693 43.935571950058424 0.0 2.23606797749979 0.4472135954999579 1 0 0 -0.15317215765911057 -0.9881995193876855 0.3075550354674954
cell 48.25825283193629 43.45262709817372 0.0 2.23606797749979 0.4472135954999579 1 0 0 0.18083356949008883 0.9835137112137651 0.3636678552762837
cell 35.29769457554961 35.03876817470224 0.0 2.23606797749979 0.4472135954999579 1 0 0 0.18883890094754957 0.9820080801545991 0.3799592792187812
cell 39.519200181082915 4.407324157391356 0.0 2.23606797749979 0.4472135954999579 1 0 0 0.9998605935296502 0.016697110724186982 3.1081968802647015
cell 3.618885454249161 44.27452875101494 0.0 2.23606797749979 0.4472135954999579 1 0 0 0.1960343160969002 0.9805970359492326 0.3946242423367347
cell 49.323710173928575 48.65500584326706 0.0 2.23606797749979 0.4472135954999579 1 0 0 -0.052693979744626064 -0.9986107071820695 0.10543679153887453
cell 27.99907197631019 40.163588038975604 0.0 2.23606797749979 0.4472135954999579 1 0 0 -0.1808666781759438 -0.9835076231151437 0.3637351828345041
cell 9.256181795823808 44.21602929231378 0.0 2.23606797749979 0.4472135954999579 1 0 0 -0.20553661863792463 -0.9786494256877118 0.41402400285249463
cell 34.74373581541226 1.5027306590009188 0.0 1.0 1.0 1 0 0 0.0 1.0 0
cell 49.77287868914179 2.404229592296682 0.0 2.23606797749979 0.4472135954999579 1 0 0 0.9999529590771026 -0.009699465601073012 3.160991888978872
cell 48.25481058051541 3.0621541566424613 0.0 2.23606797749979 0.4472135954999579 1 0 0 0.9992413855668258 -0.038944234110970116 3.219500823562333
cell 7.07656342948766 49.38659069600195 0.0 2.23606797749979 0.4472135954999579 1 0 0 0.050819328355274654 0.9987078631239061 0.10168245636823728
cell 19.938474859644554 39.47761372616609 0.0 2.23606797749979 0.4472135954999579 1 0 0 -0.22326431690890913 -0.9747579416425384 0.45032408424678394
cell 40.649062725790166 16.64758757988869 0.0 2.23606797749979 0.4472135954999579 1 0 0 0.9795981662918695 -0.20096624740887897 3.54628103831244
cell 3.064600217568234 2.4416712723332936 0.0 2.23606797749979 0.4472135954999579 1 0 0 0.9995498221567349 -0.03000255033225678 3.2016067601983056
cell 8.328608738469127 5.344718177025742 0.0 2.23606797749979 0.4472135954999579 1 0 0 0.9990429422668728 -0.043740136108037765 3.229100844384378
cell 4.919554095214779 42.91526151032623 0.0 2.23606797749979 0.4472135954999579 1 0 0 -0.21501036287675024 -0.9766117672113153 0.43340488175997116
cell 36.20109780311462 11.32024926512 0.0 2.23606797749979 0.4472135954999579 1 0 0 0.05686796547643874 -0.9983817078164897 6.16938798382852
cell 2.4512497686472456 7.320199916526659 0.0 2.23606797749979 0.4472135954999579 1 0 0 0.01631925628465659 -0.9998668320703091 6.250545345732046
cell 40.6277357471182 8.774980468785898 0.0 2.23606797749979 0.4472135954999579 1 0 0 0.017968903962111576 -0.9998385462115373 6.247245565032035
cell 12.89279697413121 10.851068324624924 0.0 2.23606797749979 0.4472135954999579 1 0 0 0.013339237300245159 -0.9999110284161525 6.256506041342224
cell 40.92616985769691 33.437976238054326 0.0 2.23606797749979 0.4472135954999579 1 0 0 -0.23703259610915006 -0.9715016975701878 0.47862051346607437
cell 23.222284997613052 9.36450801874201 0.0 2.23606797749979 0.4472135954999579 1 0 0 0.09135959870469276 0.9958179671629336 0.18297433682217654
cell 50.68889702140118 5.586204391947799 0.0 2.23606797749979 0.4472135954999579 1 0 0 0.9998667313548659 -0.016325425866920155 3.174244955845882
cell 15.425562983172973 1.3612447165919754 0.0 1.0 1.0 1 0 0 0.0 1.0 0
cell 40.17693113533695 34.83605674981328 0.0 2.23606797749979 0.4472135954999579 1 0 0 -0.1758009897588142 -0.9844257270103323 0.35343874219882565
cell 31.716275984287957 32.06348269565132 0.0 2.23606797749979 0.4472135954999579 1 0 0 -0.2132512032796026 -0.9769974024017677 0.42980301676252
cell 36.211471506519906 8.450253779950144 0.0 2.23606797749979 0.4472135954999579 1 0 0 0.008457513281374207 -0.9999642345949656 6.266270078956361
cell 11.859981524145345 32.58378476304697 0.0 2.23606797749979 0.4472135954999579 1 0 0 0.13814767854566135 0.9904116411434413 0.27718183096839116
cell 30.854437541482802 47.132491219265475 0.0 2.23606797749979 0.4472135954999579 1 0 0 0.12391475655943408 0.9922928666007915 0.2484681674703182
cell 11.121523954289863 41.5302185960527 0.0 2.23606797749979 0.4472135954999579 1 0 0 -0.20142687013820756 -0.9795035558824305 0.40562886211721416
cell 1.7503850575995006 39.32918389824071 0.0 2.23606797749979 0.4472135954999579 1 0 0 -0.2462541306090473 -0.9692052946398829 0.49762691708377993
cell 36.74385179731054 31.843031934051034 0.0 2.23606797749979 0.4472135954999579 1 0 0 0.20999859472146054 0.9777016877427449 0.4231470448586674
cell 3.392976501897327 44.80142376079208 0.0 2.23606797749979 0.4472135954999579 1 0 0 -0.17782904114073234 -0.9840613965230868 0.35755977634759084
cell 41.36290641779124 32.71596487440372 0.0 2.23606797749979 0.4472135954999579 1 0 0 0.28375083888161123 0.9588980453802072 0.5754069435721649
cell 29.085771030187423 37.495490458264904 0.0 2.23606797749979 0.4472135954999579 1 0 0 0.2606898879238999 0.9654225926164275 0.527473461735535
cell 3.664700146467969 50.34788581721883 0.0 2.23606797749979 0.4472135954999579 1 0 0 0.03514186683665912 0.9993823338418758 0.07029820787739063
cell 31.801976869731774 9.875140087530744 0.0 2.23606797749979 0.4472135954999579 1 0 0 -0.016173018764255528 -0.9998692081787752 0.03234744780134502
cell 8.948691005381225 44.882671158980735 0.0 2.23606797749979 0.4472135954999579 1 0 0 -0.19576537165427593 -0.9806507631471375 0.39407572533431967
cell 36.41989807532747 15.473666186025913 0.0 2.23606797749979 0.4472135954999579 1 0 0 0.9721990912885328 -0.23415577485458508 3.6142928748578416
cell 1.236830676653773 3.910693390373969 0.0 2.23606797749979 0.4472135954999579 1 0 0 0.9997528279526626 -0.022232476260053265 3.186061269969927
cell 23.53864002358941 3.977897417710114 0.0 2.23606797749979 0.4472135954999579 1 0 0 0.9969361430059751 0.07821973388071543 2.9849932203808707
cell 19.839719531184475 42.51227196133492 0.0 2.23606797749979 0.4472135954999579 1 0 0 -0.1556593321764981 -0.9878107978283932 0.31258977275049915
cell 20.524137236432562 34.89745583166854 0.0 2.23606797749979 0.4472135954999579 1 0 0 0.29964816585598214 0.9540497768456034 0.6086477059921284
cell 43.654418896336765 4.834756315518298 0.0 2.23606797749979 0.4472135954999579 1 0 0 0.9996152055897073 -0.027738795104458775 3.197077360716346
cell 31.88271270174046 46.72153139994914 0.0 2.23606797749979 0.4472135954999579 1 0 0 -0.14083527895398162 -0.9900330419748394 0.28261010428775357
cell 16.14984039059958 11.50263144131601 0.0 2.23606797749979 0.4472135954999579 1 0 0 -0.01962698549068141 0.9998073721675333 6.243928815534887
cell 7.480627098221076 46.98787629535006 0.0 2.23606797749979 0.4472135954999579 1 0 0 -0.051938613050993045 -0.9986502793642723 0.10392398642686107
cell 25.314912282754243 35.05126106400631 0.0 2.23606797749979 0.4472135954999579 1 0 0 0.2820749115358834 0.9593923828559531 0.5719123175350208
cell 5.621080907193385 3.3147254836975457 0.0 2.23606797749979 0.4472135954999579 1 0 0 0.9999250845372173 -0.012240315079230412 3.1660738950924863
cell 37.05153289737629 0.37929215094582086 0.0 2.23606797749979 0.4472135954999579 1 0 0 0.015829034877877513 0.9998747129789987 0.03165939193709958
cell 32.676755258268 40.405524092757524 0.0 2.23606797749979 0.4472135954999579 1 0 0 -0.1961506490522826 -0.9805737722763995 0.3948615147961414
cell 11.659452934009185 48.92266133562236 0.0 2.23606797749979 0.4472135954999579 1 0 0 0.058903693564939213 0.9982636700213064 0.11787561868722492
cell 12.791476322260268 31.605588749701173 0.0 2.23606797749979 0.4472135954999579 1 0 0 -0.2549027623249432 -0.9669666911321783 0.515494284772716
cell 42.048359244098584 49.85972706669537 0.0 2.23606797749979 0.4472135954999579 1 0 0 0.033392807480407835 0.99944230469226 0.06679803307243157
cell 40.52556464536656 47.161863319646386 0.0 2.23606797749979 0.4472135954999579 1 0 0 0.12825423313857398 0.9917413229678576 0.25721694747056606
cell 36.02561397606636 12.339127070643062 0.0 2.23606797749979 0.4472135954999579 1 0 0 0.053633865169258756 -0.9985606684157983 6.175866082582177
cell 4.468727088793626 34.00272179971831 0.0 2.23606797749979 0.4472135954999579 1 0 0 0.3248822485712024 0.9457544737210178 0.661774440285832
cell 13.797371736759754 45.07002088481771 0.0 2.23606797749979 0.4472135954999579 1 0 0 0.14001472798207476 0.9901494210209415 0.2809525783975395
cell 6.072276907039632 38.04598348498288 0.0 2.23606797749979 0.4472135954999579 1 0 0 0.2598111047614163 0.9656594585269966 0.5256531701507202
cell 18.98372967207937 1.5464554669690365 0.0 1.0 1.0 1 0 0 0.0 1.0 0
cell 22.504362057872346 46.406832446558845 0.0 2.23606797749979 0.4472135954999579 1 0 0 0.09452049339830189 0.995522916023404 0.18932361045099336
cell 15.740653035133041 9.177361891553034 0.0 2.23606797749979 0.4472135954999579 1 0 0 -0.13613907159442845 -0.9906897360856259 0.2731262964337855
cell 33.342764337995284 3.196792244931733 0.0 2.23606797749979 0.4472135954999579 1 0 0 0.9922371384895005 0.12436020666663379 2.892226641091028
cell 24.026239506256374 10.705775600909126 0.0 2.23606797749979 0.4472135954999579 1 0 0 0.01308994714455217 0.9999143229715998 0.026180641986577442
cell 7.188727096510289 48.66185219427672 0.0 2.23606797749979 0.4472135954999579 1 0 0 0.045623152394996286 0.9989587218526814 0.09127798891491386
cell 46.2807322066949 5.623084952084654 0.0 2.23606797749979 0.4472135954999579 1 0 0 0.99996667498492 0.008163878955701729 3.1252647143017125
cell 3.3133829849407856 51.00228897031168 0.0 2.23606797749979 0.4472135954999579 1 0 0 0.0001701415623866377 0.9999999855259243 0.0003402831264150367
cell 45.466075773619565 0.9135674096977707 0.0 1.0 1.0 1 0 0 0.0 1.0 0
cell 7.788513031494275 45.698057003406575 0.0 2.23606797749979 0.4472135954999579 1 0 0 0.17619030313388792 0.9843561230985404 0.35422971529719655
cell 20.69420188801375 48.536910198567334 0.0 2.23606797749979 0.4472135954999579 1 0 0 -0.062498076598623865 -0.9980450843631627 0.12507766925509323
cell 38.18110955279187 50.843282223288014 0.0 2.23606797749979 0.4472135954999579 1 0 0 0.023441993822649224 0.9997251987049336 0.0468882827109256
cell 0.9617668654875675 36.357074159052424 0.0 2.23606797749979 0.4472135954999579 1 0 0 0.28467031505712015 0.9586254804277216 0.5773249927489523
cell 9.994699066678658 40.17111285961059 0.0 2.23606797749979 0.4472135954999579 1 0 0 -0.23348725086729147 -0.972359863261763 0.47132505296185556
cell 44.731858801490446 31.66701430664561 0.0 2.23606797749979 0.4472135954999579 1 0 0 -0.3291801698887613 -0.944267131563948 0.670870450399641
cell 20.64633997828875 11.210933756805238 0.0 2.23606797749979 0.4472135954999579 1 0 0 0.09583181557056687 0.9953975402443231 0.1919582149195149
cell 49.37995293512541 48.120063274523545 0.0 2.23606797749979 0.4472135954999579 1 0 0 0.08357437804166824 0.9965015420635075 0.16734395022616255
cell 34.63963232674869 16.566075109474824 0.0 2.23606797749979 0.4472135954999579 1 0 0 0.9447061102463573 -0.327918229537788 3.809790879449017
cell 31.833910891070367 7.907477834673362 0.0 2.23606797749979 0.4472135954999579 1 0 0 -0.003152143696358912 -0.9999950319827181 0.006304297832675054
cell 33.564067436423855 38.49185769567266 0.0 2.23606797749979 0.4472135954999579 1 0 0 -0.22385377458574693 -0.9746227411689682 0.451533612306787
cell 23.85954664481524 14.055502185281322 0.0 2.23606797749979 0.4472135954999579 1 0 0 0.9957999445725475 0.09155583208791901 2.9582241982342676
cell 42.01010216887014 1.325301900536833 0.0 1.0 1.0 1 0 0 0.0 1.0 0
cell 10.215550643003516 7.124355879316249 0.0 2.23606797749979 0.4472135954999579 1 0 0 -0.05515372497301523 -0.9984778748783575 0.1103634512908247
cell 13.497133620985327 25.491764909692687 0.0 2.23606797749979 0.4472135954999579 1 0 0 0.9915704194562598 0.12956891316722927 2.8817242221230854
cell 32.01155264886145 5.297048248227073 0.0 2.23606797749979 0.4472135954999579 1 0 0 0.9975604134979195 0.06980846239432574 3.001862082037904
cell 1.3594558723179644 3.0931335721984463 0.0 2.23606797749979 0.4472135954999579 1 0 0 0.9997638446618544 -0.02173142671219576 3.185058928665686
cell 18.620385446796277 13.25288794702897 0.0 2.23606797749979 0.4472135954999579 1 0 0 0.036704134118670136 -0.9993261762500764 6.209760546418746
cell 39.60655065986739 3.5166618515741668 0.0 2.23606797749979 0.4472135954999579 1 0 0 0.9995067694937612 0.03140410381057662 3.0787741176228955
cell 0.37628334466599855 41.85990369267562 0.0 2.23606797749979 0.4472135954999579 1 0 0 0.19641618714672465 0.9805206175429168 0.3954031268556071
cell 32.50219919831642 43.97015361745608 0.0 2.23606797749979 0.4472135954999579 1 0 0 0.11075413966775716 0.9938478357105051 0.2219636519189116
cell 27.430532649015124 9.159291532260985 0.0 2.23606797749979 0.4472135954999579 1 0 0 -0.02943985082504283 -0.9995665536538321 0.058888210189150136
cell 47.23541714755998 1.0236174817962165 0.0 1.0 1.0 1 0 0 0.0 1.0 0
cell 37.24332925057405 30.96061306563141 0.0 2.23606797749979 0.4472135954999579 1 0 0 -0.23462055526925746 -0.9720870305919863 0.47365641881652376
cell 20.623925021830335 49.30445164410616 0.0 2.23606797749979 0.4472135954999579 1 0 0 0.045135966064745216 0.9989808529533497 0.0903026114275495
cell 13.714781134426394 1.4410664458514815 0.0 1.0 1.0 1 0 0 0.0 1.0 0
cell 26.110638791456154 2.8068872195645023 0.0 2.23606797749979 0.4472135954999579 1 0 0 0.9939497477188344 0.1098357820096236 2.9214769918293375
cell 7.940443786987283 40.66656073517969 0.0 2.23606797749979 0.4472135954999579 1 0 0 0.23242863128645175 0.9726134542346753 0.46914791363191305
cell 43.519940899146185 16.352871205610448 0.0 2.23606797749979 0.4472135954999579 1 0 0 0.9955682677738915 -0.09404160888507289 3.329954209649924
cell 49.500907568824964 10.39854672575503 0.0 2.23606797749979 0.4472135954999579 1 0 0 0.06367912842008466 -0.9979704247139082 6.155740819273525
cell 18.75470632128806 9.01976219247112 0.0 2.23606797749979 0.4472135954999579 1 0 0 -0.06923619640150819 -0.9976002952625124 0.13858326351878425
cell 7.727088060041669 50.68186100158621 0.0 2.23606797749979 0.4472135954999579 1 0 0 0.006988420201794441 0.9999755806933903 0.013976954172950567
cell 7.026499449580968 8.495452948308111 0.0 2.23606797749979 0.4472135954999579 1 0 0 0.010722397151307171 -0.999942513447313 6.261740101938424
cell 45.08568254615134 9.092839961152515 0.0 2.23606797749979 0.4472135954999579 1 0 0 0.0215290403429069 -0.9997682233507492 6.2401238995661075
cell 41.67091421511949 41.95232829845798 0.0 2.23606797749979 0.4472135954999579 1 0 0 -0.1980354289289601 -0.9801948627129826 0.39870649530539026
cell 36.23410256511248 9.369547214960352 0.0 2.23606797749979 0.4472135954999579 1 0 0 0.012596450523428284 -0.9999206615698122 6.257991739856512
cell 16.69155530498717 33.153316887055176 0.0 2.23606797749979 0.4472135954999579 1 0 0 -0.29436160675960504 -0.9556941165801449 0.5975749216023596
cell 2.712487314703436 10.419974369356247 0.0 2.23606797749979 0.4472135954999579 1 0 0 0.07291770451689458 -0.997337960958063 6.13722035367681
cell 31.218458536290928 1.5946167385057632 0.0 1.0 1.0 1 0 0 0.0 1.0 0
cell 20.908643869149195 7.04867313609435 0.0 2.23606797749979 0.4472135954999579 1 0 0 0.9988312498497355 -0.048333573462089705 3.2382974780429725
cell 23.95871047028642 44.26752165910811 0.0 2.23606797749979 0.4472135954999579 1 0 0 0.13930499192274448 0.9902495237188473 0.279519057074313
cell 49.40445204401896 8.235683584603128 0.0 2.23606797749979 0.4472135954999579 1 0 0 0.04695382971539479 -0.9988970606999791 6.18924310769403
cell 11.88615016859817 42.52321233504462 0.0 2.23606797749979 0.4472135954999579 1 0 0 0.1925157068568348 0.9812938920697577 0.3874503359442656
cell 12.23685826122288 34.906777610443335 0.0 2.23606797749979 0.4472135954999579 1 0 0 0.22175424162439594 0.9751025875883979 0.44722627297264933
cell 48.04914966539211 49.266415918635246 0.0 2.23606797749979 0.4472135954999579 1 0 0 0.03076857859351327 0.9995265352012096 0.06154687091927744
cell 36.861351824612974 44.900991880465895 0.0 2.23606797749979 0.4472135954999579 1 0 0 0.16117400530560064 0.9869260053386729 0.32376019056942285
cell 37.70158742607494 39.95843970672754 0.0 2.23606797749979 0.4472135954999579 1 0 0 -0.18858026210366297 -0.9820577807567709 0.37943253752943384
cell 30.54704779991867 48.487855378191554 0.0 2.23606797749979 0.4472135954999579 1 0 0 -0.07430153066532828 -0.997235820927422 0.148740134724882
cell 18.098213521046702 43.99396626024097 0.0 2.23606797749979 0.4472135954999579 1 0 0 0.19318527211919168 0.9811622957677459 0.38881508536496695
cell 36.397835679545096 45.31254444693509 0.0 2.23606797749979 0.4472135954999579 1 0 0 0.15045364478551132 0.9886170647782463 0.30205424964516864
cell 38.74895081482359 6.847413084604338 0.0 2.23606797749979 0.4472135954999579 1 0 0 0.999831112651392 -0.018377871864813284 3.1783504666525824
cell 16.64297844158007 25.940423329058323 0.0 2.23606797749979 0.4472135954999579 1 0 0 0.9885193534933331 0.15109430091543097 2.8382422746506077
cell 40.627426373322265 5.319547518976384 0.0 2.23606797749979 0.4472135954999579 1 0 0 0.9998134930426452 -0.01931266760094193 3.18022039026875
cell 12.434536213280976 38.087057657527964 0.0 2.23606797749979 0.4472135954999579 1 0 0 -0.28435652614823254 -0.9587186062849252 0.5766703603159726
cell 19.62989696634998 43.086746406678536 0.0 2.23606797749979 0.4472135954999579 1 0 0 0.1550595909488235 0.9879051185487316 0.31137554715403154
cell 5.756405508300179 6.6095610671210725 0.0 2.23606797749979 0.4472135954999579 1 0 0 -0.04004093185299151 -0.9991980403185067 0.08010327805082085
cell 32.93291147940473 39.80320099313449 0.0 2.23606797749979 0.4472135954999579 1 0 0 0.2233537011228002 0.9747374642408831 0.45050748393792156
cell 35.58431651675747 34.296117999818534 0.0 2.23606797749979 0.4472135954999579 1 0 0 0.1938671577558022 0.981027790199486 0.3902051354198272
cell 19.03425306476818 43.70869428585904 0.0 2.23606797749979 0.4472135954999579 1 0 0 -0.17448933796820273 -0.9846590632982658 0.35077425237479076
cell 11.946126371001599 1.7554903890711686 0.0 1.0 1.0 1 0 0 0.0 1.0 0
cell 35.939179602865394 33.47927374190064 0.0 2.23606797749979 0.4472135954999579 1 0 0 0.23263165826505777 0.9725649138092786 0.4695654115461489
cell 16.07615969100181 12.506075679849351 0.0 2.23606797749979 0.4472135954999579 1 0 0 -0.050174147327805556 0.9987404842800394 6.182794861202247
cell 12.038635956920087 0.3892046140288963 0.0 2.23606797749979 0.4472135954999579 1 0 0 -0.021669705823048876 -0.9997651843555778 0.04334280422204362
cell 10.149110327030858 4.786848327618214 0.0 2.23606797749979 0.4472135954999579 1 0 0 0.9987573884711431 -0.049836522494071944 3.24130700406761
cell 31.681063256110207 11.914523567343181 0.0 2.23606797749979 0.4472135954999579 1 0 0 -0.013155961019268669 0.9999134565999497 6.256872626073707
cell 16.020306090184775 50.073793891634054 0.0 2.23606797749979 0.4472135954999579 1 0 0 0.08407688413990198 0.99645927039359 0.1683525121295254
cell 49.51109467760836 47.427546920183644 0.0 2.23606797749979 0.4472135954999579 1 0 0 0.11971806316991772 0.9928079297380957 0.24001179659980645
cell 32.877846303339794 42.66768897907372 0.0 2.23606797749979 0.4472135954999579 1 0 0 -0.13338267023647113 -0.9910646110524726 0.2675627419307709
cell 8.241997761024363 6.118639380408122 0.0 2.23606797749979 0.4472135954999579 1 0 0 0.9991792024940924 -0.04050828684688367 3.222631400630871
cell 24.393381508190533 43.030935212654164 0.0 2.23606797749979 0.4472135954999579 1 0 0 0.14136817754486233 0.9899570891597496 0.2836866724375311
cell 6.147366903508056 40.605742003172466 0.0 2.23606797749979 0.4472135954999579 1 0 0 0.2578564376104753 0.9661832422386735 0.521605912093687
cell 9.827343133100834 43.03152387997118 0.0 2.23606797749979 0.4472135954999579 1 0 0 -0.22565220293562097 -0.9742079261175723 0.4552249085687894
cell 40.452410730384784 11.700188130765842 0.0 2.23606797749979 0.4472135954999579 1 0 0 0.029563935233142814 -0.9995628913347726 6.224048820105212
cell 31.270305559129078 33.0608881957879 0.0 2.23606797749979 0.4472135954999579 1 0 0 0.18977289081768575 0.9818280144254893 0.3818616575329268
cell 2.1411126504906597 38.66120548919322 0.0 2.23606797749979 0.4472135954999579 1 0 0 0.25087482058405197 0.968019537197943 0.5071677429835303
cell 44.87354880092232 48.27230564388842 0.0 2.23606797749979 0.4472135954999579 1 0 0 0.09856597117028916 0.9951305187397569 0.19745254365875714
cell 9.130290735507353 3.94406648665888 0.0 2.23606797749979 0.4472135954999579 1 0 0 0.9997691755670579 -0.02148477567873225 3.1845655113933184
cell 32.33885777781164 44.630863313961854 0.0 2.23606797749979 0.4472135954999579 1 0 0 0.13912903168955185 0.9902742612736775 0.27916367586846635
cell 33.894074087405 37.00315122589917 0.0 2.23606797749979 0.4472135954999579 1 0 0 -0.1957781714875353 -0.9806482078548847 0.3941018301423034
cell 16.51558984153899 39.34233314696038 0.0 2.23606797749979 0.4472135954999579 1 0 0 0.25035178563937527 0.9681549377177066 0.5060871896785877
cell 42.793923034079434 38.80386437473152 0.0 2.23606797749979 0.4472135954999579 1 0 0 -0.14634131100455672 -0.9892341586770382 0.2937374909197983
cell 16.119513610190452 49.308985170959815 0.0 2.23606797749979 0.4472135954999579 1 0 0 -0.08682640076998989 -0.9962234569258692 0.17387173472826767
cell 40.06221589638949 1.3730573515650342 0.0 1.0 1.0 1 0 0 0.0 1.0 0
cell 28.1791550600618 39.522469384933515 0.0 2.23606797749979 0.4472135954999579 1 0 0 0.21021529932925703 0.9776551170673178 0.4235903493366556
cell 43.96105075713078 48.74178367922946 0.0 2.23606797749979 0.4472135954999579 1 0 0 0.06293667562915722 0.9980175223215022 0.12595659764542638
cell 16.042157357528666 34.164511221084034 0.0 2.23606797749979 0.4472135954999579 1 0 0 -0.21881742433183377 -0.9757658196559164 0.4412047185444994
cell 1.36158592935802 49.431667349154985 0.0 2.23606797749979 0.4472135954999579 1 0 0 -0.05233257467890966 -0.9986297119690943 0.10471298271084084
cell 8.684429670801544 30.735873778792726 0.0 2.23606797749979 0.4472135954999579 1 0 0 -0.15091796636608934 -0.9885462899773202 0.302993618809432
cell 35.003187138861705 35.78196034589591 0.0 2.23606797749979 0.4472135954999579 1 0 0 0.19587531970078065 0.9806288080268277 0.3942999627107863
cell 32.581086897344946 46.19453186500476 0.0 2.23606797749979 0.4472135954999579 1 0 0 0.14431381985969682 0.9895319708819432 0.2896389966004338
cell 46.99057317322797 34.43406927709179 0.0 2.23606797749979 0.4472135954999579 1 0 0 0.29732384062528155 0.9547766931570084 0.6037770189633189
cell 34.28168959373515 6.845817275331791 0.0 2.23606797749979 0.4472135954999579 1 0 0 0.9992317747740188 0.039190053354960376 3.063192469518433
cell 49.23510741623733 36.79930935357255 0.0 2.23606797749979 0.4472135954999579 1 0 0 0.24090111981231502 0.9705496640941011 0.486588415165903
cell 28.563038405407163 44.01377411215453 0.0 2.23606797749979 0.4472135954999579 1 0 0 0.1346956276771857 0.9908870207468907 0.27021256895497353
cell 43.88153929023746 37.51235896912365 0.0 2.23606797749979 0.4472135954999579 1 0 0 -0.15759597702480677 -0.9875036749428311 0.3165114657355588
cell 42.59780804758447 50.538067732547624 0.0 2.23606797749979 0.4472135954999579 1 0 0 -0.003730971742654447 0.9999930399007063 6.275723346382273
cell 46.27939343542107 41.376095582359554 0.0 2.23606797749979 0.4472135954999579 1 0 0 0.15169680955848494 0.9884270726612949 0.3045694481388939
cell 46.61624316558761 40.6974259429247 0.0 2.23606797749979 0.4472135954999579 1 0 0 0.17816866951552146 0.9839999619934285 0.3582500563938869
cell 10.221747704703537 1.4159269273833828 0.0 1.0 1.0 1 0 0 0.0 1.0 0
cell 32.751799523686174 45.51381776999785 0.0 2.23606797749979 0.4472135954999579 1 0 0 0.143036576868214 0.9897174029377394 0.28705772951790903
cell 2.8098969118889388 47.844002320808194 0.0 2.23606797749979 0.4472135954999579 1 0 0 0.11210966443654737 0.993695840355551 0.22469169170982517
cell 16.05477611427487 37.22687868109999 0.0 2.23606797749979 0.4472135954999579 1 0 0 0.24556143915284995 0.9693810291114537 0.49619764582929793
cell 1.4580373012757546 39.94736416810673 0.0 2.23606797749979 0.4472135954999579 1 0 0 0.2363232097502737 0.9716745033874915 0.47716025200957257
cell 32.90811033592851 29.719616426323196 0.0 2.23606797749979 0.4472135954999579 1 0 0 0.11643610906715529 0.993198183901532 0.23340164350374512
cell 33.839544392155226 17.39914509276825 0.0 2.23606797749979 0.4472135954999579 1 0 0 0.3251010125433846 0.9456792964019388 0.6622370818536464
cell 37.78091596916014 30.021101869452014 0.0 2.23606797749979 0.4472135954999579 1 0 0 0.2653659332419767 0.9641477695221904 0.5371668862537068
cell 10.070109774921841 3.0430527497483184 0.0 2.23606797749979 0.4472135954999579 1 0 0 0.9990592107299618 0.043366962720781915 3.0548315184597197
cell 36.25848614671607 7.5657924948914905 0.0 2.23606797749979 0.4472135954999579 1 0 0 -0.008867893923724654 0.9999606794556262 6.265449286868203
cell 14.613977941785663 4.918197118404143 0.0 2.23606797749979 0.4472135954999579 1 0 0 0.9992562106574381 0.03856196912163288 3.0644495883347123
cell 7.582871953675862 0.12714497677235181 0.0 2.23606797749979 0.4472135954999579 1 0 0 -0.011122881124206773 0.9999381388443471 6.260939086203635
cell 2.7266300778913943 16.187509683223276 0.0 2.23606797749979 0.4472135954999579 1 0 0 0.9934996082447539 0.11383553231535656 2.913426985636525
cell 30.891886245935915 34.01770991359374 0.0 2.23606797749979 0.4472135954999579 1 0 0 0.20010534518145787 0.9797743877188307 0.40293087889199825
