500
 Lattice="51.166335397324424 0.0 0.0 0.0 51.166335397324424 0.0 0.0 0.0 1.0"Properties=species:S:1:pos:R:3:aspherical_shape:R:3:orientation:R:4:Color:R:1
cell 29.713903610284614 29.003103645816097 0.0 2.23606797749979 0.4472135954999579 1 0 0 -0.8828689927953524 -0.4696193581620332 2.1638734803388413
cell 29.917310819504966 13.151350295927173 0.0 2.23606797749979 0.4472135954999579 1 0 0 0.835628932147542 0.5492943543838392 1.9785535441028739
cell 43.12476402082353 1.4871996522634978 0.0 2.23606797749979 0.4472135954999579 1 0 0 0.8150390520375554 0.5794060265942381 1.9055931837361686
cell 25.45942337753671 1.8433655837450804 0.0 2.23606797749979 0.4472135954999579 1 0 0 0.3523585704184719 -0.9358650745981767 5.563005076684666
cell 24.341156203090875 23.379116496364798 0.0 2.23606797749979 0.4472135954999579 1 0 0 0.8454325820378832 0.5340821558793721 2.014749205398282
cell 15.503139833800384 49.75032341604364 0.0 2.23606797749979 0.4472135954999579 1 0 0 0.9073737862355941 0.4203246507789931 2.2739864893928012
cell 10.492082465762701 45.278107979721916 0.0 2.23606797749979 0.4472135954999579 1 0 0 0.805275290329837 0.5929010935933553 1.8722792652629494
cell 50.683701563321506 13.140575579052427 0.0 2.23606797749979 0.4472135954999579 1 0 0 0.8611805440504391 0.5082991939291166 2.075175321289012
cell 3.860608232919115 0.5626177291862691 0.0 2.23606797749979 0.4472135954999579 1 0 0 0.7804115400192007 0.6252662058714349 1.7906474616931882
cell 27.451637281474294 13.517437014166925 0.0 2.23606797749979 0.4472135954999579 1 0 0 0.8331376231569467 0.5530657292586418 1.969513649476341
cell 37.79731065172076 46.85675374962005 0.0 2.23606797749979 0.4472135954999579 1 0 0 0.23686792266162823 -0.9715418607625536 5.804903794754269
cell 33.696016018114605 43.43184220843513 0.0 2.23606797749979 0.4472135954999579 1 0 0 0.9095309470183897 0.41563620681532465 2.2843082932199303
cell 49.98953641222478 16.263220016206027 0.0 2.23606797749979 0.4472135954999579 1 0 0 0.9014842238690619 0.4328119616128868 2.2463732386024073
cell 17.633322116505667 39.962296113971604 0.0 2.23606797749979 0.4472135954999579 1 0 0 0.831940638646963 0.5548646445464724 1.965192135877399
cell 48.76821321353446 12.157687456985204 0.0 2.23606797749979 0.4472135954999579 1 0 0 0.8334794071036199 0.5525505207075623 1.9707501867859045
cell 47.86585899605918 45.315586779036316 0.0 2.23606797749979 0.4472135954999579 1 0 0 0.8509250834546422 0.5252870666099729 2.0354877810951546
cell 38.83534473424422 14.209827304366941 0.0 2.23606797749979 0.4472135954999579 1 0 0 0.8202966122271567 0.5719383428033565 1.9238588696087406
cell 34.06243299881637 38.1280727977623 0.0 2.23606797749979 0.4472135954999579 1 0 0 0.9470349285304702 0.32113057179796384 2.487746558329026
cell 30.678720782037065 23.289863468417327 0.0 2.23606797749979 0.4472135954999579 1 0 0 0.8643745581803414 0.5028485091660705 2.0878104822921935
cell 48.284121322551655 4.406459414654944 0.0 2.23606797749979 0.4472135954999579 1 0 0 0.8293523651681246 0.5587259206355454 1.955895114516032
cell 16.25683746557056 33.340237246246346 0.0 2.23606797749979 0.4472135954999579 1 0 0 -0.8178664905443979 -0.5754080323080225 1.9153867356426524
cell 45.92402389006311 13.009324213105836 0.0 2.23606797749979 0.4472135954999579 1 0 0 0.8424244094216151 0.5388145454705571 2.0035340912875217
cell 47.112108507326035 8.670032815392503 0.0 2.23606797749979 0.4472135954999579 1 0 0 0.8214723255943686 0.5702483829723498 1.9279762802752474
cell 32.06216521935787 23.711998397968777 0.0 2.23606797749979 0.4472135954999579 1 0 0 0.8697770935249466 0.49344483742288386 2.1095008103877713
cell 44.56340723121135 29.73516738399194 0.0 2.23606797749979 0.4472135954999579 1 0 0 0.9543974262132785 0.29853903067684395 2.535269633452189
cell 18.906496420911974 47.64994683436874 0.0 2.23606797749979 0.4472135954999579 1 0 0 0.933676879396873 0.3581165800123151 2.4090928463660717
cell 30.374352957849553 16.88801638289061 0.0 2.23606797749979 0.4472135954999579 1 0 0 0.8363290683499043 0.5482277714900815 1.981105241570775
cell 46.4957081348877 27.368839424894002 0.0 2.23606797749979 0.4472135954999579 1 0 0 0.9592082022811389 0.28270059192825503 2.568375884518505
cell 40.137997657703956 4.640158149072726 0.0 2.23606797749979 0.4472135954999579 1 0 0 0.7918361998097518 0.6107335201795058 1.8276194260090297
cell 1.2685106051014943 24.29452237623339 0.0 2.23606797749979 0.4472135954999579 1 0 0 0.3611972710254159 -0.9324894269662216 5.544082255209415
cell 49.970207635215985 18.700869448519715 0.0 2.23606797749979 0.4472135954999579 1 0 0 0.9689169152780516 0.24738636035170777 2.6416289806336226
cell 40.25828314247336 14.93289777374671 0.0 2.23606797749979 0.4472135954999579 1 0 0 0.8272130012993695 0.5618884680088116 1.9482587275791667
cell 28.168068041284812 44.75999949336389 0.0 2.23606797749979 0.4472135954999579 1 0 0 0.9530705299928905 0.3027483523639241 2.5264426126037915
cell 16.435296166885614 6.24479415102477 0.0 2.23606797749979 0.4472135954999579 1 0 0 0.9458772850511277 0.32452451621458095 2.480574665717488
cell 29.933018913920506 45.75091602028548 0.0 2.23606797749979 0.4472135954999579 1 0 0 0.9548069384797111 0.29722669838189375 2.5380191182376546
cell 17.076151604223586 7.111525751651588 0.0 2.23606797749979 0.4472135954999579 1 0 0 0.9549865838671808 0.29664899230183117 2.5392291046695528
cell 26.0793111343234 29.51845480124901 0.0 2.23606797749979 0.4472135954999579 1 0 0 0.8455354596927298 0.5339192695550555 2.0151345144515416
cell 38.3324239756142 28.945731201043376 0.0 2.23606797749979 0.4472135954999579 1 0 0 0.9075715911775678 0.4198973766141172 2.274928168767398
cell 23.4140098347543 39.85179857276347 0.0 2.23606797749979 0.4472135954999579 1 0 0 0.8985536640163295 0.43886366092766127 2.2329253516329275
cell 50.00406537684702 12.779834540387311 0.0 2.23606797749979 0.4472135954999579 1 0 0 0.8544738116937199 0.5194944707401661 2.0490742179339834
cell 45.45882109935409 20.434764927036436 0.0 2.23606797749979 0.4472135954999579 1 0 0 0.91673096459699 0.3995051170499224 2.3196387574234825
cell 3.071794505256327 0.29618611285966323 0.0 2.23606797749979 0.4472135954999579 1 0 0 -0.7685175421786047 -0.6398287172077826 1.7530419122588938
cell 24.63178586526337 33.723187706497136 0.0 2.23606797749979 0.4472135954999579 1 0 0 0.8617193798569398 0.5073851696482379 2.0772973811543496
cell 16.797327036379322 0.030377213745964658 0.0 2.23606797749979 0.4472135954999579 1 0 0 0.9349367918093842 0.3548143110433629 2.4161617565042603
cell 42.87740359227272 12.384001560272246 0.0 2.23606797749979 0.4472135954999579 1 0 0 0.8385645016124751 0.5448023280378134 1.9892859134363017
cell 22.784831626095453 51.14825495731649 0.0 2.23606797749979 0.4472135954999579 1 0 0 0.9479460035076417 0.31843111411087033 2.493444675530029
cell 10.284435754389769 49.23116359706447 0.0 2.23606797749979 0.4472135954999579 1 0 0 0.8342590809051823 0.5513726379928918 1.9735752880287845
cell 37.95108329258588 43.62266078944081 0.0 2.23606797749979 0.4472135954999579 1 0 0 0.26120206244454464 -0.9652841460288862 5.754650732436304
cell 20.819286927410683 42.54121648690366 0.0 2.23606797749979 0.4472135954999579 1 0 0 0.8960519583698603 0.44394919518064013 2.2215902246797667
cell 9.085179684267922 44.46066069279418 0.0 2.23606797749979 0.4472135954999579 1 0 0 0.7765648771771128 0.6300372937651356 1.7783901842998844
cell 19.05788906166101 25.464502357732894 0.0 2.23606797749979 0.4472135954999579 1 0 0 0.839170061100713 0.5438691097610027 1.9915108617715276
cell 10.822446020085623 0.26628891961969 0.0 2.23606797749979 0.4472135954999579 1 0 0 0.878876478285231 0.4770494061593096 2.1470038381174312
cell 29.967568716221894 21.45962388016002 0.0 2.23606797749979 0.4472135954999579 1 0 0 0.8460749500748671 0.5330639538139971 2.017157002994368
cell 7.6276095774590855 11.048031579604624 0.0 2.23606797749979 0.4472135954999579 1 0 0 0.9499752196678918 0.31232528238511326 2.506313093010275
cell 49.37242038348968 0.05235560898765081 0.0 2.23606797749979 0.4472135954999579 1 0 0 0.8232772357080621 0.5676394922526903 1.9343210481184425
cell 21.02000612530405 21.47438205582062 0.0 2.23606797749979 0.4472135954999579 1 0 0 -0.8229692212305817 -0.5680859626034865 1.9332362279495836
cell 36.85398109432988 5.182738340009678 0.0 2.23606797749979 0.4472135954999579 1 0 0 0.8384249096107135 0.5450171290374891 1.9887735643491495
cell 42.4726407273314 21.214761239684503 0.0 2.23606797749979 0.4472135954999579 1 0 0 0.8828964832724996 0.4695676733177581 2.1639905623521907
cell 34.79078843087308 15.475039934429937 0.0 2.23606797749979 0.4472135954999579 1 0 0 0.8155033368536158 0.5787523715550702 1.9071967115158956
cell 29.783080750159133 27.478691133285114 0.0 2.23606797749979 0.4472135954999579 1 0 0 0.875776749561145 0.48271636074211893 2.1340851946170307
cell 49.44954788463859 45.97815913265211 0.0 2.23606797749979 0.4472135954999579 1 0 0 0.9004652340686675 0.43492799660824294 2.2416760280044667
cell 27.96069317846454 15.20157741683313 0.0 2.23606797749979 0.4472135954999579 1 0 0 -0.8351139571159784 -0.5500769751862842 1.9766798369029637
cell 32.96958718433676 35.71081866373132 0.0 2.23606797749979 0.4472135954999579 1 0 0 0.9215492340806178 0.38826152161323774 2.344103918372314
cell 47.648233834459916 22.526483635724233 0.0 2.23606797749979 0.4472135954999579 1 0 0 0.9689683208095125 0.2471849373800793 2.64204473893995
cell 44.112439749540265 22.796736969079056 0.0 2.23606797749979 0.4472135954999579 1 0 0 0.9247855774064354 0.38048868027977634 2.3609433244563713
cell 49.51153621426075 12.508089142162255 0.0 2.23606797749979 0.4472135954999579 1 0 0 0.8412659081451377 0.5406215606066196 1.999241105995866
cell 9.535852535437636 49.52571461022801 0.0 2.23606797749979 0.4472135954999579 1 0 0 0.8261381521117883 0.5634676154184193 1.9444382519925838
cell 48.23761639055044 0.07123289942034346 0.0 2.23606797749979 0.4472135954999579 1 0 0 0.8332711884539795 0.5528644738925559 1.9699967370925495
cell 32.07891004851794 17.513450153015 0.0 2.23606797749979 0.4472135954999579 1 0 0 0.8453504274434591 0.5342121814608508 2.0144415950650973
cell 1.5275308340473117 4.468394147522184 0.0 2.23606797749979 0.4472135954999579 1 0 0 0.7874278936981685 0.616406774967688 1.813250124744199
cell 16.016709945920248 29.322332289675234 0.0 2.23606797749979 0.4472135954999579 1 0 0 0.798558458323722 0.60191726062611 1.8497929643891942
cell 7.716094638610657 39.57154463737466 0.0 2.23606797749979 0.4472135954999579 1 0 0 0.7799947614828756 0.6257860433560916 1.789314892182478
cell 36.225566053282485 13.986244213655395 0.0 2.23606797749979 0.4472135954999579 1 0 0 0.8018233414649659 0.5975611509142447 1.860680613710317
cell 21.244039552868944 31.783390928213727 0.0 2.23606797749979 0.4472135954999579 1 0 0 0.8200479838349541 0.5722947703834335 1.9229897166872798
cell 16.68299232723514 4.80572128146162 0.0 2.23606797749979 0.4472135954999579 1 0 0 0.9331056411540513 0.35960236713137317 2.40590921508826
cell 22.83570859793809 44.60515002432399 0.0 2.23606797749979 0.4472135954999579 1 0 0 0.9191368666774262 0.3939383458288913 2.331767635254954
cell 20.143658877770687 4.006067351757506 0.0 2.23606797749979 0.4472135954999579 1 0 0 0.9431191696573453 0.3324548568224557 2.4637820581957985
cell 26.184565262826567 36.83918279650242 0.0 2.23606797749979 0.4472135954999579 1 0 0 0.8987114770979088 0.4385403982901631 2.2336448061566196
cell 0.23057695186164293 15.783529000876825 0.0 2.23606797749979 0.4472135954999579 1 0 0 0.9277202755699052 0.37327615822136184 2.376516793449364
cell 35.92721427964814 35.58079277276251 0.0 2.23606797749979 0.4472135954999579 1 0 0 0.9371653958810712 0.348885397749856 2.428829640791188
cell 22.65815716173606 27.541041580574625 0.0 2.23606797749979 0.4472135954999579 1 0 0 0.8234051054388415 0.5674539913836631 1.934771653225711
cell 49.069160191404535 24.44184653980378 0.0 2.23606797749979 0.4472135954999579 1 0 0 0.9431320438754743 0.33241833254992165 2.463859511871677
cell 41.43959158084505 25.740040198036667 0.0 2.23606797749979 0.4472135954999579 1 0 0 0.9380051905820822 0.34662120887370923 2.433659468631134
cell 13.75957126048852 47.892471862545854 0.0 2.23606797749979 0.4472135954999579 1 0 0 0.8845095461488398 0.46652209247963106 2.1708833255835605
cell 31.850492870443528 25.440358042202952 0.0 2.23606797749979 0.4472135954999579 1 0 0 0.8687760261106292 0.49520522660349947 2.10545057215437
cell 39.17620034684718 24.513494348415744 0.0 2.23606797749979 0.4472135954999579 1 0 0 0.8854624451061349 0.46471094059282175 2.174976387538489
cell 8.87909444963597 49.0775143451893 0.0 2.23606797749979 0.4472135954999579 1 0 0 0.8145069905399189 0.5801537402806297 1.9037577924937485
cell 35.55251322598465 9.463742265636526 0.0 2.23606797749979 0.4472135954999579 1 0 0 0.8243642744648005 0.5660596638041993 1.9381564163210123
cell 12.916839470240975 41.487062258100714 0.0 2.23606797749979 0.4472135954999579 1 0 0 0.8134347004869497 0.581656245598469 1.900066002058026
cell 41.856638021832055 23.25782798557475 0.0 2.23606797749979 0.4472135954999579 1 0 0 0.9076794238276651 0.4196642271624756 2.2754419257044436
cell 6.660270908346517 5.381535623100183 0.0 2.23606797749979 0.4472135954999579 1 0 0 0.8699240301946023 0.4931857476549588 2.110096521369335
cell 32.3254111358057 40.52909936279429 0.0 2.23606797749979 0.4472135954999579 1 0 0 0.9365428940112182 0.3505530026644932 2.4252696320463314
cell 41.311505538842034 16.411487378361695 0.0 2.23606797749979 0.4472135954999579 1 0 0 0.8494494004783865 0.5276700825581359 2.0298819233020216
cell 22.843979971402995 1.205884955933842 0.0 2.23606797749979 0.4472135954999579 1 0 0 0.9582696782865787 0.2858657441466831 2.561773150008245
cell 46.787248835462265 15.93642196144477 0.0 2.23606797749979 0.4472135954999579 1 0 0 0.8513886168836382 0.5245354354483265 2.0372539211729856
cell 23.998233629353788 17.209113123461123 0.0 2.23606797749979 0.4472135954999579 1 0 0 0.8144382161797797 0.5802502839515878 1.9035207220988775
cell 31.79875107492117 42.14700447125534 0.0 2.23606797749979 0.4472135954999579 1 0 0 0.9484038950354923 0.3170647439900988 2.496326780536847
cell 4.67607056262665 47.29731113873365 0.0 2.23606797749979 0.4472135954999579 1 0 0 0.8025004186760158 0.5966515549504747 1.8629484748214107
cell 5.624840498594761 42.93723040393654 0.0 2.23606797749979 0.4472135954999579 1 0 0 0.8169608139424214 0.576693184009085 1.9122423021411845
cell 46.576905685340044 49.404990424661364 0.0 2.23606797749979 0.4472135954999579 1 0 0 0.8626565194325649 0.5057902030293714 2.080997192001097
cell 24.803341529829982 41.49720079087658 0.0 2.23606797749979 0.4472135954999579 1 0 0 0.9101191134606225 0.4143467138926657 2.287142888145211
cell 41.11854704687768 10.36669879136302 0.0 2.23606797749979 0.4472135954999579 1 0 0 0.8329744948010666 0.5533113870244385 1.9689238746073663
cell 16.41848484741905 41.24736091394565 0.0 2.23606797749979 0.4472135954999579 1 0 0 0.8315818106897328 0.5554022795505843 1.9638993730761343
cell 24.22070884996923 41.0295047665854 0.0 2.23606797749979 0.4472135954999579 1 0 0 0.9081679041435996 0.4186060891619013 2.277772821842032
cell 36.974400680601114 28.402758492853646 0.0 2.23606797749979 0.4472135954999579 1 0 0 0.9025676254687478 0.43054811746854293 2.2513927017777964
cell 11.565005224574056 48.058869276801296 0.0 2.23606797749979 0.4472135954999579 1 0 0 0.8385874278687618 0.5447670381185467 1.9893700797390466
cell 9.6668741674278 11.612413567600992 0.0 2.23606797749979 0.4472135954999579 1 0 0 0.9705679352795261 0.2408274963687442 2.6551559519389483
cell 12.02897411663136 48.34828834382667 0.0 2.23606797749979 0.4472135954999579 1 0 0 0.8618451805730415 0.5071714549568237 2.077793364177499
cell 8.340495669605007 48.83456522536309 0.0 2.23606797749979 0.4472135954999579 1 0 0 0.7937141506136696 0.6082909230915919 1.8337815643604631
cell 6.645735750635724 1.77021754530753 0.0 2.23606797749979 0.4472135954999579 1 0 0 0.8372549810665131 0.5468126705548371 1.9844874454068901
cell 21.22500335650982 37.00777275915411 0.0 2.23606797749979 0.4472135954999579 1 0 0 0.8634141058730178 0.504495868941954 2.083996684202252
cell 46.0787128956591 15.973537278763942 0.0 2.23606797749979 0.4472135954999579 1 0 0 0.839733897738838 0.5429981408700575 1.9935859508395506
cell 40.336037167406495 9.998499132614427 0.0 2.23606797749979 0.4472135954999579 1 0 0 0.8255649446736085 0.5643071168486729 1.9424051956652153
cell 29.690622508277894 11.056255478830014 0.0 2.23606797749979 0.4472135954999579 1 0 0 0.857340000376226 0.5147505451720209 2.060159333360116
cell 41.819603899594206 5.779839185137676 0.0 2.23606797749979 0.4472135954999579 1 0 0 0.8282217247575534 0.5604005483934 1.951853962574098
cell 24.415655109972285 25.42106902542943 0.0 2.23606797749979 0.4472135954999579 1 0 0 0.8310914540650158 0.5561357702756564 1.9621347673823089
cell 36.13825775838554 11.228519604175217 0.0 2.23606797749979 0.4472135954999579 1 0 0 0.799764830703808 0.6003134311085413 1.8538067430540728
cell 13.131010998798624 9.076915134614122 0.0 2.23606797749979 0.4472135954999579 1 0 0 0.9604493801253203 0.27845464301549727 2.5772231748430228
cell 4.572863192944794 42.62065829873809 0.0 2.23606797749979 0.4472135954999579 1 0 0 0.8098267097667141 0.5866691573181755 1.8877133501625227
cell 38.888577240024915 5.425179238316274 0.0 2.23606797749979 0.4472135954999579 1 0 0 0.7813873610119731 0.6240463060148216 1.793771806595013
cell 38.8510569780825 8.95652278357041 0.0 2.23606797749979 0.4472135954999579 1 0 0 0.8129957226758245 0.5822696582433382 1.898557391281817
cell 24.363976515061847 48.5490814464877 0.0 2.23606797749979 0.4472135954999579 1 0 0 0.9618433941438657 0.27360059419125576 2.587323693499257
cell 21.50837925726013 50.76206712072858 0.0 2.23606797749979 0.4472135954999579 1 0 0 0.9725339505692838 0.23276106845884195 2.671761116355201
cell 3.10424572845168 12.84930915658354 0.0 2.23606797749979 0.4472135954999579 1 0 0 0.899106581142898 0.43772977479893854 2.2354483778419176
cell 41.929466662127204 20.971415131471893 0.0 2.23606797749979 0.4472135954999579 1 0 0 0.875077023947687 0.4839836796410177 2.131189878750576
cell 10.984691814212972 4.462310245415348 0.0 2.23606797749979 0.4472135954999579 1 0 0 0.9204860455482835 0.3907754341701681 2.3386449328165355
cell 4.247322861664244 9.20620900196067 0.0 2.23606797749979 0.4472135954999579 1 0 0 0.8732935474048423 0.48719439658217173 2.1238442659050785
cell 50.31143458194725 17.58932687911548 0.0 2.23606797749979 0.4472135954999579 1 0 0 0.9589466364070643 0.2835865802952911 2.566528299983288
cell 48.974004040648104 20.897404035269084 0.0 2.23606797749979 0.4472135954999579 1 0 0 0.9737751422977013 0.2275125760108469 2.6825476450626593
cell 4.495894506930185 1.2552664938663411 0.0 2.23606797749979 0.4472135954999579 1 0 0 0.802282985630196 0.5969438926467869 1.8622198090281477
cell 37.69019318285493 32.978574319117506 0.0 2.23606797749979 0.4472135954999579 1 0 0 0.9351385794999513 0.3542821433981866 2.4173000371082956
cell 28.04382431815917 28.954570057205252 0.0 2.23606797749979 0.4472135954999579 1 0 0 0.8538675788398636 0.5204903051990011 2.046742519242942
cell 43.46423190296628 16.77983594556038 0.0 2.23606797749979 0.4472135954999579 1 0 0 -0.8570276249960433 -0.5152704629547878 2.0589462498670947
cell 44.31839898882424 19.5743272763068 0.0 2.23606797749979 0.4472135954999579 1 0 0 0.8850116890312111 0.4655688029476663 2.173038234879451
cell 36.66804870934618 23.042125827066286 0.0 2.23606797749979 0.4472135954999579 1 0 0 0.8307121171808128 0.5567022349236362 1.960771273800176
cell 36.047773008929106 22.66367204375043 0.0 2.23606797749979 0.4472135954999579 1 0 0 0.8311622732197957 0.5560299232740102 1.962389474590398
cell 3.366784334366099 9.213160035891093 0.0 2.23606797749979 0.4472135954999579 1 0 0 0.8549455708156808 0.5187177179764055 2.0508918004845222
cell 28.809690855618708 25.825420529973684 0.0 2.23606797749979 0.4472135954999579 1 0 0 0.8323513909974019 0.5542482854323414 1.9666735083167877
cell 27.61549054518479 31.30651429398654 0.0 2.23606797749979 0.4472135954999579 1 0 0 0.8674314963086339 0.497556629150657 2.100033244838055
cell 20.975633580975465 50.007611864495 0.0 2.23606797749979 0.4472135954999579 1 0 0 0.9605206885890388 0.2782085670723294 2.5777355741684045
cell 36.35589843664644 27.987188237703858 0.0 2.23606797749979 0.4472135954999579 1 0 0 0.8932721408842969 0.44951627592333626 2.2091451616932716
cell 34.70164919038812 18.140946128535152 0.0 2.23606797749979 0.4472135954999579 1 0 0 0.8349021566775329 0.5503983909634951 1.9759099861917335
cell 25.502474836121994 35.07147327902171 0.0 2.23606797749979 0.4472135954999579 1 0 0 0.8733961151961956 0.48701049881926955 2.124265400274074
cell 41.03487249242319 32.49039642448925 0.0 2.23606797749979 0.4472135954999579 1 0 0 0.9438485194760363 0.33037852878613994 2.4681834630747175
cell 14.44510730061606 5.723902557050682 0.0 2.23606797749979 0.4472135954999579 1 0 0 0.9389415276993249 0.34407674661571935 2.439082021492134
cell 11.249399605046763 45.50238450705259 0.0 2.23606797749979 0.4472135954999579 1 0 0 0.812211632616052 0.5833628920690511 1.8958666979194938
cell 23.49801334492803 20.82475291313081 0.0 2.23606797749979 0.4472135954999579 1 0 0 0.8426384642793613 0.538479728974935 2.0043288782273834
cell 45.05655793197389 2.426686816431035 0.0 2.23606797749979 0.4472135954999579 1 0 0 0.8555689788075739 0.5176888278707251 2.0532978366841403
cell 24.544709873534185 47.404495585569954 0.0 2.23606797749979 0.4472135954999579 1 0 0 0.9583163718204846 0.2857091729378368 2.5620999210571926
cell 0.30520706270404063 47.22747917849311 0.0 2.23606797749979 0.4472135954999579 1 0 0 0.8382725070672182 0.5452515051746676 1.988214426765181
cell 46.40864695864683 4.1621155994938075 0.0 2.23606797749979 0.4472135954999579 1 0 0 0.8343130716677104 0.5512909381119827 1.973771143822537
cell 32.92049409529541 19.50818105733709 0.0 2.23606797749979 0.4472135954999579 1 0 0 0.8722101089470488 0.48913139937094346 2.1194054278960897
cell 19.406802065610442 37.527195465358965 0.0 2.23606797749979 0.4472135954999579 1 0 0 0.8504223174689179 0.5261006386146998 2.0335750102118593
cell 31.230288113910774 17.20419287588629 0.0 2.23606797749979 0.4472135954999579 1 0 0 0.8401897778965309 0.5422924829998826 1.9952661648609518
cell 35.08579420637455 40.48405957452793 0.0 2.23606797749979 0.4472135954999579 1 0 0 0.9209626454384102 0.38965087669230913 2.341087699413431
cell 44.26543962498736 6.98721795625629 0.0 2.23606797749979 0.4472135954999579 1 0 0 0.852287677743729 0.5230733355526751 2.0406867318338158
cell 26.713324279557362 37.3869008553631 0.0 2.23606797749979 0.4472135954999579 1 0 0 0.9051172816966061 0.42516197663260824 2.2633109843844044
cell 35.72186181577321 27.588138120219508 0.0 2.23606797749979 0.4472135954999579 1 0 0 0.8762878031863311 0.48178800938470195 2.136204639974411
cell 29.47732863132007 34.01947455005932 0.0 2.23606797749979 0.4472135954999579 1 0 0 0.8999074165284282 0.4360810035728798 2.239114321000929
cell 2.890596542782459 46.777382019483014 0.0 2.23606797749979 0.4472135954999579 1 0 0 0.7727531770762792 0.634706646663257 1.766334973949652
cell 19.406080833082434 28.78124697134423 0.0 2.23606797749979 0.4472135954999579 1 0 0 0.8480023219989806 0.5299925111587306 2.024409185266056
cell 22.568154026740363 32.74935898365294 0.0 2.23606797749979 0.4472135954999579 1 0 0 0.832752463540598 0.5536454953009778 1.9681215623907438
cell 18.22974643528343 7.654254621930908 0.0 2.23606797749979 0.4472135954999579 1 0 0 0.32900816046962494 -0.9443270780531465 5.612679168854577
cell 50.948015238403656 19.108651404616047 0.0 2.23606797749979 0.4472135954999579 1 0 0 0.973023230164368 0.2307071597512728 2.6759838818742865
cell 41.07966839398829 35.01493643538143 0.0 2.23606797749979 0.4472135954999579 1 0 0 0.9550643777208165 0.2963984386071381 2.539753810446089
cell 34.26710512007946 35.817260344714384 0.0 2.23606797749979 0.4472135954999579 1 0 0 0.9370131321106699 0.34929413143102217 2.427957293427089
cell 11.134409580380996 8.411791192563248 0.0 2.23606797749979 0.4472135954999579 1 0 0 0.9381066105961823 0.3463466286189933 2.4342448927035862
cell 0.07890931919300595 0.7765885909595835 0.0 2.23606797749979 0.4472135954999579 1 0 0 0.8190848024135257 0.5736724557229461 1.9196277315530523
cell 6.25268894790336 7.080241041278854 0.0 2.23606797749979 0.4472135954999579 1 0 0 0.8887410415902385 0.4584095995865466 2.1891829079479086
cell 18.0272259019342 0.045503646176861264 0.0 2.23606797749979 0.4472135954999579 1 0 0 0.9515919211674188 0.3073643043180211 2.516748626324449
cell 9.223986758953457 3.7260505517337923 0.0 2.23606797749979 0.4472135954999579 1 0 0 0.8927565468096792 0.4505393968660865 2.2068537744655385
cell 15.630873084543577 40.93280858827403 0.0 2.23606797749979 0.4472135954999579 1 0 0 0.8318859923924358 0.554946570095944 1.9649951789399949
cell 39.779333004436396 24.88800153799734 0.0 2.23606797749979 0.4472135954999579 1 0 0 0.8903409353560249 0.45529443092284655 2.1961868920709056
cell 2.25509603990241 0.05119872223703226 0.0 2.23606797749979 0.4472135954999579 1 0 0 0.7672590600792604 0.6413373018360072 1.749112736255574
cell 21.610449542354885 48.56250631387159 0.0 2.23606797749979 0.4472135954999579 1 0 0 0.9507206702781619 0.31004871731042943 2.511104104550971
cell 0.055267385817196396 13.445170245972417 0.0 2.23606797749979 0.4472135954999579 1 0 0 0.876806975910396 0.4808425178734365 2.1383619481379315
cell 12.320854953175647 32.27658717749156 0.0 2.23606797749979 0.4472135954999579 1 0 0 0.7723958199823457 0.6351414781556939 1.7652093052101696
cell 12.879789137022454 36.97211916109488 0.0 2.23606797749979 0.4472135954999579 1 0 0 -0.7882618788480628 -0.6153399144821682 1.8159584251751113
cell 11.818717589598785 5.859511286023428 0.0 2.23606797749979 0.4472135954999579 1 0 0 0.934279047629496 0.3565426498478437 2.41246322522613
cell 49.683399044335516 8.166628203270896 0.0 2.23606797749979 0.4472135954999579 1 0 0 0.8046494874141448 0.5937501178140128 1.870169789954078
cell 41.85106844506538 10.75808532434019 0.0 2.23606797749979 0.4472135954999579 1 0 0 0.8361650284371702 0.5484779350335492 1.9805069410037772
cell 42.3620249178264 23.682154634542016 0.0 2.23606797749979 0.4472135954999579 1 0 0 0.9145041861420709 0.40457643718910347 2.3085614096066083
cell 13.692866047634865 44.68636706325554 0.0 2.23606797749979 0.4472135954999579 1 0 0 0.8479120586027544 0.530136907672008 2.0240686102592513
cell 50.42490629674258 8.172978654736003 0.0 2.23606797749979 0.4472135954999579 1 0 0 0.8073598616484058 0.5900593646397514 1.8793279172998862
cell 26.995164697954717 43.63224363584803 0.0 2.23606797749979 0.4472135954999579 1 0 0 0.9426186453212659 0.3338713666858863 2.4607773783601306
cell 43.76077415743351 12.203329414818583 0.0 2.23606797749979 0.4472135954999579 1 0 0 0.8421668408676505 0.539217036213621 2.0025783918314404
cell 43.86342906890362 24.879480182655623 0.0 2.23606797749979 0.4472135954999579 1 0 0 0.9533241822601115 0.30194867696032346 2.5281204925340255
cell 16.89439847950756 44.751302555006326 0.0 2.23606797749979 0.4472135954999579 1 0 0 0.8736756621225912 0.486508825628736 2.125414003744768
cell 44.90108870191234 20.001817946234844 0.0 2.23606797749979 0.4472135954999579 1 0 0 0.9092138965303838 0.4163293051852542 2.2827839489143815
cell 25.87779886808883 17.710464609213442 0.0 2.23606797749979 0.4472135954999579 1 0 0 0.8423557378561664 0.5389218968466521 2.003279217970969
cell 33.19882976567955 26.037852062180107 0.0 2.23606797749979 0.4472135954999579 1 0 0 0.842423799001643 0.5388154998472477 2.003531825500762
cell 7.192708087949186 2.0437874132999534 0.0 2.23606797749979 0.4472135954999579 1 0 0 0.8486185499762102 0.5290052519930916 2.026736774347427
cell 39.20345223757393 26.8632692626766 0.0 2.23606797749979 0.4472135954999579 1 0 0 0.9140625264746248 0.4055732950957519 2.3063807775279077
cell 30.153619931053182 25.449988435206052 0.0 2.23606797749979 0.4472135954999579 1 0 0 -0.8764948022691389 -0.481411322670316 2.1370642712998578
cell 5.961114283626163 9.408893437850868 0.0 2.23606797749979 0.4472135954999579 1 0 0 0.9042848719642753 0.42692958475204584 2.2594033786516188
cell 23.76061010171937 40.58538833367129 0.0 2.23606797749979 0.4472135954999579 1 0 0 0.901633918553464 0.4325000311143635 2.2470652187629363
cell 49.16069311910017 4.71796341689901 0.0 2.23606797749979 0.4472135954999579 1 0 0 0.8246393965404336 0.5656587890888194 1.9391288209663906
cell 28.111004997621848 17.25934928118761 0.0 2.23606797749979 0.4472135954999579 1 0 0 -0.8362521466396963 -0.5483450986746393 1.980824652064415
cell 45.9405015602678 2.844640811107995 0.0 2.23606797749979 0.4472135954999579 1 0 0 0.8568481554165012 0.5155688494850512 2.0582498481076232
cell 31.26894478991555 35.34269117877843 0.0 2.23606797749979 0.4472135954999579 1 0 0 0.9058646443911783 0.42356728632183593 2.266833250124614
cell 14.063717167443086 28.194109839020754 0.0 2.23606797749979 0.4472135954999579 1 0 0 0.8021043903809805 0.597183846844132 1.8616215639929556
cell 38.47407002594107 37.60860775534034 0.0 2.23606797749979 0.4472135954999579 1 0 0 0.9686228669413591 0.24853519195136528 2.6392572482427448
cell 9.919164802645472 8.413630758290081 0.0 2.23606797749979 0.4472135954999579 1 0 0 0.9343577646706067 0.3563363124910892 2.4129049105328897
cell 41.543726203394534 33.39808790221714 0.0 2.23606797749979 0.4472135954999579 1 0 0 0.9630708447098418 0.26924811618630057 2.596368191169824
cell 14.612656472501445 44.65087721083358 0.0 2.23606797749979 0.4472135954999579 1 0 0 0.8518364387354809 0.523807867106302 2.0389626050497753
cell 1.8874189981722054 18.99842657802739 0.0 2.23606797749979 0.4472135954999579 1 0 0 0.9741636231673702 0.22584338665859155 2.68597524550534
cell 17.043270283459666 50.05784875214842 0.0 2.23606797749979 0.4472135954999579 1 0 0 0.9267377782191588 0.375708784062094 2.3712697091263655
cell 28.07953019220844 25.523085513139012 0.0 2.23606797749979 0.4472135954999579 1 0 0 -0.8258350040675786 -0.5639118247179274 1.9433626672298647
cell 16.29769497734222 47.769019058997195 0.0 2.23606797749979 0.4472135954999579 1 0 0 0.8916799705507464 0.4526663562919383 2.202085976008444
cell 0.5240912136442228 8.777037105239728 0.0 2.23606797749979 0.4472135954999579 1 0 0 0.8247844278089643 0.5654472987324631 1.9396417039551657
cell 15.100088869794522 48.244034718281625 0.0 2.23606797749979 0.4472135954999579 1 0 0 0.8834480652108453 0.46852909842955753 2.166342481221942
cell 21.516118940797217 40.50344699746692 0.0 2.23606797749979 0.4472135954999579 1 0 0 0.872802022393573 0.48807441000905694 2.121828309006505
cell 5.312648108782452 1.2202381463671934 0.0 2.23606797749979 0.4472135954999579 1 0 0 0.807680705396 0.5896201134044019 1.8804158187024442
cell 29.910033581726744 47.02364175224183 0.0 2.23606797749979 0.4472135954999579 1 0 0 0.963201255420308 0.2687812150369564 2.597337734652635
cell 44.63489649268518 8.257653720179603 0.0 2.23606797749979 0.4472135954999579 1 0 0 0.8325840910759297 0.5538986651791715 1.9675134693886618
cell 9.535559748110572 0.8633977763056775 0.0 2.23606797749979 0.4472135954999579 1 0 0 0.874261188949859 0.48545584093301297 2.1278236664684513
cell 10.578887765999985 40.47911940454947 0.0 2.23606797749979 0.4472135954999579 1 0 0 0.7756577413928574 0.6311537595684044 1.7755131082996298
cell 28.0006249480922 45.992076275025454 0.0 2.23606797749979 0.4472135954999579 1 0 0 0.9527436141258719 0.3037755845066742 2.524286616340582
cell 42.10716530624247 0.968546846434433 0.0 2.23606797749979 0.4472135954999579 1 0 0 0.81903502569969 0.5737435199434572 1.9194542052474748
cell 17.922878163257842 37.536876290250554 0.0 2.23606797749979 0.4472135954999579 1 0 0 0.8303465153504425 0.5572473996757432 1.9594584610629118
cell 2.2309943351804704 4.6823429072388185 0.0 2.23606797749979 0.4472135954999579 1 0 0 0.7917346084409911 0.6108652140994693 1.8272867754727258
cell 28.906577912348318 33.48363463802249 0.0 2.23606797749979 0.4472135954999579 1 0 0 0.8858470278794218 0.4639774166887811 2.1766328431117175
cell 3.8770893544100424 13.454804972667533 0.0 2.23606797749979 0.4472135954999579 1 0 0 0.9515424853110679 0.30751731438739544 2.516427030396124
cell 36.04881689799828 33.29313764862226 0.0 2.23606797749979 0.4472135954999579 1 0 0 0.9271212700493461 0.3747614582932556 2.3733137171371514
cell 39.56541501349573 9.590190947543299 0.0 2.23606797749979 0.4472135954999579 1 0 0 0.8255821459812211 0.5642819510112314 1.9424661613722245
cell 7.58155754616519 48.59873850658181 0.0 2.23606797749979 0.4472135954999579 1 0 0 0.7914954452815344 0.6111750650170421 1.8265039431537249
cell 33.84174504054101 26.441318494870522 0.0 2.23606797749979 0.4472135954999579 1 0 0 0.8514068652828053 0.5245058147907486 2.037323502418379
cell 33.53064168262261 31.456664448313987 0.0 2.23606797749979 0.4472135954999579 1 0 0 -0.9006081759877244 -0.43463192858332905 2.2423335648279945
cell 8.149518851521185 2.022734262236902 0.0 2.23606797749979 0.4472135954999579 1 0 0 0.8598235291433851 0.5105913226166445 2.0698479025619045
cell 4.163904246421774 5.5298970719350615 0.0 2.23606797749979 0.4472135954999579 1 0 0 0.8482094324777747 0.5296609846455858 2.0251909897973555
cell 47.469108452016314 4.083867415694472 0.0 2.23606797749979 0.4472135954999579 1 0 0 0.8261469912947935 0.5634546554733224 1.944469626589513
cell 32.361630969804914 12.902731900029458 0.0 2.23606797749979 0.4472135954999579 1 0 0 0.8173200694614279 0.5761839151308952 1.9134887680746169
cell 19.796059855334473 47.8919515331231 0.0 2.23606797749979 0.4472135954999579 1 0 0 0.9164738075637123 0.40009468885461535 2.3183523287749876
cell 12.090812472580033 45.123724138611436 0.0 2.23606797749979 0.4472135954999579 1 0 0 0.8271008524590457 0.5620535382519354 1.9478596007938815
cell 38.56575641557932 24.145874414267738 0.0 2.23606797749979 0.4472135954999579 1 0 0 0.8686358440392434 0.49545107775665526 2.1048845551822546
cell 22.451369697337064 37.62318867232838 0.0 2.23606797749979 0.4472135954999579 1 0 0 0.862268644422763 0.506451167285979 2.0794644548409975
cell 14.930675937303471 3.385923355592361 0.0 2.23606797749979 0.4472135954999579 1 0 0 0.9646529673756911 0.2635235331678631 2.608246586103984
cell 13.663623469276404 37.52111491702176 0.0 2.23606797749979 0.4472135954999579 1 0 0 0.7964695799776579 0.6046785990674826 1.8428681063518642
cell 37.33687924726084 23.37915831855676 0.0 2.23606797749979 0.4472135954999579 1 0 0 0.8302365403528249 0.5574112369364042 1.9590638111004985
cell 47.94351646457322 12.307940228619271 0.0 2.23606797749979 0.4472135954999579 1 0 0 0.8338155075658429 0.5520432042356068 1.971967287496368
cell 37.36278226392738 18.410208031744034 0.0 2.23606797749979 0.4472135954999579 1 0 0 0.818391418076467 0.5746611930683935 1.9172124605087173
cell 18.819526618868196 21.022664780988823 0.0 2.23606797749979 0.4472135954999579 1 0 0 0.8234467183560082 0.5673936041485848 1.9349183263730552
cell 37.40994378249204 13.232439844186313 0.0 2.23606797749979 0.4472135954999579 1 0 0 0.8142389110484833 0.580529926648558 1.9028339249687478
cell 8.109387806281616 7.862543569496047 0.0 2.23606797749979 0.4472135954999579 1 0 0 0.9179678772135198 0.3966547319824942 2.325853145767075
cell 41.25674717493648 20.580294620930587 0.0 2.23606797749979 0.4472135954999579 1 0 0 0.8697746678874091 0.49344911298060623 2.1094909789867926
cell 49.42893763018587 22.702867601335566 0.0 2.23606797749979 0.4472135954999579 1 0 0 0.9772984499678244 0.21186726904004743 2.7146222355999527
cell 14.369506819360941 33.08958836374987 0.0 2.23606797749979 0.4472135954999579 1 0 0 0.7898745035767013 0.6132685126430834 1.821208670141527
cell 27.713432312221883 32.55121737070161 0.0 2.23606797749979 0.4472135954999579 1 0 0 0.8828407466401959 0.46967245615618275 2.1637531933110297
cell 17.61616740223733 1.256033168874982 0.0 2.23606797749979 0.4472135954999579 1 0 0 0.966685570619043 0.2559668094830563 2.6238972552626696
cell 47.838339990581055 8.99892963805404 0.0 2.23606797749979 0.4472135954999579 1 0 0 0.8215484350130041 0.5701387277914769 1.9282432402147422
cell 27.580129818216605 20.67392105721267 0.0 2.23606797749979 0.4472135954999579 1 0 0 0.8308864355668885 0.5564420285986231 1.961397673774961
cell 40.70529780294855 20.267451085240232 0.0 2.23606797749979 0.4472135954999579 1 0 0 0.854830315508766 0.5189076330978218 2.050447496357521
cell 27.317041103721696 37.820904321299125 0.0 2.23606797749979 0.4472135954999579 1 0 0 0.9136612788255304 0.40647640469638147 2.304404309257347
cell 20.225886860947572 25.333934108445526 0.0 2.23606797749979 0.4472135954999579 1 0 0 0.8461389873298697 0.5329623008434861 2.0173972869635324
cell 38.769395849570465 19.13536132407808 0.0 2.23606797749979 0.4472135954999579 1 0 0 0.8105764436080375 0.5856328449359257 1.890271509195486
cell 17.39246272982572 32.814771559477435 0.0 2.23606797749979 0.4472135954999579 1 0 0 -0.8289249017634939 -0.5593599084993329 1.954365845929793
cell 20.212498567351094 41.2042014239629 0.0 2.23606797749979 0.4472135954999579 1 0 0 0.8654849690126335 0.5009348943856884 2.0922353826259266
cell 27.32276615080556 25.230862803646303 0.0 2.23606797749979 0.4472135954999579 1 0 0 -0.8186754692008787 -0.5742564550170255 1.918201395160727
cell 8.655195743776513 8.341851308223138 0.0 2.23606797749979 0.4472135954999579 1 0 0 0.9340128769335951 0.357239339550152 2.4109716174942637
cell 0.8206869723381108 4.078694752232037 0.0 2.23606797749979 0.4472135954999579 1 0 0 0.7935518454337291 0.6085026447015024 1.8332480139431242
cell 23.27205222853508 38.81941051207978 0.0 2.23606797749979 0.4472135954999579 1 0 0 0.883027840953749 0.46932060694216327 2.164550193069302
cell 13.373843239699724 43.99034143571934 0.0 2.23606797749979 0.4472135954999579 1 0 0 0.8310155905289117 0.5562491243120156 1.961861971387485
cell 1.9764662613617658 13.06660626757256 0.0 2.23606797749979 0.4472135954999579 1 0 0 0.8942734862291501 0.44752087306354993 2.213610283032181
cell 18.243870692846173 46.22610374451635 0.0 2.23606797749979 0.4472135954999579 1 0 0 0.9002255764573822 0.435423829724527 2.240574599373068
cell 46.56049673843847 13.260264640495228 0.0 2.23606797749979 0.4472135954999579 1 0 0 0.8469761238106464 0.5316309299642871 2.020542662244934
cell 30.9624152967104 29.848156801029386 0.0 2.23606797749979 0.4472135954999579 1 0 0 0.8816652719065748 0.4718753525179138 2.1587593985739635
cell 18.14004028209898 29.293602713377396 0.0 2.23606797749979 0.4472135954999579 1 0 0 0.8354888093425066 0.5495074607896063 1.978043451009321
cell 19.91327619337877 21.36285535574474 0.0 2.23606797749979 0.4472135954999579 1 0 0 -0.813429849085978 -0.5816630301265183 1.9000493208215925
cell 2.4668300383757273 9.645330615281404 0.0 2.23606797749979 0.4472135954999579 1 0 0 0.8552440221304969 0.5182254939792621 2.0520430739704136
cell 6.461153068810373 43.87757331480528 0.0 2.23606797749979 0.4472135954999579 1 0 0 0.7834813608617026 0.621415285603995 1.800497017202001
cell 23.24404147535745 33.11129588496933 0.0 2.23606797749979 0.4472135954999579 1 0 0 0.8467924492790194 0.5319234417132219 2.0198518671725156
cell 25.62557108858061 36.286291908480486 0.0 2.23606797749979 0.4472135954999579 1 0 0 0.8871076499495077 0.4615625823234176 2.1820809978835642
cell 45.466438882361814 24.795096943331234 0.0 2.23606797749979 0.4472135954999579 1 0 0 0.9559592959658303 0.2934992750527915 2.5458221001697914
cell 19.481414848984134 2.9565037149985387 0.0 2.23606797749979 0.4472135954999579 1 0 0 0.9126127529953899 0.4088251008318539 2.29926007613641
cell 1.350111022533381 47.67855192599779 0.0 2.23606797749979 0.4472135954999579 1 0 0 -0.834774180232833 -0.5505924699962774 1.975445036122986
cell 27.99490700537778 40.77029152218807 0.0 2.23606797749979 0.4472135954999579 1 0 0 0.9158892085692525 0.4014311368421591 2.3154348986832494
cell 2.348085438069388 15.26512531039263 0.0 2.23606797749979 0.4472135954999579 1 0 0 0.965256357365881 0.2613047350599498 2.612845345438167
cell 10.911710151281376 36.023493999453045 0.0 2.23606797749979 0.4472135954999579 1 0 0 0.7405799494316672 0.6719682570626304 1.667866018258591
cell 22.95462823382651 2.7925881721311043 0.0 2.23606797749979 0.4472135954999579 1 0 0 0.3875302753151056 -0.9218569768213497 5.487283300390062
cell 36.64405911613333 17.999475606026383 0.0 2.23606797749979 0.4472135954999579 1 0 0 0.8226328335816965 0.5685729690315473 1.9320524510761437
cell 5.252856100260052 11.24864655227742 0.0 2.23606797749979 0.4472135954999579 1 0 0 0.9181600333125238 0.3962097338879311 2.326822572969394
cell 22.80605922945076 17.366951278296792 0.0 2.23606797749979 0.4472135954999579 1 0 0 0.8160778577920053 0.5779419780753182 1.909183479727663
cell 8.841863778010323 5.994571584491928 0.0 2.23606797749979 0.4472135954999579 1 0 0 0.908722121362076 0.41740161253546737 2.2804245540505366
cell 6.758513341872146 10.707186474253461 0.0 2.23606797749979 0.4472135954999579 1 0 0 0.934627744030756 0.3556275862302863 2.4144217253472
cell 18.32057907031738 40.59063838566047 0.0 2.23606797749979 0.4472135954999579 1 0 0 0.8714163858684393 0.49054406778595067 2.1161646693732927
cell 44.70064664033171 27.402411714061795 0.0 2.23606797749979 0.4472135954999579 1 0 0 0.9535956197066914 0.3010903420507061 2.5299209559845903
cell 39.41495058329674 19.471065278646694 0.0 2.23606797749979 0.4472135954999579 1 0 0 0.8202174334967549 0.5720518873214181 1.9235820185371482
cell 38.20615616385253 44.929494268498615 0.0 2.23606797749979 0.4472135954999579 1 0 0 0.34987136783425904 -0.936797750835144 5.5683177279274725
cell 39.59182592248326 14.606015595009534 0.0 2.23606797749979 0.4472135954999579 1 0 0 0.8225758897825196 0.5686553486502137 1.931852161307611
cell 50.28973379321321 43.03568814263493 0.0 2.23606797749979 0.4472135954999579 1 0 0 0.8786365798227462 0.4774911104904331 2.145998544143003
cell 21.196758558616768 44.21577410010545 0.0 2.23606797749979 0.4472135954999579 1 0 0 0.9110581195346774 0.4122779436617213 2.291686694873355
cell 18.9581193744181 1.5521169393713614 0.0 2.23606797749979 0.4472135954999579 1 0 0 0.9761341528227344 0.21716840399340456 2.70376724744728
cell 5.987279621217634 13.923301053577637 0.0 2.23606797749979 0.4472135954999579 1 0 0 0.9753608204789354 0.22061566099136753 2.6967013754680917
cell 34.67393171005649 21.830183161108593 0.0 2.23606797749979 0.4472135954999579 1 0 0 0.8138068535465116 0.5811354447293047 1.901346207446319
cell 13.290360132767862 47.72491902299894 0.0 2.23606797749979 0.4472135954999579 1 0 0 0.8697631095696073 0.4934694856136569 2.1094441329031635
cell 46.382043417097826 8.397422498627973 0.0 2.23606797749979 0.4472135954999579 1 0 0 -0.8314314602075636 -0.5556273274211038 1.9633580716371526
cell 47.596108209665964 49.88607273872979 0.0 2.23606797749979 0.4472135954999579 1 0 0 0.8796792477059701 0.47556747276854267 2.150374633863213
cell 18.367117888644877 47.12413838904693 0.0 2.23606797749979 0.4472135954999579 1 0 0 0.917594135453677 0.39751855627255833 2.3239707267143097
cell 32.26210941624267 30.607268814490872 0.0 2.23606797749979 0.4472135954999579 1 0 0 0.883841284228065 0.4677869005156995 2.1680223371447087
cell 13.726877124342737 9.98716549085496 0.0 2.23606797749979 0.4472135954999579 1 0 0 0.9672387718581628 0.2538683875836314 2.6282374893241736
cell 35.102463227376404 27.197468872385084 0.0 2.23606797749979 0.4472135954999579 1 0 0 0.8730972321403871 0.48754612420651533 2.1230386555601144
cell 21.591565705647305 24.86346361535854 0.0 2.23606797749979 0.4472135954999579 1 0 0 0.8494091000459604 0.5277349531337787 2.0297291840936853
cell 39.32940588985711 32.724157973000445 0.0 2.23606797749979 0.4472135954999579 1 0 0 0.9367186596043816 0.35008306549870516 2.4262730950278306
cell 20.61247134700648 36.762806112722075 0.0 2.23606797749979 0.4472135954999579 1 0 0 0.8523485615671907 0.5229741194307238 2.0409195465999255
cell 28.162220743169705 33.31816681689898 0.0 2.23606797749979 0.4472135954999579 1 0 0 -0.8834118999543078 -0.4685972844768949 2.16618811460852
cell 12.299305051143984 0.541623521795811 0.0 2.23606797749979 0.4472135954999579 1 0 0 0.8935662556974066 0.4489313384905504 2.210454597203523
cell 45.40206206222904 48.84454201200073 0.0 2.23606797749979 0.4472135954999579 1 0 0 0.8342018982685757 0.5514591489177642 1.9733678850966818
cell 6.396712510078193 14.68994636564157 0.0 2.23606797749979 0.4472135954999579 1 0 0 0.9768294628498091 0.21401915920906125 2.7102174281457994
cell 20.322132743850638 29.03559518827877 0.0 2.23606797749979 0.4472135954999579 1 0 0 0.8313084829602237 0.5558113044535631 1.9629154840095093
cell 13.467594806441431 0.08481930972025618 0.0 2.23606797749979 0.4472135954999579 1 0 0 0.9051234416468875 0.425148862613195 2.2633399617888874
cell 46.578761047094375 25.128203475896147 0.0 2.23606797749979 0.4472135954999579 1 0 0 0.9580101133160882 0.2867344115799425 2.559959912969342
cell 25.934909250492534 32.83287752821809 0.0 2.23606797749979 0.4472135954999579 1 0 0 0.8583385637137424 0.5130837261518141 2.0640454190889534
cell 13.92460095647569 41.03459250954178 0.0 2.23606797749979 0.4472135954999579 1 0 0 0.8320757456641449 0.5546620173379977 1.9656792157147942
cell 38.10579801111649 13.780962958196541 0.0 2.23606797749979 0.4472135954999579 1 0 0 0.8217141407842693 0.5698998779041543 1.9288246442804307
cell 26.553248487453708 24.983819755676926 0.0 2.23606797749979 0.4472135954999579 1 0 0 0.8237237945202927 0.5669912788933272 1.9358953357211746
cell 16.66236105472853 36.59768939430029 0.0 2.23606797749979 0.4472135954999579 1 0 0 0.8156439779217188 0.5785541472325945 1.907682809416936
cell 26.782793830007865 29.80781915183604 0.0 2.23606797749979 0.4472135954999579 1 0 0 0.8463192714137032 0.5326759717067953 2.018074004708221
cell 45.59300886297526 8.123578746083224 0.0 2.23606797749979 0.4472135954999579 1 0 0 0.8251853636713307 0.5648620323429552 1.941060557483233
cell 36.19490539567605 30.487935972405754 0.0 2.23606797749979 0.4472135954999579 1 0 0 0.902113185258947 0.431499479700679 2.249284047131828
cell 21.89791924446493 37.364140622604864 0.0 2.23606797749979 0.4472135954999579 1 0 0 0.8684188263048046 0.4958313645982731 2.104008850250142
cell 30.05093056739407 34.42825436995162 0.0 2.23606797749979 0.4472135954999579 1 0 0 0.9104252569785126 0.41367360497813893 2.288621805978327
cell 45.05189922926418 30.639253938814687 0.0 2.23606797749979 0.4472135954999579 1 0 0 0.9626268227772622 0.27083131294175244 2.593079624276944
cell 21.92862887553442 5.112479656799742 0.0 2.23606797749979 0.4472135954999579 1 0 0 0.2771444109456671 -0.9608282757504482 5.721543662929215
cell 20.94753322670044 43.585181317744095 0.0 2.23606797749979 0.4472135954999579 1 0 0 0.9069570711998031 0.42122306560856243 2.272005781734202
cell 34.350392135102396 13.74354252062799 0.0 2.23606797749979 0.4472135954999579 1 0 0 0.8326256201293164 0.5538362363589722 1.9676634296483217
cell 9.737447107740287 40.01831497237533 0.0 2.23606797749979 0.4472135954999579 1 0 0 0.7540075179846548 0.6568657875263564 1.7082837412143863
cell 35.35331519312692 22.248473836966788 0.0 2.23606797749979 0.4472135954999579 1 0 0 0.8249371689314865 0.5652244397717636 1.940182059272776
cell 44.11970013343646 1.9528689644881136 0.0 2.23606797749979 0.4472135954999579 1 0 0 0.8386003025773103 0.5447472189164838 1.989417347440097
cell 13.300028867985962 5.6146806611141065 0.0 2.23606797749979 0.4472135954999579 1 0 0 0.9361707291363407 0.35154568111176127 2.4231493327287548
cell 16.369890807957614 44.44186167924182 0.0 2.23606797749979 0.4472135954999579 1 0 0 0.8686750052285948 0.49538241318308923 2.10504264910899
cell 37.65327008720269 9.703221180385636 0.0 2.23606797749979 0.4472135954999579 1 0 0 0.7986283977275075 0.601824461403152 1.8500253710672279
cell 42.14487433329841 16.288303260585128 0.0 2.23606797749979 0.4472135954999579 1 0 0 0.8556416649921402 0.5175686825238541 2.053578679599906
cell 22.060525220714812 10.23567869862546 0.0 2.23606797749979 0.4472135954999579 1 0 0 -0.24533857911040252 0.9694374562601182 5.787447446612596
cell 44.12436384626036 17.11003356703815 0.0 2.23606797749979 0.4472135954999579 1 0 0 0.8523793592447683 0.5229239217452939 2.041037331226557
cell 26.283303162950755 21.352811937290653 0.0 2.23606797749979 0.4472135954999579 1 0 0 0.8383106673755517 0.5451928328255583 1.9883544075307753
cell 30.908852924046844 38.48526734195904 0.0 2.23606797749979 0.4472135954999579 1 0 0 0.9285543468240778 0.3711964776154407 2.3809981987558904
cell 29.203074009272466 21.20867250851437 0.0 2.23606797749979 0.4472135954999579 1 0 0 0.8364408152350581 0.5480572621623688 1.9815129708796189
cell 1.2748330912291599 9.042985094871279 0.0 2.23606797749979 0.4472135954999579 1 0 0 0.8265646659902767 0.562841765451341 1.9459529827241044
cell 13.297840381169037 7.716757098694037 0.0 2.23606797749979 0.4472135954999579 1 0 0 0.9476291427459824 0.31937283512928016 2.491457477200708
cell 6.120766525296691 48.24603867530365 0.0 2.23606797749979 0.4472135954999579 1 0 0 0.7955121568458068 0.6059376274093997 1.8397046829273174
cell 42.789273472688706 29.903189671824716 0.0 2.23606797749979 0.4472135954999579 1 0 0 0.9420414768698007 0.33549643195861967 2.4573283429592987
cell 23.42612329850673 46.34401688838164 0.0 2.23606797749979 0.4472135954999579 1 0 0 0.9448450294550328 0.32751774045709053 2.4742422250011185
cell 5.570274230050945 16.01061290136707 0.0 2.23606797749979 0.4472135954999579 1 0 0 0.9930766104092924 0.11746848878737882 2.9061119832963698
cell 2.474727124362276 16.212425889131726 0.0 2.23606797749979 0.4472135954999579 1 0 0 0.9696172765247342 0.2446269344629841 2.647322816804566
cell 15.647069400272478 36.91847876205809 0.0 2.23606797749979 0.4472135954999579 1 0 0 0.8194936166316762 0.5730883110829738 1.9210537105808163
cell 9.831052978487742 10.458286554980848 0.0 2.23606797749979 0.4472135954999579 1 0 0 0.956201263281637 0.29270999999761105 2.5474731644730246
cell 12.61424867604519 2.0471921622664757 0.0 2.23606797749979 0.4472135954999579 1 0 0 0.9207999914880702 0.39003509544087145 2.34025324065032
cell 4.509503661099359 10.082073354945177 0.0 2.23606797749979 0.4472135954999579 1 0 0 0.8983175065568983 0.4393468531961926 2.231849721360045
cell 51.147824861231264 3.956719015283468 0.0 2.23606797749979 0.4472135954999579 1 0 0 0.7959273002167097 0.6053922139982804 1.8410755510111645
cell 34.49636496320163 8.971450196722756 0.0 2.23606797749979 0.4472135954999579 1 0 0 0.8198823412063128 0.5725320485161117 1.9224109649503325
cell 33.38443868447799 13.318617676789863 0.0 2.23606797749979 0.4472135954999579 1 0 0 0.8332138953562984 0.5529508157017072 1.9697894941717147
cell 4.50198468424419 20.78062217349172 0.0 2.23606797749979 0.4472135954999579 1 0 0 0.3389579361774645 -0.9408015292835753 5.591567222904205
cell 0.010814928954793857 8.409015396337551 0.0 2.23606797749979 0.4472135954999579 1 0 0 0.8134516248469529 0.5816325764895328 1.900124196926508
cell 25.403821273145986 29.24911138789928 0.0 2.23606797749979 0.4472135954999579 1 0 0 -0.8333963019747043 -0.5526758578542105 1.9704494153589067
cell 22.80248212908291 29.56381289747014 0.0 2.23606797749979 0.4472135954999579 1 0 0 -0.8131729695187928 -0.5820220972128021 1.8991663343264396
cell 50.204898798657645 47.22137361254412 0.0 2.23606797749979 0.4472135954999579 1 0 0 0.8485498660985282 0.52911541722404 2.0264771295655652
cell 42.88301280418318 16.502985546229926 0.0 2.23606797749979 0.4472135954999579 1 0 0 0.8520794929558942 0.5234123973350518 2.0398909836318255
cell 33.40268649095936 33.95833212404649 0.0 2.23606797749979 0.4472135954999579 1 0 0 0.9050029103388634 0.42540537405889356 2.2627731252391623
cell 32.8939027169014 31.006770381799154 0.0 2.23606797749979 0.4472135954999579 1 0 0 0.8942196219254812 0.4476284930201042 2.213369588883719
cell 44.67407884132893 17.350797200166696 0.0 2.23606797749979 0.4472135954999579 1 0 0 -0.846353989643544 -0.5326208071550113 2.0182043654884936
cell 9.558185875183185 14.011451198034809 0.0 2.23606797749979 0.4472135954999579 1 0 0 0.969465325211057 0.2452284306792739 2.64608203171071
cell 41.120549136023456 30.129605286869456 0.0 2.23606797749979 0.4472135954999579 1 0 0 0.9382999063670057 0.345822621746566 2.4353619360608083
cell 18.951938855163267 44.16724171990542 0.0 2.23606797749979 0.4472135954999579 1 0 0 0.8866400722022363 0.462460141380004 2.1800569017423435
cell 43.46536961609394 6.569037225123222 0.0 2.23606797749979 0.4472135954999579 1 0 0 0.8500207697986449 0.5267491726722682 2.0320494454200015
cell 23.80713651108928 36.644498496342344 0.0 2.23606797749979 0.4472135954999579 1 0 0 0.8598402162409085 0.5105632208990263 2.0699132681723413
cell 19.66294565680543 33.809023118558756 0.0 2.23606797749979 0.4472135954999579 1 0 0 0.8434649732780399 0.5371841759146255 2.0074023618025647
cell 19.048174643413553 33.19634974259726 0.0 2.23606797749979 0.4472135954999579 1 0 0 -0.8292093094708278 -0.5589382086482484 1.9553831335272278
cell 19.571015267636874 41.15725407556298 0.0 2.23606797749979 0.4472135954999579 1 0 0 0.8719836615984764 0.4895349772031757 2.1184798935160334
cell 42.57661128933287 11.146583236609468 0.0 2.23606797749979 0.4472135954999579 1 0 0 0.8473042231352336 0.5311078548253625 2.0217775821287622
cell 15.574059661215271 50.63816386657541 0.0 2.23606797749979 0.4472135954999579 1 0 0 0.9196044648784155 0.3928455525721057 2.334144898678295
cell 15.716887155173978 43.99852800754262 0.0 2.23606797749979 0.4472135954999579 1 0 0 0.8595903220433297 0.5109838336478413 2.0689347750467166
cell 25.25809042929862 16.65762521596978 0.0 2.23606797749979 0.4472135954999579 1 0 0 0.8251135316730368 0.5649669546531447 1.9408062464360787
cell 11.462975261780633 0.3827684722304296 0.0 2.23606797749979 0.4472135954999579 1 0 0 0.883137192969087 0.4691148030010156 2.1650162966015616
cell 32.874485240335275 17.880665538797608 0.0 2.23606797749979 0.4472135954999579 1 0 0 0.8580378454933794 0.5135864637050704 2.062873793713116
cell 26.19607708934079 19.32491327605292 0.0 2.23606797749979 0.4472135954999579 1 0 0 0.8420474488443525 0.5394034611445478 2.002135633611648
cell 12.1256781135938 41.313401775033775 0.0 2.23606797749979 0.4472135954999579 1 0 0 0.7988706693447171 0.6015028293040057 1.85083071011607
cell 26.53714879342261 50.77224103799244 0.0 2.23606797749979 0.4472135954999579 1 0 0 0.3173425725473694 -0.9483109677996019 5.63733351884601
cell 39.432199725813255 30.486975264207224 0.0 2.23606797749979 0.4472135954999579 1 0 0 0.9324500159881245 0.3612990003912913 2.402271408227533
cell 30.59232748262079 37.400834044409095 0.0 2.23606797749979 0.4472135954999579 1 0 0 0.9045908010688171 0.4262809902185128 2.2608376275951065
cell 8.392292793882586 3.589525193812462 0.0 2.23606797749979 0.4472135954999579 1 0 0 0.8837727709733505 0.46791632722751375 2.167729452595161
cell 10.220602392250184 12.450271810417991 0.0 2.23606797749979 0.4472135954999579 1 0 0 0.9831371024258567 0.18287000255288033 2.7737828686515065
cell 34.977060196078035 39.00929205677026 0.0 2.23606797749979 0.4472135954999579 1 0 0 0.9044558138026354 0.42656732279748355 2.2602045149395766
cell 34.48825128282593 47.4018559771756 0.0 2.23606797749979 0.4472135954999579 1 0 0 0.21648180780024653 -0.9762866520093046 5.84676655714964
cell 29.45470434701175 16.588009130177525 0.0 2.23606797749979 0.4472135954999579 1 0 0 0.835017103689077 0.550223987614776 1.9763277389591258
cell 44.471945668405226 12.475580704425138 0.0 2.23606797749979 0.4472135954999579 1 0 0 0.8470687607023878 0.5314833154880036 2.020891211394391
cell 8.288125976849269 44.19340700317783 0.0 2.23606797749979 0.4472135954999579 1 0 0 0.7758407819366879 0.6309287448546537 1.7760932305718449
cell 21.80541255816545 44.72695677850178 0.0 2.23606797749979 0.4472135954999579 1 0 0 0.9143458414697904 0.40493417018930494 2.3077789878875214
cell 32.56545225069872 25.730969955551146 0.0 2.23606797749979 0.4472135954999579 1 0 0 0.8535686010196172 0.5209804635045479 2.045594228494828
cell 45.19807486076655 12.714313713590737 0.0 2.23606797749979 0.4472135954999579 1 0 0 0.8397235864392484 0.5430140867211515 1.9935479722631502
cell 6.906745713821573 48.37074131245312 0.0 2.23606797749979 0.4472135954999579 1 0 0 0.7906174629663902 0.6123104010651693 1.8236335137492896
cell 25.85069520036377 41.32058397446071 0.0 2.23606797749979 0.4472135954999579 1 0 0 0.9159693335870597 0.4012482771652456 2.3158341864494125
cell 14.357572256625517 48.38687505625192 0.0 2.23606797749979 0.4472135954999579 1 0 0 0.8846675843435126 0.46622233452700884 2.171561059756329
cell 28.410949434424417 20.91135391405638 0.0 2.23606797749979 0.4472135954999579 1 0 0 0.8299684288649164 0.5578103683936882 1.958102167310738
cell 21.382833408324856 33.599451263611016 0.0 2.23606797749979 0.4472135954999579 1 0 0 0.8386785458132372 0.5446267499789135 1.9897046435864205
cell 24.063176656000916 21.818593838147244 0.0 2.23606797749979 0.4472135954999579 1 0 0 0.854358985427705 0.51968329203366 2.0486322290090433
cell 30.332572488830838 48.39851355279643 0.0 2.23606797749979 0.4472135954999579 1 0 0 0.212526910280458 -0.9771552140814898 5.854864862371516
cell 34.16622176537263 46.18655778459149 0.0 2.23606797749979 0.4472135954999579 1 0 0 0.13832534754639192 -0.9903868427166074 6.005644693625886
cell 7.444278489457759 6.697739442740998 0.0 2.23606797749979 0.4472135954999579 1 0 0 0.8963558490395332 0.4433353041351631 2.222960205370401
cell 30.506930234704644 40.88246365504384 0.0 2.23606797749979 0.4472135954999579 1 0 0 0.9407701669294091 0.33904497196627453 2.449789541470034
cell 11.321964754646096 41.066268534690984 0.0 2.23606797749979 0.4472135954999579 1 0 0 -0.791131463503451 -0.6116461456225223 1.8253133136024324
cell 49.91386285443813 5.034010247912208 0.0 2.23606797749979 0.4472135954999579 1 0 0 0.8164116418764166 0.5774703724076706 1.9103390293458968
cell 32.40657310708675 38.329031621879054 0.0 2.23606797749979 0.4472135954999579 1 0 0 0.9381916450760809 0.3461162190788481 2.4347360929448922
cell 31.595743239988625 30.24678369277283 0.0 2.23606797749979 0.4472135954999579 1 0 0 0.8785530681015954 0.47764474929519907 2.145648806584383
cell 42.88800022874326 27.653958697315737 0.0 2.23606797749979 0.4472135954999579 1 0 0 0.9418805179508941 0.3359480464365815 2.4563694614970033
cell 38.41682702010597 30.280058160191384 0.0 2.23606797749979 0.4472135954999579 1 0 0 0.930507597621043 0.36627259079750313 2.391592520949383
cell 46.14829537287663 41.96745767643779 0.0 2.23606797749979 0.4472135954999579 1 0 0 0.15937592645556856 -0.9872179668474582 5.963068373390109
cell 14.607781535387907 37.4511231272998 0.0 2.23606797749979 0.4472135954999579 1 0 0 0.8095454013832352 0.5870572741217476 1.8867546655131617
cell 5.307365643398026 48.17337618635734 0.0 2.23606797749979 0.4472135954999579 1 0 0 0.7949882849248295 0.6066247825734439 1.8379765347212715
cell 43.95309030516918 43.861058732024 0.0 2.23606797749979 0.4472135954999579 1 0 0 0.1579647818204432 -0.9874447466589813 5.965926875523672
cell 42.640084831784236 6.189183020213177 0.0 2.23606797749979 0.4472135954999579 1 0 0 -0.8340146355004033 -0.5517423200835054 1.9726889057021264
cell 18.35467987657801 32.73562507002431 0.0 2.23606797749979 0.4472135954999579 1 0 0 0.8232203340898006 0.5677220107949639 1.9341205776319548
cell 47.17816639291832 19.72077755599271 0.0 2.23606797749979 0.4472135954999579 1 0 0 0.921265505216148 0.3889342732375684 2.3426436487530236
cell 22.451790474154688 46.07841736732542 0.0 2.23606797749979 0.4472135954999579 1 0 0 0.9294039987476718 0.3690639607328758 2.385589294032486
cell 47.46267123414745 16.323599611773066 0.0 2.23606797749979 0.4472135954999579 1 0 0 0.8708795105584412 0.4914965697637065 2.113977895278682
cell 3.8236457004835347 47.0543669680243 0.0 2.23606797749979 0.4472135954999579 1 0 0 0.7865975079789294 0.6174660803974079 1.8105581598784088
cell 19.955080687243072 48.87939657662323 0.0 2.23606797749979 0.4472135954999579 1 0 0 0.9390651732051166 0.3437391459715408 2.4398010831235526
cell 39.963496935744 20.20065847784495 0.0 2.23606797749979 0.4472135954999579 1 0 0 0.8467419674889491 0.5320037974422208 2.0196620730280497
cell 28.513349301587244 38.878284959941254 0.0 2.23606797749979 0.4472135954999579 1 0 0 0.8960279309231773 0.4439976880632711 2.2214819864635826
cell 10.485718821787108 3.3964530920685716 0.0 2.23606797749979 0.4472135954999579 1 0 0 0.911138633575941 0.41209997622587546 2.292077360557456
cell 37.95807951694661 23.715731590789062 0.0 2.23606797749979 0.4472135954999579 1 0 0 0.8413499450135126 0.5404907677525671 1.9995520334212638
cell 19.466405942487697 35.89686185804673 0.0 2.23606797749979 0.4472135954999579 1 0 0 0.8508544341435532 0.5254014959040884 2.0352188172422943
cell 50.35627063077923 0.40585091976739057 0.0 2.23606797749979 0.4472135954999579 1 0 0 0.8252550089361458 0.5647602767775031 1.9413071718220773
cell 18.893826439655324 40.79566353523897 0.0 2.23606797749979 0.4472135954999579 1 0 0 0.8714308573233904 0.49051835939607885 2.1162236725704355
cell 34.46846659478808 26.807806450957482 0.0 2.23606797749979 0.4472135954999579 1 0 0 0.8652767087243598 0.5012945415014405 2.091404194565313
cell 40.97513197483326 5.307422554288648 0.0 2.23606797749979 0.4472135954999579 1 0 0 0.8215184806819431 0.5701818884338855 1.928138166849838
cell 8.814370444199401 39.74584814786239 0.0 2.23606797749979 0.4472135954999579 1 0 0 0.7586909009383174 0.6514507785193018 1.7226024866026528
cell 40.97012964788326 15.288420397773377 0.0 2.23606797749979 0.4472135954999579 1 0 0 0.8358883423640201 0.5488995163961532 1.979498405364826
cell 47.09752125153174 20.993361911345456 0.0 2.23606797749979 0.4472135954999579 1 0 0 0.9538860683172847 0.3001689002381699 2.5318532245807135
cell 48.50298348503985 9.228810009864533 0.0 2.23606797749979 0.4472135954999579 1 0 0 0.822971971720713 0.5680819780296871 1.9332459113424445
cell 28.78917352610132 43.258160253604125 0.0 2.23606797749979 0.4472135954999579 1 0 0 0.9469841441709435 0.3212802992541338 2.4874303472453763
cell 38.128095085171516 36.26816020040596 0.0 2.23606797749979 0.4472135954999579 1 0 0 0.922635615901318 0.38567281505233875 2.3497187673624347
cell 28.94261885088567 41.11497735598409 0.0 2.23606797749979 0.4472135954999579 1 0 0 0.9351827251095828 0.35416559778811746 2.4175492897038384
cell 1.7872599307722266 9.31041441446582 0.0 2.23606797749979 0.4472135954999579 1 0 0 0.8445651680688099 0.5354527774555875 2.0115051270541096
cell 25.688373589058585 24.72136004460806 0.0 2.23606797749979 0.4472135954999579 1 0 0 0.8204490533435652 0.5717196435908493 1.9243920399002763
cell 13.426658941535955 32.62467174392525 0.0 2.23606797749979 0.4472135954999579 1 0 0 0.7872270834228453 0.6166632136957422 1.812598709089308
cell 15.231458737429035 33.55039226617627 0.0 2.23606797749979 0.4472135954999579 1 0 0 0.8051842721872254 0.5930246941083719 1.8719722708679316
cell 32.515546701198666 21.645250540083897 0.0 2.23606797749979 0.4472135954999579 1 0 0 0.8755488903881881 0.4831295277045407 2.133141527841802
cell 24.662759794397378 28.974614122791618 0.0 2.23606797749979 0.4472135954999579 1 0 0 0.8266772360675055 0.5626764144406531 1.9463530476146222
cell 2.6798659670903393 43.45752805231383 0.0 2.23606797749979 0.4472135954999579 1 0 0 0.8726234285433512 0.4883936444685238 2.1210967178503526
cell 27.70409069439252 1.3810824399917823 0.0 2.23606797749979 0.4472135954999579 1 0 0 -0.3329467719486832 0.9429456225302452 5.604331449396916
cell 31.34905814581344 12.535893953390282 0.0 2.23606797749979 0.4472135954999579 1 0 0 0.822604442357912 0.5686140443332618 1.9319525863276197
cell 16.847496344406416 24.931094546825395 0.0 2.23606797749979 0.4472135954999579 1 0 0 0.7825525823895007 0.6225844969122857 1.7975105912791614
cell 31.60227991038061 50.049795212629284 0.0 2.23606797749979 0.4472135954999579 1 0 0 0.29027910049068145 -0.956942027407262 5.6941483400266035
cell 13.869892237429465 2.007995737924333 0.0 2.23606797749979 0.4472135954999579 1 0 0 0.926719490920211 0.3757538890664805 2.3711723667055207
cell 45.094169631937184 23.148315750222036 0.0 2.23606797749979 0.4472135954999579 1 0 0 0.9564102874169786 0.2920263038203449 2.5489030338009493
cell 30.693284876218645 21.761233873222782 0.0 2.23606797749979 0.4472135954999579 1 0 0 0.8643362780517896 0.5029143052683821 2.0876582391271694
cell 11.100789922589822 5.427357725748494 0.0 2.23606797749979 0.4472135954999579 1 0 0 0.930224378499186 0.3669912882423819 2.390047543126972
cell 50.17499254281441 41.141444906726925 0.0 2.23606797749979 0.4472135954999579 1 0 0 0.8764930953062445 0.4814144304863311 2.137057179828161
cell 17.926869960626348 25.33209318391598 0.0 2.23606797749979 0.4472135954999579 1 0 0 0.8158762992532281 0.5782264818536564 1.9084861469644165
cell 17.282751531335215 37.026469306221045 0.0 2.23606797749979 0.4472135954999579 1 0 0 0.8323504167224953 0.5542497485627652 1.9666699926591078
cell 25.22206163703597 45.93597599716374 0.0 2.23606797749979 0.4472135954999579 1 0 0 0.9504687488586838 0.3108201368042427 2.509481079630438
cell 47.92898060232377 16.699536793223118 0.0 2.23606797749979 0.4472135954999579 1 0 0 0.8899392194275753 0.45607914414566036 2.194423769182892
cell 29.475260292841213 50.05974145196809 0.0 2.23606797749979 0.4472135954999579 1 0 0 0.2548168071210021 -0.9669893457575724 5.767868803498571
cell 33.91211154202136 21.480546712415585 0.0 2.23606797749979 0.4472135954999579 1 0 0 0.8292080409903962 0.5589400904899106 1.9553785946416167
cell 37.438811701439434 6.973448356515983 0.0 2.23606797749979 0.4472135954999579 1 0 0 0.7976914023113905 0.603065856004539 1.84691473032692
cell 26.27673445321775 48.371079860917895 0.0 2.23606797749979 0.4472135954999579 1 0 0 0.9539327502664635 0.3000205125804917 2.532164339359399
cell 27.927601570631033 38.30656248467784 0.0 2.23606797749979 0.4472135954999579 1 0 0 0.9197219511386886 0.39257041736947496 2.3347432377184627
cell 3.5949482121496334 5.2469634193794175 0.0 2.23606797749979 0.4472135954999579 1 0 0 0.8275594237922776 0.5613781257696041 1.949492352735808
cell 15.070844437340112 40.43288078483796 0.0 2.23606797749979 0.4472135954999579 1 0 0 0.8180628891948529 0.5751287762946398 1.9160695426491865
cell 11.939926969492932 36.69794632422957 0.0 2.23606797749979 0.4472135954999579 1 0 0 0.77534531958269 0.6315375170179649 1.7745234069859832
cell 38.06476868657845 18.80561442017627 0.0 2.23606797749979 0.4472135954999579 1 0 0 0.8133273349260748 0.5818063649205366 1.8996968778262735
cell 17.781676258100028 44.72151154723864 0.0 2.23606797749979 0.4472135954999579 1 0 0 0.8727879189973411 0.4880996296375268 2.121770518507442
cell 40.49329657493414 44.10218245354956 0.0 2.23606797749979 0.4472135954999579 1 0 0 0.8974550631188578 0.4411058939555522 2.2279315410148084
cell 30.357705513053943 29.420077453698628 0.0 2.23606797749979 0.4472135954999579 1 0 0 0.8783554367563999 0.47800808227526237 2.144821596803386
cell 39.63157911906544 38.898550611891 0.0 2.23606797749979 0.4472135954999579 1 0 0 0.377923377899487 -0.925836875716798 5.508080708648307
cell 17.039534030466644 29.47519474731158 0.0 2.23606797749979 0.4472135954999579 1 0 0 0.8234980906888076 0.5673190413091106 1.9350994200903764
cell 14.401706248607855 2.667109380769093 0.0 2.23606797749979 0.4472135954999579 1 0 0 0.9482443955863952 0.31754144019165775 2.4953214361219054
cell 22.213835488763713 21.320963835935448 0.0 2.23606797749979 0.4472135954999579 1 0 0 0.8277517781125282 0.5610944607029621 1.9501778191630001
cell 5.9495954166583465 1.4235369876644277 0.0 2.23606797749979 0.4472135954999579 1 0 0 0.8234628019259472 0.5673702616847911 1.9349750203529117
cell 17.034096851952576 3.2439798111112053 0.0 2.23606797749979 0.4472135954999579 1 0 0 0.9749598100303112 0.22238113414959348 2.6930804884234014
cell 1.385746138372789 50.906912975430366 0.0 2.23606797749979 0.4472135954999579 1 0 0 0.7846142926047041 0.619984202895864 1.8041475146895978
cell 34.13361567364177 31.892351248713496 0.0 2.23606797749979 0.4472135954999579 1 0 0 0.9021561041380725 0.43140973999947585 2.249482996815573
cell 40.476059808631234 27.61114752458298 0.0 2.23606797749979 0.4472135954999579 1 0 0 0.9288193941719249 0.37053276914477934 2.3824275469323233
cell 3.0572515701012413 17.31325180940561 0.0 2.23606797749979 0.4472135954999579 1 0 0 0.9970799017740399 0.07636536831752305 2.988713080175326
cell 35.59748982556792 32.429531287881375 0.0 2.23606797749979 0.4472135954999579 1 0 0 0.9118407232218404 0.4105441455851868 2.295491179276004
cell 41.866181310062736 27.43838880710701 0.0 2.23606797749979 0.4472135954999579 1 0 0 0.9354409489373756 0.3534829996635512 2.4190089057746484
cell 7.398332007151807 43.987324945567735 0.0 2.23606797749979 0.4472135954999579 1 0 0 0.782870462833497 0.6221847301427978 1.7985320832318126
cell 23.940829759940126 28.624910066483224 0.0 2.23606797749979 0.4472135954999579 1 0 0 0.8185413840784496 0.574447562925404 1.9177344859492127
cell 48.56349820915955 17.112548744495285 0.0 2.23606797749979 0.4472135954999579 1 0 0 0.8941772512424779 0.4477131261873462 2.2131802949558472
cell 35.94037832746135 17.486938078385045 0.0 2.23606797749979 0.4472135954999579 1 0 0 0.8148580815048163 0.5796605101318272 1.904968644848937
cell 36.86371754256486 40.22652127294016 0.0 2.23606797749979 0.4472135954999579 1 0 0 0.9221248120017204 0.38689253170718085 2.3470740521817377
cell 30.67733900706717 34.90055914825663 0.0 2.23606797749979 0.4472135954999579 1 0 0 0.9124881082507492 0.4091032293944513 2.2986505129799837
cell 0.5377892012273442 20.67736749264727 0.0 2.23606797749979 0.4472135954999579 1 0 0 0.979186984134235 0.2029602180283155 2.732832418658861
cell 26.250113448005813 49.623776624928375 0.0 2.23606797749979 0.4472135954999579 1 0 0 0.9625308057006972 0.2711723586156354 2.592371015973353
cell 4.850420754557846 5.829541535861436 0.0 2.23606797749979 0.4472135954999579 1 0 0 0.8620925306241328 0.5067508940713163 2.0787691787314304
cell 25.520049158299763 43.8446026798577 0.0 2.23606797749979 0.4472135954999579 1 0 0 0.9346161343158083 0.3556580963180439 2.414356436728399
cell 25.43955901693306 42.80071379150914 0.0 2.23606797749979 0.4472135954999579 1 0 0 0.9186350328974497 0.39510717069359974 2.32922363138291
cell 20.97086623056498 29.928731150566428 0.0 2.23606797749979 0.4472135954999579 1 0 0 0.831712074090636 0.5552071917868611 1.9643685331316452
cell 1.3589879632433322 12.70928833389509 0.0 2.23606797749979 0.4472135954999579 1 0 0 0.8789996229370222 0.4768224647356424 2.1475202372476057
cell 37.59855083131925 35.36902633317369 0.0 2.23606797749979 0.4472135954999579 1 0 0 0.9356777889906787 0.35285560104597313 2.420350132456521
cell 15.090279469143832 28.71042224787758 0.0 2.23606797749979 0.4472135954999579 1 0 0 0.7913158316693281 0.6114076009909263 1.825916290094646
cell 23.922666500366446 33.41293710582806 0.0 2.23606797749979 0.4472135954999579 1 0 0 0.8606570613837794 0.5091850574106014 2.0731173725009797
cell 5.611434486344505 5.718295598721025 0.0 2.23606797749979 0.4472135954999579 1 0 0 0.857246975119948 0.5149054511730278 2.0597979495334586
cell 2.9200515673077256 4.9218014220345445 0.0 2.23606797749979 0.4472135954999579 1 0 0 0.794486806996995 0.6072814121210359 1.8363240910596486
cell 21.662367335285246 17.248347333390072 0.0 2.23606797749979 0.4472135954999579 1 0 0 0.8106908179487945 0.5854745064420094 1.8906621628456706
cell 9.857831738261021 44.78862620257993 0.0 2.23606797749979 0.4472135954999579 1 0 0 0.7936352424335181 0.6083938707510875 1.8335221440720197
cell 31.7017958337788 43.4693886951598 0.0 2.23606797749979 0.4472135954999579 1 0 0 0.9594059589694921 0.2820287323905657 2.56977660285739
cell 6.097255760966151 12.890484734114114 0.0 2.23606797749979 0.4472135954999579 1 0 0 0.9643612254674876 0.2645891660949964 2.606036892006996
cell 1.328328907089765 43.35140631275333 0.0 2.23606797749979 0.4472135954999579 1 0 0 0.8717609153455361 0.4899315324368427 2.117570229951601
cell 22.28574027309196 25.873370278298307 0.0 2.23606797749979 0.4472135954999579 1 0 0 0.8366813118064705 0.5476900423358122 1.9823908979949798
