step,msd_global,n_round,n_elongated
0,0.0,1000,0
100,13.736412152997174,1000,0
200,15.200687687452808,1000,0
300,16.678346675860688,999,1
400,17.43771102164423,999,1
500,17.531130377967028,999,1
600,17.622685041906053,999,1
700,18.367290345554924,999,1
800,18.512392228667863,999,1
900,18.939111972480436,999,1
1000,18.23049028602876,999,1
1100,19.51431074380701,999,1
1200,18.232661778640853,999,1
1300,18.952740296614998,999,1
1400,19.423061671232517,999,1
1500,19.366046222749812,999,1
1600,20.032813484784935,999,1
1700,20.691869453932085,999,1
1800,20.681603024615438,999,1
1900,20.716612261616095,999,1
2000,21.487389627009435,999,1
2100,21.553713913139624,999,1
2200,22.30767660813355,999,1
2300,21.70244064638622,999,1
2400,21.06239880856754,999,1
2500,22.555104017924663,999,1
2600,22.703787645720197,999,1
2700,22.18341424164705,999,1
2800,22.385790649631215,997,3
2900,21.935543380147415,994,6
3000,22.280615213431812,991,9
3100,23.493283317871438,988,12
3200,24.31227334163138,984,16
3300,24.905111777736064,978,22
3400,26.178862285449025,967,33
3500,27.40410281568292,960,40
3600,30.966819891186496,952,48
3700,37.282734045730614,942,58
3800,42.90413869205374,928,72
3900,49.42014152444808,904,96
4000,55.42859668840525,883,117
4100,66.82228819303837,872,128
4200,79.52469817341017,863,137
4300,94.39486222922042,851,149
4400,109.23882178906348,840,160
4500,122.69822769676172,839,161
4600,133.11302224742448,830,170
4700,158.48295557673057,818,182
4800,177.88634017857635,809,191
4900,189.64241693962742,793,207
5000,202.03215284650486,783,217
5100,219.82725854406317,770,230
5200,244.7772435955545,760,240
5300,266.3350089656952,750,250
5400,291.1256966079138,741,259
5500,306.09498225472015,736,264
5600,331.2746557707329,724,276
5700,357.7246407485191,719,281
5800,383.8428651976966,719,281
5900,415.21539025424784,725,275
6000,438.3302898256326,710,290
6100,469.7801793040391,700,300
6200,511.44669231362315,690,310
6300,558.1182297313842,679,321
6400,613.9047461094088,662,338
6500,673.4347515784663,645,355
6600,720.1169231975763,627,373
6700,762.8210186567902,621,379
6800,788.7864381628435,633,367
6900,831.3865979810993,642,358
7000,878.5756639683051,640,360
7100,908.0748303385624,633,367
7200,945.3425960405758,627,373
7300,969.7512307955802,624,376
7400,995.8454557159721,622,378
7500,1029.891793659305,623,377
7600,1081.8007931650761,637,363
7700,1107.7888897127243,638,362
7800,1139.3292889944953,643,357
7900,1193.1217380588441,672,328
8000,1241.5433023813498,674,326
8100,1298.3202988324672,678,322
8200,1366.2567599568317,673,327
8300,1420.2008828316345,657,343
8400,1469.5676325275197,656,344
8500,1518.688790061203,652,348
8600,1569.4034395901597,659,341
8700,1610.0317844955964,663,337
8800,1652.9206410600113,657,343
8900,1685.688116675835,645,355
9000,1702.344214021658,642,358
9100,1744.1729746480105,650,350
9200,1786.6157799168855,650,350
9300,1816.2831588065874,652,348
9400,1870.1035177794163,663,337
9500,1918.2954572275967,649,351
9600,1959.5555504870513,647,353
9700,2024.9943764958805,643,357
9800,2059.63836320284,625,375
9900,2074.5238118349084,614,386
10000,2092.5093357408496,603,397
10100,2119.0499704244457,587,413
10200,2151.608538274145,586,414
10300,2193.506562622849,594,406
10400,2220.5983218231904,590,410
10500,2267.031203414043,577,423
10600,2327.388291711302,563,437
10700,2389.008766973148,567,433
10800,2454.538030407563,553,447
10900,2519.625346409644,539,461
11000,2573.640470235905,529,471
11100,2669.1648323600393,533,467
11200,2733.8302157806697,526,474
11300,2781.8123371262077,525,475
11400,2842.5693345864156,520,480
11500,2911.2199776346056,511,489
11600,2972.4011412633186,504,496
11700,3057.9095020021646,495,505
11800,3163.1411506849063,495,505
11900,3261.6404167595647,484,516
12000,3341.5869073599856,479,521
12100,3488.4994616836448,473,527
12200,3659.9131490159116,471,529
12300,3818.655381238423,465,535
12400,3959.497990273784,457,543
12500,4058.5361326713096,452,548
12600,4181.871302567588,427,573
12700,4309.608282246966,409,591
12800,4444.740091541171,400,600
12900,4585.844165812995,393,607
13000,4733.154633985155,385,615
13100,4909.291016441436,383,617
13200,5090.635893698366,382,618
13300,5251.797072753338,381,619
13400,5408.33793584002,366,634
13500,5654.461309483159,352,648
13600,5916.573010817647,337,663
13700,6172.46836722749,327,673
13800,6419.960613824399,319,681
13900,6643.439334837494,312,688
14000,6894.018337102765,311,689
14100,7143.252518180631,313,687
14200,7389.945255860448,309,691
14300,7671.02775653697,299,701
14400,7947.089218579055,285,715
14500,8214.519965608783,270,730
14600,8467.414287769068,257,743
14700,8758.915308244581,239,761
14800,9117.421548704402,228,772
14900,9433.960795333927,216,784
15000,9784.90320813081,204,796
15100,10176.28609133584,186,814
15200,10565.472509413023,179,821
15300,10949.718406737471,175,825
15400,11359.531514857248,174,826
15500,11766.940752201292,166,834
15600,12182.05930284213,164,836
15700,12612.843498659455,162,838
15800,13020.975749626023,157,843
15900,13412.033713289573,141,859
16000,13851.496502125867,132,868
16100,14314.138161374489,119,881
16200,14809.576618564315,96,904
16300,15233.859162752933,83,917
16400,15787.911029050234,67,933
16500,16338.425085247845,65,935
16600,16880.030194990904,55,945
16700,17453.64815766263,51,949
16800,18024.175321499173,49,951
16900,18573.94849657815,57,943
17000,19123.94352802007,50,950
17100,19684.26790472393,46,954
17200,20304.991296836226,47,953
17300,20937.358201798073,44,956
17400,21554.240207911513,40,960
17500,22264.414042948596,34,966
17600,22917.284287042068,30,970
17700,23584.770763039884,20,980
17800,24300.493459908343,13,987
17900,25002.289402002018,8,992
18000,25721.598016606495,10,990
18100,26466.38258938034,10,990
18200,27170.16746303858,11,989
18300,27957.764996400387,12,988
18400,28698.95762549019,8,992
18500,29492.26027039171,7,993
18600,30317.848524821537,8,992
18700,31141.573985076517,6,994
18800,31995.051880667706,5,995
18900,32861.677398985856,5,995
19000,33746.568680360855,5,995
19100,34587.25623009428,7,993
19200,35473.20998829983,7,993
19300,36392.75345312174,6,994
19400,37362.84800695877,5,995
19500,38288.464974872986,4,996
19600,39208.782046907254,4,996
19700,40170.63901320899,4,996
19800,41126.82168389466,2,998
19900,42187.76384881693,2,998
20000,43195.80995126224,2,998
20100,44253.93965314198,2,998
20200,45313.8042189898,2,998
20300,46325.581127301586,2,998
20400,47364.32643483556,2,998
20500,48436.045060021985,2,998
20600,49528.36133250655,2,998
20700,50686.83946396796,2,998
20800,51892.118073489415,2,998
20900,53037.00515370564,2,998
21000,54133.51690803166,2,998
21100,55365.06972405793,2,998
21200,56560.31644102423,2,998
21300,57807.39777996749,2,998
21400,59091.03723103871,2,998
21500,60280.708734643296,2,998
21600,61461.28951184357,2,998
21700,62726.80499548894,2,998
21800,64005.30192007151,2,998
21900,65343.448660986556,2,998
22000,66669.86094554055,2,998
22100,67997.51652448888,2,998
22200,69341.09775777644,3,997
22300,70786.15489427563,3,997
22400,72174.06559929051,3,997
22500,73516.1738496365,2,998
22600,75008.19629328584,2,998
22700,76465.0508528489,2,998
22800,77851.94413698235,2,998
22900,79260.40582940185,2,998
23000,80710.84677064234,3,997
23100,82106.91553464114,3,997
23200,83591.14849359186,3,997
23300,85134.56234711743,3,997
23400,86565.09629423797,3,997
23500,88301.32920646366,3,997
23600,89913.00527071791,2,998
23700,91406.58927714557,2,998
23800,92942.95158365472,2,998
23900,94642.3679053974,2,998
24000,96194.38779243546,2,998
24100,97778.92506787374,2,998
24200,99438.65098909385,2,998
24300,101089.54283957092,2,998
24400,102639.94207787878,2,998
24500,104322.54196133149,2,998
24600,105877.99519310154,2,998
24700,107646.257757215,2,998
24800,109498.40376541512,2,998
24900,111259.8009923193,2,998
25000,113074.91491778434,2,998
25100,114782.39230922928,2,998
25200,116559.547334378,2,998
25300,118444.05372165408,2,998
25400,120123.1517294798,2,998
25500,121914.46846372467,2,998
25600,123820.9289421533,2,998
25700,125538.07771984584,2,998
25800,127389.32511534593,2,998
25900,129314.13991018887,2,998
26000,131215.78888155578,2,998
26100,133236.14875314868,2,998
26200,135295.17261176484,2,998
26300,137123.8985551604,2,998
26400,139001.29043194247,2,998
26500,141021.9197324789,2,998
26600,143175.77140348605,2,998
26700,145082.6039144219,2,998
26800,147021.28706030833,2,998
26900,149085.23665753467,2,998
27000,150956.40462709282,2,998
27100,153092.51176322723,2,998
27200,155181.26964634788,2,998
27300,157420.26177693516,2,998
27400,159505.05495860055,2,998
27500,161663.71059288358,2,998
27600,163729.5719165289,2,998
27700,165952.1210936146,2,998
27800,168177.0963830417,2,998
27900,170415.06277591712,2,998
28000,172618.55903437283,3,997
28100,174625.66116845407,3,997
28200,176782.2664008374,3,997
28300,179081.61451960064,3,997
28400,181224.18386176712,3,997
28500,183537.033374987,3,997
28600,185960.23523526723,2,998
28700,188254.6206067568,2,998
28800,190674.28823372856,2,998
28900,192975.55808135413,2,998
29000,195269.61595564152,2,998
29100,197729.24719351652,2,998
29200,200039.5167818554,2,998
29300,202498.10876237732,2,998
29400,204644.2546973199,2,998
29500,206964.30439507263,2,998
29600,209500.19130974478,2,998
29700,211983.87324740994,3,997
29800,214408.84485762092,3,997
29900,216871.11346982798,2,998
30000,219417.2451054782,2,998
30100,222000.0923270525,2,998
30200,224490.76318011328,2,998
30300,227048.02412249366,2,998
30400,229747.92108762005,2,998
30500,232077.5997780462,2,998
30600,234706.9104157455,2,998
30700,237153.61755818772,2,998
30800,239680.06661175078,2,998
30900,242286.74383875274,2,998
31000,244865.6408043589,2,998
31100,247473.63228712062,2,998
31200,250265.17434217085,2,998
31300,253071.1453142354,2,998
31400,255852.2108681641,2,998
31500,258685.72127976245,2,998
31600,261420.68356517612,2,998
31700,264051.2661821852,2,998
31800,266829.1602281315,2,998
31900,269567.67870191275,2,998
32000,272230.1212955017,2,998
32100,274980.0430231908,2,998
32200,277707.20299751876,2,998
32300,280480.8159991809,2,998
32400,283302.71670948184,2,998
32500,286306.50670765433,2,998
32600,289384.23242725286,2,998
32700,292205.8345383926,2,998
32800,295251.67136700253,2,998
32900,298093.56228279305,2,998
33000,300967.0354553939,2,998
33100,303960.01469286147,2,998
33200,306898.5710510163,2,998
33300,309686.5805688545,2,998
33400,312602.02675700496,2,998
33500,315561.23018253775,2,998
33600,318634.3140409985,2,998
33700,321631.22145715915,2,998
33800,324851.2098204096,3,997
33900,327975.5769410491,2,998
34000,331083.55284446635,2,998
34100,334284.7721772501,2,998
34200,337407.51587057783,2,998
34300,340475.24974748504,2,998
34400,343557.80508857017,2,998
34500,346501.86494131497,2,998
34600,349663.9443344854,2,998
34700,352937.27144998335,2,998
34800,356083.27511924325,2,998
34900,359308.91523919743,2,998
35000,362563.0199533602,2,998
35100,365964.270823679,2,998
35200,369251.70727468637,2,998
35300,372657.3747652676,2,998
35400,375901.39787162316,2,998
35500,379364.40882031416,2,998
35600,382614.3901038343,2,998
35700,385726.3869325961,2,998
35800,388956.5132517587,2,998
35900,392450.49697027745,2,998
36000,395658.67990394356,2,998
36100,399054.52592912933,2,998
36200,402514.7251305685,2,998
36300,406031.05453006545,2,998
36400,409599.0586591414,2,998
36500,413248.20693664055,2,998
36600,416619.2752102897,2,998
36700,420257.6604713058,2,998
36800,423821.75825589325,2,998
36900,427095.82032120205,2,998
37000,430469.25088541873,2,998
37100,434058.2958316638,2,998
37200,437643.5280231037,2,998
37300,441061.424455742,2,998
37400,444655.8575368544,2,998
37500,448251.20891777205,2,998
37600,452100.05069504865,2,998
37700,455737.44123018155,2,998
37800,459658.45785967086,2,998
37900,463369.1184515316,2,998
38000,467214.2210377661,2,998
38100,470836.95921620535,2,998
38200,474440.22429005837,2,998
38300,477920.1975566431,2,998
38400,481439.6377006885,2,998
38500,485139.634516446,2,998
38600,488942.4078013175,2,998
38700,492595.4141502324,2,998
38800,496554.1977738513,2,998
38900,500625.63792414486,2,998
39000,504441.99179368484,2,998
39100,508437.1604147714,2,998
39200,512557.2788665504,2,998
39300,516398.39816711703,2,998
39400,520331.03665397456,2,998
39500,524102.2532565259,2,998
39600,527723.3666114571,2,998
39700,531448.7767541108,2,998
39800,535399.9945525897,2,998
39900,539257.4036639194,2,998
40000,543382.038127244,2,998
40100,547632.6000120771,2,998
40200,551757.6924204133,2,998
40300,555723.7221462897,2,998
40400,559810.9070606276,2,998
40500,564254.7308532117,2,998
40600,568281.2554869269,2,998
40700,572443.7911711383,2,998
40800,576432.6149849353,2,998
40900,580063.9038913479,2,998
41000,584105.6957260423,2,998
41100,588075.6788674414,2,998
41200,592392.2435387825,2,998
41300,596516.175370117,2,998
41400,601042.4804325852,2,998
41500,605183.8156231097,2,998
41600,609489.7516715361,2,998
41700,613885.1143915036,2,998
41800,618433.9674324652,2,998
41900,622890.3935349097,2,998
42000,627037.2887387786,2,998
42100,631038.1088800278,2,998
42200,634959.5071470138,2,998
42300,639356.3527728117,2,998
42400,643620.7450080939,2,998
42500,647841.5563491288,2,998
42600,652328.7939561174,2,998
42700,656834.3055549227,2,998
42800,661484.3312210431,2,998
42900,665862.7190811245,2,998
43000,670499.2020592244,2,998
43100,675387.2860265839,2,998
43200,679778.7070844917,2,998
43300,684316.8336471176,2,998
43400,688312.9057574596,2,998
43500,692511.311523005,2,998
43600,697055.8690653314,2,998
43700,701512.5849120189,2,998
43800,705854.084664281,2,998
43900,710261.1117399872,2,998
44000,715272.2389344389,2,998
44100,720100.2785751049,2,998
44200,724582.8427035644,2,998
44300,729647.2585898822,2,998
44400,734610.9146872797,2,998
44500,739386.9885888704,2,998
44600,743622.2780526031,2,998
44700,747854.182725032,2,998
44800,752412.4160944459,2,998
44900,757020.3805154858,2,998
45000,761406.9631562533,2,998
45100,766351.8152288081,2,998
45200,771615.697422652,2,998
45300,776232.6829510595,2,998
45400,780839.3880184657,2,998
45500,785812.7755084374,2,998
45600,791051.9489029587,2,998
45700,796293.6493106851,2,998
45800,801014.1826214842,2,998
45900,805880.995174802,2,998
46000,810216.8046971208,2,998
46100,814898.6985815079,2,998
46200,819435.7193351345,2,998
46300,824149.9288203919,2,998
46400,829224.5392817375,2,998
46500,834417.5806576591,2,998
46600,839476.6152033667,2,998
46700,844403.4824138796,2,998
46800,849641.0749575071,2,998
46900,855017.6715181645,2,998
47000,860099.0722046471,2,998
47100,865065.4657702753,2,998
47200,870228.227148486,2,998
47300,874963.916022529,2,998
47400,879780.3166363369,2,998
47500,884411.0412849946,2,998
47600,889550.1298751737,2,998
47700,894537.2876867312,2,998
47800,899661.8158492587,2,998
47900,905022.5857147236,2,998
48000,910505.3271648415,2,998
48100,916316.6823913731,2,998
48200,921256.9222609863,2,998
48300,926685.8519373169,2,998
48400,932138.5169026353,2,998
48500,937115.7976268514,2,998
48600,942058.0625533398,2,998
48700,947033.3281133518,2,998
48800,951958.2049878583,2,998
48900,957215.5700658822,2,998
49000,962571.9671864776,2,998
49100,967899.6853194818,2,998
49200,973576.7750779786,2,998
49300,978739.7834107595,2,998
49400,984578.7133020215,2,998
49500,990626.7005997709,2,998
49600,996278.1620754215,2,998
49700,1001785.8566939966,2,998
49800,1006672.5922158486,2,998
49900,1011528.4150440095,2,998
50000,1016582.830712534,2,998
