step,msd_global,msd_round,msd_elongated,n_round,n_elongated
0,0.0,0.0,,500,0
100,11.970897772906334,11.970897772906334,,500,0
200,11.5731672574668,11.557178700340078,19.551457263699973,499,1
300,12.708527640084109,12.321940054886063,108.96883635439741,498,2
400,13.117045725487245,11.78629762263021,144.86110790833388,495,5
500,13.587508337562566,11.791761202865223,161.43735576097723,494,6
600,13.91731045227747,12.552051389220798,80.81500454205452,490,10
700,15.285403813539922,12.66233307847138,131.89282103613235,489,11
800,16.25148778112291,12.621490807569307,133.6213899260228,485,15
900,17.006775506155574,12.036326183827006,158.2260121346672,483,17
1000,20.502141328451437,12.449955785090129,187.4974675972925,477,23
1100,22.44470216083634,13.457878573549241,158.40664611043792,469,31
1200,24.152709759433108,12.373895356054362,163.38433642501263,461,39
1300,27.794788114240276,12.576474457653179,161.77562795360515,449,51
1400,32.39630307613821,12.744482818728395,191.39739424972672,445,55
1500,34.44859987081874,17.59180671249066,165.4584133644914,443,57
1600,36.318631198199185,19.83744140562179,150.64053499750585,437,63
1700,41.945798853008164,22.272697902644737,164.83140044151017,431,69
1800,48.33899798301376,24.887809847162746,181.2290640861695,425,75
1900,55.39022654408214,30.850279931009297,188.15763001480954,422,78
2000,65.39434338513716,39.86597684416291,188.2867125475016,414,86
2100,75.49935999980089,42.59966446929096,215.75595673513274,405,95
2200,90.7716290401725,48.109027555448435,268.01934448701576,403,97
2300,106.04737711081034,50.388765478438316,340.27736773037594,404,96
2400,122.1162898011627,52.59701637270626,400.1933835149885,400,100
2500,137.98700622719406,62.87130572480333,404.3063080083977,390,110
2600,155.69179517430422,70.15740665638688,426.5506921477092,380,120
2700,165.16461157533993,89.80738535144063,417.447499368394,385,115
2800,176.29580774634786,93.80054884971989,434.6900484225627,379,121
2900,185.66420008162595,111.22434547736044,429.34338224772574,383,117
3000,191.6446208164914,116.23336695767885,446.98448037352335,386,114
3100,197.45565889109255,126.9379723657747,465.9653114298028,396,104
3200,204.01670743433706,138.88931985563252,440.40500309037554,392,108
3300,219.02890388043673,146.1966746786102,489.7449256306223,394,106
3400,232.93581107902574,147.81392805989208,541.8967198151406,392,108
3500,254.39751115813726,166.60292301608382,569.3303915576133,391,109
3600,276.4033333189343,177.28908765307636,612.0006914506989,386,114
3700,299.0654384837154,184.48870643428296,661.8917566402514,380,120
3800,325.490462458426,191.59730933832972,718.7357074489448,373,127
3900,338.09957227813555,198.90684107839115,722.1877854383326,367,133
4000,348.6742004381642,208.87144508743623,726.6594278679103,365,135
4100,345.87724961251433,231.38700855774178,668.372661438553,369,131
4200,358.03012790313153,264.1374098206117,611.888217533648,365,135
4300,374.64373643482105,282.05931284372264,617.5101229563982,362,138
4400,393.95772872938784,292.09556120716854,661.1613855630357,362,138
4500,423.07353160274755,298.85639890605586,739.3426850645367,359,141
4600,449.8155486854919,285.8337243677301,855.2150588044028,356,144
4700,473.8611098697507,282.87717590198946,915.27430824557,349,151
4800,500.0447555039133,288.177916935037,985.1083069642351,348,152
4900,531.2944297675383,301.78494835055017,1037.3922605844866,344,156
5000,559.3868252408284,306.38813504721656,1097.0090419022538,340,160
5100,593.9105946872274,321.9853823495247,1136.1327246779756,333,167
5200,638.4257868509566,337.80175679463366,1221.9900804897013,330,170
5300,671.4723600689779,352.52597955990433,1274.3363278520244,327,173
5400,715.3635482780526,356.98273729584355,1352.4849900242023,320,180
5500,734.1766768620182,359.56703324959807,1454.9168683736334,329,171
5600,775.344319995296,328.2891920597368,1612.9303642883556,326,174
5700,800.8510999540015,331.8550252065061,1695.215707612016,328,172
5800,843.1049738043364,353.77469789112956,1713.0254643167043,320,180
5900,877.7835317380035,349.26989814133407,1762.4079558864394,313,187
6000,917.2141359775478,360.2463955099346,1803.1680029389845,307,193
6100,946.4654689633346,332.12092249003484,1907.3633493446498,305,195
6200,996.3452809385974,329.07295799228393,1964.54433776266,296,204
6300,1052.3693712621275,328.01784777874724,2044.4906522417339,289,211
6400,1132.393876300089,323.2023534294669,2170.671583727691,281,219
6500,1215.182035496966,318.4510786400318,2251.0608994523895,268,232
6600,1292.524438359458,337.93882545343604,2310.223149639432,258,242
6700,1385.809927622979,322.52709070942996,2440.6203913340296,249,251
6800,1491.916223825966,356.4805837157619,2609.329075997913,248,252
6900,1585.9434120871126,371.9251092568677,2688.7539314519913,238,262
7000,1681.843224841432,418.48691570415053,2838.7097301433873,239,261
7100,1792.0120852439875,423.3526587639097,2902.808141517674,224,276
7200,1892.439386377549,435.53635436943694,2991.506585962616,215,285
7300,2006.1941540533035,444.80236091667206,3055.825426362544,201,299
7400,2152.875434323749,464.1507356063244,3288.1050812876365,201,299
7500,2286.4434193501233,489.41844536732043,3406.666779754988,192,308
7600,2443.1272723093516,487.6636960685911,3562.2919605980887,182,318
7700,2604.095369982509,498.23575328049867,3748.019112388539,176,324
7800,2787.3949231679453,546.7953658000679,3962.343471543784,172,328
7900,2943.277553971247,587.124420777799,4178.821270158055,172,328
8000,3109.4876050155917,685.7011138359271,4380.497594292733,172,328
8100,3303.0670522870423,857.5136598211019,4596.8919357629065,173,327
8200,3493.2127210233334,886.3865835261321,4860.206915076744,172,328
8300,3697.491096957913,904.878409966412,5110.6204084475885,168,332
8400,3939.2767750577973,919.077505501846,5440.333897052672,166,334
8500,4149.051486981142,895.4209091944876,5766.1253669589405,166,334
8600,4371.897327809367,893.3020456592566,6039.153054757055,162,338
8700,4603.171959528599,1094.6514355538116,6254.240441399088,160,340
8800,4800.514311444858,1242.1419244520073,6459.696744089619,159,341
8900,4977.121928003989,1523.0509566394037,6514.482996183601,154,346
9000,5184.3714409472495,1447.0602263640299,6863.453290977391,155,345
9100,5341.3025927405415,1491.92249087455,7022.641028038333,152,348
9200,5541.3407509494,1612.4950238113086,7099.70972651814,142,358
9300,5767.7483193767675,1598.2190645758124,7263.340334685805,132,368
9400,6030.5989598522965,1597.1930881907963,7720.681861203919,138,362
9500,6299.712736257168,1679.1846509083985,8114.460535795264,141,359
9600,6531.804080730557,1746.22641175177,8266.086996191534,133,367
9700,6789.22462383731,1741.4178949937589,8383.268853998434,120,380
9800,7079.210653370589,1843.2699237979832,8732.665620604044,120,380
9900,7364.998815179217,1998.3337957416265,8808.822399088822,106,394
10000,7668.380613234266,1935.5948933715747,9173.960701279013,104,396
10100,7975.299242895534,2082.6630875397236,9304.030924985569,92,408
10200,8261.667873264529,2416.495820457757,9391.641468198533,81,419
10300,8617.677008538802,2388.3435978854236,9631.75454050563,70,430
10400,8992.49149240173,2035.112710186576,10125.088038343732,70,430
10500,9382.770688288323,1468.882001207118,10461.93732743576,60,440
10600,9753.447438879895,2072.2078923361273,10761.392899738583,58,442
10700,10134.232908728489,2049.3116325826622,11236.722173657465,60,440
10800,10490.961174543836,2154.5084589824255,11671.006992728328,62,438
10900,10929.60650488093,2058.552939675847,12116.436800452584,59,441
11000,11395.993192879629,2127.885716974407,12564.943685336142,56,444
11100,11774.45984236562,2232.489224681996,12953.804525450112,55,445
11200,12236.64255413562,2234.376466860257,13472.87768851797,55,445
11300,12710.089675738434,2339.8294928710866,14018.050419523506,56,444
11400,13266.732261030904,2450.157336196517,14576.362408880805,54,446
11500,13727.755499705214,2473.5789777918967,15062.143319976814,53,447
11600,14200.65379998169,2540.4479383628595,15554.070551776735,52,448
11700,14700.057065222223,2821.659231673261,16049.273745647606,51,449
11800,15232.13866128435,2809.3433988988268,16521.037948993227,47,453
11900,15787.54560285474,2950.111068764467,17182.30013094881,49,451
12000,16426.518091447062,3488.8583333848683,17832.161834562463,49,451
12100,17035.670572180094,3303.3957123784817,18460.431981475183,47,453
12200,17511.817979873067,3539.4639193026123,18826.503372880794,43,457
12300,18088.80104568864,3534.016564638104,19528.285225133197,45,455
12400,18748.238454893908,3641.9597407065517,20026.20997301388,39,461
12500,19338.936384297012,3698.2133824541816,20625.40277838799,38,462
12600,19984.08519115992,3876.142490577533,21196.510985827408,35,465
12700,20603.925179112506,3424.7460437601308,21778.569906316086,32,468
12800,21250.675729876013,3352.720905769411,22515.41343693279,33,467
12900,21940.925830362692,3501.7560008985924,23076.246265722475,29,471
13000,22593.969534268126,3678.9984438869865,23716.044090477175,28,472
13100,23281.492929900905,2817.6564879387633,24495.449329000356,28,472
13200,23953.240486011775,2416.6658470956013,25230.833896794942,28,472
13300,24632.86918984552,2463.126957686009,25948.023390058377,28,472
13400,25331.71408013641,2512.5684600181426,26685.39221014343,28,472
13500,26002.47307868235,2565.8837939105665,27392.779222694233,28,472
13600,26668.805331669344,2618.1924405314276,28095.53660487244,28,472
13700,27388.512528898635,2670.422527481871,28854.839901864034,28,472
13800,28172.46768532539,2723.7583708785055,29682.136881945116,28,472
13900,28939.096964157277,2776.2534661800732,30491.13005302033,28,472
14000,29665.47469711174,2830.8276150699535,31257.360540961672,28,472
14100,30402.913342155563,2890.573147654658,32035.001319795447,28,472
14200,31258.91313762223,2949.058006703729,32938.31132335468,28,472
14300,32068.799890544855,3012.8664577888076,33792.456958589704,28,472
14400,32940.13951776872,3078.787413851208,34711.57565952655,28,472
14500,33760.49862257326,3145.40733064686,35576.64810599262,28,472
14600,34608.99521099967,3215.605863316615,36471.31491806562,28,472
14700,35472.17159046117,3285.470423078494,37381.55216818727,28,472
14800,36322.46485857631,3355.457694117517,38278.134775112005,28,472
14900,37286.83499389952,3427.0659949958526,39295.46535824126,28,472
15000,38299.29784636532,3499.842414224152,40363.67232115336,28,472
15100,39298.73132501808,3573.5465444087013,41418.0219475966,28,472
15200,40263.58742955279,3651.3349836300226,42435.50071024314,28,472
15300,41149.87766765429,3730.2875923044594,43369.68385856488,28,472
15400,42151.58965388943,3813.5513253349263,44425.880063210454,28,472
15500,43135.00137160305,3897.7827991096055,45462.63298183571,28,472
15600,44203.32491256553,3976.7368385545856,46589.647933905166,28,472
15700,45303.96455076648,4058.8860385111125,47750.706496408755,28,472
15800,46400.00750559141,4142.041993906648,48906.83596814899,28,472
15900,47522.36443246072,4228.172078743016,50090.663978867706,28,472
16000,48594.190713844226,4315.774731373959,51220.87640771958,28,472
16100,49780.97484871522,4403.405749154148,52472.86454106207,28,472
16200,50919.42178300359,4494.695710766743,53673.43095678036,28,472
16300,52021.370587616184,4587.65855686808,54835.23486062667,28,472
16400,53159.53564474626,4678.959434129781,56035.502030121825,28,472
16500,54313.14240982063,4771.945273887667,57252.026985681056,28,472
16600,55467.48526941678,4865.582867815588,58469.29303900329,28,472
16700,56728.97301534589,4959.839676312048,59800.02329816993,28,472
16800,58040.445425078564,5059.123722045186,61183.40518712291,28,472
16900,59384.523902795285,5159.726678330378,62601.249161873704,28,472
17000,60665.21167261333,5258.238008455199,63952.066042521015,28,472
17100,61920.65994122631,5359.008985239182,65276.012116581485,28,472
17200,63093.954905058876,5460.619233846524,66512.88159741892,28,472
17300,64335.84540562646,5568.490551060494,67822.04442242275,28,472
17400,65636.54314159401,5675.359262204225,69193.56252426968,28,472
17500,66932.51537923786,5782.727080677165,70560.04519355926,28,472
17600,68369.10462839589,5889.897848157286,72075.49825095243,28,472
17700,69622.76202564576,6001.1106452225495,73396.9277855014,28,472
17800,71095.06321543978,6116.297065902846,74949.73578363266,28,472
17900,72452.16095550716,6225.298041356723,76380.8731622788,28,472
18000,73949.26590766033,6350.547039800432,77959.35939982151,28,472
18100,75346.40648903462,6458.03730792935,79433.00466079511,28,472
18200,76700.65463999718,6048.607676010824,80891.87776497944,28,472
18300,77748.13239290068,4341.7926883407645,82102.74576520508,28,472
18400,79224.72447754806,4438.532037365019,83661.19352060977,28,472
18500,80699.69371276652,4525.665787221593,85218.4919795361,28,472
18600,82226.07550471694,4615.305078003302,86830.10425884403,28,472
18700,83720.15813667049,4706.119767935526,88407.43159922255,28,472
18800,85106.66988898926,4796.047527577559,89870.8593511069,28,472
18900,86464.9571163204,4890.178711815023,91304.13888607919,28,472
19000,88006.80240751934,4989.80329164834,92931.5396432066,28,472
19100,89447.87745941927,5088.213201508816,94452.26432217668,28,472
19200,90788.6424156498,5188.241920704784,95866.63227551941,28,472
19300,92265.27386230016,5289.763165369465,97424.83805618586,28,472
19400,93736.56153245046,5392.108423656643,98977.33417449755,28,472
19500,95391.19967831759,5494.879928018817,100724.0322058777,28,472
19600,97044.66312695252,5599.156541722967,102469.39656844918,28,472
19700,98744.87269418016,5703.084705770239,104264.3007951875,28,472
19800,100408.36433912964,5808.600390432301,106020.21474286592,28,472
19900,101963.15777803349,5920.002888402757,107660.63306809633,28,472
20000,103461.65530483042,6033.032800235445,109241.31935171319,28,472
20100,105094.41404113774,6148.083089599668,110964.1116399578,28,472
20200,106683.99717088205,6260.156724724849,112641.34363802694,28,472
20300,108292.79630679761,6373.082098952554,114338.88104794096,28,472
20400,110099.99739552113,6485.114577203823,116246.64298643827,28,472
20500,111816.4001098598,6598.1642849328355,118058.15986218597,28,472
20600,113584.83513094665,6715.883296377347,119924.51871435331,28,472
20700,115420.81501257172,6832.070163206108,121862.52021550018,28,472
20800,117247.81643685896,6954.598032748979,123790.63447778075,28,472
20900,119068.05583740222,7078.353161693695,125711.5127757917,28,472
21000,120776.47903752288,7199.339110049246,127514.10598237302,28,472
21100,122390.64024770391,7319.403633918496,129216.90004682676,28,472
21200,124197.37982710823,7441.470033729294,131123.57786569852,28,472
21300,126173.59473444476,7562.937410408368,133209.8201689215,28,472
21400,128191.31860136686,7685.022019901285,135339.99721213177,28,472
21500,130112.48140883508,7809.605292707131,137367.73677165626,28,472
21600,131973.81505529815,7933.939659721562,139332.11274825607,28,472
21700,133890.7173545293,8066.795209503171,141354.84832923423,28,472
21800,135860.9633113703,8196.46797649199,143434.28083123596,28,472
21900,137792.55600442455,8324.252009527258,145472.87912276588,28,472
22000,139689.34544159722,8453.220636039678,147474.5392859947,28,472
22100,141616.58471534622,8582.361442271887,149508.4454179862,28,472
22200,143578.64501469804,8713.426291534843,151579.12409149585,28,472
22300,145619.7370118271,8847.903406134432,153733.32036131734,28,472
22400,147861.5948187636,8978.864335807313,156100.40086436272,28,472
22500,150040.61000966703,9109.206316908747,158400.94751686457,28,472
22600,152004.96192949038,9249.537976249861,160473.50402841144,28,472
22700,153879.23655520804,9388.919688776377,162450.69603033538,28,472
22800,156025.49664458155,9527.95670802954,164716.028674716,28,472
22900,158050.60254201217,9669.299271304999,166852.8832445118,28,472
23000,160053.54560243493,9810.687157913368,168966.2575440591,28,472
23100,162081.99193753354,9953.893955727286,171106.54012289492,28,472
23200,164179.53918611986,10098.686561184688,173319.92874861605,28,472
23300,166460.44585809053,10177.453329522468,175731.4708385987,28,472
23400,168763.91639953837,10390.433828521398,178158.95350120886,28,472
23500,170848.62671307728,10541.520864846218,180358.3702803452,28,472
23600,172991.94482912894,9433.59168461987,182694.55899871848,28,472
23700,175025.2703301435,7533.835580273132,184961.20290005108,28,472
23800,177109.26573688447,7653.174459403709,187161.7457279215,28,472
23900,179305.32521352576,7776.892497287966,189480.74071364163,28,472
24000,181479.42423118008,7829.282649463863,191780.70381653612,28,472
24100,183605.66909542965,7952.395218308969,194025.77856271644,28,472
24200,185890.33573849488,8077.09416639511,196438.5788826025,28,472
24300,188119.85528935076,8201.238605532537,198792.9935672044,28,472
24400,190347.68225800796,8330.112781573762,201145.3346845761,28,472
24500,192625.21397758083,8460.894936109788,203550.21595461728,28,472
24600,194862.17813498023,8589.906736999708,205912.22813316554,28,472
24700,196988.27694097027,8785.57877190475,208152.84378150804,28,472
24800,199113.97856936796,8914.747789737039,210396.98378510875,28,472
24900,201457.55688828815,8978.41450994443,212875.81109717293,28,472
25000,203913.26211588242,9112.936593043645,215469.21362994914,28,472
25100,206175.9893621146,9245.841847396328,217858.2862485809,28,472
25200,208603.6515574665,9383.016654069866,220421.82481444767,28,472
25300,211224.06750475863,9518.408053625517,223189.65747219874,28,472
25400,213589.6706650519,9657.282599924127,225687.3547028137,28,472
25500,215746.8943883594,9795.031784321342,227964.37776317523,28,472
25600,218136.2257163976,9934.073277404028,230487.2008610837,28,472
25700,220542.17340281623,10072.39013602377,233027.66902033778,28,472
25800,223028.3573436228,10213.431275991057,235652.97160187215,28,472
25900,225524.90279593095,10354.034007600434,238289.27636812002,28,472
26000,227989.95064291367,10496.251818889974,240892.11921722017,28,472
26100,230559.39955742983,10636.74139070524,243605.6589402016,28,472
26200,233152.1420797093,10777.358169614634,246343.86654895215,28,472
26300,235895.26558775615,10922.20432400234,249241.12515425,28,472
26400,238408.12586157167,11062.316199871002,251894.74168896073,28,472
26500,240659.23357862188,11207.162906299624,254270.79709308164,28,472
26600,243244.99308742597,11353.573380004631,257001.2637480357,28,472
26700,245873.18022659165,11509.07009269139,259776.13591250096,28,472
26800,248625.63220744205,11656.09989460273,262683.14683616976,28,472
26900,251314.29698286593,11804.637977854842,265522.4970933327,28,472
27000,253999.49719923068,11955.315211636127,268358.0503679863,28,472
27100,256699.510293601,12106.80435100747,271209.2470868057,28,472
27200,259506.08965807312,12258.50280846306,274173.3193864398,28,472
27300,262306.86491316545,12413.441025069726,277131.0510760186,28,472
27400,264891.773909742,12568.781780354082,279860.08700216335,28,472
27500,267481.86370975815,12728.114801394808,282594.3742382204,28,472
27600,270000.8777648752,12886.953954347757,285253.39866888954,28,472
27700,273003.396467466,13044.50174354557,288424.68683244433,28,472
27800,275772.76065209723,13205.021851944983,291348.81295380124,28,472
27900,278843.2782072053,13366.10780826055,294591.92390883766,28,472
28000,281638.3302769619,13526.122019987433,297543.2917837316,28,472
28100,284650.7882503718,13688.842738198358,300724.80196719564,28,472
28200,287503.0622561256,13852.833556266389,303736.5503993376,28,472
28300,290269.5663648283,14017.76173285363,306657.38528367435,28,472
28400,293091.7106425955,14180.770833679106,309637.27486854815,28,472
28500,295789.66602653946,14350.386502344754,312485.2165067883,28,472
28600,298652.2847579261,14515.35574261439,315507.8652927327,28,472
28700,301472.8302014147,14685.030599102347,318485.6657710434,28,472
28800,304372.62311135576,14855.30180815714,321547.37945985066,28,472
28900,307504.5338207223,15026.099605802738,324854.9494097429,28,472
29000,310489.1963724896,15199.977237392335,328006.35343982594,28,472
29100,313513.61155079113,15440.613066030166,331195.9080710736,28,472
29200,316541.1639591706,15611.517865565724,334392.92262574035,28,472
29300,319131.8411451689,15783.92769654264,337127.05634974845,28,472
29400,322146.2811914673,15155.60730691847,340357.59235411,28,472
29500,325011.41747225163,13190.19027617193,343509.2868821886,28,472
29600,327982.3784662076,11968.460585512508,346728.9668150624,28,472
29700,331149.7582998895,12120.630140569163,350075.2150551035,28,472
29800,334129.554053379,12269.341413041735,353222.9564981447,28,472
29900,337168.2485870206,12421.64761093374,356432.87745848345,28,472
30000,340277.7990552007,12639.399353359628,359713.97530869977,28,472
