1000
 Lattice="60.440174664510224 0.0 0.0 0.0 60.440174664510224 0.0 0.0 0.0 1.0"Properties=species:S:1:pos:R:3:aspherical_shape:R:3:orientation:R:4:Color:R:1
cell 18.296029353727505 6.6632015273548175 0.0 1.0 1.0 1 0 0 0.0 1.0 0
cell 35.07715417305277 4.214045949708425 0.0 1.0 1.0 1 0 0 0.0 1.0 0
cell 49.36762929596339 57.364058903144716 0.0 1.0 1.0 1 0 0 0.0 1.0 0
cell 43.76282236616374 2.788495839463083 0.0 1.0 1.0 1 0 0 0.0 1.0 0
cell 44.92512055586141 54.46494404628987 0.0 1.0 1.0 1 0 0 0.0 1.0 0
cell 15.676671772868822 3.5287388683062897 0.0 1.0 1.0 1 0 0 0.0 1.0 0
cell 44.96502861481619 46.87799442352993 0.0 1.0 1.0 1 0 0 0.0 1.0 0
cell 15.070529702937625 44.7098228028839 0.0 1.0 1.0 1 0 0 0.0 1.0 0
cell 50.3195401243025 46.87856243494368 0.0 1.0 1.0 1 0 0 0.0 1.0 0
cell 4.232230119933116 34.24702274846218 0.0 1.0 1.0 1 0 0 0.0 1.0 0
cell 57.7619734471582 0.7882690730304045 0.0 1.0 1.0 1 0 0 0.0 1.0 0
cell 39.811629883057215 56.640108346169164 0.0 1.0 1.0 1 0 0 0.0 1.0 0
cell 30.29736090349828 39.18050722530941 0.0 1.0 1.0 1 0 0 0.0 1.0 0
cell 36.603304110126786 23.83480681982516 0.0 1.0 1.0 1 0 0 0.0 1.0 0
cell 24.84816949614069 9.24123679646775 0.0 1.0 1.0 1 0 0 0.0 1.0 0
cell 60.31351644333176 3.257737059789085 0.0 1.0 1.0 1 0 0 0.0 1.0 0
cell 36.22749437483926 55.512526233222275 0.0 1.0 1.0 1 0 0 0.0 1.0 0
cell 59.66329550497554 13.879666642498716 0.0 1.0 1.0 1 0 0 0.0 1.0 0
cell 25.33167832766452 18.470790972452114 0.0 1.0 1.0 1 0 0 0.0 1.0 0
cell 20.2997571538299 6.310420131261323 0.0 1.0 1.0 1 0 0 0.0 1.0 0
cell 0.030398212369427115 38.619784405636 0.0 1.0 1.0 1 0 0 0.0 1.0 0
cell 2.342611595239041 28.543753394267647 0.0 1.0 1.0 1 0 0 0.0 1.0 0
cell 34.96254237689004 43.02353814277647 0.0 1.0 1.0 1 0 0 0.0 1.0 0
cell 4.084302847453775 59.3836733377558 0.0 1.0 1.0 1 0 0 0.0 1.0 0
cell 4.626988596010791 21.493037502678348 0.0 1.0 1.0 1 0 0 0.0 1.0 0
cell 46.480155693203834 12.476583606677545 0.0 1.0 1.0 1 0 0 0.0 1.0 0
cell 49.94038855101014 48.86799752723725 0.0 1.0 1.0 1 0 0 0.0 1.0 0
cell 35.00906708319548 22.51653357958124 0.0 1.0 1.0 1 0 0 0.0 1.0 0
cell 56.64939170356738 57.36616959292643 0.0 1.0 1.0 1 0 0 0.0 1.0 0
cell 30.348847262047848 4.799936774326972 0.0 1.0 1.0 1 0 0 0.0 1.0 0
cell 56.03204886054081 25.31113305589194 0.0 1.0 1.0 1 0 0 0.0 1.0 0
cell 37.33711750677499 49.588300059115326 0.0 1.0 1.0 1 0 0 0.0 1.0 0
cell 45.19032155388863 21.366966416628756 0.0 1.0 1.0 1 0 0 0.0 1.0 0
cell 52.610558186596236 21.12473228644068 0.0 1.0 1.0 1 0 0 0.0 1.0 0
cell 51.903184687646096 59.783488765583805 0.0 1.0 1.0 1 0 0 0.0 1.0 0
cell 48.20774077835331 5.6440689666301 0.0 1.0 1.0 1 0 0 0.0 1.0 0
cell 36.6880783703136 33.114003762621145 0.0 1.0 1.0 1 0 0 0.0 1.0 0
cell 48.137499506143875 18.353126246512666 0.0 1.0 1.0 1 0 0 0.0 1.0 0
cell 32.42482765420247 27.225059805073826 0.0 1.0 1.0 1 0 0 0.0 1.0 0
cell 43.69279454951304 15.40663364703285 0.0 1.0 1.0 1 0 0 0.0 1.0 0
cell 24.675920815371864 14.563189435747958 0.0 1.0 1.0 1 0 0 0.0 1.0 0
cell 30.626261812502452 13.61459739123515 0.0 1.0 1.0 1 0 0 0.0 1.0 0
cell 20.16155158030092 11.700603743236698 0.0 1.0 1.0 1 0 0 0.0 1.0 0
cell 45.00087560285385 26.381791748850024 0.0 1.0 1.0 1 0 0 0.0 1.0 0
cell 2.7615535993103175 48.247747511344656 0.0 1.0 1.0 1 0 0 0.0 1.0 0
cell 51.93551258297593 48.675017425758206 0.0 1.0 1.0 1 0 0 0.0 1.0 0
cell 22.202129457530564 55.163801034311774 0.0 1.0 1.0 1 0 0 0.0 1.0 0
cell 0.7897445580587316 47.73747628016809 0.0 1.0 1.0 1 0 0 0.0 1.0 0
cell 37.732142463735016 56.76041583564417 0.0 1.0 1.0 1 0 0 0.0 1.0 0
cell 4.79279901177077 36.169777890811154 0.0 1.0 1.0 1 0 0 0.0 1.0 0
cell 49.65221552471555 4.191829644998531 0.0 1.0 1.0 1 0 0 0.0 1.0 0
cell 19.05822388751259 59.688240981432145 0.0 1.0 1.0 1 0 0 0.0 1.0 0
cell 53.46920568566628 17.719953999899953 0.0 1.0 1.0 1 0 0 0.0 1.0 0
cell 35.5041300096024 29.805707075693213 0.0 1.0 1.0 1 0 0 0.0 1.0 0
cell 3.621019992228062 16.84550836316351 0.0 1.0 1.0 1 0 0 0.0 1.0 0
cell 9.57827650234686 33.66617397789248 0.0 1.0 1.0 1 0 0 0.0 1.0 0
cell 49.454731600475206 41.59850610186414 0.0 1.0 1.0 1 0 0 0.0 1.0 0
cell 37.59323705656644 6.6548165184744565 0.0 1.0 1.0 1 0 0 0.0 1.0 0
cell 13.144234104457064 25.23317731585698 0.0 1.0 1.0 1 0 0 0.0 1.0 0
cell 34.30721605337004 26.519163748706163 0.0 1.0 1.0 1 0 0 0.0 1.0 0
cell 38.513261398068764 23.096244034407846 0.0 1.0 1.0 1 0 0 0.0 1.0 0
cell 44.07421134924918 57.84731360965621 0.0 1.0 1.0 1 0 0 0.0 1.0 0
cell 52.2256044663043 46.28770084162747 0.0 1.0 1.0 1 0 0 0.0 1.0 0
cell 14.873857050733244 16.764702999589144 0.0 1.0 1.0 1 0 0 0.0 1.0 0
cell 30.980973597246155 42.339908600687366 0.0 1.0 1.0 1 0 0 0.0 1.0 0
cell 25.645947886589177 35.2759147845428 0.0 1.0 1.0 1 0 0 0.0 1.0 0
cell 36.86547295311487 42.318925625168866 0.0 1.0 1.0 1 0 0 0.0 1.0 0
cell 37.80189782326173 13.934262518750497 0.0 1.0 1.0 1 0 0 0.0 1.0 0
cell 51.2357048946318 27.9623069898733 0.0 1.0 1.0 1 0 0 0.0 1.0 0
cell 25.605163204175046 55.67864284354048 0.0 1.0 1.0 1 0 0 0.0 1.0 0
cell 0.6965423850728563 60.312706016403915 0.0 1.0 1.0 1 0 0 0.0 1.0 0
cell 24.057882020443756 54.421444263316616 0.0 1.0 1.0 1 0 0 0.0 1.0 0
cell 23.91739983474036 24.783727588963608 0.0 1.0 1.0 1 0 0 0.0 1.0 0
cell 7.328611940661554 38.5414517431941 0.0 1.0 1.0 1 0 0 0.0 1.0 0
cell 32.44758519021254 56.872988095431886 0.0 1.0 1.0 1 0 0 0.0 1.0 0
cell 53.53672548811133 5.149668520966076 0.0 1.0 1.0 1 0 0 0.0 1.0 0
cell 49.62773534885997 51.956558339213956 0.0 1.0 1.0 1 0 0 0.0 1.0 0
cell 11.305754544409512 57.387140822235985 0.0 1.0 1.0 1 0 0 0.0 1.0 0
cell 15.528680448063255 31.68578421983025 0.0 1.0 1.0 1 0 0 0.0 1.0 0
cell 56.91996279833971 4.18343289878053 0.0 1.0 1.0 1 0 0 0.0 1.0 0
cell 35.35569607483632 20.56877293789477 0.0 1.0 1.0 1 0 0 0.0 1.0 0
cell 32.95777676690965 16.19200036298131 0.0 1.0 1.0 1 0 0 0.0 1.0 0
cell 5.752541444961679 10.6426109900877 0.0 1.0 1.0 1 0 0 0.0 1.0 0
cell 23.147122131205037 49.161969293826225 0.0 1.0 1.0 1 0 0 0.0 1.0 0
cell 32.76780377629261 8.998648420224013 0.0 1.0 1.0 1 0 0 0.0 1.0 0
cell 47.33483943641702 32.993097990762934 0.0 1.0 1.0 1 0 0 0.0 1.0 0
cell 45.389009996298114 8.615417695204346 0.0 1.0 1.0 1 0 0 0.0 1.0 0
cell 20.022285391860283 17.036165239100267 0.0 1.0 1.0 1 0 0 0.0 1.0 0
cell 38.922917681076264 30.40255547756457 0.0 1.0 1.0 1 0 0 0.0 1.0 0
cell 47.90496711548522 10.99386424976997 0.0 1.0 1.0 1 0 0 0.0 1.0 0
cell 36.19398779629332 25.798648257900826 0.0 1.0 1.0 1 0 0 0.0 1.0 0
cell 35.39530587341648 50.2660287163038 0.0 1.0 1.0 1 0 0 0.0 1.0 0
cell 3.9484058616031925 11.49010586191345 0.0 1.0 1.0 1 0 0 0.0 1.0 0
cell 37.369857322989276 59.8305491915491 0.0 1.0 1.0 1 0 0 0.0 1.0 0
cell 21.505728386935136 18.483686385760425 0.0 1.0 1.0 1 0 0 0.0 1.0 0
cell 54.65524263242059 26.824682880276587 0.0 1.0 1.0 1 0 0 0.0 1.0 0
cell 53.31436155592592 28.315885617017052 0.0 1.0 1.0 1 0 0 0.0 1.0 0
cell 43.11293420421023 27.00898016151747 0.0 1.0 1.0 1 0 0 0.0 1.0 0
cell 28.14120615746554 10.489975107319731 0.0 1.0 1.0 1 0 0 0.0 1.0 0
cell 7.030979184839412 43.943429663487066 0.0 1.0 1.0 1 0 0 0.0 1.0 0
cell 32.282663932532394 4.199014356770213 0.0 1.0 1.0 1 0 0 0.0 1.0 0
cell 57.98006174500675 31.000549875318356 0.0 1.0 1.0 1 0 0 0.0 1.0 0
cell 7.595356281930825 33.2389574956346 0.0 1.0 1.0 1 0 0 0.0 1.0 0
cell 45.28386176356383 44.90420390995267 0.0 1.0 1.0 1 0 0 0.0 1.0 0
cell 23.395023005585454 19.148614553106302 0.0 1.0 1.0 1 0 0 0.0 1.0 0
cell 46.49641893669504 48.24552274809479 0.0 1.0 1.0 1 0 0 0.0 1.0 0
cell 17.450780576763528 31.013384862210053 0.0 1.0 1.0 1 0 0 0.0 1.0 0
cell 45.95598590449485 10.572584421141208 0.0 1.0 1.0 1 0 0 0.0 1.0 0
cell 60.157161121884016 43.92389835741691 0.0 1.0 1.0 1 0 0 0.0 1.0 0
cell 14.036863862478018 50.76836642643542 0.0 1.0 1.0 1 0 0 0.0 1.0 0
cell 25.599472629972155 7.340603158890867 0.0 1.0 1.0 1 0 0 0.0 1.0 0
cell 51.08261528103692 50.523460823262106 0.0 1.0 1.0 1 0 0 0.0 1.0 0
cell 9.263061254231369 51.707156539435715 0.0 1.0 1.0 1 0 0 0.0 1.0 0
cell 13.015679546098035 17.472397862150974 0.0 1.0 1.0 1 0 0 0.0 1.0 0
cell 36.61631824588369 53.53114687401909 0.0 1.0 1.0 1 0 0 0.0 1.0 0
cell 33.841000593763695 48.94023180769408 0.0 1.0 1.0 1 0 0 0.0 1.0 0
cell 46.56964551253056 60.286318372552806 0.0 1.0 1.0 1 0 0 0.0 1.0 0
cell 34.67471914342188 24.540400346350307 0.0 1.0 1.0 1 0 0 0.0 1.0 0
cell 51.375631552627915 40.93102729917046 0.0 1.0 1.0 1 0 0 0.0 1.0 0
cell 32.644502328098966 45.63460996724187 0.0 1.0 1.0 1 0 0 0.0 1.0 0
cell 53.29110684474884 58.33354921690707 0.0 1.0 1.0 1 0 0 0.0 1.0 0
cell 1.9958803340361841 39.107695598844586 0.0 1.0 1.0 1 0 0 0.0 1.0 0
cell 30.444345354614384 48.30589398364046 0.0 1.0 1.0 1 0 0 0.0 1.0 0
cell 24.28608710979704 60.408720456911546 0.0 1.0 1.0 1 0 0 0.0 1.0 0
cell 35.62651861352007 6.199821062241792 0.0 1.0 1.0 1 0 0 0.0 1.0 0
cell 41.111853733199595 48.199729205164125 0.0 1.0 1.0 1 0 0 0.0 1.0 0
cell 55.73873176627879 12.90454029203232 0.0 1.0 1.0 1 0 0 0.0 1.0 0
cell 9.323322681488564 26.630132698196036 0.0 1.0 1.0 1 0 0 0.0 1.0 0
cell 1.3364664579774033 49.72107108350993 0.0 1.0 1.0 1 0 0 0.0 1.0 0
cell 1.0414122963687085 55.00527556301644 0.0 1.0 1.0 1 0 0 0.0 1.0 0
cell 49.291705889683925 22.202080689682134 0.0 1.0 1.0 1 0 0 0.0 1.0 0
cell 37.90917152128632 1.3188232845327894 0.0 1.0 1.0 1 0 0 0.0 1.0 0
cell 45.51312656084859 33.65318571028127 0.0 1.0 1.0 1 0 0 0.0 1.0 0
cell 4.735764597315491 48.74396802920975 0.0 1.0 1.0 1 0 0 0.0 1.0 0
cell 20.28170271096242 35.40315990873775 0.0 1.0 1.0 1 0 0 0.0 1.0 0
cell 6.390827515679157 29.339897158816093 0.0 1.0 1.0 1 0 0 0.0 1.0 0
cell 20.06716051610053 46.59682684912097 0.0 1.0 1.0 1 0 0 0.0 1.0 0
cell 40.498840843044356 31.679088147172493 0.0 1.0 1.0 1 0 0 0.0 1.0 0
cell 19.910406576998014 57.85990083054007 0.0 1.0 1.0 1 0 0 0.0 1.0 0
cell 60.39067830167675 51.12233061072104 0.0 1.0 1.0 1 0 0 0.0 1.0 0
cell 56.09236621010601 7.554070970072616 0.0 1.0 1.0 1 0 0 0.0 1.0 0
cell 22.302835841013522 6.013071058043574 0.0 1.0 1.0 1 0 0 0.0 1.0 0
cell 59.18292171093702 59.80605338044238 0.0 1.0 1.0 1 0 0 0.0 1.0 0
cell 5.002589337208398 25.514055749926417 0.0 1.0 1.0 1 0 0 0.0 1.0 0
cell 35.31298504381216 41.00301417730729 0.0 1.0 1.0 1 0 0 0.0 1.0 0
cell 19.457011692034747 30.200888043046 0.0 1.0 1.0 1 0 0 0.0 1.0 0
cell 23.9517340269515 16.956701564932175 0.0 1.0 1.0 1 0 0 0.0 1.0 0
cell 40.22253671498464 16.599699071951186 0.0 1.0 1.0 1 0 0 0.0 1.0 0
cell 58.05806039701847 8.054420620404917 0.0 1.0 1.0 1 0 0 0.0 1.0 0
cell 41.37278765258094 36.996237467726985 0.0 1.0 1.0 1 0 0 0.0 1.0 0
cell 28.226281529433255 60.187464377803735 0.0 1.0 1.0 1 0 0 0.0 1.0 0
cell 7.766355041740647 60.15197003931333 0.0 1.0 1.0 1 0 0 0.0 1.0 0
cell 3.5814575180568826 5.733611022536401 0.0 1.0 1.0 1 0 0 0.0 1.0 0
cell 40.85208719640582 29.733134452004908 0.0 1.0 1.0 1 0 0 0.0 1.0 0
cell 52.541558160991165 26.43518525531457 0.0 1.0 1.0 1 0 0 0.0 1.0 0
cell 33.27649918085278 32.499592550948286 0.0 1.0 1.0 1 0 0 0.0 1.0 0
cell 12.501106997614142 49.47017614165653 0.0 1.0 1.0 1 0 0 0.0 1.0 0
cell 28.24367463279462 30.608100575151916 0.0 1.0 1.0 1 0 0 0.0 1.0 0
cell 17.973080401392878 38.069140344163856 0.0 1.0 1.0 1 0 0 0.0 1.0 0
cell 54.416550732817306 49.57754882265052 0.0 1.0 1.0 1 0 0 0.0 1.0 0
cell 0.29592194183463416 28.10331122728516 0.0 1.0 1.0 1 0 0 0.0 1.0 0
cell 34.85378545639239 33.77061188786857 0.0 1.0 1.0 1 0 0 0.0 1.0 0
cell 9.44966147380232 56.70649348780375 0.0 1.0 1.0 1 0 0 0.0 1.0 0
cell 51.35523546592412 57.837245734816435 0.0 1.0 1.0 1 0 0 0.0 1.0 0
cell 26.009223001466225 33.30362089840696 0.0 1.0 1.0 1 0 0 0.0 1.0 0
cell 55.883143227253505 35.923605367735014 0.0 1.0 1.0 1 0 0 0.0 1.0 0
cell 55.96905086855997 30.607890472428153 0.0 1.0 1.0 1 0 0 0.0 1.0 0
cell 45.18646723146912 35.63580221323593 0.0 1.0 1.0 1 0 0 0.0 1.0 0
cell 17.08956738309981 60.23421833395162 0.0 1.0 1.0 1 0 0 0.0 1.0 0
cell 0.8771860891053902 19.66755357277487 0.0 1.0 1.0 1 0 0 0.0 1.0 0
cell 58.656160989986084 27.576513258476172 0.0 1.0 1.0 1 0 0 0.0 1.0 0
cell 38.50565139181721 3.2892270846282483 0.0 1.0 1.0 1 0 0 0.0 1.0 0
cell 11.358347411495773 46.258042467758074 0.0 1.0 1.0 1 0 0 0.0 1.0 0
cell 52.46182650673355 1.2723829957833321 0.0 1.0 1.0 1 0 0 0.0 1.0 0
cell 35.88453742895138 57.492471626488424 0.0 1.0 1.0 1 0 0 0.0 1.0 0
cell 7.725767667946752 10.316338831509094 0.0 1.0 1.0 1 0 0 0.0 1.0 0
cell 38.47269763251237 52.81762575179753 0.0 1.0 1.0 1 0 0 0.0 1.0 0
cell 42.55877948109842 11.51681880807682 0.0 1.0 1.0 1 0 0 0.0 1.0 0
cell 34.448645216473444 35.78962292719497 0.0 1.0 1.0 1 0 0 0.0 1.0 0
cell 55.50554874454278 5.646954783130661 0.0 1.0 1.0 1 0 0 0.0 1.0 0
cell 48.14895445770599 31.11403258831019 0.0 1.0 1.0 1 0 0 0.0 1.0 0
cell 56.27827570691573 14.813259513227266 0.0 1.0 1.0 1 0 0 0.0 1.0 0
cell 33.9320550793684 58.163429812208456 0.0 1.0 1.0 1 0 0 0.0 1.0 0
cell 58.59051553080401 10.017488400751398 0.0 1.0 1.0 1 0 0 0.0 1.0 0
cell 16.309440368432107 7.018448122376369 0.0 1.0 1.0 1 0 0 0.0 1.0 0
cell 50.74923065994614 55.89605560954827 0.0 1.0 1.0 1 0 0 0.0 1.0 0
cell 4.365464741551683 28.93749908598326 0.0 1.0 1.0 1 0 0 0.0 1.0 0
cell 51.61690911969102 52.46645569743157 0.0 1.0 1.0 1 0 0 0.0 1.0 0
cell 55.19835074805746 10.959175568596674 0.0 1.0 1.0 1 0 0 0.0 1.0 0
cell 28.96487469719544 26.63232425232002 0.0 1.0 1.0 1 0 0 0.0 1.0 0
cell 12.132783121936574 51.515725219605706 0.0 1.0 1.0 1 0 0 0.0 1.0 0
cell 12.664256257803649 38.07161788865639 0.0 1.0 1.0 1 0 0 0.0 1.0 0
cell 27.812649537167513 15.828358433324697 0.0 1.0 1.0 1 0 0 0.0 1.0 0
cell 11.703329797134248 44.30216137455057 0.0 1.0 1.0 1 0 0 0.0 1.0 0
cell 8.484655796044782 21.342119717544698 0.0 1.0 1.0 1 0 0 0.0 1.0 0
cell 55.98259609989054 20.152393131464567 0.0 1.0 1.0 1 0 0 0.0 1.0 0
cell 0.2756013771364713 45.869200812223326 0.0 1.0 1.0 1 0 0 0.0 1.0 0
cell 8.203621266098144 23.36390722133315 0.0 1.0 1.0 1 0 0 0.0 1.0 0
cell 31.366492842856854 33.19887234334567 0.0 1.0 1.0 1 0 0 0.0 1.0 0
cell 22.54454592337876 53.141596955418024 0.0 1.0 1.0 1 0 0 0.0 1.0 0
cell 23.015666110078417 39.949868919539576 0.0 1.0 1.0 1 0 0 0.0 1.0 0
cell 30.09618665957168 50.28631274683154 0.0 1.0 1.0 1 0 0 0.0 1.0 0
cell 33.64368429785089 5.668512635128928 0.0 1.0 1.0 1 0 0 0.0 1.0 0
cell 42.39112736285394 4.240486472254259 0.0 1.0 1.0 1 0 0 0.0 1.0 0
cell 36.530778147319765 2.818311984396628 0.0 1.0 1.0 1 0 0 0.0 1.0 0
cell 29.47572682886773 16.943747996003605 0.0 1.0 1.0 1 0 0 0.0 1.0 0
cell 31.209744088922218 23.972309957423715 0.0 1.0 1.0 1 0 0 0.0 1.0 0
cell 15.372100922955454 22.477664945399404 0.0 1.0 1.0 1 0 0 0.0 1.0 0
cell 5.949004141472858 40.05396218242005 0.0 1.0 1.0 1 0 0 0.0 1.0 0
cell 45.9848582139334 58.31420238899372 0.0 1.0 1.0 1 0 0 0.0 1.0 0
cell 56.10926337387355 55.42026175781416 0.0 1.0 1.0 1 0 0 0.0 1.0 0
cell 12.952464336083548 32.140081151724395 0.0 1.0 1.0 1 0 0 0.0 1.0 0
cell 46.69919226428408 19.806039590499715 0.0 1.0 1.0 1 0 0 0.0 1.0 0
cell 7.883868456779102 40.467441948604616 0.0 1.0 1.0 1 0 0 0.0 1.0 0
cell 29.739696482157772 52.30453827476631 0.0 1.0 1.0 1 0 0 0.0 1.0 0
cell 20.404820951774767 44.601854792373224 0.0 1.0 1.0 1 0 0 0.0 1.0 0
cell 55.32477825807132 28.706936878474533 0.0 1.0 1.0 1 0 0 0.0 1.0 0
cell 1.150096456518133 42.503940505428126 0.0 1.0 1.0 1 0 0 0.0 1.0 0
cell 50.39254882344382 13.39927072040809 0.0 1.0 1.0 1 0 0 0.0 1.0 0
cell 31.24611983666872 53.598348200994565 0.0 1.0 1.0 1 0 0 0.0 1.0 0
cell 21.12419203825445 40.643917683854504 0.0 1.0 1.0 1 0 0 0.0 1.0 0
cell 47.669015765761664 51.5363996104305 0.0 1.0 1.0 1 0 0 0.0 1.0 0
cell 22.57022363316678 32.736540860672235 0.0 1.0 1.0 1 0 0 0.0 1.0 0
cell 56.627412866458705 9.503749300947945 0.0 1.0 1.0 1 0 0 0.0 1.0 0
cell 19.204187865275745 41.34399339409278 0.0 1.0 1.0 1 0 0 0.0 1.0 0
cell 59.26080844826696 34.81612344698951 0.0 1.0 1.0 1 0 0 0.0 1.0 0
cell 33.038434915850644 43.678014139080645 0.0 1.0 1.0 1 0 0 0.0 1.0 0
cell 14.557480825710144 37.413840705657336 0.0 1.0 1.0 1 0 0 0.0 1.0 0
cell 53.23713151616427 40.27501594324017 0.0 1.0 1.0 1 0 0 0.0 1.0 0
cell 9.431913127446888 46.3536945065517 0.0 1.0 1.0 1 0 0 0.0 1.0 0
cell 6.952931634994212 20.056296160713835 0.0 1.0 1.0 1 0 0 0.0 1.0 0
cell 40.69897430072049 58.83949732822186 0.0 1.0 1.0 1 0 0 0.0 1.0 0
cell 22.662279863826807 14.810345867116002 0.0 1.0 1.0 1 0 0 0.0 1.0 0
cell 54.962521712001305 41.43583795780357 0.0 1.0 1.0 1 0 0 0.0 1.0 0
cell 58.619768033566146 57.84183594201771 0.0 1.0 1.0 1 0 0 0.0 1.0 0
cell 32.21085946939743 38.51516347026168 0.0 1.0 1.0 1 0 0 0.0 1.0 0
cell 27.57540246740788 7.007679578118279 0.0 1.0 1.0 1 0 0 0.0 1.0 0
cell 59.97559061792188 31.386236836613257 0.0 1.0 1.0 1 0 0 0.0 1.0 0
cell 12.550188535142286 27.502570250197 0.0 1.0 1.0 1 0 0 0.0 1.0 0
cell 56.232185086270896 42.990323291245126 0.0 1.0 1.0 1 0 0 0.0 1.0 0
cell 27.15953324321829 56.908866437785456 0.0 1.0 1.0 1 0 0 0.0 1.0 0
cell 28.66647596155818 13.967731111174935 0.0 1.0 1.0 1 0 0 0.0 1.0 0
cell 41.526903555323486 55.45320922827822 0.0 1.0 1.0 1 0 0 0.0 1.0 0
cell 36.512146307800144 44.276113659150354 0.0 1.0 1.0 1 0 0 0.0 1.0 0
cell 1.5372012769376775 9.046774178121852 0.0 1.0 1.0 1 0 0 0.0 1.0 0
cell 50.47026196121535 0.8094583762050684 0.0 1.0 1.0 1 0 0 0.0 1.0 0
cell 59.481077604927734 6.573057862375433 0.0 1.0 1.0 1 0 0 0.0 1.0 0
cell 53.28214533489197 33.66393179329425 0.0 1.0 1.0 1 0 0 0.0 1.0 0
cell 57.28618578247755 29.123915678477445 0.0 1.0 1.0 1 0 0 0.0 1.0 0
cell 31.5578976796069 21.98191181958424 0.0 1.0 1.0 1 0 0 0.0 1.0 0
cell 28.896753984895188 3.228087534866026 0.0 1.0 1.0 1 0 0 0.0 1.0 0
cell 37.75642926046424 27.094676483306536 0.0 1.0 1.0 1 0 0 0.0 1.0 0
cell 10.743863293079391 18.71012836497411 0.0 1.0 1.0 1 0 0 0.0 1.0 0
cell 38.05040722027276 45.591569562901775 0.0 1.0 1.0 1 0 0 0.0 1.0 0
cell 29.015526879178033 41.834326278282084 0.0 1.0 1.0 1 0 0 0.0 1.0 0
cell 42.39133649378239 31.025450406240807 0.0 1.0 1.0 1 0 0 0.0 1.0 0
cell 21.36172095168206 29.44951745933672 0.0 1.0 1.0 1 0 0 0.0 1.0 0
cell 2.9928145901654277 55.52260634755008 0.0 1.0 1.0 1 0 0 0.0 1.0 0
cell 20.65173836547535 33.43088018410672 0.0 1.0 1.0 1 0 0 0.0 1.0 0
cell 6.3620317373254105 24.04455929837273 0.0 1.0 1.0 1 0 0 0.0 1.0 0
cell 11.79970170986226 41.48639886869999 0.0 1.0 1.0 1 0 0 0.0 1.0 0
cell 46.01662896372692 52.762450883262126 0.0 1.0 1.0 1 0 0 0.0 1.0 0
cell 4.180570206642529 46.84630984811314 0.0 1.0 1.0 1 0 0 0.0 1.0 0
cell 46.74194349958035 27.42786560601864 0.0 1.0 1.0 1 0 0 0.0 1.0 0
cell 29.205049783230578 45.007951883660425 0.0 1.0 1.0 1 0 0 0.0 1.0 0
cell 56.33203772552309 2.2919891643534474 0.0 1.0 1.0 1 0 0 0.0 1.0 0
cell 51.02468942337091 2.732549010668111 0.0 1.0 1.0 1 0 0 0.0 1.0 0
cell 43.508617733011256 24.98623602646329 0.0 1.0 1.0 1 0 0 0.0 1.0 0
cell 8.399182708995173 3.0992336358493766 0.0 1.0 1.0 1 0 0 0.0 1.0 0
cell 30.851088167219157 25.946372164850683 0.0 1.0 1.0 1 0 0 0.0 1.0 0
cell 6.937498715334645 56.534071702369545 0.0 1.0 1.0 1 0 0 0.0 1.0 0
cell 7.065528331928361 1.5545628187107385 0.0 1.0 1.0 1 0 0 0.0 1.0 0
cell 54.94449627533402 3.6889598377650565 0.0 1.0 1.0 1 0 0 0.0 1.0 0
cell 2.5112280209945825 41.01385203776165 0.0 1.0 1.0 1 0 0 0.0 1.0 0
cell 51.25040859186657 22.66338382039899 0.0 1.0 1.0 1 0 0 0.0 1.0 0
cell 17.29989587922509 42.02858302615149 0.0 1.0 1.0 1 0 0 0.0 1.0 0
cell 21.681705707989455 27.4468560400915 0.0 1.0 1.0 1 0 0 0.0 1.0 0
cell 22.9272884803151 30.754156843347452 0.0 1.0 1.0 1 0 0 0.0 1.0 0
cell 10.389010013060442 20.647934873634618 0.0 1.0 1.0 1 0 0 0.0 1.0 0
cell 55.08754790086303 39.378444893291906 0.0 1.0 1.0 1 0 0 0.0 1.0 0
cell 56.66872315697623 27.19238029633634 0.0 1.0 1.0 1 0 0 0.0 1.0 0
cell 13.764277026475114 58.99780916573415 0.0 1.0 1.0 1 0 0 0.0 1.0 0
cell 39.60449844928364 46.93135632573289 0.0 1.0 1.0 1 0 0 0.0 1.0 0
cell 47.27307910451538 21.77084194919793 0.0 1.0 1.0 1 0 0 0.0 1.0 0
cell 48.30117813092252 38.255603005898635 0.0 1.0 1.0 1 0 0 0.0 1.0 0
cell 30.168189752925713 29.908315621021583 0.0 1.0 1.0 1 0 0 0.0 1.0 0
cell 27.807770754666105 52.98260246573496 0.0 1.0 1.0 1 0 0 0.0 1.0 0
cell 42.039093974766644 32.99464747738974 0.0 1.0 1.0 1 0 0 0.0 1.0 0
cell 1.615129520230625 31.887169761370718 0.0 1.0 1.0 1 0 0 0.0 1.0 0
cell 10.184691778083032 35.58984284859997 0.0 1.0 1.0 1 0 0 0.0 1.0 0
cell 42.743757196434444 29.0377140440932 0.0 1.0 1.0 1 0 0 0.0 1.0 0
cell 24.804630114350633 30.013096379506344 0.0 1.0 1.0 1 0 0 0.0 1.0 0
cell 42.915286658818715 6.1713611536374025 0.0 1.0 1.0 1 0 0 0.0 1.0 0
cell 26.10927554745023 42.556991412024935 0.0 1.0 1.0 1 0 0 0.0 1.0 0
cell 3.6925602930815744 27.049854574046837 0.0 1.0 1.0 1 0 0 0.0 1.0 0
cell 18.191634924342043 12.008708255253126 0.0 1.0 1.0 1 0 0 0.0 1.0 0
cell 23.77404628825014 35.98920279598224 0.0 1.0 1.0 1 0 0 0.0 1.0 0
cell 54.61473503420584 32.110393233384045 0.0 1.0 1.0 1 0 0 0.0 1.0 0
cell 28.88744448330785 47.001341158380015 0.0 1.0 1.0 1 0 0 0.0 1.0 0
cell 36.142587712410744 46.30026673586633 0.0 1.0 1.0 1 0 0 0.0 1.0 0
cell 43.75765152854756 43.57203808816011 0.0 1.0 1.0 1 0 0 0.0 1.0 0
cell 25.313614424697246 37.28923134733196 0.0 1.0 1.0 1 0 0 0.0 1.0 0
cell 45.869298245895656 31.650903232178806 0.0 1.0 1.0 1 0 0 0.0 1.0 0
cell 15.642291927730826 8.87130890303215 0.0 1.0 1.0 1 0 0 0.0 1.0 0
cell 27.334706090992565 45.73034943844947 0.0 1.0 1.0 1 0 0 0.0 1.0 0
cell 54.407387056165256 43.67891452510995 0.0 1.0 1.0 1 0 0 0.0 1.0 0
cell 27.487045649455375 55.00034145495116 0.0 1.0 1.0 1 0 0 0.0 1.0 0
cell 15.726436922915903 40.73681623392735 0.0 1.0 1.0 1 0 0 0.0 1.0 0
cell 25.94877000681189 53.68796727052992 0.0 1.0 1.0 1 0 0 0.0 1.0 0
cell 59.27033971565478 47.26679742709957 0.0 1.0 1.0 1 0 0 0.0 1.0 0
cell 35.8432915977882 27.81097895107226 0.0 1.0 1.0 1 0 0 0.0 1.0 0
cell 48.81311348247473 55.41666394299173 0.0 1.0 1.0 1 0 0 0.0 1.0 0
cell 1.1538201081233828 14.382243367483216 0.0 1.0 1.0 1 0 0 0.0 1.0 0
cell 14.329318884195725 28.427938934852538 0.0 1.0 1.0 1 0 0 0.0 1.0 0
cell 0.06501404619431819 10.453789492702462 0.0 1.0 1.0 1 0 0 0.0 1.0 0
cell 2.6624407119549494 0.3995657499801288 0.0 1.0 1.0 1 0 0 0.0 1.0 0
cell 47.04064799884513 14.463615230670703 0.0 1.0 1.0 1 0 0 0.0 1.0 0
cell 5.035995923129374 15.417421069061476 0.0 1.0 1.0 1 0 0 0.0 1.0 0
cell 4.430743052077649 54.0679849909901 0.0 1.0 1.0 1 0 0 0.0 1.0 0
cell 58.78957084929936 17.26727179985169 0.0 1.0 1.0 1 0 0 0.0 1.0 0
cell 33.410226406254715 41.697737569615335 0.0 1.0 1.0 1 0 0 0.0 1.0 0
cell 38.75688679240705 41.648311929843395 0.0 1.0 1.0 1 0 0 0.0 1.0 0
cell 19.721207853902573 48.62047586138303 0.0 1.0 1.0 1 0 0 0.0 1.0 0
cell 40.400672857626056 22.44420784478249 0.0 1.0 1.0 1 0 0 0.0 1.0 0
cell 54.67251856371036 56.88216239491181 0.0 1.0 1.0 1 0 0 0.0 1.0 0
cell 24.43308904179804 31.979173190818255 0.0 1.0 1.0 1 0 0 0.0 1.0 0
cell 34.895972840059926 16.781863561822107 0.0 1.0 1.0 1 0 0 0.0 1.0 0
cell 13.241643786556645 45.50048912521408 0.0 1.0 1.0 1 0 0 0.0 1.0 0
cell 3.000123355447558 30.436760659862227 0.0 1.0 1.0 1 0 0 0.0 1.0 0
cell 25.846627240937867 16.209172212503535 0.0 1.0 1.0 1 0 0 0.0 1.0 0
cell 12.94808209730351 11.109536329511734 0.0 1.0 1.0 1 0 0 0.0 1.0 0
cell 4.367295125106442 3.863890844173317 0.0 1.0 1.0 1 0 0 0.0 1.0 0
cell 37.31297402055931 19.85428337464899 0.0 1.0 1.0 1 0 0 0.0 1.0 0
cell 3.1300843813680186 14.875544177660247 0.0 1.0 1.0 1 0 0 0.0 1.0 0
cell 5.269016226508886 50.71065560562144 0.0 1.0 1.0 1 0 0 0.0 1.0 0
cell 58.07631236019826 55.912378880764805 0.0 1.0 1.0 1 0 0 0.0 1.0 0
cell 46.7660004148097 36.97387755644131 0.0 1.0 1.0 1 0 0 0.0 1.0 0
cell 11.710512019958543 4.221840289371426 0.0 1.0 1.0 1 0 0 0.0 1.0 0
cell 4.139274200416707 9.337741416631896 0.0 1.0 1.0 1 0 0 0.0 1.0 0
cell 44.00593113983415 10.083395588817886 0.0 1.0 1.0 1 0 0 0.0 1.0 0
cell 54.11468807471831 7.093498105382227 0.0 1.0 1.0 1 0 0 0.0 1.0 0
cell 17.80952009364169 49.337168806717216 0.0 1.0 1.0 1 0 0 0.0 1.0 0
cell 35.41044635742321 59.44868209475353 0.0 1.0 1.0 1 0 0 0.0 1.0 0
cell 42.69151924597962 19.642206115772932 0.0 1.0 1.0 1 0 0 0.0 1.0 0
cell 37.236090991518985 40.34428399969798 0.0 1.0 1.0 1 0 0 0.0 1.0 0
cell 28.40438735461511 39.90462345112121 0.0 1.0 1.0 1 0 0 0.0 1.0 0
cell 2.153590277119447 58.868179618617425 0.0 1.0 1.0 1 0 0 0.0 1.0 0
cell 49.33061220567724 9.552036537092441 0.0 1.0 1.0 1 0 0 0.0 1.0 0
cell 10.90344380115556 32.163597472590475 0.0 1.0 1.0 1 0 0 0.0 1.0 0
cell 54.375864166869555 1.7855957481027882 0.0 1.0 1.0 1 0 0 0.0 1.0 0
cell 30.896276560080256 8.251521516036199 0.0 1.0 1.0 1 0 0 0.0 1.0 0
cell 47.69840296440985 3.6923897183661354 0.0 1.0 1.0 1 0 0 0.0 1.0 0
cell 18.436562406544926 56.543512677929364 0.0 1.0 1.0 1 0 0 0.0 1.0 0
cell 29.402356219840733 12.037119461118262 0.0 1.0 1.0 1 0 0 0.0 1.0 0
cell 20.949612245243145 51.83977840138246 0.0 1.0 1.0 1 0 0 0.0 1.0 0
cell 9.008010568200477 6.490780403533738 0.0 1.0 1.0 1 0 0 0.0 1.0 0
cell 27.19011723024749 36.57742637159882 0.0 1.0 1.0 1 0 0 0.0 1.0 0
cell 18.73052838940162 34.13545823875092 0.0 1.0 1.0 1 0 0 0.0 1.0 0
cell 2.584742577937059 12.911264936186754 0.0 1.0 1.0 1 0 0 0.0 1.0 0
cell 17.68741535535493 3.2034954713968413 0.0 1.0 1.0 1 0 0 0.0 1.0 0
cell 28.158132623320697 50.993405545535595 0.0 1.0 1.0 1 0 0 0.0 1.0 0
cell 9.725223050506214 59.49492585459639 0.0 1.0 1.0 1 0 0 0.0 1.0 0
cell 13.031848010069325 5.8179893661520055 0.0 1.0 1.0 1 0 0 0.0 1.0 0
cell 35.73202986306477 18.58669477444414 0.0 1.0 1.0 1 0 0 0.0 1.0 0
cell 3.3152847066828475 50.21863767562143 0.0 1.0 1.0 1 0 0 0.0 1.0 0
cell 50.9694977475547 15.352279229393567 0.0 1.0 1.0 1 0 0 0.0 1.0 0
cell 57.463693866466016 6.119340922638185 0.0 1.0 1.0 1 0 0 0.0 1.0 0
cell 13.476189743325007 23.219964598482708 0.0 1.0 1.0 1 0 0 0.0 1.0 0
cell 19.037646412795187 52.61649106377651 0.0 1.0 1.0 1 0 0 0.0 1.0 0
cell 16.395038875096795 1.6757179768751658 0.0 1.0 1.0 1 0 0 0.0 1.0 0
cell 27.639094863358338 1.7090271105189607 0.0 1.0 1.0 1 0 0 0.0 1.0 0
cell 14.699719380474242 26.463807467694984 0.0 1.0 1.0 1 0 0 0.0 1.0 0
cell 8.316830339748416 55.06012010105824 0.0 1.0 1.0 1 0 0 0.0 1.0 0
cell 42.24283544207126 42.251005694017685 0.0 1.0 1.0 1 0 0 0.0 1.0 0
cell 50.65185944101324 20.706508125737518 0.0 1.0 1.0 1 0 0 0.0 1.0 0
cell 45.722626477744456 3.25822263911241 0.0 1.0 1.0 1 0 0 0.0 1.0 0
cell 26.123946592121424 10.779870007410505 0.0 1.0 1.0 1 0 0 0.0 1.0 0
cell 8.071727784538385 58.12574545420849 0.0 1.0 1.0 1 0 0 0.0 1.0 0
cell 39.30101282099227 28.391891098755398 0.0 1.0 1.0 1 0 0 0.0 1.0 0
cell 26.745052867214 58.80695364301151 0.0 1.0 1.0 1 0 0 0.0 1.0 0
cell 58.709695800122475 45.38716373966517 0.0 1.0 1.0 1 0 0 0.0 1.0 0
cell 18.07075731807972 17.58058150010727 0.0 1.0 1.0 1 0 0 0.0 1.0 0
cell 32.03116710294101 29.22879820387255 0.0 1.0 1.0 1 0 0 0.0 1.0 0
cell 40.98703476338905 5.715432056537311 0.0 1.0 1.0 1 0 0 0.0 1.0 0
cell 58.50327320506603 22.57483561010094 0.0 1.0 1.0 1 0 0 0.0 1.0 0
cell 30.52991961826896 27.946038781299812 0.0 1.0 1.0 1 0 0 0.0 1.0 0
cell 32.48804765722874 14.241158946734107 0.0 1.0 1.0 1 0 0 0.0 1.0 0
cell 51.98546169868605 29.835762485361066 0.0 1.0 1.0 1 0 0 0.0 1.0 0
cell 32.55716309709213 36.501866746850666 0.0 1.0 1.0 1 0 0 0.0 1.0 0
cell 23.835794531238157 45.16057115931751 0.0 1.0 1.0 1 0 0 0.0 1.0 0
cell 43.930658313900246 32.34496259591298 0.0 1.0 1.0 1 0 0 0.0 1.0 0
cell 39.96089256622522 44.89627694978242 0.0 1.0 1.0 1 0 0 0.0 1.0 0
cell 34.2364656669243 46.95497460968583 0.0 1.0 1.0 1 0 0 0.0 1.0 0
cell 27.201977472238486 17.754605851856677 0.0 1.0 1.0 1 0 0 0.0 1.0 0
cell 55.78010050010468 0.30556023851687225 0.0 1.0 1.0 1 0 0 0.0 1.0 0
cell 27.074693300307448 27.369216280511242 0.0 1.0 1.0 1 0 0 0.0 1.0 0
cell 18.51654607362457 45.30848118948685 0.0 1.0 1.0 1 0 0 0.0 1.0 0
cell 26.27965618778278 51.725883410612084 0.0 1.0 1.0 1 0 0 0.0 1.0 0
cell 31.020057092624324 15.60856269178247 0.0 1.0 1.0 1 0 0 0.0 1.0 0
cell 3.378571981815459 37.6662167981308 0.0 1.0 1.0 1 0 0 0.0 1.0 0
cell 25.685187480915463 2.074425350290342 0.0 1.0 1.0 1 0 0 0.0 1.0 0
cell 26.900076182199612 8.864948971707578 0.0 1.0 1.0 1 0 0 0.0 1.0 0
cell 21.07180697159586 59.5021409489115 0.0 1.0 1.0 1 0 0 0.0 1.0 0
cell 17.603548160884355 8.559117660995353 0.0 1.0 1.0 1 0 0 0.0 1.0 0
cell 55.204751754395446 23.52002669926859 0.0 1.0 1.0 1 0 0 0.0 1.0 0
cell 19.580093312828247 8.24780267183361 0.0 1.0 1.0 1 0 0 0.0 1.0 0
cell 40.67623658131229 40.960960613513876 0.0 1.0 1.0 1 0 0 0.0 1.0 0
cell 19.91311348279532 37.390732921656436 0.0 1.0 1.0 1 0 0 0.0 1.0 0
cell 48.65378877356001 36.27700670104031 0.0 1.0 1.0 1 0 0 0.0 1.0 0
cell 45.62193305431248 15.951883468111419 0.0 1.0 1.0 1 0 0 0.0 1.0 0
cell 51.59621811982058 4.653976222346498 0.0 1.0 1.0 1 0 0 0.0 1.0 0
cell 33.61190974646465 30.520666937962535 0.0 1.0 1.0 1 0 0 0.0 1.0 0
cell 11.689479586712736 9.557579054930027 0.0 1.0 1.0 1 0 0 0.0 1.0 0
cell 29.62715685763128 22.699722660007993 0.0 1.0 1.0 1 0 0 0.0 1.0 0
cell 30.97803671802964 35.169749616674665 0.0 1.0 1.0 1 0 0 0.0 1.0 0
cell 30.911259870663347 55.63449106546524 0.0 1.0 1.0 1 0 0 0.0 1.0 0
cell 34.61861114927804 2.2731293535689177 0.0 1.0 1.0 1 0 0 0.0 1.0 0
cell 30.301896599797338 18.721249358824334 0.0 1.0 1.0 1 0 0 0.0 1.0 0
cell 6.9635520435713 31.286315253475326 0.0 1.0 1.0 1 0 0 0.0 1.0 0
cell 43.01997268924671 47.538310475134764 0.0 1.0 1.0 1 0 0 0.0 1.0 0
cell 18.177458350491264 27.038999103188882 0.0 1.0 1.0 1 0 0 0.0 1.0 0
cell 41.19171994264353 27.698851987324254 0.0 1.0 1.0 1 0 0 0.0 1.0 0
cell 47.40191451212444 9.065666609582708 0.0 1.0 1.0 1 0 0 0.0 1.0 0
cell 44.126776617939804 41.60888583456479 0.0 1.0 1.0 1 0 0 0.0 1.0 0
cell 43.25339148153333 0.8111952807519699 0.0 1.0 1.0 1 0 0 0.0 1.0 0
cell 59.300731325657694 29.506820979085802 0.0 1.0 1.0 1 0 0 0.0 1.0 0
cell 4.964126474163023 7.256830841425862 0.0 1.0 1.0 1 0 0 0.0 1.0 0
cell 53.775019350450066 12.443339082927038 0.0 1.0 1.0 1 0 0 0.0 1.0 0
cell 24.866850462160453 58.09544515309498 0.0 1.0 1.0 1 0 0 0.0 1.0 0
cell 24.577759533327374 41.20611662658239 0.0 1.0 1.0 1 0 0 0.0 1.0 0
cell 8.745918044594081 37.077818635023945 0.0 1.0 1.0 1 0 0 0.0 1.0 0
cell 34.35619875335741 56.215786378554704 0.0 1.0 1.0 1 0 0 0.0 1.0 0
cell 9.005791973733439 44.40661746878128 0.0 1.0 1.0 1 0 0 0.0 1.0 0
cell 54.09050122776922 54.89937563686261 0.0 1.0 1.0 1 0 0 0.0 1.0 0
cell 15.071157975688811 0.07922316842212658 0.0 1.0 1.0 1 0 0 0.0 1.0 0
cell 55.25388525060167 58.82139242687317 0.0 1.0 1.0 1 0 0 0.0 1.0 0
cell 48.02437301652367 49.544946407812205 0.0 1.0 1.0 1 0 0 0.0 1.0 0
cell 47.40282151348913 56.87231891719184 0.0 1.0 1.0 1 0 0 0.0 1.0 0
cell 11.251265273222714 25.945743060012614 0.0 1.0 1.0 1 0 0 0.0 1.0 0
cell 9.833545433698522 40.97024909790384 0.0 1.0 1.0 1 0 0 0.0 1.0 0
cell 0.2837143865578523 17.7484848785674 0.0 1.0 1.0 1 0 0 0.0 1.0 0
cell 57.25759552029122 34.41719480818141 0.0 1.0 1.0 1 0 0 0.0 1.0 0
cell 19.428176010311702 13.570023280371567 0.0 1.0 1.0 1 0 0 0.0 1.0 0
cell 29.97318047377014 20.677611600320564 0.0 1.0 1.0 1 0 0 0.0 1.0 0
cell 59.99770145413221 56.420695391892174 0.0 1.0 1.0 1 0 0 0.0 1.0 0
cell 18.84383088098407 43.32074179411652 0.0 1.0 1.0 1 0 0 0.0 1.0 0
cell 42.03901303081127 9.58168110930502 0.0 1.0 1.0 1 0 0 0.0 1.0 0
cell 3.950133293311104 39.537555606731175 0.0 1.0 1.0 1 0 0 0.0 1.0 0
cell 38.86071627833126 21.08972548301697 0.0 1.0 1.0 1 0 0 0.0 1.0 0
cell 47.13919259350283 1.7755725066992167 0.0 1.0 1.0 1 0 0 0.0 1.0 0
cell 16.076425530326663 18.396126709057384 0.0 1.0 1.0 1 0 0 0.0 1.0 0
cell 30.79418675481469 46.342296812746945 0.0 1.0 1.0 1 0 0 0.0 1.0 0
cell 52.18473607290726 54.39327885202709 0.0 1.0 1.0 1 0 0 0.0 1.0 0
cell 29.1001919111758 35.89255766953973 0.0 1.0 1.0 1 0 0 0.0 1.0 0
cell 37.94228704178867 36.38882824031761 0.0 1.0 1.0 1 0 0 0.0 1.0 0
cell 15.69887999038026 20.43629380814965 0.0 1.0 1.0 1 0 0 0.0 1.0 0
cell 11.005035486477054 11.495377554349878 0.0 1.0 1.0 1 0 0 0.0 1.0 0
cell 42.59423750416199 40.269955794734166 0.0 1.0 1.0 1 0 0 0.0 1.0 0
cell 48.02162398798551 29.098494910482092 0.0 1.0 1.0 1 0 0 0.0 1.0 0
cell 5.80499061866046 60.42207764235622 0.0 1.0 1.0 1 0 0 0.0 1.0 0
cell 7.663792889581834 15.986773062969313 0.0 1.0 1.0 1 0 0 0.0 1.0 0
cell 3.62857304263008 32.330443362479215 0.0 1.0 1.0 1 0 0 0.0 1.0 0
cell 28.435365405511654 19.36273982987275 0.0 1.0 1.0 1 0 0 0.0 1.0 0
cell 15.551884338870279 58.03967792531013 0.0 1.0 1.0 1 0 0 0.0 1.0 0
cell 26.63295711843998 49.72084385079659 0.0 1.0 1.0 1 0 0 0.0 1.0 0
cell 25.840872666168348 24.058466488331106 0.0 1.0 1.0 1 0 0 0.0 1.0 0
cell 22.82555043988879 51.15108488164775 0.0 1.0 1.0 1 0 0 0.0 1.0 0
cell 37.68256931472689 47.575984791635555 0.0 1.0 1.0 1 0 0 0.0 1.0 0
cell 32.67243308991245 2.2015747512190273 0.0 1.0 1.0 1 0 0 0.0 1.0 0
cell 4.408390086307475 23.52740184139347 0.0 1.0 1.0 1 0 0 0.0 1.0 0
cell 40.42766138677746 52.16018451733375 0.0 1.0 1.0 1 0 0 0.0 1.0 0
cell 18.355260898368627 1.3206508081837274 0.0 1.0 1.0 1 0 0 0.0 1.0 0
cell 26.372096007647382 31.319955440871112 0.0 1.0 1.0 1 0 0 0.0 1.0 0
cell 20.301296707492966 55.8684144884736 0.0 1.0 1.0 1 0 0 0.0 1.0 0
cell 46.060375465645734 40.89636078392072 0.0 1.0 1.0 1 0 0 0.0 1.0 0
cell 8.421434609983853 42.45375474878398 0.0 1.0 1.0 1 0 0 0.0 1.0 0
cell 13.631683967538818 9.245647936583914 0.0 1.0 1.0 1 0 0 0.0 1.0 0
cell 52.52338967839403 37.10014306600191 0.0 1.0 1.0 1 0 0 0.0 1.0 0
cell 23.64151172518329 2.2201625333226085 0.0 1.0 1.0 1 0 0 0.0 1.0 0
cell 43.2730381883651 36.28853061966664 0.0 1.0 1.0 1 0 0 0.0 1.0 0
cell 13.512660440258207 43.407121889371815 0.0 1.0 1.0 1 0 0 0.0 1.0 0
cell 25.443213271531082 46.49348337943989 0.0 1.0 1.0 1 0 0 0.0 1.0 0
cell 33.549235875561564 50.89311665821623 0.0 1.0 1.0 1 0 0 0.0 1.0 0
cell 22.72387262956958 21.492712936196583 0.0 1.0 1.0 1 0 0 0.0 1.0 0
cell 15.474074850264934 14.375954146467334 0.0 1.0 1.0 1 0 0 0.0 1.0 0
cell 57.991613714279346 25.68084610772938 0.0 1.0 1.0 1 0 0 0.0 1.0 0
cell 15.246657593724938 54.05522802942576 0.0 1.0 1.0 1 0 0 0.0 1.0 0
cell 42.69440335028163 49.54373270841691 0.0 1.0 1.0 1 0 0 0.0 1.0 0
cell 41.57291565996725 25.715480380063173 0.0 1.0 1.0 1 0 0 0.0 1.0 0
cell 19.071192228193045 32.10392331332913 0.0 1.0 1.0 1 0 0 0.0 1.0 0
cell 12.865117983272725 47.52150664721934 0.0 1.0 1.0 1 0 0 0.0 1.0 0
cell 50.46628523956559 37.25787509115938 0.0 1.0 1.0 1 0 0 0.0 1.0 0
cell 31.879047469322867 20.017033836397758 0.0 1.0 1.0 1 0 0 0.0 1.0 0
cell 11.58924640857368 23.956586734471877 0.0 1.0 1.0 1 0 0 0.0 1.0 0
cell 29.737067464076773 1.1369771854840172 0.0 1.0 1.0 1 0 0 0.0 1.0 0
cell 2.2382042245533413 33.79069821558325 0.0 1.0 1.0 1 0 0 0.0 1.0 0
cell 53.87493667190774 24.95680696602209 0.0 1.0 1.0 1 0 0 0.0 1.0 0
cell 53.843247278978936 60.25958762223984 0.0 1.0 1.0 1 0 0 0.0 1.0 0
cell 56.36599639056774 50.03874152068255 0.0 1.0 1.0 1 0 0 0.0 1.0 0
cell 28.50285572688457 49.02123604975199 0.0 1.0 1.0 1 0 0 0.0 1.0 0
cell 4.977951331193397 30.860079526846533 0.0 1.0 1.0 1 0 0 0.0 1.0 0
cell 7.584399833428631 45.85069196018372 0.0 1.0 1.0 1 0 0 0.0 1.0 0
cell 57.11062612102405 39.6916151156698 0.0 1.0 1.0 1 0 0 0.0 1.0 0
cell 49.87488588841197 11.485376197609158 0.0 1.0 1.0 1 0 0 0.0 1.0 0
cell 46.13667352528693 29.673939631251066 0.0 1.0 1.0 1 0 0 0.0 1.0 0
cell 39.453988080835096 37.689765162007774 0.0 1.0 1.0 1 0 0 0.0 1.0 0
cell 15.038453546173479 56.04461642360081 0.0 1.0 1.0 1 0 0 0.0 1.0 0
cell 34.64960881885819 54.22812057965679 0.0 1.0 1.0 1 0 0 0.0 1.0 0
cell 54.654073767070805 9.04871300144861 0.0 1.0 1.0 1 0 0 0.0 1.0 0
cell 11.276087120317984 39.55015960869003 0.0 1.0 1.0 1 0 0 0.0 1.0 0
cell 43.58558910786101 34.330060108773914 0.0 1.0 1.0 1 0 0 0.0 1.0 0
cell 1.5644138573173374 56.951069471887855 0.0 1.0 1.0 1 0 0 0.0 1.0 0
cell 17.03863373726641 33.00377228342673 0.0 1.0 1.0 1 0 0 0.0 1.0 0
cell 27.75071501328765 23.330333312835826 0.0 1.0 1.0 1 0 0 0.0 1.0 0
cell 5.718435159062011 5.408154146036891 0.0 1.0 1.0 1 0 0 0.0 1.0 0
cell 22.053378388565015 25.494065117510328 0.0 1.0 1.0 1 0 0 0.0 1.0 0
cell 39.15979996877472 19.084753025388377 0.0 1.0 1.0 1 0 0 0.0 1.0 0
cell 35.301170397722686 11.459689746473087 0.0 1.0 1.0 1 0 0 0.0 1.0 0
cell 44.84067651967998 37.6026507800553 0.0 1.0 1.0 1 0 0 0.0 1.0 0
cell 34.14721687505001 37.749284504415805 0.0 1.0 1.0 1 0 0 0.0 1.0 0
cell 33.451402971971675 21.243252877204014 0.0 1.0 1.0 1 0 0 0.0 1.0 0
cell 0.4212678266427844 22.87873201768527 0.0 1.0 1.0 1 0 0 0.0 1.0 0
cell 58.266646254563625 15.338175157652698 0.0 1.0 1.0 1 0 0 0.0 1.0 0
cell 16.830191331026803 55.31671273283993 0.0 1.0 1.0 1 0 0 0.0 1.0 0
cell 34.73389997708668 9.511902460833634 0.0 1.0 1.0 1 0 0 0.0 1.0 0
cell 16.61977950959956 46.00486642824974 0.0 1.0 1.0 1 0 0 0.0 1.0 0
cell 10.599663283384928 28.1880435760145 0.0 1.0 1.0 1 0 0 0.0 1.0 0
cell 15.93758513903371 50.05532712846639 0.0 1.0 1.0 1 0 0 0.0 1.0 0
cell 18.759052176611753 54.54746033561816 0.0 1.0 1.0 1 0 0 0.0 1.0 0
cell 49.949603951974915 29.503351464835152 0.0 1.0 1.0 1 0 0 0.0 1.0 0
cell 5.708948871707063 27.406988685512406 0.0 1.0 1.0 1 0 0 0.0 1.0 0
cell 36.93751305839767 21.809365363101865 0.0 1.0 1.0 1 0 0 0.0 1.0 0
cell 6.7930841482218804 36.619760335532874 0.0 1.0 1.0 1 0 0 0.0 1.0 0
cell 51.512516234989995 17.272632522990662 0.0 1.0 1.0 1 0 0 0.0 1.0 0
cell 22.216275033476617 34.68991696163381 0.0 1.0 1.0 1 0 0 0.0 1.0 0
cell 16.762611607704493 16.022561552639516 0.0 1.0 1.0 1 0 0 0.0 1.0 0
cell 57.48438909650944 53.96049804081313 0.0 1.0 1.0 1 0 0 0.0 1.0 0
cell 52.96371259286982 42.28540326962904 0.0 1.0 1.0 1 0 0 0.0 1.0 0
cell 35.64906827837418 39.0135027529401 0.0 1.0 1.0 1 0 0 0.0 1.0 0
cell 33.168287235886396 52.92787059603964 0.0 1.0 1.0 1 0 0 0.0 1.0 0
cell 56.09278593368722 45.01293652915254 0.0 1.0 1.0 1 0 0 0.0 1.0 0
cell 33.754717056393936 39.75797611695684 0.0 1.0 1.0 1 0 0 0.0 1.0 0
cell 52.172524135427665 6.624019133578256 0.0 1.0 1.0 1 0 0 0.0 1.0 0
cell 19.710488316925467 2.8800951823884726 0.0 1.0 1.0 1 0 0 0.0 1.0 0
cell 0.1737427284352432 33.31153056148196 0.0 1.0 1.0 1 0 0 0.0 1.0 0
cell 45.16660579181304 1.3039448883230733 0.0 1.0 1.0 1 0 0 0.0 1.0 0
cell 0.17586687121184327 58.37217282838451 0.0 1.0 1.0 1 0 0 0.0 1.0 0
cell 49.84996876465143 39.58104604805086 0.0 1.0 1.0 1 0 0 0.0 1.0 0
cell 26.732700220622185 29.315787259984745 0.0 1.0 1.0 1 0 0 0.0 1.0 0
cell 9.206927685704018 17.330464966555745 0.0 1.0 1.0 1 0 0 0.0 1.0 0
cell 39.909911367281715 1.829722047280274 0.0 1.0 1.0 1 0 0 0.0 1.0 0
cell 44.197112474898304 17.42724075817172 0.0 1.0 1.0 1 0 0 0.0 1.0 0
cell 20.401789637766743 0.9452522452958241 0.0 1.0 1.0 1 0 0 0.0 1.0 0
cell 2.22126007619228 46.32334384095624 0.0 1.0 1.0 1 0 0 0.0 1.0 0
cell 41.49282716555157 7.606889502757154 0.0 1.0 1.0 1 0 0 0.0 1.0 0
cell 56.94346914584321 52.04281045407291 0.0 1.0 1.0 1 0 0 0.0 1.0 0
cell 5.594016142969337 45.38813739986481 0.0 1.0 1.0 1 0 0 0.0 1.0 0
cell 47.5879774350449 16.388284765657275 0.0 1.0 1.0 1 0 0 0.0 1.0 0
cell 55.73370766285399 48.07025845216 0.0 1.0 1.0 1 0 0 0.0 1.0 0
cell 6.585727315221355 22.072919545171864 0.0 1.0 1.0 1 0 0 0.0 1.0 0
cell 39.78107706834295 35.68519759390164 0.0 1.0 1.0 1 0 0 0.0 1.0 0
cell 29.490703359863936 33.89432357688538 0.0 1.0 1.0 1 0 0 0.0 1.0 0
cell 24.104156228699594 33.98283181512054 0.0 1.0 1.0 1 0 0 0.0 1.0 0
cell 57.233736979212374 46.6515817586069 0.0 1.0 1.0 1 0 0 0.0 1.0 0
cell 0.9805349515479801 30.009175749537953 0.0 1.0 1.0 1 0 0 0.0 1.0 0
cell 51.2928132361445 10.020337811197484 0.0 1.0 1.0 1 0 0 0.0 1.0 0
cell 42.95233645028927 38.31356616172585 0.0 1.0 1.0 1 0 0 0.0 1.0 0
cell 10.02882366852463 22.683357745444155 0.0 1.0 1.0 1 0 0 0.0 1.0 0
cell 3.2640853598006103 20.010908132389982 0.0 1.0 1.0 1 0 0 0.0 1.0 0
cell 46.59472064946511 25.197025349006704 0.0 1.0 1.0 1 0 0 0.0 1.0 0
cell 16.190023987923244 12.341603696528631 0.0 1.0 1.0 1 0 0 0.0 1.0 0
cell 50.746028932782124 8.057794868592179 0.0 1.0 1.0 1 0 0 0.0 1.0 0
cell 14.210079336306736 39.40236625771628 0.0 1.0 1.0 1 0 0 0.0 1.0 0
cell 36.38981803166856 35.07218883647822 0.0 1.0 1.0 1 0 0 0.0 1.0 0
cell 6.342777233896176 8.734218171212516 0.0 1.0 1.0 1 0 0 0.0 1.0 0
cell 18.139607635999614 47.320932177018065 0.0 1.0 1.0 1 0 0 0.0 1.0 0
cell 16.952813110163113 23.72753501081569 0.0 1.0 1.0 1 0 0 0.0 1.0 0
cell 54.32564132110986 14.34293056160851 0.0 1.0 1.0 1 0 0 0.0 1.0 0
cell 14.377547510219507 1.9794045340648267 0.0 1.0 1.0 1 0 0 0.0 1.0 0
cell 51.90030242354097 24.57828748983341 0.0 1.0 1.0 1 0 0 0.0 1.0 0
cell 15.592863614969884 52.042237102452866 0.0 1.0 1.0 1 0 0 0.0 1.0 0
cell 38.997535650039524 5.240116849266598 0.0 1.0 1.0 1 0 0 0.0 1.0 0
cell 35.01334657301326 52.20993630218657 0.0 1.0 1.0 1 0 0 0.0 1.0 0
cell 32.306878872493236 47.657649765037284 0.0 1.0 1.0 1 0 0 0.0 1.0 0
cell 42.412950649223056 21.688282443685132 0.0 1.0 1.0 1 0 0 0.0 1.0 0
cell 21.59498850283192 7.8899794190729695 0.0 1.0 1.0 1 0 0 0.0 1.0 0
cell 29.608193865796185 6.682117518649627 0.0 1.0 1.0 1 0 0 0.0 1.0 0
cell 46.86789306599953 54.9224143783603 0.0 1.0 1.0 1 0 0 0.0 1.0 0
cell 57.785713760198206 48.64293248389802 0.0 1.0 1.0 1 0 0 0.0 1.0 0
cell 9.815222418720506 53.6643158625219 0.0 1.0 1.0 1 0 0 0.0 1.0 0
cell 24.96883395081054 39.25083070736322 0.0 1.0 1.0 1 0 0 0.0 1.0 0
cell 40.06830134198887 9.080837318564445 0.0 1.0 1.0 1 0 0 0.0 1.0 0
cell 59.50535134297217 24.34408173603613 0.0 1.0 1.0 1 0 0 0.0 1.0 0
cell 46.10979339035545 50.20320264047264 0.0 1.0 1.0 1 0 0 0.0 1.0 0
cell 0.615375165334526 40.56227951002218 0.0 1.0 1.0 1 0 0 0.0 1.0 0
cell 12.197394788161112 29.496396375118834 0.0 1.0 1.0 1 0 0 0.0 1.0 0
cell 11.08205675314875 0.7845506113081543 0.0 1.0 1.0 1 0 0 0.0 1.0 0
cell 55.56389938944868 53.42357643413809 0.0 1.0 1.0 1 0 0 0.0 1.0 0
cell 49.07892293001443 2.2401928778784272 0.0 1.0 1.0 1 0 0 0.0 1.0 0
cell 13.251569466174262 57.0386307504888 0.0 1.0 1.0 1 0 0 0.0 1.0 0
cell 32.78831378259392 25.211614411224065 0.0 1.0 1.0 1 0 0 0.0 1.0 0
cell 19.79917566143329 28.213077936067137 0.0 1.0 1.0 1 0 0 0.0 1.0 0
cell 8.68060171799889 49.7654907312073 0.0 1.0 1.0 1 0 0 0.0 1.0 0
cell 44.181726305619875 50.82588243049281 0.0 1.0 1.0 1 0 0 0.0 1.0 0
cell 52.39000480289519 13.909817835512486 0.0 1.0 1.0 1 0 0 0.0 1.0 0
cell 13.675598950803836 52.76318208775828 0.0 1.0 1.0 1 0 0 0.0 1.0 0
cell 3.0881084655553526 42.958386989468536 0.0 1.0 1.0 1 0 0 0.0 1.0 0
cell 31.70580881755125 0.45775924635906595 0.0 1.0 1.0 1 0 0 0.0 1.0 0
cell 23.599170630057735 26.71941604683784 0.0 1.0 1.0 1 0 0 0.0 1.0 0
cell 48.46868093773252 12.945091976602688 0.0 1.0 1.0 1 0 0 0.0 1.0 0
cell 37.04636739877891 4.735457235275849 0.0 1.0 1.0 1 0 0 0.0 1.0 0
cell 31.155269939589164 44.304378569685895 0.0 1.0 1.0 1 0 0 0.0 1.0 0
cell 36.024810578688474 0.8922117999483914 0.0 1.0 1.0 1 0 0 0.0 1.0 0
cell 52.985267574594204 51.04470106395578 0.0 1.0 1.0 1 0 0 0.0 1.0 0
cell 58.86507157944826 4.711897309726895 0.0 1.0 1.0 1 0 0 0.0 1.0 0
cell 6.457573662526486 14.119599613691154 0.0 1.0 1.0 1 0 0 0.0 1.0 0
cell 29.278920387255354 24.66073233150179 0.0 1.0 1.0 1 0 0 0.0 1.0 0
cell 40.756770117392996 50.206308377118745 0.0 1.0 1.0 1 0 0 0.0 1.0 0
cell 23.399132170930326 37.93139266207814 0.0 1.0 1.0 1 0 0 0.0 1.0 0
cell 5.575982972511617 32.757690679300666 0.0 1.0 1.0 1 0 0 0.0 1.0 0
cell 14.99709796021346 5.460344175545529 0.0 1.0 1.0 1 0 0 0.0 1.0 0
cell 0.4577613300989928 53.0982744443344 0.0 1.0 1.0 1 0 0 0.0 1.0 0
cell 47.92726964804211 40.27290019314138 0.0 1.0 1.0 1 0 0 0.0 1.0 0
cell 0.6450479192255406 12.453534823667118 0.0 1.0 1.0 1 0 0 0.0 1.0 0
cell 53.27888474884345 10.477409348537709 0.0 1.0 1.0 1 0 0 0.0 1.0 0
cell 26.977226501207667 3.5861046620366355 0.0 1.0 1.0 1 0 0 0.0 1.0 0
cell 8.381012073875466 13.784087716869555 0.0 1.0 1.0 1 0 0 0.0 1.0 0
cell 10.329701666811204 8.026124074289756 0.0 1.0 1.0 1 0 0 0.0 1.0 0
cell 16.10037090033798 38.73632990435458 0.0 1.0 1.0 1 0 0 0.0 1.0 0
cell 36.96242743318126 51.55797976593611 0.0 1.0 1.0 1 0 0 0.0 1.0 0
cell 25.753780026599443 44.47018361058742 0.0 1.0 1.0 1 0 0 0.0 1.0 0
cell 50.20745119936312 53.90731459012322 0.0 1.0 1.0 1 0 0 0.0 1.0 0
cell 38.64115895878752 32.38917404938682 0.0 1.0 1.0 1 0 0 0.0 1.0 0
cell 51.7784484136484 38.93959692635306 0.0 1.0 1.0 1 0 0 0.0 1.0 0
cell 26.182665833999014 22.070904592454397 0.0 1.0 1.0 1 0 0 0.0 1.0 0
cell 13.834075890889771 21.206976760298648 0.0 1.0 1.0 1 0 0 0.0 1.0 0
cell 17.28060497020699 21.728191655419792 0.0 1.0 1.0 1 0 0 0.0 1.0 0
cell 38.699570240839186 10.575548442744203 0.0 1.0 1.0 1 0 0 0.0 1.0 0
cell 46.394674127809054 38.948103410468704 0.0 1.0 1.0 1 0 0 0.0 1.0 0
cell 41.71343515515699 14.922658842574723 0.0 1.0 1.0 1 0 0 0.0 1.0 0
cell 25.071229173661784 48.43212281350429 0.0 1.0 1.0 1 0 0 0.0 1.0 0
cell 23.51544793139962 47.2001558751342 0.0 1.0 1.0 1 0 0 0.0 1.0 0
cell 44.49765181054663 39.61800770494772 0.0 1.0 1.0 1 0 0 0.0 1.0 0
cell 51.043030767701026 42.906281921416245 0.0 1.0 1.0 1 0 0 0.0 1.0 0
cell 37.606350200998314 17.82213260499233 0.0 1.0 1.0 1 0 0 0.0 1.0 0
cell 30.644036938586655 37.173581251774934 0.0 1.0 1.0 1 0 0 0.0 1.0 0
cell 48.27856194209611 53.486053792289745 0.0 1.0 1.0 1 0 0 0.0 1.0 0
cell 31.824999778505422 40.48426573480409 0.0 1.0 1.0 1 0 0 0.0 1.0 0
cell 12.323040249618344 7.719812894164253 0.0 1.0 1.0 1 0 0 0.0 1.0 0
cell 22.887037458888422 9.509895855151228 0.0 1.0 1.0 1 0 0 0.0 1.0 0
cell 11.918486994936684 33.99962959900367 0.0 1.0 1.0 1 0 0 0.0 1.0 0
cell 50.66195240640151 31.32358044412644 0.0 1.0 1.0 1 0 0 0.0 1.0 0
cell 20.61052419293795 53.89066586936006 0.0 1.0 1.0 1 0 0 0.0 1.0 0
cell 5.07161484143518 1.884329469933401 0.0 1.0 1.0 1 0 0 0.0 1.0 0
cell 49.24443999089123 27.555007904848317 0.0 1.0 1.0 1 0 0 0.0 1.0 0
cell 53.881100342222666 35.551611159616044 0.0 1.0 1.0 1 0 0 0.0 1.0 0
cell 56.83170227057081 16.792971221826694 0.0 1.0 1.0 1 0 0 0.0 1.0 0
cell 27.54815245091784 34.574788007033156 0.0 1.0 1.0 1 0 0 0.0 1.0 0
cell 55.00971605554825 51.50786746596707 0.0 1.0 1.0 1 0 0 0.0 1.0 0
cell 21.69024202722844 2.506939502398681 0.0 1.0 1.0 1 0 0 0.0 1.0 0
cell 39.214639835913744 12.509073560064095 0.0 1.0 1.0 1 0 0 0.0 1.0 0
cell 18.71287568874007 15.541236289415794 0.0 1.0 1.0 1 0 0 0.0 1.0 0
cell 14.131595567239595 35.445889650467066 0.0 1.0 1.0 1 0 0 0.0 1.0 0
cell 57.170449110599115 11.474496469405533 0.0 1.0 1.0 1 0 0 0.0 1.0 0
cell 21.018098325669264 31.434775101807443 0.0 1.0 1.0 1 0 0 0.0 1.0 0
cell 53.701588883797925 47.680238295255464 0.0 1.0 1.0 1 0 0 0.0 1.0 0
cell 58.91443443229354 52.5373731216132 0.0 1.0 1.0 1 0 0 0.0 1.0 0
cell 48.42500828513952 47.529435453503126 0.0 1.0 1.0 1 0 0 0.0 1.0 0
cell 28.850416667650073 8.548312472992249 0.0 1.0 1.0 1 0 0 0.0 1.0 0
cell 38.115863702167985 25.111122937103538 0.0 1.0 1.0 1 0 0 0.0 1.0 0
cell 20.096049849284828 26.273433311535086 0.0 1.0 1.0 1 0 0 0.0 1.0 0
cell 20.75943277991761 42.61229089465755 0.0 1.0 1.0 1 0 0 0.0 1.0 0
cell 30.55906491562223 57.59637582796541 0.0 1.0 1.0 1 0 0 0.0 1.0 0
cell 46.823657753565406 46.20570080803076 0.0 1.0 1.0 1 0 0 0.0 1.0 0
cell 16.962790903543127 44.002995183427025 0.0 1.0 1.0 1 0 0 0.0 1.0 0
cell 3.6699367602036412 44.86650200453911 0.0 1.0 1.0 1 0 0 0.0 1.0 0
cell 44.314430719842 4.709886552732526 0.0 1.0 1.0 1 0 0 0.0 1.0 0
cell 39.755871591786594 14.479519345651813 0.0 1.0 1.0 1 0 0 0.0 1.0 0
cell 49.91969157919763 24.126687844743056 0.0 1.0 1.0 1 0 0 0.0 1.0 0
cell 52.08872105432859 19.209829592368575 0.0 1.0 1.0 1 0 0 0.0 1.0 0
cell 17.436203715816365 13.949788270196652 0.0 1.0 1.0 1 0 0 0.0 1.0 0
cell 48.66264288610041 20.260723489067445 0.0 1.0 1.0 1 0 0 0.0 1.0 0
cell 7.713704606175594 27.833776102415968 0.0 1.0 1.0 1 0 0 0.0 1.0 0
cell 43.49740775361646 55.8897585295879 0.0 1.0 1.0 1 0 0 0.0 1.0 0
cell 21.05468775409596 20.336845094181577 0.0 1.0 1.0 1 0 0 0.0 1.0 0
cell 2.2594509991925276 4.179999343347994 0.0 1.0 1.0 1 0 0 0.0 1.0 0
cell 2.9647711553197515 7.66252082322943 0.0 1.0 1.0 1 0 0 0.0 1.0 0
cell 22.37405071197396 23.463294409095607 0.0 1.0 1.0 1 0 0 0.0 1.0 0
cell 18.882833010037395 10.0991723412883 0.0 1.0 1.0 1 0 0 0.0 1.0 0
cell 11.806967639571821 59.336058605521686 0.0 1.0 1.0 1 0 0 0.0 1.0 0
cell 56.605021418227466 32.52805271268501 0.0 1.0 1.0 1 0 0 0.0 1.0 0
cell 1.700723725376437 26.676069638403447 0.0 1.0 1.0 1 0 0 0.0 1.0 0
cell 26.3018705141861 5.466327724098352 0.0 1.0 1.0 1 0 0 0.0 1.0 0
cell 41.064244798192526 18.42959157853069 0.0 1.0 1.0 1 0 0 0.0 1.0 0
cell 23.586102107100302 7.660740959014848 0.0 1.0 1.0 1 0 0 0.0 1.0 0
cell 51.31087479450012 33.26583494330727 0.0 1.0 1.0 1 0 0 0.0 1.0 0
cell 41.52995258992081 46.27352355448962 0.0 1.0 1.0 1 0 0 0.0 1.0 0
cell 36.71479963329178 10.034387178359717 0.0 1.0 1.0 1 0 0 0.0 1.0 0
cell 50.65077093317215 44.89769692351851 0.0 1.0 1.0 1 0 0 0.0 1.0 0
cell 52.68741198115777 8.550750707663427 0.0 1.0 1.0 1 0 0 0.0 1.0 0
cell 26.960735848625674 47.7502263443894 0.0 1.0 1.0 1 0 0 0.0 1.0 0
cell 17.609862249932963 19.704979633036846 0.0 1.0 1.0 1 0 0 0.0 1.0 0
cell 21.842872630214 57.18116282817941 0.0 1.0 1.0 1 0 0 0.0 1.0 0
cell 9.095312928401205 1.170203732759942 0.0 1.0 1.0 1 0 0 0.0 1.0 0
cell 54.60374764026823 21.557913448228753 0.0 1.0 1.0 1 0 0 0.0 1.0 0
cell 42.07815512462567 57.39455373475922 0.0 1.0 1.0 1 0 0 0.0 1.0 0
cell 36.17295854615205 8.07471131321809 0.0 1.0 1.0 1 0 0 0.0 1.0 0
cell 21.477743421926938 38.61694222395674 0.0 1.0 1.0 1 0 0 0.0 1.0 0
cell 2.436367498694082 23.26004192305761 0.0 1.0 1.0 1 0 0 0.0 1.0 0
cell 8.350245738183839 29.77618377979182 0.0 1.0 1.0 1 0 0 0.0 1.0 0
cell 26.26695996634545 0.22613609000771448 0.0 1.0 1.0 1 0 0 0.0 1.0 0
cell 5.054261704940793 43.433992467739635 0.0 1.0 1.0 1 0 0 0.0 1.0 0
cell 37.0503589012135 31.081085507271872 0.0 1.0 1.0 1 0 0 0.0 1.0 0
cell 22.98168558209154 58.832069175224504 0.0 1.0 1.0 1 0 0 0.0 1.0 0
cell 53.94966815792446 30.20229837238028 0.0 1.0 1.0 1 0 0 0.0 1.0 0
cell 48.00568339841768 58.794044890284304 0.0 1.0 1.0 1 0 0 0.0 1.0 0
cell 10.334320942102815 13.396168463977512 0.0 1.0 1.0 1 0 0 0.0 1.0 0
cell 23.238623791830115 28.740850031597788 0.0 1.0 1.0 1 0 0 0.0 1.0 0
cell 20.386308134722373 24.284903268138162 0.0 1.0 1.0 1 0 0 0.0 1.0 0
cell 47.578980862374614 42.22542469280623 0.0 1.0 1.0 1 0 0 0.0 1.0 0
cell 44.543276972023406 12.01875636920791 0.0 1.0 1.0 1 0 0 0.0 1.0 0
cell 41.80186099397354 2.287372314424745 0.0 1.0 1.0 1 0 0 0.0 1.0 0
cell 6.362565795868778 54.54743599067282 0.0 1.0 1.0 1 0 0 0.0 1.0 0
cell 13.830599720875002 41.40399309401788 0.0 1.0 1.0 1 0 0 0.0 1.0 0
cell 54.191144518028004 45.72712081398199 0.0 1.0 1.0 1 0 0 0.0 1.0 0
cell 1.7079323659568195 16.298124007572756 0.0 1.0 1.0 1 0 0 0.0 1.0 0
cell 14.95902868144361 10.787469563312955 0.0 1.0 1.0 1 0 0 0.0 1.0 0
cell 11.92887489645565 21.939723431053945 0.0 1.0 1.0 1 0 0 0.0 1.0 0
cell 59.10502271021032 11.939679093349135 0.0 1.0 1.0 1 0 0 0.0 1.0 0
cell 44.675657303182255 19.37751009252478 0.0 1.0 1.0 1 0 0 0.0 1.0 0
cell 41.9727744416823 23.722075624138686 0.0 1.0 1.0 1 0 0 0.0 1.0 0
cell 32.04786101802199 58.91975937687385 0.0 1.0 1.0 1 0 0 0.0 1.0 0
cell 24.939104717122184 3.912936374599348 0.0 1.0 1.0 1 0 0 0.0 1.0 0
cell 14.171793181712605 19.16113646132061 0.0 1.0 1.0 1 0 0 0.0 1.0 0
cell 2.4587258589279215 53.60564926689539 0.0 1.0 1.0 1 0 0 0.0 1.0 0
cell 38.403569338729795 43.625026693011726 0.0 1.0 1.0 1 0 0 0.0 1.0 0
cell 45.65260422209162 42.90819390176884 0.0 1.0 1.0 1 0 0 0.0 1.0 0
cell 35.990085714704605 37.09884041953326 0.0 1.0 1.0 1 0 0 0.0 1.0 0
cell 49.3458750319682 32.804756277952116 0.0 1.0 1.0 1 0 0 0.0 1.0 0
cell 0.5033627534648566 5.16847789253288 0.0 1.0 1.0 1 0 0 0.0 1.0 0
cell 24.72394323488162 50.446781726305616 0.0 1.0 1.0 1 0 0 0.0 1.0 0
cell 28.58455349786405 28.65020558332758 0.0 1.0 1.0 1 0 0 0.0 1.0 0
cell 1.6890230984984151 44.41954500809617 0.0 1.0 1.0 1 0 0 0.0 1.0 0
cell 2.0861661037188437 10.993094055760892 0.0 1.0 1.0 1 0 0 0.0 1.0 0
cell 59.84090385512356 49.21295128426488 0.0 1.0 1.0 1 0 0 0.0 1.0 0
cell 40.627295026766795 11.030262408232673 0.0 1.0 1.0 1 0 0 0.0 1.0 0
cell 47.21178854140786 44.24644293735711 0.0 1.0 1.0 1 0 0 0.0 1.0 0
cell 35.8596447180047 13.397829948974577 0.0 1.0 1.0 1 0 0 0.0 1.0 0
cell 4.552704707906286 13.434281341350529 0.0 1.0 1.0 1 0 0 0.0 1.0 0
cell 57.22922505926949 59.28492603056973 0.0 1.0 1.0 1 0 0 0.0 1.0 0
cell 31.715746729652306 6.385148370907462 0.0 1.0 1.0 1 0 0 0.0 1.0 0
cell 59.05887387535729 40.09228760488891 0.0 1.0 1.0 1 0 0 0.0 1.0 0
cell 10.97275229115234 55.35616073332426 0.0 1.0 1.0 1 0 0 0.0 1.0 0
cell 16.276189216206774 48.05427532444373 0.0 1.0 1.0 1 0 0 0.0 1.0 0
cell 10.332946471704151 42.85989230176756 0.0 1.0 1.0 1 0 0 0.0 1.0 0
cell 21.95972897950158 45.869901717948316 0.0 1.0 1.0 1 0 0 0.0 1.0 0
cell 9.645009792271798 15.367040785614186 0.0 1.0 1.0 1 0 0 0.0 1.0 0
cell 1.044227719266225 7.112333112424667 0.0 1.0 1.0 1 0 0 0.0 1.0 0
cell 58.19730832776999 43.43893628421548 0.0 1.0 1.0 1 0 0 0.0 1.0 0
cell 52.51991915265078 44.301626503808286 0.0 1.0 1.0 1 0 0 0.0 1.0 0
cell 58.62850364404707 32.920737495110394 0.0 1.0 1.0 1 0 0 0.0 1.0 0
cell 18.364365902429068 36.047826188789934 0.0 1.0 1.0 1 0 0 0.0 1.0 0
cell 59.34625871359141 19.166187846634806 0.0 1.0 1.0 1 0 0 0.0 1.0 0
cell 1.9065266625007524 51.59970391799765 0.0 1.0 1.0 1 0 0 0.0 1.0 0
cell 17.560912720497257 58.33032264157865 0.0 1.0 1.0 1 0 0 0.0 1.0 0
cell 9.686978692128484 24.645544234492906 0.0 1.0 1.0 1 0 0 0.0 1.0 0
cell 58.352496182075654 50.540377895816626 0.0 1.0 1.0 1 0 0 0.0 1.0 0
cell 24.13351350770338 11.065745681851162 0.0 1.0 1.0 1 0 0 0.0 1.0 0
cell 49.10171107722297 43.548699251915025 0.0 1.0 1.0 1 0 0 0.0 1.0 0
cell 43.480120885025414 8.13195451582648 0.0 1.0 1.0 1 0 0 0.0 1.0 0
cell 1.419948511215684 37.1396241463691 0.0 1.0 1.0 1 0 0 0.0 1.0 0
cell 58.309079610175864 2.7705250373633 0.0 1.0 1.0 1 0 0 0.0 1.0 0
cell 52.68785933063676 31.74751330744568 0.0 1.0 1.0 1 0 0 0.0 1.0 0
cell 6.693949611537391 49.28094671180194 0.0 1.0 1.0 1 0 0 0.0 1.0 0
cell 13.986757850295453 30.435000867538292 0.0 1.0 1.0 1 0 0 0.0 1.0 0
cell 57.95632996936181 20.659451672930853 0.0 1.0 1.0 1 0 0 0.0 1.0 0
cell 32.939490800902526 34.475749349854965 0.0 1.0 1.0 1 0 0 0.0 1.0 0
cell 33.27053772157722 10.942003967092866 0.0 1.0 1.0 1 0 0 0.0 1.0 0
cell 14.266306617081877 12.761470490548492 0.0 1.0 1.0 1 0 0 0.0 1.0 0
cell 27.402225088076488 12.354933715909663 0.0 1.0 1.0 1 0 0 0.0 1.0 0
cell 23.40671458940922 12.961501132523056 0.0 1.0 1.0 1 0 0 0.0 1.0 0
cell 27.891429812543343 43.49526205624386 0.0 1.0 1.0 1 0 0 0.0 1.0 0
cell 13.642211439028616 15.20986436166653 0.0 1.0 1.0 1 0 0 0.0 1.0 0
cell 13.713779975401929 3.8914065087871443 0.0 1.0 1.0 1 0 0 0.0 1.0 0
cell 52.93420153994138 15.797332364423982 0.0 1.0 1.0 1 0 0 0.0 1.0 0
cell 20.6779854777514 15.152854183507577 0.0 1.0 1.0 1 0 0 0.0 1.0 0
cell 2.8309985994588485 35.70017597577994 0.0 1.0 1.0 1 0 0 0.0 1.0 0
cell 26.53508347879813 20.069532385642535 0.0 1.0 1.0 1 0 0 0.0 1.0 0
cell 22.98370688602407 4.077040914713709 0.0 1.0 1.0 1 0 0 0.0 1.0 0
cell 60.155834580981114 26.243997105449317 0.0 1.0 1.0 1 0 0 0.0 1.0 0
cell 17.789275658843266 28.98963434310208 0.0 1.0 1.0 1 0 0 0.0 1.0 0
cell 23.757348716648174 56.46191823764446 0.0 1.0 1.0 1 0 0 0.0 1.0 0
cell 24.28742403733766 5.779933795702214 0.0 1.0 1.0 1 0 0 0.0 1.0 0
cell 26.475576664587653 40.538821822238674 0.0 1.0 1.0 1 0 0 0.0 1.0 0
cell 15.880678091355518 29.702391334414926 0.0 1.0 1.0 1 0 0 0.0 1.0 0
cell 22.152975431115244 11.330256842330051 0.0 1.0 1.0 1 0 0 0.0 1.0 0
cell 7.043708594788355 6.871097569137331 0.0 1.0 1.0 1 0 0 0.0 1.0 0
cell 17.146997043326266 53.30626806699214 0.0 1.0 1.0 1 0 0 0.0 1.0 0
cell 16.92923287194781 10.419740271302228 0.0 1.0 1.0 1 0 0 0.0 1.0 0
cell 25.15591374627031 28.03867326754262 0.0 1.0 1.0 1 0 0 0.0 1.0 0
cell 57.42708805546569 18.705667325466116 0.0 1.0 1.0 1 0 0 0.0 1.0 0
cell 42.24738808970082 16.86517897524708 0.0 1.0 1.0 1 0 0 0.0 1.0 0
cell 21.6123339252883 47.89722831318017 0.0 1.0 1.0 1 0 0 0.0 1.0 0
cell 11.626253855804011 14.869022685307606 0.0 1.0 1.0 1 0 0 0.0 1.0 0
cell 9.335246408567002 39.03069917444982 0.0 1.0 1.0 1 0 0 0.0 1.0 0
cell 48.534322191735036 0.30549998061445316 0.0 1.0 1.0 1 0 0 0.0 1.0 0
cell 51.8097991627869 11.936783440030542 0.0 1.0 1.0 1 0 0 0.0 1.0 0
cell 43.85563591847912 52.81169687256646 0.0 1.0 1.0 1 0 0 0.0 1.0 0
cell 39.129375895527275 39.64674867379304 0.0 1.0 1.0 1 0 0 0.0 1.0 0
cell 59.714401964739764 1.2670129881064813 0.0 1.0 1.0 1 0 0 0.0 1.0 0
cell 59.46831872646707 54.466732344512394 0.0 1.0 1.0 1 0 0 0.0 1.0 0
cell 30.128338708210066 59.56891135226592 0.0 1.0 1.0 1 0 0 0.0 1.0 0
cell 59.87460877855424 36.734349171643416 0.0 1.0 1.0 1 0 0 0.0 1.0 0
cell 41.20393368390755 12.98782466220839 0.0 1.0 1.0 1 0 0 0.0 1.0 0
cell 43.9185221270073 23.014523269003316 0.0 1.0 1.0 1 0 0 0.0 1.0 0
cell 8.896846197615421 19.37914806771634 0.0 1.0 1.0 1 0 0 0.0 1.0 0
cell 6.131285678196798 47.3180625995493 0.0 1.0 1.0 1 0 0 0.0 1.0 0
cell 24.63296353157715 20.78560277072074 0.0 1.0 1.0 1 0 0 0.0 1.0 0
cell 41.00310087864065 38.97503160984399 0.0 1.0 1.0 1 0 0 0.0 1.0 0
cell 24.211154406260242 43.24224588931038 0.0 1.0 1.0 1 0 0 0.0 1.0 0
cell 17.640257046425024 40.03490235138883 0.0 1.0 1.0 1 0 0 0.0 1.0 0
cell 20.958066610168807 4.406367663643037 0.0 1.0 1.0 1 0 0 0.0 1.0 0
cell 7.393818418177515 25.81388829222936 0.0 1.0 1.0 1 0 0 0.0 1.0 0
cell 14.8064165065641 46.786463343191215 0.0 1.0 1.0 1 0 0 0.0 1.0 0
cell 8.349847233298284 8.41435679696557 0.0 1.0 1.0 1 0 0 0.0 1.0 0
cell 5.812006874256277 52.66870720957803 0.0 1.0 1.0 1 0 0 0.0 1.0 0
cell 13.265896231610236 55.005541479346306 0.0 1.0 1.0 1 0 0 0.0 1.0 0
cell 45.454148731340055 56.37086058920757 0.0 1.0 1.0 1 0 0 0.0 1.0 0
cell 41.24650309399175 0.3637537024166447 0.0 1.0 1.0 1 0 0 0.0 1.0 0
cell 33.9824483992866 28.515923851603063 0.0 1.0 1.0 1 0 0 0.0 1.0 0
cell 40.03404276838581 24.385259799134644 0.0 1.0 1.0 1 0 0 0.0 1.0 0
cell 30.161095465858164 10.14187042061871 0.0 1.0 1.0 1 0 0 0.0 1.0 0
cell 19.002156766149845 4.765384622630032 0.0 1.0 1.0 1 0 0 0.0 1.0 0
cell 33.8219447735892 19.23720794353916 0.0 1.0 1.0 1 0 0 0.0 1.0 0
cell 9.725422890829233 4.617679160868254 0.0 1.0 1.0 1 0 0 0.0 1.0 0
cell 50.185382965177546 6.1175899104781415 0.0 1.0 1.0 1 0 0 0.0 1.0 0
cell 8.984994954572153 11.853094348924673 0.0 1.0 1.0 1 0 0 0.0 1.0 0
cell 33.88485469085934 12.840061559789698 0.0 1.0 1.0 1 0 0 0.0 1.0 0
cell 54.02513356457924 19.68440692414185 0.0 1.0 1.0 1 0 0 0.0 1.0 0
cell 49.91464807667139 59.2855419793577 0.0 1.0 1.0 1 0 0 0.0 1.0 0
cell 31.74616709826535 31.218743103770805 0.0 1.0 1.0 1 0 0 0.0 1.0 0
cell 53.02736684186661 3.2175100288956267 0.0 1.0 1.0 1 0 0 0.0 1.0 0
cell 22.378034495525174 0.627664208949948 0.0 1.0 1.0 1 0 0 0.0 1.0 0
cell 37.40204883612491 29.093964147379427 0.0 1.0 1.0 1 0 0 0.0 1.0 0
cell 15.088144436318911 24.461820967122506 0.0 1.0 1.0 1 0 0 0.0 1.0 0
cell 29.78249207402305 31.91779871061967 0.0 1.0 1.0 1 0 0 0.0 1.0 0
cell 14.337820564806844 7.313794429082592 0.0 1.0 1.0 1 0 0 0.0 1.0 0
cell 8.946305154709862 31.741562399389938 0.0 1.0 1.0 1 0 0 0.0 1.0 0
cell 6.368675833896761 3.466686352112801 0.0 1.0 1.0 1 0 0 0.0 1.0 0
cell 10.330673832513794 30.225670741726983 0.0 1.0 1.0 1 0 0 0.0 1.0 0
cell 22.632633261831227 41.908104510339186 0.0 1.0 1.0 1 0 0 0.0 1.0 0
cell 58.496778276138684 38.194220077719 0.0 1.0 1.0 1 0 0 0.0 1.0 0
cell 33.12390710681341 23.27137291062121 0.0 1.0 1.0 1 0 0 0.0 1.0 0
cell 40.15739258985479 33.69882280930364 0.0 1.0 1.0 1 0 0 0.0 1.0 0
cell 38.79964596051037 58.40609350435642 0.0 1.0 1.0 1 0 0 0.0 1.0 0
cell 24.273899114437498 22.73255160250266 0.0 1.0 1.0 1 0 0 0.0 1.0 0
cell 47.927959197303366 23.674324169871035 0.0 1.0 1.0 1 0 0 0.0 1.0 0
cell 34.18719649651878 7.615116331345169 0.0 1.0 1.0 1 0 0 0.0 1.0 0
cell 48.72530256975938 45.57730225199695 0.0 1.0 1.0 1 0 0 0.0 1.0 0
cell 20.739548710808943 22.315270739226357 0.0 1.0 1.0 1 0 0 0.0 1.0 0
cell 19.11979891006605 21.000420223548286 0.0 1.0 1.0 1 0 0 0.0 1.0 0
cell 42.67531964100562 59.330996029148004 0.0 1.0 1.0 1 0 0 0.0 1.0 0
cell 44.89642935636009 6.6627678481891275 0.0 1.0 1.0 1 0 0 0.0 1.0 0
cell 11.032790848743709 6.169677634830457 0.0 1.0 1.0 1 0 0 0.0 1.0 0
cell 10.616578483037024 48.16653787266842 0.0 1.0 1.0 1 0 0 0.0 1.0 0
cell 41.92801189167574 53.511044015588276 0.0 1.0 1.0 1 0 0 0.0 1.0 0
cell 46.27295447820086 5.200886773279312 0.0 1.0 1.0 1 0 0 0.0 1.0 0
cell 50.096006717200424 18.762784041919318 0.0 1.0 1.0 1 0 0 0.0 1.0 0
cell 21.984227648514377 16.632177785316017 0.0 1.0 1.0 1 0 0 0.0 1.0 0
cell 56.50895581517331 37.785303661879766 0.0 1.0 1.0 1 0 0 0.0 1.0 0
cell 29.06285533341565 56.269646082910235 0.0 1.0 1.0 1 0 0 0.0 1.0 0
cell 49.924107951978314 34.75226045636511 0.0 1.0 1.0 1 0 0 0.0 1.0 0
cell 39.23701646897306 48.89419581274959 0.0 1.0 1.0 1 0 0 0.0 1.0 0
cell 21.27962280281076 49.89952399910959 0.0 1.0 1.0 1 0 0 0.0 1.0 0
cell 38.1589202347884 8.611945737873704 0.0 1.0 1.0 1 0 0 0.0 1.0 0
cell 32.83887339905381 54.89320199644176 0.0 1.0 1.0 1 0 0 0.0 1.0 0
cell 50.5939110692847 26.022442873790876 0.0 1.0 1.0 1 0 0 0.0 1.0 0
cell 7.710429449393377 4.965169380710437 0.0 1.0 1.0 1 0 0 0.0 1.0 0
cell 10.584563929957715 50.18580589608514 0.0 1.0 1.0 1 0 0 0.0 1.0 0
cell 25.38941869869164 12.642427066111736 0.0 1.0 1.0 1 0 0 0.0 1.0 0
cell 60.19942594092922 15.780850091068269 0.0 1.0 1.0 1 0 0 0.0 1.0 0
cell 47.113377477966104 34.977226967076255 0.0 1.0 1.0 1 0 0 0.0 1.0 0
cell 44.58061115377465 48.875112249315485 0.0 1.0 1.0 1 0 0 0.0 1.0 0
cell 32.24052362912225 18.035385846402185 0.0 1.0 1.0 1 0 0 0.0 1.0 0
cell 38.29492016525678 34.37043512784829 0.0 1.0 1.0 1 0 0 0.0 1.0 0
cell 19.390711735847326 50.57423049341968 0.0 1.0 1.0 1 0 0 0.0 1.0 0
cell 44.64468832710792 28.33470719566046 0.0 1.0 1.0 1 0 0 0.0 1.0 0
cell 55.44102003686444 18.19010075148791 0.0 1.0 1.0 1 0 0 0.0 1.0 0
cell 40.30675887513162 42.954535758813535 0.0 1.0 1.0 1 0 0 0.0 1.0 0
cell 42.27814238964244 51.50068140791031 0.0 1.0 1.0 1 0 0 0.0 1.0 0
cell 10.725255390040846 37.56707773297667 0.0 1.0 1.0 1 0 0 0.0 1.0 0
cell 29.370656153487275 54.27880260251029 0.0 1.0 1.0 1 0 0 0.0 1.0 0
cell 4.5164459459966215 41.49724731660155 0.0 1.0 1.0 1 0 0 0.0 1.0 0
cell 40.43526089776541 3.740151525458042 0.0 1.0 1.0 1 0 0 0.0 1.0 0
cell 31.620262622739723 51.60051145544031 0.0 1.0 1.0 1 0 0 0.0 1.0 0
cell 5.097277891332697 19.32643259794081 0.0 1.0 1.0 1 0 0 0.0 1.0 0
cell 43.123076589964604 13.460915397600843 0.0 1.0 1.0 1 0 0 0.0 1.0 0
cell 19.540941113089968 39.30795902911211 0.0 1.0 1.0 1 0 0 0.0 1.0 0
cell 12.304614607325407 19.936062516326167 0.0 1.0 1.0 1 0 0 0.0 1.0 0
cell 46.15032109045857 17.84926732978473 0.0 1.0 1.0 1 0 0 0.0 1.0 0
cell 39.68792729526804 26.41336622813903 0.0 1.0 1.0 1 0 0 0.0 1.0 0
cell 43.42327230668319 45.591625571912765 0.0 1.0 1.0 1 0 0 0.0 1.0 0
cell 48.80487167809888 7.60178421776312 0.0 1.0 1.0 1 0 0 0.0 1.0 0
cell 5.356516560364483 38.07305457597148 0.0 1.0 1.0 1 0 0 0.0 1.0 0
cell 36.37860814703988 15.421799061107091 0.0 1.0 1.0 1 0 0 0.0 1.0 0
cell 14.504588001960649 33.47045692721779 0.0 1.0 1.0 1 0 0 0.0 1.0 0
cell 1.8212985887367157 21.390627706583828 0.0 1.0 1.0 1 0 0 0.0 1.0 0
cell 5.55497313796898 17.367682448319123 0.0 1.0 1.0 1 0 0 0.0 1.0 0
cell 0.8397827965147098 35.25304745448318 0.0 1.0 1.0 1 0 0 0.0 1.0 0
cell 6.44895481733539 41.97336232482311 0.0 1.0 1.0 1 0 0 0.0 1.0 0
cell 8.131773235223534 47.816386537206704 0.0 1.0 1.0 1 0 0 0.0 1.0 0
cell 14.390256411301015 48.795667908727005 0.0 1.0 1.0 1 0 0 0.0 1.0 0
cell 52.71694097867765 56.37637209493585 0.0 1.0 1.0 1 0 0 0.0 1.0 0
cell 38.13011659019771 54.81351798344714 0.0 1.0 1.0 1 0 0 0.0 1.0 0
cell 26.838242880816356 38.56012907675674 0.0 1.0 1.0 1 0 0 0.0 1.0 0
cell 49.5694232603604 16.83045186953345 0.0 1.0 1.0 1 0 0 0.0 1.0 0
cell 21.85093896668964 36.69461406176581 0.0 1.0 1.0 1 0 0 0.0 1.0 0
cell 55.26015464640565 34.031439421929875 0.0 1.0 1.0 1 0 0 0.0 1.0 0
cell 41.712129607212376 34.99786449920672 0.0 1.0 1.0 1 0 0 0.0 1.0 0
cell 13.100251844510755 0.45457048087011503 0.0 1.0 1.0 1 0 0 0.0 1.0 0
cell 28.080013498649084 21.371703115594805 0.0 1.0 1.0 1 0 0 0.0 1.0 0
cell 24.40280218045896 52.41947417376328 0.0 1.0 1.0 1 0 0 0.0 1.0 0
cell 46.80782798906638 7.093516971243709 0.0 1.0 1.0 1 0 0 0.0 1.0 0
cell 41.86973507974447 44.21431224111432 0.0 1.0 1.0 1 0 0 0.0 1.0 0
cell 11.808293457158312 53.52227541565583 0.0 1.0 1.0 1 0 0 0.0 1.0 0
cell 28.77464776330435 37.89181712015376 0.0 1.0 1.0 1 0 0 0.0 1.0 0
cell 54.48800108365433 37.47460876761746 0.0 1.0 1.0 1 0 0 0.0 1.0 0
cell 35.808165638198 48.22653108233565 0.0 1.0 1.0 1 0 0 0.0 1.0 0
cell 30.821112333183198 2.834183262439157 0.0 1.0 1.0 1 0 0 0.0 1.0 0
cell 16.47592789376396 36.7353173579146 0.0 1.0 1.0 1 0 0 0.0 1.0 0
cell 18.50067745189064 24.981898468998697 0.0 1.0 1.0 1 0 0 0.0 1.0 0
cell 16.03145802254928 34.73028467561011 0.0 1.0 1.0 1 0 0 0.0 1.0 0
cell 54.87637887766963 16.323737071669996 0.0 1.0 1.0 1 0 0 0.0 1.0 0
cell 21.437762321434327 13.257834133090086 0.0 1.0 1.0 1 0 0 0.0 1.0 0
cell 28.658846575251765 58.26912448188661 0.0 1.0 1.0 1 0 0 0.0 1.0 0
cell 3.5564022859927147 57.48233869749207 0.0 1.0 1.0 1 0 0 0.0 1.0 0
cell 39.32790655068369 60.312730717595166 0.0 1.0 1.0 1 0 0 0.0 1.0 0
cell 37.58991687958464 38.39234355441204 0.0 1.0 1.0 1 0 0 0.0 1.0 0
cell 3.084406163977585 25.170871402173226 0.0 1.0 1.0 1 0 0 0.0 1.0 0
cell 31.987477025104123 49.62708376242575 0.0 1.0 1.0 1 0 0 0.0 1.0 0
cell 40.03394624278659 54.17969779350948 0.0 1.0 1.0 1 0 0 0.0 1.0 0
cell 60.02027447678821 8.566315876623385 0.0 1.0 1.0 1 0 0 0.0 1.0 0
cell 34.58543759711907 44.969348247351896 0.0 1.0 1.0 1 0 0 0.0 1.0 0
cell 7.250654264967371 51.18021796770746 0.0 1.0 1.0 1 0 0 0.0 1.0 0
cell 48.976300147330015 14.87863990945784 0.0 1.0 1.0 1 0 0 0.0 1.0 0
cell 12.291045534716849 13.007728820946427 0.0 1.0 1.0 1 0 0 0.0 1.0 0
cell 7.037545850092788 12.164105164896936 0.0 1.0 1.0 1 0 0 0.0 1.0 0
cell 15.37739795866466 42.709882341918195 0.0 1.0 1.0 1 0 0 0.0 1.0 0
cell 12.165057160084636 36.09666733467739 0.0 1.0 1.0 1 0 0 0.0 1.0 0
cell 27.438470580532105 25.323914281048786 0.0 1.0 1.0 1 0 0 0.0 1.0 0
cell 48.542194169854874 25.633729791443596 0.0 1.0 1.0 1 0 0 0.0 1.0 0
cell 57.67170528300089 13.386304331823272 0.0 1.0 1.0 1 0 0 0.0 1.0 0
cell 7.7963417891535665 53.14474059912636 0.0 1.0 1.0 1 0 0 0.0 1.0 0
cell 38.33434359779973 15.921023715595254 0.0 1.0 1.0 1 0 0 0.0 1.0 0
cell 16.982734976208114 5.109411113962601 0.0 1.0 1.0 1 0 0 0.0 1.0 0
cell 44.614612018995395 59.794844382207685 0.0 1.0 1.0 1 0 0 0.0 1.0 0
cell 27.888128729210173 32.61680380286311 0.0 1.0 1.0 1 0 0 0.0 1.0 0
cell 10.392821972488594 2.719057149920567 0.0 1.0 1.0 1 0 0 0.0 1.0 0
cell 35.15766226047421 31.768988382111264 0.0 1.0 1.0 1 0 0 0.0 1.0 0
cell 40.792018684615634 20.41919356357834 0.0 1.0 1.0 1 0 0 0.0 1.0 0
cell 59.89097452058426 21.145333246379742 0.0 1.0 1.0 1 0 0 0.0 1.0 0
cell 8.203238628242607 35.12931370998705 0.0 1.0 1.0 1 0 0 0.0 1.0 0
cell 53.555063143650784 52.97860568703988 0.0 1.0 1.0 1 0 0 0.0 1.0 0
cell 1.187736532570602 1.8162543942587026 0.0 1.0 1.0 1 0 0 0.0 1.0 0
cell 12.418175610008959 2.3524926597108644 0.0 1.0 1.0 1 0 0 0.0 1.0 0
cell 56.60094351388764 22.0822662244201 0.0 1.0 1.0 1 0 0 0.0 1.0 0
cell 57.88535878733466 36.31650419142686 0.0 1.0 1.0 1 0 0 0.0 1.0 0
cell 4.937269422978045 56.01474271949789 0.0 1.0 1.0 1 0 0 0.0 1.0 0
cell 31.434910841048158 11.797097971912667 0.0 1.0 1.0 1 0 0 0.0 1.0 0
cell 37.25807884137064 12.027726259756792 0.0 1.0 1.0 1 0 0 0.0 1.0 0
cell 45.094237603754095 13.966669720081246 0.0 1.0 1.0 1 0 0 0.0 1.0 0
cell 38.83868584792944 50.8616392749503 0.0 1.0 1.0 1 0 0 0.0 1.0 0
cell 25.48749278112382 26.019400025891223 0.0 1.0 1.0 1 0 0 0.0 1.0 0
cell 20.845635701984914 9.832366498772394 0.0 1.0 1.0 1 0 0 0.0 1.0 0
cell 6.200530330921091 34.692005389309664 0.0 1.0 1.0 1 0 0 0.0 1.0 0
cell 11.138038278563807 16.762787703886815 0.0 1.0 1.0 1 0 0 0.0 1.0 0
cell 44.26719073598964 30.34435420646262 0.0 1.0 1.0 1 0 0 0.0 1.0 0
cell 28.29665447141432 5.114371899464212 0.0 1.0 1.0 1 0 0 0.0 1.0 0
cell 5.668707934366303 58.14495534926653 0.0 1.0 1.0 1 0 0 0.0 1.0 0
cell 34.41126008290129 14.79500500614512 0.0 1.0 1.0 1 0 0 0.0 1.0 0
cell 3.853686714206647 52.16799919944095 0.0 1.0 1.0 1 0 0 0.0 1.0 0
cell 16.595524287196927 25.7107352503997 0.0 1.0 1.0 1 0 0 0.0 1.0 0
cell 57.65689067285363 41.54740973928355 0.0 1.0 1.0 1 0 0 0.0 1.0 0
cell 59.64559639930248 42.03473965066061 0.0 1.0 1.0 1 0 0 0.0 1.0 0
cell 9.63164047223404 9.940461476928217 0.0 1.0 1.0 1 0 0 0.0 1.0 0
cell 51.91970853566205 35.159080969208595 0.0 1.0 1.0 1 0 0 0.0 1.0 0
cell 2.264375432777436 18.269696697073314 0.0 1.0 1.0 1 0 0 0.0 1.0 0
cell 33.66056753659082 0.053779891141998264 0.0 1.0 1.0 1 0 0 0.0 1.0 0
cell 7.371703029690336 18.074242527935464 0.0 1.0 1.0 1 0 0 0.0 1.0 0
cell 53.222215135811275 23.080180364024315 0.0 1.0 1.0 1 0 0 0.0 1.0 0
cell 18.789043621806172 22.998615146348527 0.0 1.0 1.0 1 0 0 0.0 1.0 0
cell 17.491161506515972 51.326069101031706 0.0 1.0 1.0 1 0 0 0.0 1.0 0
cell 26.624816098532857 14.223804823379387 0.0 1.0 1.0 1 0 0 0.0 1.0 0
cell 45.93956744739036 23.27357179460514 0.0 1.0 1.0 1 0 0 0.0 1.0 0
cell 19.493502697645454 19.024442096285597 0.0 1.0 1.0 1 0 0 0.0 1.0 0
cell 1.0663436156680863 24.75396356272032 0.0 1.0 1.0 1 0 0 0.0 1.0 0
cell 39.562665257020235 7.173577694307432 0.0 1.0 1.0 1 0 0 0.0 1.0 0
cell 16.295336975239934 27.719183439499837 0.0 1.0 1.0 1 0 0 0.0 1.0 0
cell 3.118989875950885 2.3572895248734853 0.0 1.0 1.0 1 0 0 0.0 1.0 0
cell 22.279354851300234 43.9052992215541 0.0 1.0 1.0 1 0 0 0.0 1.0 0
