500
 Lattice="42.49132875428208 0.0 0.0 0.0 42.49132875428208 0.0 0.0 0.0 1.0"Properties=species:S:1:pos:R:3:aspherical_shape:R:3:orientation:R:4:Color:R:1
cell 2.2716170780098457 32.54817571113479 0.0 1.0 1.0 1 0 0 0.0 1.0 0
cell 15.16104932516232 13.729532168814064 0.0 1.0 1.0 1 0 0 0.0 1.0 0
cell 2.1501050330401124 20.686313792780137 0.0 1.0 1.0 1 0 0 0.0 1.0 0
cell 33.34182458548485 4.753817528311581 0.0 1.0 1.0 1 0 0 0.0 1.0 0
cell 10.891622062418174 20.06015858581248 0.0 1.0 1.0 1 0 0 0.0 1.0 0
cell 11.084148821331649 31.532502428641966 0.0 1.0 1.0 1 0 0 0.0 1.0 0
cell 36.797188940652596 34.61000677357647 0.0 1.0 1.0 1 0 0 0.0 1.0 0
cell 5.574258630132658 20.00633954112724 0.0 1.0 1.0 1 0 0 0.0 1.0 0
cell 19.94606937183929 30.782648528763897 0.0 1.0 1.0 1 0 0 0.0 1.0 0
cell 30.6270352234199 9.341021630154856 0.0 1.0 1.0 1 0 0 0.0 1.0 0
cell 20.761247332392543 34.7051258716398 0.0 1.0 1.0 1 0 0 0.0 1.0 0
cell 8.880326653756239 5.227597983898963 0.0 1.0 1.0 1 0 0 0.0 1.0 0
cell 9.008022710065164 19.369002229388215 0.0 1.0 1.0 1 0 0 0.0 1.0 0
cell 19.273886189236546 2.7195286517750423 0.0 1.0 1.0 1 0 0 0.0 1.0 0
cell 9.573712535571104 9.174089616752024 0.0 1.0 1.0 1 0 0 0.0 1.0 0
cell 37.15585207839023 6.045771134087344 0.0 1.0 1.0 1 0 0 0.0 1.0 0
cell 35.94443714141382 18.621231622141153 0.0 1.0 1.0 1 0 0 0.0 1.0 0
cell 22.96685727049413 6.826322339960621 0.0 1.0 1.0 1 0 0 0.0 1.0 0
cell 21.032917567899915 15.355922600703801 0.0 1.0 1.0 1 0 0 0.0 1.0 0
cell 0.6915159412003637 19.24083537723311 0.0 1.0 1.0 1 0 0 0.0 1.0 0
cell 19.521376807704126 28.846168276760565 0.0 1.0 1.0 1 0 0 0.0 1.0 0
cell 41.96639521189944 25.28416969355135 0.0 1.0 1.0 1 0 0 0.0 1.0 0
cell 33.341196777048324 35.24787625738829 0.0 1.0 1.0 1 0 0 0.0 1.0 0
cell 15.688354090630707 27.592340743766503 0.0 1.0 1.0 1 0 0 0.0 1.0 0
cell 39.825060025353345 34.58251876849848 0.0 1.0 1.0 1 0 0 0.0 1.0 0
cell 5.7650803684155045 7.937988722576081 0.0 1.0 1.0 1 0 0 0.0 1.0 0
cell 0.03768555272640085 39.174303760873805 0.0 1.0 1.0 1 0 0 0.0 1.0 0
cell 7.297527815338704 39.73252381538073 0.0 1.0 1.0 1 0 0 0.0 1.0 0
cell 32.22218570440931 41.284483512145435 0.0 1.0 1.0 1 0 0 0.0 1.0 0
cell 34.82411647689464 12.67344277633377 0.0 1.0 1.0 1 0 0 0.0 1.0 0
cell 3.8474607122995557 40.51122599893603 0.0 1.0 1.0 1 0 0 0.0 1.0 0
cell 13.391304521861125 24.944664733092125 0.0 1.0 1.0 1 0 0 0.0 1.0 0
cell 0.9926018078713255 23.98833100126184 0.0 1.0 1.0 1 0 0 0.0 1.0 0
cell 15.33309731359089 34.77802370481674 0.0 1.0 1.0 1 0 0 0.0 1.0 0
cell 3.6414930271641928 19.345869664947692 0.0 1.0 1.0 1 0 0 0.0 1.0 0
cell 4.646441604414488 1.9621749278226095 0.0 1.0 1.0 1 0 0 0.0 1.0 0
cell 27.969520596984353 13.991793362787822 0.0 1.0 1.0 1 0 0 0.0 1.0 0
cell 15.603194258455723 15.639042214409734 0.0 1.0 1.0 1 0 0 0.0 1.0 0
cell 10.002639817813069 11.181418413991013 0.0 1.0 1.0 1 0 0 0.0 1.0 0
cell 27.952189801506265 4.76735704877237 0.0 1.0 1.0 1 0 0 0.0 1.0 0
cell 3.072088976616566 36.49176616932424 0.0 1.0 1.0 1 0 0 0.0 1.0 0
cell 8.409907433882688 12.573841225016814 0.0 1.0 1.0 1 0 0 0.0 1.0 0
cell 34.09299026227833 41.934639706477185 0.0 1.0 1.0 1 0 0 0.0 1.0 0
cell 8.15330648671578 24.766532193798383 0.0 1.0 1.0 1 0 0 0.0 1.0 0
cell 35.22901784257593 5.362662185128228 0.0 1.0 1.0 1 0 0 0.0 1.0 0
cell 10.855527373965934 5.645635312982406 0.0 1.0 1.0 1 0 0 0.0 1.0 0
cell 2.905313506835842 24.655181826871658 0.0 1.0 1.0 1 0 0 0.0 1.0 0
cell 4.420218972783342 23.331932433965267 0.0 1.0 1.0 1 0 0 0.0 1.0 0
cell 12.07364721719997 16.690382937655944 0.0 1.0 1.0 1 0 0 0.0 1.0 0
cell 6.482490763225496 35.787929065987086 0.0 1.0 1.0 1 0 0 0.0 1.0 0
cell 40.089238552753294 24.676033955260078 0.0 1.0 1.0 1 0 0 0.0 1.0 0
cell 18.64080720920591 12.882040165048757 0.0 1.0 1.0 1 0 0 0.0 1.0 0
cell 5.751618942804915 41.10575484955209 0.0 1.0 1.0 1 0 0 0.0 1.0 0
cell 36.01304353022965 0.06722103643767842 0.0 1.0 1.0 1 0 0 0.0 1.0 0
cell 41.366104011098926 0.03190051097977237 0.0 1.0 1.0 1 0 0 0.0 1.0 0
cell 39.77264303258598 31.917698701801235 0.0 1.0 1.0 1 0 0 0.0 1.0 0
cell 14.209498409627667 38.07979145868303 0.0 1.0 1.0 1 0 0 0.0 1.0 0
cell 29.899410718104708 26.57987689185808 0.0 1.0 1.0 1 0 0 0.0 1.0 0
cell 33.715361814083586 39.9033471901451 0.0 1.0 1.0 1 0 0 0.0 1.0 0
cell 0.800630183786714 0.6700586170470612 0.0 1.0 1.0 1 0 0 0.0 1.0 0
cell 11.16106858943955 40.81145934688944 0.0 1.0 1.0 1 0 0 0.0 1.0 0
cell 16.17807349328756 38.69552947767963 0.0 1.0 1.0 1 0 0 0.0 1.0 0
cell 22.302890937025104 0.05232155300061743 0.0 1.0 1.0 1 0 0 0.0 1.0 0
cell 16.681473322950136 12.30588896661303 0.0 1.0 1.0 1 0 0 0.0 1.0 0
cell 18.78903550001715 34.05209706002297 0.0 1.0 1.0 1 0 0 0.0 1.0 0
cell 22.64206973416889 35.31739204018096 0.0 1.0 1.0 1 0 0 0.0 1.0 0
cell 14.036658028156513 17.14683437887527 0.0 1.0 1.0 1 0 0 0.0 1.0 0
cell 42.44996865518006 15.290728327718236 0.0 1.0 1.0 1 0 0 0.0 1.0 0
cell 2.7211363693529096 1.3209869792800684 0.0 1.0 1.0 1 0 0 0.0 1.0 0
cell 30.216829998727782 16.665157421049333 0.0 1.0 1.0 1 0 0 0.0 1.0 0
cell 20.662701166745226 25.572292932476522 0.0 1.0 1.0 1 0 0 0.0 1.0 0
cell 23.403973833950825 17.965457325762085 0.0 1.0 1.0 1 0 0 0.0 1.0 0
cell 35.21946618674062 14.68440361472298 0.0 1.0 1.0 1 0 0 0.0 1.0 0
cell 14.528037409571157 21.742946752891964 0.0 1.0 1.0 1 0 0 0.0 1.0 0
cell 17.250214542116208 26.285250807862656 0.0 1.0 1.0 1 0 0 0.0 1.0 0
cell 4.586581852241058 35.119097122672585 0.0 1.0 1.0 1 0 0 0.0 1.0 0
cell 20.254997754497985 23.61545181223444 0.0 1.0 1.0 1 0 0 0.0 1.0 0
cell 12.362412089818536 4.222127674223029 0.0 1.0 1.0 1 0 0 0.0 1.0 0
cell 16.032545309628855 17.52145966276602 0.0 1.0 1.0 1 0 0 0.0 1.0 0
cell 32.588106442890485 0.7485858364310318 0.0 1.0 1.0 1 0 0 0.0 1.0 0
cell 13.030083971009091 13.319279745165717 0.0 1.0 1.0 1 0 0 0.0 1.0 0
cell 40.97715499600913 7.334594140501828 0.0 1.0 1.0 1 0 0 0.0 1.0 0
cell 26.8268741222211 17.280880719719338 0.0 1.0 1.0 1 0 0 0.0 1.0 0
cell 39.097864935690474 39.906356316918654 0.0 1.0 1.0 1 0 0 0.0 1.0 0
cell 27.98306664558592 25.953377724469004 0.0 1.0 1.0 1 0 0 0.0 1.0 0
cell 27.288885148234613 40.547344408793464 0.0 1.0 1.0 1 0 0 0.0 1.0 0
cell 12.50776971185849 11.363911645131221 0.0 1.0 1.0 1 0 0 0.0 1.0 0
cell 23.60758868782908 10.721972884768103 0.0 1.0 1.0 1 0 0 0.0 1.0 0
cell 38.66364414476201 4.7057957936578765 0.0 1.0 1.0 1 0 0 0.0 1.0 0
cell 16.448354135578306 22.431287326476273 0.0 1.0 1.0 1 0 0 0.0 1.0 0
cell 7.66552219005798 41.71647491690004 0.0 1.0 1.0 1 0 0 0.0 1.0 0
cell 23.789638644702006 32.0487044869398 0.0 1.0 1.0 1 0 0 0.0 1.0 0
cell 15.03716952631338 42.01167600979223 0.0 1.0 1.0 1 0 0 0.0 1.0 0
cell 28.798439098537923 39.21626851886238 0.0 1.0 1.0 1 0 0 0.0 1.0 0
cell 1.8001958262872155 27.961456787253464 0.0 1.0 1.0 1 0 0 0.0 1.0 0
cell 34.47285901148738 31.980952466634495 0.0 1.0 1.0 1 0 0 0.0 1.0 0
cell 41.749332550587475 2.0323641468159517 0.0 1.0 1.0 1 0 0 0.0 1.0 0
cell 37.552825614940005 41.23653020973096 0.0 1.0 1.0 1 0 0 0.0 1.0 0
cell 14.175160095164381 28.8695049284446 0.0 1.0 1.0 1 0 0 0.0 1.0 0
cell 40.566908493427036 14.623992728074914 0.0 1.0 1.0 1 0 0 0.0 1.0 0
cell 1.554310693350176 4.679845311538383 0.0 1.0 1.0 1 0 0 0.0 1.0 0
cell 15.316127005401361 25.615675671204393 0.0 1.0 1.0 1 0 0 0.0 1.0 0
cell 39.82781362555954 1.3636003246043138 0.0 1.0 1.0 1 0 0 0.0 1.0 0
cell 19.600455025623486 37.97660627613357 0.0 1.0 1.0 1 0 0 0.0 1.0 0
cell 24.922773375072385 28.669819974160713 0.0 1.0 1.0 1 0 0 0.0 1.0 0
cell 16.20724179029219 5.350991132907384 0.0 1.0 1.0 1 0 0 0.0 1.0 0
cell 39.376255532196545 17.934048546450313 0.0 1.0 1.0 1 0 0 0.0 1.0 0
cell 0.33653272913525784 17.284835192583422 0.0 1.0 1.0 1 0 0 0.0 1.0 0
cell 33.76464634654223 37.236580731379156 0.0 1.0 1.0 1 0 0 0.0 1.0 0
cell 28.768537388258643 29.951403985732416 0.0 1.0 1.0 1 0 0 0.0 1.0 0
cell 38.29896749942744 2.7325436956950306 0.0 1.0 1.0 1 0 0 0.0 1.0 0
cell 7.4400703873175775 20.715127008975795 0.0 1.0 1.0 1 0 0 0.0 1.0 0
cell 11.197766119889721 22.143286175337494 0.0 1.0 1.0 1 0 0 0.0 1.0 0
cell 10.342092583557578 27.5381915684554 0.0 1.0 1.0 1 0 0 0.0 1.0 0
cell 19.78697136862501 9.560704119953073 0.0 1.0 1.0 1 0 0 0.0 1.0 0
cell 40.09956659453876 21.915965626643274 0.0 1.0 1.0 1 0 0 0.0 1.0 0
cell 21.668381522301484 5.238800574603414 0.0 1.0 1.0 1 0 0 0.0 1.0 0
cell 14.273954625999181 4.772892725899769 0.0 1.0 1.0 1 0 0 0.0 1.0 0
cell 10.69777834940194 29.58476582403503 0.0 1.0 1.0 1 0 0 0.0 1.0 0
cell 41.31492982305727 18.591356910721824 0.0 1.0 1.0 1 0 0 0.0 1.0 0
cell 12.78277704090703 6.1770108372122445 0.0 1.0 1.0 1 0 0 0.0 1.0 0
cell 1.9370070646048143 39.832557445119726 0.0 1.0 1.0 1 0 0 0.0 1.0 0
cell 23.657734128751517 22.80920381887784 0.0 1.0 1.0 1 0 0 0.0 1.0 0
cell 13.768003456326847 26.953472314091613 0.0 1.0 1.0 1 0 0 0.0 1.0 0
cell 11.564204747799517 0.2414425952857988 0.0 1.0 1.0 1 0 0 0.0 1.0 0
cell 18.078163581598393 39.32411257486774 0.0 1.0 1.0 1 0 0 0.0 1.0 0
cell 21.178139376438377 20.501779798803106 0.0 2.23606797749979 0.4472135954999579 1 0 0 0.9802812386556301 -0.19760742177302837 3.539425877042835
cell 39.38272514352364 29.954853121030492 0.0 1.0 1.0 1 0 0 0.0 1.0 0
cell 21.45567367843047 29.464179287381 0.0 1.0 1.0 1 0 0 0.0 1.0 0
cell 26.11387639309118 34.57754894752883 0.0 1.0 1.0 1 0 0 0.0 1.0 0
cell 0.7642727377658093 33.88197751528417 0.0 1.0 1.0 1 0 0 0.0 1.0 0
cell 36.708293172292315 22.648059987832557 0.0 1.0 1.0 1 0 0 0.0 1.0 0
cell 31.874832383943893 36.5812381960035 0.0 1.0 1.0 1 0 0 0.0 1.0 0
cell 9.99483353945252 34.8385524799081 0.0 1.0 1.0 1 0 0 0.0 1.0 0
cell 22.18354633474615 24.240557823784965 0.0 1.0 1.0 1 0 0 0.0 1.0 0
cell 8.808654855915456 28.901771347894133 0.0 1.0 1.0 1 0 0 0.0 1.0 0
cell 21.13507503419906 36.6101668204981 0.0 1.0 1.0 1 0 0 0.0 1.0 0
cell 32.18579385093016 29.20201957003067 0.0 1.0 1.0 1 0 0 0.0 1.0 0
cell 6.133102135134032 0.6089298371894432 0.0 1.0 1.0 1 0 0 0.0 1.0 0
cell 33.68849061332008 15.996029181523719 0.0 1.0 1.0 1 0 0 0.0 1.0 0
cell 17.547647515416394 16.205201352495575 0.0 1.0 1.0 1 0 0 0.0 1.0 0
cell 21.91671892048069 40.54141792531585 0.0 1.0 1.0 1 0 0 0.0 1.0 0
cell 29.455236980469678 24.562693620702678 0.0 1.0 1.0 1 0 0 0.0 1.0 0
cell 37.114531078742 24.616922304587426 0.0 1.0 1.0 1 0 0 0.0 1.0 0
cell 11.892369002252778 35.51868381569247 0.0 1.0 1.0 1 0 0 0.0 1.0 0
cell 31.016536892775573 11.340247330556384 0.0 1.0 1.0 1 0 0 0.0 1.0 0
cell 29.862644244786704 5.428803625263512 0.0 1.0 1.0 1 0 0 0.0 1.0 0
cell 27.54703269557706 12.003623133456086 0.0 1.0 1.0 1 0 0 0.0 1.0 0
cell 41.6743312721513 20.618722569959026 0.0 1.0 1.0 1 0 0 0.0 1.0 0
cell 13.506594039771858 0.8909840826474096 0.0 1.0 1.0 1 0 0 0.0 1.0 0
cell 39.461294463801565 8.694890626323712 0.0 1.0 1.0 1 0 0 0.0 1.0 0
cell 6.088052064964213 33.795193315133744 0.0 1.0 1.0 1 0 0 0.0 1.0 0
cell 16.59431504754556 40.69469409058364 0.0 1.0 1.0 1 0 0 0.0 1.0 0
cell 8.603594125497958 17.4520086870075 0.0 1.0 1.0 1 0 0 0.0 1.0 0
cell 27.167207589485344 10.037715743847809 0.0 1.0 1.0 1 0 0 0.0 1.0 0
cell 24.0445605260633 12.686700079037786 0.0 1.0 1.0 1 0 0 0.0 1.0 0
cell 34.02565128395551 29.968298149308506 0.0 1.0 1.0 1 0 0 0.0 1.0 0
cell 8.50775533701287 26.824085409173428 0.0 1.0 1.0 1 0 0 0.0 1.0 0
cell 19.802415678935397 21.655605948032143 0.0 1.0 1.0 1 0 0 0.0 1.0 0
cell 18.756165059107566 24.957479385916486 0.0 1.0 1.0 1 0 0 0.0 1.0 0
cell 13.07821292758677 41.39436044827827 0.0 1.0 1.0 1 0 0 0.0 1.0 0
cell 26.85964121419041 29.32092468223287 0.0 1.0 1.0 1 0 0 0.0 1.0 0
cell 27.574617177727404 2.7770164446778174 0.0 1.0 1.0 1 0 0 0.0 1.0 0
cell 9.224926913887161 40.19136376763237 0.0 1.0 1.0 1 0 0 0.0 1.0 0
cell 26.441108808508414 27.29975927517276 0.0 1.0 1.0 1 0 0 0.0 1.0 0
cell 20.56708986179052 13.472757385917058 0.0 1.0 1.0 1 0 0 0.0 1.0 0
cell 19.16273908767019 26.88725132935795 0.0 1.0 1.0 1 0 0 0.0 1.0 0
cell 2.5196625764028275 22.62943834790219 0.0 1.0 1.0 1 0 0 0.0 1.0 0
cell 26.50151338492862 36.59471129026724 0.0 1.0 1.0 1 0 0 0.0 1.0 0
cell 14.608201254890767 18.929993830238043 0.0 1.0 1.0 1 0 0 0.0 1.0 0
cell 10.41932279592354 3.661529638762206 0.0 1.0 1.0 1 0 0 0.0 1.0 0
cell 37.85624394538845 19.316098093029126 0.0 1.0 1.0 1 0 0 0.0 1.0 0
cell 35.99968977743918 9.359064087738524 0.0 1.0 1.0 1 0 0 0.0 1.0 0
cell 19.755064797392077 4.62888650847471 0.0 1.0 1.0 1 0 0 0.0 1.0 0
cell 28.684709437338693 8.720219739524216 0.0 1.0 1.0 1 0 0 0.0 1.0 0
cell 17.27765663960852 35.40763625158464 0.0 1.0 1.0 1 0 0 0.0 1.0 0
cell 16.86950058962572 33.45840208425799 0.0 1.0 1.0 1 0 0 0.0 1.0 0
cell 16.554349003489865 19.414305132539955 0.0 1.0 1.0 1 0 0 0.0 1.0 0
cell 26.013505303339365 4.08305401730184 0.0 1.0 1.0 1 0 0 0.0 1.0 0
cell 29.842149463969733 14.691559356461957 0.0 1.0 1.0 1 0 0 0.0 1.0 0
cell 18.693530795202438 7.850258067227172 0.0 1.0 1.0 1 0 0 0.0 1.0 0
cell 18.357360322953035 20.258925461715595 0.0 1.0 1.0 1 0 0 0.0 1.0 0
cell 37.477124223618056 17.327627618400328 0.0 1.0 1.0 1 0 0 0.0 1.0 0
cell 0.3747850549093833 7.94591008168528 0.0 1.0 1.0 1 0 0 0.0 1.0 0
cell 21.68753729158696 10.10981905051691 0.0 1.0 1.0 1 0 0 0.0 1.0 0
cell 20.01138586471864 39.93396514667811 0.0 1.0 1.0 1 0 0 0.0 1.0 0
cell 9.35509868041957 21.390790631392566 0.0 1.0 1.0 1 0 0 0.0 1.0 0
cell 37.05460299964832 27.287743744360483 0.0 1.0 1.0 1 0 0 0.0 1.0 0
cell 6.140683835833421 9.91001466082777 0.0 1.0 1.0 1 0 0 0.0 1.0 0
cell 9.219520449682692 7.209328663680474 0.0 1.0 1.0 1 0 0 0.0 1.0 0
cell 38.62579707620583 23.262401837204308 0.0 1.0 1.0 1 0 0 0.0 1.0 0
cell 14.936066365721011 23.74435398818472 0.0 1.0 1.0 1 0 0 0.0 1.0 0
cell 3.816686695353079 16.58975644327624 0.0 1.0 1.0 1 0 0 0.0 1.0 0
cell 40.18485246084245 12.624035683356233 0.0 1.0 1.0 1 0 0 0.0 1.0 0
cell 31.399100843238937 13.339627437307033 0.0 1.0 1.0 1 0 0 0.0 1.0 0
cell 6.680594411130789 16.736395118858795 0.0 1.0 1.0 1 0 0 0.0 1.0 0
cell 6.8920501547550925 37.76502371163245 0.0 1.0 1.0 1 0 0 0.0 1.0 0
cell 12.755541971001492 20.855963059952522 0.0 1.0 1.0 1 0 0 0.0 1.0 0
cell 0.43071866049109186 41.184406728934015 0.0 1.0 1.0 1 0 0 0.0 1.0 0
cell 30.97853236331161 20.718900741291392 0.0 1.0 1.0 1 0 0 0.0 1.0 0
cell 18.23435552224857 5.936887224906866 0.0 1.0 1.0 1 0 0 0.0 1.0 0
cell 38.262802930746226 12.002318555525209 0.0 1.0 1.0 1 0 0 0.0 1.0 0
cell 35.31006210509567 35.92401111088923 0.0 1.0 1.0 1 0 0 0.0 1.0 0
cell 30.300832452024295 37.907750332925616 0.0 1.0 1.0 1 0 0 0.0 1.0 0
cell 33.71253810604796 27.820888482080765 0.0 1.0 1.0 1 0 0 0.0 1.0 0
cell 6.618296407267679 26.105005725832335 0.0 1.0 1.0 1 0 0 0.0 1.0 0
cell 11.18255827755537 7.637932399140865 0.0 1.0 1.0 1 0 0 0.0 1.0 0
cell 2.316485553407115 41.81900259389417 0.0 1.0 1.0 1 0 0 0.0 1.0 0
cell 17.67960733727069 37.356868417881735 0.0 1.0 1.0 1 0 0 0.0 1.0 0
cell 27.203284763088806 19.379035765007064 0.0 1.0 1.0 1 0 0 0.0 1.0 0
cell 11.10932722118843 12.802549178835015 0.0 1.0 1.0 1 0 0 0.0 1.0 0
cell 22.28412784233776 33.37378689195473 0.0 1.0 1.0 1 0 0 0.0 1.0 0
cell 3.4307359879596997 29.18087791486221 0.0 1.0 1.0 1 0 0 0.0 1.0 0
cell 15.736644652074935 36.73725915282556 0.0 1.0 1.0 1 0 0 0.0 1.0 0
cell 25.732960089788843 32.65533383494381 0.0 1.0 1.0 1 0 0 0.0 1.0 0
cell 17.359160829300535 2.0724847729977305 0.0 1.0 1.0 1 0 0 0.0 1.0 0
cell 24.914516235291746 16.59314571185128 0.0 1.0 1.0 1 0 0 0.0 1.0 0
cell 26.061546754798854 13.294774627496176 0.0 1.0 1.0 1 0 0 0.0 1.0 0
cell 35.18848434148168 24.01894542835944 0.0 1.0 1.0 1 0 0 0.0 1.0 0
cell 4.202724321769803 9.28207223402767 0.0 1.0 1.0 1 0 0 0.0 1.0 0
cell 11.560194694098422 24.247917381917095 0.0 1.0 1.0 1 0 0 0.0 1.0 0
cell 18.88476705383062 0.7219194184620878 0.0 1.0 1.0 1 0 0 0.0 1.0 0
cell 15.858103445418175 3.4203648135570552 0.0 1.0 1.0 1 0 0 0.0 1.0 0
cell 3.3982899963518705 14.60224607409522 0.0 1.0 1.0 1 0 0 0.0 1.0 0
cell 1.905087059614447 30.5234969287336 0.0 1.0 1.0 1 0 0 0.0 1.0 0
cell 8.461895038661453 36.222995021599175 0.0 1.0 1.0 1 0 0 0.0 1.0 0
cell 13.00997903300412 22.997256506640138 0.0 1.0 1.0 1 0 0 0.0 1.0 0
cell 35.24671881062013 38.56083092022196 0.0 1.0 1.0 1 0 0 0.0 1.0 0
cell 38.65098579108575 13.977880137405096 0.0 1.0 1.0 1 0 0 0.0 1.0 0
cell 2.2998283883745727 8.598197732717129 0.0 1.0 1.0 1 0 0 0.0 1.0 0
cell 18.21018155536229 10.914598920889231 0.0 1.0 1.0 1 0 0 0.0 1.0 0
cell 37.51813940940929 8.002070412920268 0.0 1.0 1.0 1 0 0 0.0 1.0 0
cell 31.395713812030845 4.067423241052788 0.0 1.0 1.0 1 0 0 0.0 1.0 0
cell 29.130484967648083 31.95437158284008 0.0 1.0 1.0 1 0 0 0.0 1.0 0
cell 41.33077352229891 9.323241402259205 0.0 1.0 1.0 1 0 0 0.0 1.0 0
cell 26.124674895436254 1.3312048677214463 0.0 1.0 1.0 1 0 0 0.0 1.0 0
cell 25.242616716732982 9.433129273171183 0.0 1.0 1.0 1 0 0 0.0 1.0 0
cell 35.984518862908565 30.62616539784906 0.0 1.0 1.0 1 0 0 0.0 1.0 0
cell 24.537193447384073 14.67520801669835 0.0 1.0 1.0 1 0 0 0.0 1.0 0
cell 31.035193923322332 32.58340865525543 0.0 1.0 1.0 1 0 0 0.0 1.0 0
cell 40.592916949267355 38.55287984103221 0.0 1.0 1.0 1 0 0 0.0 1.0 0
cell 26.921295103420434 38.57388427986741 0.0 1.0 1.0 1 0 0 0.0 1.0 0
cell 0.36141850094974365 31.876329582268095 0.0 1.0 1.0 1 0 0 0.0 1.0 0
cell 1.149357676840337 35.86287776051692 0.0 1.0 1.0 1 0 0 0.0 1.0 0
cell 15.292965865701726 20.518612286427384 0.0 2.23606797749979 0.4472135954999579 1 0 0 0.984720560685203 -0.17414194602053656 3.4916613194137076
cell 31.4388825229516 34.6042770958305 0.0 1.0 1.0 1 0 0 0.0 1.0 0
cell 0.31877558745172396 29.27658700891673 0.0 1.0 1.0 1 0 0 0.0 1.0 0
cell 6.545534629255662 2.6409270144443595 0.0 1.0 1.0 1 0 0 0.0 1.0 0
cell 24.975807400624504 37.88258575343373 0.0 1.0 1.0 1 0 0 0.0 1.0 0
cell 21.420502950137887 8.179253407694139 0.0 1.0 1.0 1 0 0 0.0 1.0 0
cell 12.273577330999398 37.447880999862456 0.0 1.0 1.0 1 0 0 0.0 1.0 0
cell 25.38500160855655 39.90563842695709 0.0 1.0 1.0 1 0 0 0.0 1.0 0
cell 15.846189955485311 10.565214659088573 0.0 1.0 1.0 1 0 0 0.0 1.0 0
cell 10.13576475357168 16.073371690733264 0.0 1.0 1.0 1 0 0 0.0 1.0 0
cell 5.373903922465435 39.13425660785764 0.0 1.0 1.0 1 0 0 0.0 1.0 0
cell 7.287045815105606 6.60409789987499 0.0 1.0 1.0 1 0 0 0.0 1.0 0
cell 42.12421177711234 3.9871611179161004 0.0 1.0 1.0 1 0 0 0.0 1.0 0
cell 13.893785381169133 2.814399165605846 0.0 1.0 1.0 1 0 0 0.0 1.0 0
cell 32.95948865484829 2.701783157001183 0.0 1.0 1.0 1 0 0 0.0 1.0 0
cell 32.14989553433527 17.3419245584273 0.0 1.0 1.0 1 0 0 0.0 1.0 0
cell 34.83970885314034 3.404141571723347 0.0 1.0 1.0 1 0 0 0.0 1.0 0
cell 5.3337979053836655 15.216427160745706 0.0 1.0 1.0 1 0 0 0.0 1.0 0
cell 30.602948889672405 18.677638633408403 0.0 1.0 1.0 1 0 0 0.0 1.0 0
cell 4.01976188096872 21.345125772231675 0.0 1.0 1.0 1 0 0 0.0 1.0 0
cell 30.243670219743134 7.343338668737865 0.0 1.0 1.0 1 0 0 0.0 1.0 0
cell 24.149025475449378 33.98234301138299 0.0 1.0 1.0 1 0 0 0.0 1.0 0
cell 1.5625148835648526 37.84308194026081 0.0 1.0 1.0 1 0 0 0.0 1.0 0
cell 37.93937603448997 0.6991232155263959 0.0 1.0 1.0 1 0 0 0.0 1.0 0
cell 2.719536472856849 34.46618136374548 0.0 1.0 1.0 1 0 0 0.0 1.0 0
cell 38.549091217639536 25.9859241400897 0.0 1.0 1.0 1 0 0 0.0 1.0 0
cell 22.752735902944565 1.994464131160292 0.0 1.0 1.0 1 0 0 0.0 1.0 0
cell 16.752944986444653 7.262915856086444 0.0 1.0 1.0 1 0 0 0.0 1.0 0
cell 29.206163973630986 41.21517062824812 0.0 1.0 1.0 1 0 0 0.0 1.0 0
cell 7.263479797207833 30.277994738413888 0.0 1.0 1.0 1 0 0 0.0 1.0 0
cell 28.348045589389226 27.913432021937396 0.0 1.0 1.0 1 0 0 0.0 1.0 0
cell 29.084774619006723 10.680665924605455 0.0 1.0 1.0 1 0 0 0.0 1.0 0
cell 39.77210197874171 10.643141379426556 0.0 1.0 1.0 1 0 0 0.0 1.0 0
cell 37.882914766676414 31.279200710118452 0.0 1.0 1.0 1 0 0 0.0 1.0 0
cell 18.30969549755289 22.970896486723838 0.0 1.0 1.0 1 0 0 0.0 1.0 0
cell 37.088153171500416 15.319526393942638 0.0 1.0 1.0 1 0 0 0.0 1.0 0
cell 33.23581503927153 23.510220905093295 0.0 1.0 1.0 1 0 0 0.0 1.0 0
cell 22.9877628354193 15.972153356229493 0.0 1.0 1.0 1 0 0 0.0 1.0 0
cell 24.638566460300687 2.6562803353119646 0.0 1.0 1.0 1 0 0 0.0 1.0 0
cell 21.237897702151766 3.335726272326676 0.0 1.0 1.0 1 0 0 0.0 1.0 0
cell 12.490292953518413 18.77479996593121 0.0 1.0 1.0 1 0 0 0.0 1.0 0
cell 19.50974326247957 16.77512401794356 0.0 1.0 1.0 1 0 0 0.0 1.0 0
cell 16.078002486340168 29.52347262518742 0.0 1.0 1.0 1 0 0 0.0 1.0 0
cell 9.578621615132223 32.90482004930656 0.0 1.0 1.0 1 0 0 0.0 1.0 0
cell 3.0382789143367694 12.613122961120915 0.0 1.0 1.0 1 0 0 0.0 1.0 0
cell 32.893889770470714 12.039905377961226 0.0 1.0 1.0 1 0 0 0.0 1.0 0
cell 32.53947016165328 19.367101294493715 0.0 1.0 1.0 1 0 0 0.0 1.0 0
cell 1.8616133915913553 15.938383081796319 0.0 1.0 1.0 1 0 0 0.0 1.0 0
cell 34.78963857805779 22.04611293443058 0.0 1.0 1.0 1 0 0 0.0 1.0 0
cell 3.8151451178526834 31.163892479135516 0.0 1.0 1.0 1 0 0 0.0 1.0 0
cell 37.170153668976944 39.23168491381962 0.0 1.0 1.0 1 0 0 0.0 1.0 0
cell 15.44494233411 1.461476251499253 0.0 1.0 1.0 1 0 0 0.0 1.0 0
cell 20.015092554277604 18.633692046185363 0.0 1.0 1.0 1 0 0 0.0 1.0 0
cell 2.6908125360601676 10.600494686558639 0.0 1.0 1.0 1 0 0 0.0 1.0 0
cell 18.508236429259266 41.28893775191266 0.0 1.0 1.0 1 0 0 0.0 1.0 0
cell 0.7762416930288277 9.967512185618679 0.0 1.0 1.0 1 0 0 0.0 1.0 0
cell 0.019654706092768027 6.023829167670206 0.0 1.0 1.0 1 0 0 0.0 1.0 0
cell 41.752958157396925 35.231110777913415 0.0 1.0 1.0 1 0 0 0.0 1.0 0
cell 26.791999135852283 8.053777507114244 0.0 1.0 1.0 1 0 0 0.0 1.0 0
cell 35.59631542806025 7.364398436511388 0.0 1.0 1.0 1 0 0 0.0 1.0 0
cell 24.23308724997765 0.6967887933485051 0.0 1.0 1.0 1 0 0 0.0 1.0 0
cell 35.26876894440522 26.40145031576309 0.0 1.0 1.0 1 0 0 0.0 1.0 0
cell 32.17108201452282 8.027722856354144 0.0 1.0 1.0 1 0 0 0.0 1.0 0
cell 23.777798993647316 19.970966345045795 0.0 1.0 1.0 1 0 0 0.0 1.0 0
cell 25.644149601630684 23.339985503627872 0.0 1.0 1.0 1 0 0 0.0 1.0 0
cell 36.78121609521619 37.24807319427585 0.0 1.0 1.0 1 0 0 0.0 1.0 0
cell 5.949100069761403 22.02958751351117 0.0 1.0 1.0 1 0 0 0.0 1.0 0
cell 38.23635281998505 21.278881198868387 0.0 1.0 1.0 1 0 0 0.0 1.0 0
cell 31.747698918493125 15.368419140743036 0.0 1.0 1.0 1 0 0 0.0 1.0 0
cell 9.639249386278166 42.19150863550657 0.0 1.0 1.0 1 0 0 0.0 1.0 0
cell 37.90023341918421 10.04041477440616 0.0 1.0 1.0 1 0 0 0.0 1.0 0
cell 41.313448164941576 30.608180299473545 0.0 1.0 1.0 1 0 0 0.0 1.0 0
cell 40.865067748556804 16.621230078272745 0.0 1.0 1.0 1 0 0 0.0 1.0 0
cell 24.112764769632008 24.74646143422895 0.0 1.0 1.0 1 0 0 0.0 1.0 0
cell 35.615773142794254 28.646084876275893 0.0 1.0 1.0 1 0 0 0.0 1.0 0
cell 16.484969338426573 31.518189804595952 0.0 1.0 1.0 1 0 0 0.0 1.0 0
cell 13.045784325534282 32.16881539172785 0.0 1.0 1.0 1 0 0 0.0 1.0 0
cell 24.588627960592248 35.99057698168665 0.0 1.0 1.0 1 0 0 0.0 1.0 0
cell 9.191563784332255 30.914732348332613 0.0 1.0 1.0 1 0 0 0.0 1.0 0
cell 24.525345613523207 5.447539184058283 0.0 1.0 1.0 1 0 0 0.0 1.0 0
cell 29.103331696110704 1.4452910714871383 0.0 1.0 1.0 1 0 0 0.0 1.0 0
cell 3.851623918460954 7.304298830768187 0.0 1.0 1.0 1 0 0 0.0 1.0 0
cell 17.607419998629315 28.243157880355714 0.0 1.0 1.0 1 0 0 0.0 1.0 0
cell 5.0900982586875765 27.454068773141046 0.0 1.0 1.0 1 0 0 0.0 1.0 0
cell 20.410859396319225 41.90682750954369 0.0 1.0 1.0 1 0 0 0.0 1.0 0
cell 31.77696643257362 6.0524257422891194 0.0 1.0 1.0 1 0 0 0.0 1.0 0
cell 38.68069321075558 37.901437739845235 0.0 1.0 1.0 1 0 0 0.0 1.0 0
cell 6.864037976145925 13.919608999234658 0.0 1.0 1.0 1 0 0 0.0 1.0 0
cell 22.513931641659735 14.05441090004341 0.0 1.0 1.0 1 0 0 0.0 1.0 0
cell 41.33508064527969 33.244123465755095 0.0 1.0 1.0 1 0 0 0.0 1.0 0
cell 40.22111957918046 36.560114916056214 0.0 1.0 1.0 1 0 0 0.0 1.0 0
cell 26.42510927771048 15.326345989037899 0.0 1.0 1.0 1 0 0 0.0 1.0 0
cell 31.32116803158696 22.92632667663625 0.0 1.0 1.0 1 0 0 0.0 1.0 0
cell 7.051475553929436 18.707835799489853 0.0 1.0 1.0 1 0 0 0.0 1.0 0
cell 25.672555716823204 20.751721962000502 0.0 1.0 1.0 1 0 0 0.0 1.0 0
cell 32.83809951929794 21.448080038915045 0.0 1.0 1.0 1 0 0 0.0 1.0 0
cell 41.601222891044344 23.33031504327222 0.0 1.0 1.0 1 0 0 0.0 1.0 0
cell 11.583435134379068 9.623602796920373 0.0 1.0 1.0 1 0 0 0.0 1.0 0
cell 23.071626622616588 37.285346090191766 0.0 1.0 1.0 1 0 0 0.0 1.0 0
cell 40.49770649655096 26.652236143447634 0.0 1.0 1.0 1 0 0 0.0 1.0 0
cell 25.786675199826426 41.863060470846186 0.0 1.0 1.0 1 0 0 0.0 1.0 0
cell 9.959315602156337 25.551147432449238 0.0 1.0 1.0 1 0 0 0.0 1.0 0
cell 9.984992926568141 1.6709041163504414 0.0 1.0 1.0 1 0 0 0.0 1.0 0
cell 13.628385709559383 15.207955828333171 0.0 1.0 1.0 1 0 0 0.0 1.0 0
cell 24.551545870242517 26.781432215808756 0.0 1.0 1.0 1 0 0 0.0 1.0 0
cell 42.15840450030565 37.25001259700208 0.0 1.0 1.0 1 0 0 0.0 1.0 0
cell 35.57744317459054 16.652165303411376 0.0 1.0 1.0 1 0 0 0.0 1.0 0
cell 1.9208789271214894 6.625194225435556 0.0 1.0 1.0 1 0 0 0.0 1.0 0
cell 27.640512568547862 33.311731321899416 0.0 1.0 1.0 1 0 0 0.0 1.0 0
cell 8.065743555520754 1.2313600567205754 0.0 1.0 1.0 1 0 0 0.0 1.0 0
cell 13.860241701565577 9.993221379165071 0.0 1.0 1.0 1 0 0 0.0 1.0 0
cell 11.87775679403612 26.267145225012012 0.0 1.0 1.0 1 0 0 0.0 1.0 0
cell 32.235130925425715 38.577150156810674 0.0 1.0 1.0 1 0 0 0.0 1.0 0
cell 10.529437486453503 18.078152849820285 0.0 1.0 1.0 1 0 0 0.0 1.0 0
cell 38.96136560463144 27.974426271776125 0.0 1.0 1.0 1 0 0 0.0 1.0 0
cell 4.245592131102286 42.483371643403835 0.0 1.0 1.0 1 0 0 0.0 1.0 0
cell 25.32367658043218 18.631490243780917 0.0 1.0 1.0 1 0 0 0.0 1.0 0
cell 10.77797589310303 38.81442601416665 0.0 1.0 1.0 1 0 0 0.0 1.0 0
cell 30.650130578994997 0.1019857289540182 0.0 1.0 1.0 1 0 0 0.0 1.0 0
cell 32.522355669957975 10.026416354095128 0.0 1.0 1.0 1 0 0 0.0 1.0 0
cell 36.770198957675476 4.034636572935164 0.0 1.0 1.0 1 0 0 0.0 1.0 0
cell 4.7958833045589975 25.320550561532237 0.0 1.0 1.0 1 0 0 0.0 1.0 0
cell 36.731302538719746 13.322376551421419 0.0 1.0 1.0 1 0 0 0.0 1.0 0
cell 14.400989800913017 11.89844810304821 0.0 1.0 1.0 1 0 0 0.0 1.0 0
cell 39.473310065612424 41.86290042876873 0.0 1.0 1.0 1 0 0 0.0 1.0 0
cell 23.398925174257705 30.05826593049424 0.0 1.0 1.0 1 0 0 0.0 1.0 0
cell 7.684348559224797 32.253055459493396 0.0 1.0 1.0 1 0 0 0.0 1.0 0
cell 23.844632281872567 41.19848305959543 0.0 1.0 1.0 1 0 0 0.0 1.0 0
cell 2.2529144980905 17.95265230184085 0.0 1.0 1.0 1 0 0 0.0 1.0 0
cell 39.75222973380234 19.948337281054595 0.0 1.0 1.0 1 0 0 0.0 1.0 0
cell 29.473600546196224 12.647348726001692 0.0 1.0 1.0 1 0 0 0.0 1.0 0
cell 13.417842919532484 34.17456816448947 0.0 1.0 1.0 1 0 0 0.0 1.0 0
cell 5.1634964295112695 18.027916720790866 0.0 1.0 1.0 1 0 0 0.0 1.0 0
cell 21.49393210842713 17.313844671128972 0.0 1.0 1.0 1 0 0 0.0 1.0 0
cell 1.5215315935872396 13.945780462721453 0.0 1.0 1.0 1 0 0 0.0 1.0 0
cell 1.4160062209796573 25.967181905116888 0.0 1.0 1.0 1 0 0 0.0 1.0 0
cell 40.96387890086302 40.54710448613484 0.0 1.0 1.0 1 0 0 0.0 1.0 0
cell 38.31035030384558 35.96388050937957 0.0 1.0 1.0 1 0 0 0.0 1.0 0
cell 20.32738065991126 32.742697225360914 0.0 1.0 1.0 1 0 0 0.0 1.0 0
cell 12.616912317363344 30.220689829320257 0.0 1.0 1.0 1 0 0 0.0 1.0 0
cell 25.321566693261776 30.6948827735778 0.0 1.0 1.0 1 0 0 0.0 1.0 0
cell 5.706859467861329 31.75555804439876 0.0 1.0 1.0 1 0 0 0.0 1.0 0
cell 1.194041781770197 2.655532607473433 0.0 1.0 1.0 1 0 0 0.0 1.0 0
cell 29.49523382583312 22.124985603689534 0.0 1.0 1.0 1 0 0 0.0 1.0 0
cell 26.082009388642092 25.345955348016854 0.0 1.0 1.0 1 0 0 0.0 1.0 0
cell 20.176909926084605 6.596350970751833 0.0 1.0 1.0 1 0 0 0.0 1.0 0
cell 6.933464737144413 28.145129960050237 0.0 1.0 1.0 1 0 0 0.0 1.0 0
cell 29.547680621797987 33.95349635134246 0.0 1.0 1.0 1 0 0 0.0 1.0 0
cell 23.007057288079782 28.11037477128878 0.0 1.0 1.0 1 0 0 0.0 1.0 0
cell 27.659252811208 0.0039086219159079685 0.0 1.0 1.0 1 0 0 0.0 1.0 0
cell 12.250517073933915 28.211698854646972 0.0 1.0 1.0 1 0 0 0.0 1.0 0
cell 29.513977843382012 3.4025269605257686 0.0 1.0 1.0 1 0 0 0.0 1.0 0
cell 11.637792175889043 14.730040851568013 0.0 1.0 1.0 1 0 0 0.0 1.0 0
cell 19.038378108316998 14.810397229218124 0.0 1.0 1.0 1 0 0 0.0 1.0 0
cell 5.030202001880349 3.967213172301524 0.0 1.0 1.0 1 0 0 0.0 1.0 0
cell 5.413850604723438 29.429915553418848 0.0 1.0 1.0 1 0 0 0.0 1.0 0
cell 21.066002302308164 27.50663045664164 0.0 1.0 1.0 1 0 0 0.0 1.0 0
cell 21.98321575767451 19.235166043000664 0.0 1.0 1.0 1 0 0 0.0 1.0 0
cell 33.35339562482887 25.734651351160554 0.0 1.0 1.0 1 0 0 0.0 1.0 0
cell 15.33510477946484 8.610005334618776 0.0 1.0 1.0 1 0 0 0.0 1.0 0
cell 14.612667214187233 40.002444373029626 0.0 1.0 1.0 1 0 0 0.0 1.0 0
cell 4.962494399688351 37.15119391493141 0.0 1.0 1.0 1 0 0 0.0 1.0 0
cell 33.699309250618256 6.677745415830383 0.0 1.0 1.0 1 0 0 0.0 1.0 0
cell 22.5804443019936 26.166158727266335 0.0 1.0 1.0 1 0 0 0.0 1.0 0
cell 31.027748646668883 2.097474646022265 0.0 1.0 1.0 1 0 0 0.0 1.0 0
cell 30.2893732855472 28.580390614060228 0.0 1.0 1.0 1 0 0 0.0 1.0 0
cell 14.969804908849627 32.81138449381592 0.0 1.0 1.0 1 0 0 0.0 1.0 0
cell 3.4490588196304626 38.50485245758961 0.0 1.0 1.0 1 0 0 0.0 1.0 0
cell 23.341970397881493 8.721104008173901 0.0 1.0 1.0 1 0 0 0.0 1.0 0
cell 17.26585737561 9.177465993727004 0.0 1.0 1.0 1 0 0 0.0 1.0 0
cell 29.916899065971933 35.93301795105978 0.0 1.0 1.0 1 0 0 0.0 1.0 0
cell 6.489684338156203 11.888418550259619 0.0 1.0 1.0 1 0 0 0.0 1.0 0
cell 12.706758193419939 39.43290901044345 0.0 1.0 1.0 1 0 0 0.0 1.0 0
cell 6.320768595886635 24.005704312504793 0.0 1.0 1.0 1 0 0 0.0 1.0 0
cell 41.71162996363242 11.324029904449683 0.0 1.0 1.0 1 0 0 0.0 1.0 0
cell 13.821904738400786 36.11120946335695 0.0 1.0 1.0 1 0 0 0.0 1.0 0
cell 31.40499633793952 25.22279981772673 0.0 1.0 1.0 1 0 0 0.0 1.0 0
cell 23.480510848507937 39.2710806679774 0.0 1.0 1.0 1 0 0 0.0 1.0 0
cell 11.989397349522244 2.2681207625821846 0.0 1.0 1.0 1 0 0 0.0 1.0 0
cell 28.362917511403314 15.977379416688782 0.0 1.0 1.0 1 0 0 0.0 1.0 0
cell 29.103670808393314 20.066772195429685 0.0 1.0 1.0 1 0 0 0.0 1.0 0
cell 18.088917881661555 18.172571149837754 0.0 1.0 1.0 1 0 0 0.0 1.0 0
cell 21.516732682748593 38.64165993497095 0.0 1.0 1.0 1 0 0 0.0 1.0 0
cell 35.659885714596484 40.56489850664753 0.0 1.0 1.0 1 0 0 0.0 1.0 0
cell 19.194898426748452 36.02739884299287 0.0 1.0 1.0 1 0 0 0.0 1.0 0
cell 30.657274552672458 30.556807279375466 0.0 1.0 1.0 1 0 0 0.0 1.0 0
cell 4.202132841377346 33.14386395766886 0.0 1.0 1.0 1 0 0 0.0 1.0 0
cell 21.846116121655832 31.42105018183887 0.0 1.0 1.0 1 0 0 0.0 1.0 0
cell 17.091399778381934 14.292866197587752 0.0 1.0 1.0 1 0 0 0.0 1.0 0
cell 8.864154168938764 38.22258746520037 0.0 1.0 1.0 1 0 0 0.0 1.0 0
cell 21.722842521115005 22.321943364075192 0.0 1.0 1.0 1 0 0 0.0 1.0 0
cell 34.8514965021739 33.92930827206369 0.0 1.0 1.0 1 0 0 0.0 1.0 0
cell 42.08100922383526 13.312524668351987 0.0 1.0 1.0 1 0 0 0.0 1.0 0
cell 22.07809502018777 12.094258747662595 0.0 1.0 1.0 1 0 0 0.0 1.0 0
cell 0.5846929935073012 22.021574829413073 0.0 1.0 1.0 1 0 0 0.0 1.0 0
cell 9.656447372335968 14.146379963570865 0.0 1.0 1.0 1 0 0 0.0 1.0 0
cell 27.57994261150992 21.422882867596833 0.0 1.0 1.0 1 0 0 0.0 1.0 0
cell 36.328820582078265 20.63760948692743 0.0 1.0 1.0 1 0 0 0.0 1.0 0
cell 5.400933211296264 5.952783717877948 0.0 1.0 1.0 1 0 0 0.0 1.0 0
cell 30.73375271785096 39.90757950871463 0.0 1.0 1.0 1 0 0 0.0 1.0 0
cell 34.064384129325155 8.691798674179529 0.0 1.0 1.0 1 0 0 0.0 1.0 0
cell 4.965192532594619 13.265651902179044 0.0 1.0 1.0 1 0 0 0.0 1.0 0
cell 1.0937779168107264 11.971674731662059 0.0 1.0 1.0 1 0 0 0.0 1.0 0
cell 6.931571004652541 4.6214925774710975 0.0 1.0 1.0 1 0 0 0.0 1.0 0
cell 39.05263964057836 6.685932022329359 0.0 1.0 1.0 1 0 0 0.0 1.0 0
cell 4.589452309549137 11.27580227932743 0.0 1.0 1.0 1 0 0 0.0 1.0 0
cell 3.1115632876718715 3.355664239911993 0.0 1.0 1.0 1 0 0 0.0 1.0 0
cell 28.33593232614859 6.731173840030441 0.0 1.0 1.0 1 0 0 0.0 1.0 0
cell 40.907910719827235 28.62952151121555 0.0 1.0 1.0 1 0 0 0.0 1.0 0
cell 36.37607694682662 2.024845779339688 0.0 1.0 1.0 1 0 0 0.0 1.0 0
cell 8.443190138545994 3.262484479111984 0.0 1.0 1.0 1 0 0 0.0 1.0 0
cell 36.35465239648391 11.321792815143718 0.0 1.0 1.0 1 0 0 0.0 1.0 0
cell 16.798045864993906 24.317869467659587 0.0 1.0 1.0 1 0 0 0.0 1.0 0
cell 33.30382050282747 14.00409883873569 0.0 1.0 1.0 1 0 0 0.0 1.0 0
cell 20.17549114773928 11.462533161236303 0.0 1.0 1.0 1 0 0 0.0 1.0 0
cell 34.00885917687119 18.015070634226138 0.0 1.0 1.0 1 0 0 0.0 1.0 0
cell 14.71167589668155 6.728584032454619 0.0 1.0 1.0 1 0 0 0.0 1.0 0
cell 17.76714025960441 4.016674876238006 0.0 1.0 1.0 1 0 0 0.0 1.0 0
cell 8.006593818554572 10.549209827451525 0.0 1.0 1.0 1 0 0 0.0 1.0 0
cell 13.155644868580069 8.136630949853323 0.0 1.0 1.0 1 0 0 0.0 1.0 0
cell 37.50409907397355 29.304772740360733 0.0 1.0 1.0 1 0 0 0.0 1.0 0
cell 17.99139340523473 30.158613795404154 0.0 1.0 1.0 1 0 0 0.0 1.0 0
cell 27.60099276678929 23.83717896230513 0.0 1.0 1.0 1 0 0 0.0 1.0 0
cell 38.99970529816522 15.981328493779946 0.0 1.0 1.0 1 0 0 0.0 1.0 0
cell 36.37090683249591 32.62809076344081 0.0 1.0 1.0 1 0 0 0.0 1.0 0
cell 16.940733559695097 0.1191164068922286 0.0 1.0 1.0 1 0 0 0.0 1.0 0
cell 11.512180326170553 33.52836139123733 0.0 1.0 1.0 1 0 0 0.0 1.0 0
cell 28.01276598132533 35.24929400588011 0.0 1.0 1.0 1 0 0 0.0 1.0 0
cell 28.720379256897573 18.03172191531496 0.0 1.0 1.0 1 0 0 0.0 1.0 0
cell 32.55635648878094 31.267146916295207 0.0 1.0 1.0 1 0 0 0.0 1.0 0
cell 38.319739699381834 33.25852841309626 0.0 1.0 1.0 1 0 0 0.0 1.0 0
cell 10.39798388127417 36.850368055740475 0.0 1.0 1.0 1 0 0 0.0 1.0 0
cell 25.57353937566141 11.361268528937575 0.0 1.0 1.0 1 0 0 0.0 1.0 0
cell 27.224890864084685 31.275399472578272 0.0 1.0 1.0 1 0 0 0.0 1.0 0
cell 8.071516948850954 34.23320507184229 0.0 1.0 1.0 1 0 0 0.0 1.0 0
cell 8.18774848454037 15.429766886789016 0.0 1.0 1.0 1 0 0 0.0 1.0 0
cell 7.793596798802183 22.69448984475881 0.0 1.0 1.0 1 0 0 0.0 1.0 0
cell 40.20492812646664 3.354481091190188 0.0 1.0 1.0 1 0 0 0.0 1.0 0
cell 28.39855169002292 37.25917957575313 0.0 1.0 1.0 1 0 0 0.0 1.0 0
cell 24.86892585494712 7.391755619039219 0.0 1.0 1.0 1 0 0 0.0 1.0 0
cell 7.666760715539908 8.60716796291378 0.0 1.0 1.0 1 0 0 0.0 1.0 0
cell 42.37953288733548 27.337696630819035 0.0 1.0 1.0 1 0 0 0.0 1.0 0
cell 32.97354245865959 33.29451646450763 0.0 1.0 1.0 1 0 0 0.0 1.0 0
cell 34.487930398045286 1.4214391894280638 0.0 1.0 1.0 1 0 0 0.0 1.0 0
cell 34.37447187757421 20.030759407489025 0.0 1.0 1.0 1 0 0 0.0 1.0 0
cell 31.855559216327137 27.174373447900486 0.0 1.0 1.0 1 0 0 0.0 1.0 0
cell 26.41544836888246 6.098104913464759 0.0 1.0 1.0 1 0 0 0.0 1.0 0
cell 9.676324099946338 23.411281675904448 0.0 1.0 1.0 1 0 0 0.0 1.0 0
cell 20.804874294926506 1.3297526784218392 0.0 1.0 1.0 1 0 0 0.0 1.0 0
cell 3.25685996662811 26.629750969839495 0.0 1.0 1.0 1 0 0 0.0 1.0 0
cell 34.44725161460275 10.700988225321279 0.0 1.0 1.0 1 0 0 0.0 1.0 0
cell 40.59828736689692 5.307733024324644 0.0 1.0 1.0 1 0 0 0.0 1.0 0
cell 23.153343795667954 4.004202026028921 0.0 1.0 1.0 1 0 0 0.0 1.0 0
cell 14.549463189023603 30.856253238156924 0.0 1.0 1.0 1 0 0 0.0 1.0 0
cell 3.457940111979719 5.305852290462231 0.0 1.0 1.0 1 0 0 0.0 1.0 0
cell 18.369183301732363 32.1429495616417 0.0 1.0 1.0 1 0 0 0.0 1.0 0
