1000
 Lattice="60.091813407559584 0.0 0.0 0.0 60.091813407559584 0.0 0.0 0.0 1.0"Properties=species:S:1:pos:R:3:aspherical_shape:R:3:orientation:R:4:Color:R:1
cell 0.6534380278813094 45.05109948008362 0.0 1.0 1.0 1 0 0 0.0 1.0 0
cell 45.12597538775097 18.675270150878024 0.0 1.0 1.0 1 0 0 0.0 1.0 0
cell 13.846695053258708 5.255423667882715 0.0 1.0 1.0 1 0 0 0.0 1.0 0
cell 16.8484120997634 31.607658966786577 0.0 1.0 1.0 1 0 0 0.0 1.0 0
cell 34.77888001101319 36.00904957704822 0.0 1.0 1.0 1 0 0 0.0 1.0 0
cell 49.98798070757016 51.11099329203826 0.0 1.0 1.0 1 0 0 0.0 1.0 0
cell 41.65425278366408 31.709875843097038 0.0 1.0 1.0 1 0 0 0.0 1.0 0
cell 56.81302111164891 56.897244976983465 0.0 1.0 1.0 1 0 0 0.0 1.0 0
cell 25.91374175294553 33.35502533031166 0.0 1.0 1.0 1 0 0 0.0 1.0 0
cell 10.500363417441323 40.907483948305256 0.0 1.0 1.0 1 0 0 0.0 1.0 0
cell 14.155142542420238 12.296020933274662 0.0 1.0 1.0 1 0 0 0.0 1.0 0
cell 8.904096435914138 7.283115627798135 0.0 1.0 1.0 1 0 0 0.0 1.0 0
cell 45.20582486643064 53.07585970933027 0.0 1.0 1.0 1 0 0 0.0 1.0 0
cell 12.561479728917947 0.06947676920764727 0.0 1.0 1.0 1 0 0 0.0 1.0 0
cell 30.008664035837377 23.55464749302304 0.0 1.0 1.0 1 0 0 0.0 1.0 0
cell 0.8392635124551346 48.54400572184044 0.0 1.0 1.0 1 0 0 0.0 1.0 0
cell 42.81113875728726 50.36199887560153 0.0 1.0 1.0 1 0 0 0.0 1.0 0
cell 38.79849109886402 56.660327385512595 0.0 1.0 1.0 1 0 0 0.0 1.0 0
cell 16.509457247085823 40.529299504668856 0.0 1.0 1.0 1 0 0 0.0 1.0 0
cell 34.94576428473043 21.589479767989932 0.0 1.0 1.0 1 0 0 0.0 1.0 0
cell 28.217841151415904 52.27362828286768 0.0 1.0 1.0 1 0 0 0.0 1.0 0
cell 10.021819931217738 8.976619914033751 0.0 1.0 1.0 1 0 0 0.0 1.0 0
cell 57.311078272479875 17.421804767942643 0.0 1.0 1.0 1 0 0 0.0 1.0 0
cell 40.25350814329825 42.88782731734754 0.0 1.0 1.0 1 0 0 0.0 1.0 0
cell 39.85810959184419 53.142087053154576 0.0 1.0 1.0 1 0 0 0.0 1.0 0
cell 19.67798822579497 1.4341473684746067 0.0 1.0 1.0 1 0 0 0.0 1.0 0
cell 6.4607774229971175 41.16485427722394 0.0 1.0 1.0 1 0 0 0.0 1.0 0
cell 55.282240631286825 58.22259874378437 0.0 1.0 1.0 1 0 0 0.0 1.0 0
cell 25.17597637872166 9.877765374290739 0.0 1.0 1.0 1 0 0 0.0 1.0 0
cell 4.118175122019099 6.873708731343556 0.0 1.0 1.0 1 0 0 0.0 1.0 0
cell 15.1243211011675 26.309823960748535 0.0 1.0 1.0 1 0 0 0.0 1.0 0
cell 27.52725776575532 30.28812590575498 0.0 1.0 1.0 1 0 0 0.0 1.0 0
cell 29.58759581914265 16.622635027819022 0.0 1.0 1.0 1 0 0 0.0 1.0 0
cell 8.843543154325273 23.269530320735658 0.0 1.0 1.0 1 0 0 0.0 1.0 0
cell 7.088944846983716 35.836758290986545 0.0 1.0 1.0 1 0 0 0.0 1.0 0
cell 24.78875879273523 2.8781268188907854 0.0 1.0 1.0 1 0 0 0.0 1.0 0
cell 53.14062855900382 23.380034987777233 0.0 1.0 1.0 1 0 0 0.0 1.0 0
cell 33.119954114212796 39.13039453792434 0.0 1.0 1.0 1 0 0 0.0 1.0 0
cell 16.234549514036463 12.175373008848302 0.0 1.0 1.0 1 0 0 0.0 1.0 0
cell 54.55558448654593 31.392852102796002 0.0 1.0 1.0 1 0 0 0.0 1.0 0
cell 37.18679465452705 9.204732831633553 0.0 1.0 1.0 1 0 0 0.0 1.0 0
cell 31.275415587370173 36.165001663012504 0.0 1.0 1.0 1 0 0 0.0 1.0 0
cell 44.99923148839628 0.236235463533195 0.0 1.0 1.0 1 0 0 0.0 1.0 0
cell 47.35245441652759 2.8312244621054488 0.0 1.0 1.0 1 0 0 0.0 1.0 0
cell 48.11397087077462 50.40161672980801 0.0 1.0 1.0 1 0 0 0.0 1.0 0
cell 39.06163162761739 24.848105877851523 0.0 1.0 1.0 1 0 0 0.0 1.0 0
cell 10.65093581649702 19.58189308850513 0.0 1.0 1.0 1 0 0 0.0 1.0 0
cell 3.278918649125 21.4325011283749 0.0 1.0 1.0 1 0 0 0.0 1.0 0
cell 43.5212379530789 1.6055248554264592 0.0 1.0 1.0 1 0 0 0.0 1.0 0
cell 41.7666292282093 19.4415097687163 0.0 1.0 1.0 1 0 0 0.0 1.0 0
cell 57.60820624035717 0.7921995674969864 0.0 1.0 1.0 1 0 0 0.0 1.0 0
cell 17.536531244246092 42.30167505946778 0.0 1.0 1.0 1 0 0 0.0 1.0 0
cell 49.510029404726694 56.29777314684259 0.0 1.0 1.0 1 0 0 0.0 1.0 0
cell 41.755879555703515 37.74503998913937 0.0 1.0 1.0 1 0 0 0.0 1.0 0
cell 51.8761336708715 58.92071362212745 0.0 1.0 1.0 1 0 0 0.0 1.0 0
cell 4.217132926589363 37.82249975568874 0.0 1.0 1.0 1 0 0 0.0 1.0 0
cell 13.562929781377782 42.500778709507664 0.0 1.0 1.0 1 0 0 0.0 1.0 0
cell 54.636290695131244 22.071253368607632 0.0 1.0 1.0 1 0 0 0.0 1.0 0
cell 0.0890683614208835 53.87680742390202 0.0 1.0 1.0 1 0 0 0.0 1.0 0
cell 37.74649670705072 0.3768155135071719 0.0 1.0 1.0 1 0 0 0.0 1.0 0
cell 30.508032271334788 14.792171730801156 0.0 1.0 1.0 1 0 0 0.0 1.0 0
cell 3.743557317872962 46.577744721367615 0.0 1.0 1.0 1 0 0 0.0 1.0 0
cell 54.260256353466694 10.774242848177714 0.0 1.0 1.0 1 0 0 0.0 1.0 0
cell 48.598132993346134 37.10345747184335 0.0 1.0 1.0 1 0 0 0.0 1.0 0
cell 5.963207820463612 34.199809043110186 0.0 1.0 1.0 1 0 0 0.0 1.0 0
cell 37.41165143598638 12.666720727620786 0.0 1.0 1.0 1 0 0 0.0 1.0 0
cell 15.27273164966074 54.69536489803868 0.0 1.0 1.0 1 0 0 0.0 1.0 0
cell 39.69429090297631 28.80848861415244 0.0 1.0 1.0 1 0 0 0.0 1.0 0
cell 20.778086294051086 3.1057836108939836 0.0 1.0 1.0 1 0 0 0.0 1.0 0
cell 30.107901420835137 7.847504912524423 0.0 1.0 1.0 1 0 0 0.0 1.0 0
cell 58.37875794416281 4.767463948914881 0.0 1.0 1.0 1 0 0 0.0 1.0 0
cell 46.157699614107834 49.71802734857012 0.0 1.0 1.0 1 0 0 0.0 1.0 0
cell 52.73057898835173 32.77430622861439 0.0 1.0 1.0 1 0 0 0.0 1.0 0
cell 34.87133832343641 38.07281526635115 0.0 1.0 1.0 1 0 0 0.0 1.0 0
cell 19.077633352100005 51.043503072608004 0.0 1.0 1.0 1 0 0 0.0 1.0 0
cell 15.66491336659511 1.6834147556213197 0.0 1.0 1.0 1 0 0 0.0 1.0 0
cell 27.144662270200318 50.589055632176404 0.0 1.0 1.0 1 0 0 0.0 1.0 0
cell 0.9037827626904421 0.07908998989098204 0.0 1.0 1.0 1 0 0 0.0 1.0 0
cell 58.940941039105795 48.68354345382809 0.0 1.0 1.0 1 0 0 0.0 1.0 0
cell 5.524251262814768 42.97941510921261 0.0 1.0 1.0 1 0 0 0.0 1.0 0
cell 50.36654081610473 0.16898728419254808 0.0 1.0 1.0 1 0 0 0.0 1.0 0
cell 56.916517909629924 24.76437792401267 0.0 1.0 1.0 1 0 0 0.0 1.0 0
cell 49.02561576337631 43.224334565120216 0.0 1.0 1.0 1 0 0 0.0 1.0 0
cell 27.79710168802063 36.28720831414899 0.0 1.0 1.0 1 0 0 0.0 1.0 0
cell 24.009838126792147 49.025497451860105 0.0 1.0 1.0 1 0 0 0.0 1.0 0
cell 2.5515683352020835 29.183095262381986 0.0 1.0 1.0 1 0 0 0.0 1.0 0
cell 57.635403699624014 43.4631452883907 0.0 1.0 1.0 1 0 0 0.0 1.0 0
cell 22.257733613800447 29.42721361604416 0.0 1.0 1.0 1 0 0 0.0 1.0 0
cell 25.29590458061243 54.226698696160526 0.0 1.0 1.0 1 0 0 0.0 1.0 0
cell 56.71003970043804 32.89425728005036 0.0 1.0 1.0 1 0 0 0.0 1.0 0
cell 13.149419803193997 26.44268424704051 0.0 1.0 1.0 1 0 0 0.0 1.0 0
cell 14.901253603612394 6.947329297302194 0.0 1.0 1.0 1 0 0 0.0 1.0 0
cell 23.46914094785181 57.80850148672787 0.0 1.0 1.0 1 0 0 0.0 1.0 0
cell 42.19812640135098 45.87418994973852 0.0 1.0 1.0 1 0 0 0.0 1.0 0
cell 19.981788319865952 49.1803070287335 0.0 1.0 1.0 1 0 0 0.0 1.0 0
cell 23.128696235275775 50.82784562178568 0.0 1.0 1.0 1 0 0 0.0 1.0 0
cell 13.752798543037002 21.1648295901358 0.0 1.0 1.0 1 0 0 0.0 1.0 0
cell 5.025855380815856 51.816674648915736 0.0 1.0 1.0 1 0 0 0.0 1.0 0
cell 29.923971881375923 45.30504504042613 0.0 1.0 1.0 1 0 0 0.0 1.0 0
cell 10.21788154383219 12.523941271058845 0.0 1.0 1.0 1 0 0 0.0 1.0 0
cell 18.87245860083712 22.53830464512543 0.0 1.0 1.0 1 0 0 0.0 1.0 0
cell 31.58540137929241 44.265008627036686 0.0 1.0 1.0 1 0 0 0.0 1.0 0
cell 46.603526800557276 51.75080898913725 0.0 1.0 1.0 1 0 0 0.0 1.0 0
cell 20.946844875453763 47.383774870545636 0.0 1.0 1.0 1 0 0 0.0 1.0 0
cell 34.8478438550128 2.330309230437771 0.0 1.0 1.0 1 0 0 0.0 1.0 0
cell 32.71725346467176 18.19445341753591 0.0 1.0 1.0 1 0 0 0.0 1.0 0
cell 11.50773844957853 17.779620536603904 0.0 1.0 1.0 1 0 0 0.0 1.0 0
cell 40.71781032293062 57.141457781361666 0.0 1.0 1.0 1 0 0 0.0 1.0 0
cell 40.24040734827422 10.747014907779842 0.0 1.0 1.0 1 0 0 0.0 1.0 0
cell 46.63466460836983 26.501159857055335 0.0 1.0 1.0 1 0 0 0.0 1.0 0
cell 39.52551203283465 26.740109345284985 0.0 1.0 1.0 1 0 0 0.0 1.0 0
cell 47.28371084830656 44.377981745079246 0.0 1.0 1.0 1 0 0 0.0 1.0 0
cell 53.07926763616955 14.092935860188282 0.0 1.0 1.0 1 0 0 0.0 1.0 0
cell 28.89189443588632 47.02793411474201 0.0 1.0 1.0 1 0 0 0.0 1.0 0
cell 32.83175032364354 31.078958020963654 0.0 1.0 1.0 1 0 0 0.0 1.0 0
cell 44.7132395650874 7.486772603497832 0.0 1.0 1.0 1 0 0 0.0 1.0 0
cell 31.205130238667934 9.528072814489112 0.0 1.0 1.0 1 0 0 0.0 1.0 0
cell 1.71211843633241 46.727842049180985 0.0 1.0 1.0 1 0 0 0.0 1.0 0
cell 20.39602826210505 56.23096158292769 0.0 1.0 1.0 1 0 0 0.0 1.0 0
cell 48.535446076717854 18.050813581990855 0.0 1.0 1.0 1 0 0 0.0 1.0 0
cell 31.714838057406055 0.7430596135357463 0.0 1.0 1.0 1 0 0 0.0 1.0 0
cell 54.62355930201138 33.365241704319374 0.0 1.0 1.0 1 0 0 0.0 1.0 0
cell 46.26254236232595 15.431450163935441 0.0 1.0 1.0 1 0 0 0.0 1.0 0
cell 17.17820568683614 26.15541787567656 0.0 1.0 1.0 1 0 0 0.0 1.0 0
cell 31.637899101122397 46.36904725030258 0.0 1.0 1.0 1 0 0 0.0 1.0 0
cell 49.07605663378827 45.18165077251148 0.0 1.0 1.0 1 0 0 0.0 1.0 0
cell 45.384974499491676 41.510673821831794 0.0 1.0 1.0 1 0 0 0.0 1.0 0
cell 44.28244983126312 48.94553746880479 0.0 1.0 1.0 1 0 0 0.0 1.0 0
cell 38.94945635323269 5.546589163981429 0.0 1.0 1.0 1 0 0 0.0 1.0 0
cell 45.54261186899611 11.495800829940634 0.0 1.0 1.0 1 0 0 0.0 1.0 0
cell 16.927686926191797 6.851116582781248 0.0 1.0 1.0 1 0 0 0.0 1.0 0
cell 41.20488029477535 8.78693097373648 0.0 1.0 1.0 1 0 0 0.0 1.0 0
cell 41.65385122530025 35.68172588099841 0.0 1.0 1.0 1 0 0 0.0 1.0 0
cell 53.84305048514895 27.393438069490298 0.0 1.0 1.0 1 0 0 0.0 1.0 0
cell 23.386288818588277 13.452331185227218 0.0 1.0 1.0 1 0 0 0.0 1.0 0
cell 22.906359686905688 22.24282013156612 0.0 1.0 1.0 1 0 0 0.0 1.0 0
cell 58.704085532660706 45.1764316740224 0.0 1.0 1.0 1 0 0 0.0 1.0 0
cell 11.75327035617042 46.11879405345089 0.0 1.0 1.0 1 0 0 0.0 1.0 0
cell 12.1304429286426 53.154148989880404 0.0 1.0 1.0 1 0 0 0.0 1.0 0
cell 36.689750135095906 58.753435651178144 0.0 1.0 1.0 1 0 0 0.0 1.0 0
cell 38.900017187047524 46.27197980565449 0.0 1.0 1.0 1 0 0 0.0 1.0 0
cell 5.949688264706606 49.962541323876735 0.0 1.0 1.0 1 0 0 0.0 1.0 0
cell 55.36435326089985 26.048100539813742 0.0 1.0 1.0 1 0 0 0.0 1.0 0
cell 1.0033503641795514 9.487152894954512 0.0 1.0 1.0 1 0 0 0.0 1.0 0
cell 31.402305094147387 13.02772304456128 0.0 1.0 1.0 1 0 0 0.0 1.0 0
cell 15.979277390943345 33.44886853685555 0.0 1.0 1.0 1 0 0 0.0 1.0 0
cell 41.80206983028232 53.76114986099687 0.0 1.0 1.0 1 0 0 0.0 1.0 0
cell 53.582328975406426 43.696953631892605 0.0 1.0 1.0 1 0 0 0.0 1.0 0
cell 41.85828787976204 39.749791522270264 0.0 1.0 1.0 1 0 0 0.0 1.0 0
cell 19.10887755472705 26.038797822746204 0.0 1.0 1.0 1 0 0 0.0 1.0 0
cell 26.427328107030718 55.88389000859892 0.0 1.0 1.0 1 0 0 0.0 1.0 0
cell 0.7844991031735206 32.78999037711547 0.0 1.0 1.0 1 0 0 0.0 1.0 0
cell 33.395537095222906 12.915892115334659 0.0 1.0 1.0 1 0 0 0.0 1.0 0
cell 6.792585408213172 3.8406100655648605 0.0 1.0 1.0 1 0 0 0.0 1.0 0
cell 9.077115785975847 35.75361902150759 0.0 1.0 1.0 1 0 0 0.0 1.0 0
cell 15.758587722807807 45.88839054077408 0.0 1.0 1.0 1 0 0 0.0 1.0 0
cell 21.461713493397234 57.92541853550497 0.0 1.0 1.0 1 0 0 0.0 1.0 0
cell 31.984729874094487 48.504906799972545 0.0 1.0 1.0 1 0 0 0.0 1.0 0
cell 16.17781089608952 52.92274533029773 0.0 1.0 1.0 1 0 0 0.0 1.0 0
cell 22.300663663683565 31.459486019899455 0.0 1.0 1.0 1 0 0 0.0 1.0 0
cell 38.13340629305962 31.84282938913576 0.0 1.0 1.0 1 0 0 0.0 1.0 0
cell 56.452848288036506 4.125845153670516 0.0 1.0 1.0 1 0 0 0.0 1.0 0
cell 23.333235596114545 54.294341734378335 0.0 1.0 1.0 1 0 0 0.0 1.0 0
cell 0.2365444694328718 24.008311927389173 0.0 1.0 1.0 1 0 0 0.0 1.0 0
cell 13.349705070580333 14.093098952349594 0.0 1.0 1.0 1 0 0 0.0 1.0 0
cell 20.48537655701994 28.467828398879117 0.0 1.0 1.0 1 0 0 0.0 1.0 0
cell 34.506562839243294 55.39641047176503 0.0 1.0 1.0 1 0 0 0.0 1.0 0
cell 22.39290420703531 33.40510625754211 0.0 1.0 1.0 1 0 0 0.0 1.0 0
cell 43.18016140203314 26.903608007719246 0.0 1.0 1.0 1 0 0 0.0 1.0 0
cell 47.763173482238834 4.860611417804756 0.0 1.0 1.0 1 0 0 0.0 1.0 0
cell 40.05598531495003 23.088962810540693 0.0 1.0 1.0 1 0 0 0.0 1.0 0
cell 43.58953908836856 19.88190403898147 0.0 1.0 1.0 1 0 0 0.0 1.0 0
cell 38.39312942380218 39.886663512688166 0.0 1.0 1.0 1 0 0 0.0 1.0 0
cell 35.184157589439636 46.1108884259409 0.0 1.0 1.0 1 0 0 0.0 1.0 0
cell 39.55060287410942 50.85061010525104 0.0 1.0 1.0 1 0 0 0.0 1.0 0
cell 20.85040279146286 22.34366965230709 0.0 1.0 1.0 1 0 0 0.0 1.0 0
cell 11.278265965524536 54.905507341061686 0.0 1.0 1.0 1 0 0 0.0 1.0 0
cell 26.029553084133436 23.775254808105 0.0 1.0 1.0 1 0 0 0.0 1.0 0
cell 44.35365673846741 5.530787379496862 0.0 1.0 1.0 1 0 0 0.0 1.0 0
cell 36.94785473534561 55.892122213655156 0.0 1.0 1.0 1 0 0 0.0 1.0 0
cell 17.81491464189046 45.79998655897145 0.0 1.0 1.0 1 0 0 0.0 1.0 0
cell 26.965700175894895 6.259923475591288 0.0 1.0 1.0 1 0 0 0.0 1.0 0
cell 30.825965970096224 2.526906021203821 0.0 1.0 1.0 1 0 0 0.0 1.0 0
cell 15.552040071231865 42.36521353484112 0.0 1.0 1.0 1 0 0 0.0 1.0 0
cell 29.13843681557299 50.5304846259165 0.0 1.0 1.0 1 0 0 0.0 1.0 0
cell 11.294408032873935 14.220713861620426 0.0 1.0 1.0 1 0 0 0.0 1.0 0
cell 59.95971294490098 22.05913649704845 0.0 1.0 1.0 1 0 0 0.0 1.0 0
cell 4.653440793129676 44.81862839758653 0.0 1.0 1.0 1 0 0 0.0 1.0 0
cell 11.5880950593673 42.62047269398073 0.0 1.0 1.0 1 0 0 0.0 1.0 0
cell 55.9929700831116 34.78926411238991 0.0 1.0 1.0 1 0 0 0.0 1.0 0
cell 33.72271198400049 0.6247587999009295 0.0 1.0 1.0 1 0 0 0.0 1.0 0
cell 29.500180584386754 35.24458685974801 0.0 1.0 1.0 1 0 0 0.0 1.0 0
cell 3.2906421108237596 39.60175033973803 0.0 1.0 1.0 1 0 0 0.0 1.0 0
cell 14.852471917823122 22.82206404919184 0.0 1.0 1.0 1 0 0 0.0 1.0 0
cell 32.601827624870175 27.076968319788683 0.0 1.0 1.0 1 0 0 0.0 1.0 0
cell 45.882872442247105 13.502222174516332 0.0 1.0 1.0 1 0 0 0.0 1.0 0
cell 29.541726805095294 57.46242283977295 0.0 1.0 1.0 1 0 0 0.0 1.0 0
cell 41.37183996552854 51.75158267816413 0.0 1.0 1.0 1 0 0 0.0 1.0 0
cell 43.96181896136224 12.818183991055143 0.0 1.0 1.0 1 0 0 0.0 1.0 0
cell 39.65974255136627 16.040102880727517 0.0 1.0 1.0 1 0 0 0.0 1.0 0
cell 23.114620200043657 9.983711192414896 0.0 1.0 1.0 1 0 0 0.0 1.0 0
cell 7.234522935516159 55.14261524351093 0.0 1.0 1.0 1 0 0 0.0 1.0 0
cell 0.624970829829582 26.015089158941308 0.0 1.0 1.0 1 0 0 0.0 1.0 0
cell 49.00569199127372 31.247786930407784 0.0 1.0 1.0 1 0 0 0.0 1.0 0
cell 42.02738589586876 2.9844398730108432 0.0 1.0 1.0 1 0 0 0.0 1.0 0
cell 38.62256012483797 44.01374300094461 0.0 1.0 1.0 1 0 0 0.0 1.0 0
cell 29.3951127412456 13.12974465000822 0.0 1.0 1.0 1 0 0 0.0 1.0 0
cell 16.53607744558537 28.10404318411779 0.0 1.0 1.0 1 0 0 0.0 1.0 0
cell 32.74021762180401 29.03731253753272 0.0 1.0 1.0 1 0 0 0.0 1.0 0
cell 51.22126311391297 13.43531745449861 0.0 1.0 1.0 1 0 0 0.0 1.0 0
cell 43.52608653847579 30.977112032451526 0.0 1.0 1.0 1 0 0 0.0 1.0 0
cell 43.7685225411972 10.833280658215218 0.0 1.0 1.0 1 0 0 0.0 1.0 0
cell 7.962412884527845 34.05361226957472 0.0 1.0 1.0 1 0 0 0.0 1.0 0
cell 26.705825668044653 18.535778476336855 0.0 1.0 1.0 1 0 0 0.0 1.0 0
cell 18.92463385090534 6.732525627848651 0.0 1.0 1.0 1 0 0 0.0 1.0 0
cell 28.01988009168722 48.80374691704846 0.0 1.0 1.0 1 0 0 0.0 1.0 0
cell 15.081614657046913 35.27978007256162 0.0 1.0 1.0 1 0 0 0.0 1.0 0
cell 27.988067599117446 23.66916983705654 0.0 1.0 1.0 1 0 0 0.0 1.0 0
cell 12.87476718265154 47.82647168014907 0.0 1.0 1.0 1 0 0 0.0 1.0 0
cell 52.98520901904549 55.62151578534832 0.0 1.0 1.0 1 0 0 0.0 1.0 0
cell 49.30213363921087 12.814673567333383 0.0 1.0 1.0 1 0 0 0.0 1.0 0
cell 49.339275098688304 22.0344830239179 0.0 1.0 1.0 1 0 0 0.0 1.0 0
cell 34.58697799915753 32.01546473946423 0.0 1.0 1.0 1 0 0 0.0 1.0 0
cell 22.007075469711037 49.12427511307362 0.0 1.0 1.0 1 0 0 0.0 1.0 0
cell 24.600198358826123 59.48313904630885 0.0 1.0 1.0 1 0 0 0.0 1.0 0
cell 12.421813912648831 15.903375546250262 0.0 1.0 1.0 1 0 0 0.0 1.0 0
cell 11.10177268238451 26.6005337418971 0.0 1.0 1.0 1 0 0 0.0 1.0 0
cell 6.323429325271059 56.993184576252425 0.0 1.0 1.0 1 0 0 0.0 1.0 0
cell 54.9370150182902 48.86436969381652 0.0 1.0 1.0 1 0 0 0.0 1.0 0
cell 31.36779212879163 53.86075688378442 0.0 1.0 1.0 1 0 0 0.0 1.0 0
cell 13.985807299987346 24.63791895450054 0.0 1.0 1.0 1 0 0 0.0 1.0 0
cell 14.884271878830528 47.69464753632314 0.0 1.0 1.0 1 0 0 0.0 1.0 0
cell 33.90865314056624 4.127517877566284 0.0 1.0 1.0 1 0 0 0.0 1.0 0
cell 31.000254540768243 6.030830972634385 0.0 1.0 1.0 1 0 0 0.0 1.0 0
cell 22.00344268383347 24.058180738751613 0.0 1.0 1.0 1 0 0 0.0 1.0 0
cell 33.03585545493587 37.13493608777325 0.0 1.0 1.0 1 0 0 0.0 1.0 0
cell 59.59771107833929 20.07383207991562 0.0 1.0 1.0 1 0 0 0.0 1.0 0
cell 9.941694102464488 33.91736559862584 0.0 1.0 1.0 1 0 0 0.0 1.0 0
cell 20.452932212702642 15.428600907064371 0.0 1.0 1.0 1 0 0 0.0 1.0 0
cell 14.825825478241564 31.749748294193672 0.0 1.0 1.0 1 0 0 0.0 1.0 0
cell 27.79708424772468 20.174027400161037 0.0 1.0 1.0 1 0 0 0.0 1.0 0
cell 32.07884448073224 7.716030922923724 0.0 1.0 1.0 1 0 0 0.0 1.0 0
cell 48.73103164372726 29.27800128324242 0.0 1.0 1.0 1 0 0 0.0 1.0 0
cell 15.490383706066194 17.488058288773537 0.0 1.0 1.0 1 0 0 0.0 1.0 0
cell 12.829252321981121 31.91668218635011 0.0 1.0 1.0 1 0 0 0.0 1.0 0
cell 40.04085688136763 38.85288885860389 0.0 1.0 1.0 1 0 0 0.0 1.0 0
cell 58.82994893879407 32.861930011080446 0.0 1.0 1.0 1 0 0 0.0 1.0 0
cell 43.62798642610024 40.636547923598194 0.0 1.0 1.0 1 0 0 0.0 1.0 0
cell 56.91335718189008 48.793960629042815 0.0 1.0 1.0 1 0 0 0.0 1.0 0
cell 9.690467263469213 30.388615876475075 0.0 1.0 1.0 1 0 0 0.0 1.0 0
cell 16.861279181142542 22.667551111199842 0.0 1.0 1.0 1 0 0 0.0 1.0 0
cell 29.35360942177685 31.249214833829047 0.0 1.0 1.0 1 0 0 0.0 1.0 0
cell 15.994730841606573 49.421963430574465 0.0 1.0 1.0 1 0 0 0.0 1.0 0
cell 17.85444493325991 5.047381057609195 0.0 1.0 1.0 1 0 0 0.0 1.0 0
cell 42.91516495757874 24.975362599829186 0.0 1.0 1.0 1 0 0 0.0 1.0 0
cell 39.21105673519428 9.058022318663724 0.0 1.0 1.0 1 0 0 0.0 1.0 0
cell 21.54615867495581 17.080003400271018 0.0 1.0 1.0 1 0 0 0.0 1.0 0
cell 14.702263247112239 44.175420700069395 0.0 1.0 1.0 1 0 0 0.0 1.0 0
cell 9.642113875212438 1.9659100958196507 0.0 1.0 1.0 1 0 0 0.0 1.0 0
cell 25.32164430266807 13.352300576613665 0.0 1.0 1.0 1 0 0 0.0 1.0 0
cell 27.333692263869747 54.093600778769186 0.0 1.0 1.0 1 0 0 0.0 1.0 0
cell 16.621436772699806 19.16506411279094 0.0 1.0 1.0 1 0 0 0.0 1.0 0
cell 20.701960838013083 34.511136596757225 0.0 1.0 1.0 1 0 0 0.0 1.0 0
cell 22.659969130923873 18.75732863675301 0.0 1.0 1.0 1 0 0 0.0 1.0 0
cell 37.965343008493214 29.800795421836693 0.0 1.0 1.0 1 0 0 0.0 1.0 0
cell 7.665220223542476 2.034210685864914 0.0 1.0 1.0 1 0 0 0.0 1.0 0
cell 38.26856537645694 10.855417163844622 0.0 1.0 1.0 1 0 0 0.0 1.0 0
cell 8.629219789422207 19.68113713192074 0.0 1.0 1.0 1 0 0 0.0 1.0 0
cell 31.05216547698652 25.76848357251378 0.0 1.0 1.0 1 0 0 0.0 1.0 0
cell 59.479213129334916 1.424503413442249 0.0 1.0 1.0 1 0 0 0.0 1.0 0
cell 7.338403446342506 39.368222813307604 0.0 1.0 1.0 1 0 0 0.0 1.0 0
cell 32.997047323033044 35.05342959438756 0.0 1.0 1.0 1 0 0 0.0 1.0 0
cell 39.22281789384743 48.58581975807853 0.0 1.0 1.0 1 0 0 0.0 1.0 0
cell 12.513833939566203 28.413386357811113 0.0 1.0 1.0 1 0 0 0.0 1.0 0
cell 0.9762216656403143 52.060399490194094 0.0 1.0 1.0 1 0 0 0.0 1.0 0
cell 13.961444212467539 33.6031042778764 0.0 1.0 1.0 1 0 0 0.0 1.0 0
cell 34.54493448584429 29.98087642944973 0.0 1.0 1.0 1 0 0 0.0 1.0 0
cell 13.950650352979622 49.51428157621794 0.0 1.0 1.0 1 0 0 0.0 1.0 0
cell 47.83368361473605 23.29897996476044 0.0 1.0 1.0 1 0 0 0.0 1.0 0
cell 47.05737544454077 10.132325813388965 0.0 1.0 1.0 1 0 0 0.0 1.0 0
cell 36.2947969673292 10.966895074481497 0.0 1.0 1.0 1 0 0 0.0 1.0 0
cell 47.586869744293544 34.44664388090339 0.0 1.0 1.0 1 0 0 0.0 1.0 0
cell 48.90477555995433 10.805877839532668 0.0 1.0 1.0 1 0 0 0.0 1.0 0
cell 32.008509866464195 23.50734624667506 0.0 1.0 1.0 1 0 0 0.0 1.0 0
cell 11.973099431268642 24.76322069143878 0.0 1.0 1.0 1 0 0 0.0 1.0 0
cell 50.675063007727374 52.99075166050825 0.0 1.0 1.0 1 0 0 0.0 1.0 0
cell 47.472315553967746 46.3892295135007 0.0 1.0 1.0 1 0 0 0.0 1.0 0
cell 52.25385410894114 51.700025255169145 0.0 1.0 1.0 1 0 0 0.0 1.0 0
cell 38.97007330886212 21.371941278790835 0.0 1.0 1.0 1 0 0 0.0 1.0 0
cell 59.40043827285315 39.84445386845684 0.0 1.0 1.0 1 0 0 0.0 1.0 0
cell 18.638617402812756 19.001305261224303 0.0 1.0 1.0 1 0 0 0.0 1.0 0
cell 36.818338525210066 2.155071861930058 0.0 1.0 1.0 1 0 0 0.0 1.0 0
cell 24.39863011644134 55.98844703496828 0.0 1.0 1.0 1 0 0 0.0 1.0 0
cell 47.06844531320737 53.714124835679684 0.0 1.0 1.0 1 0 0 0.0 1.0 0
cell 34.28615450007853 11.109414651147615 0.0 1.0 1.0 1 0 0 0.0 1.0 0
cell 1.0435627211195078 36.24622891910604 0.0 1.0 1.0 1 0 0 0.0 1.0 0
cell 24.264609492261297 36.420530559283826 0.0 1.0 1.0 1 0 0 0.0 1.0 0
cell 22.965124388983163 6.507645550268506 0.0 1.0 1.0 1 0 0 0.0 1.0 0
cell 11.97929845112278 49.622590067585925 0.0 1.0 1.0 1 0 0 0.0 1.0 0
cell 50.06118055111986 7.4750632087908695 0.0 1.0 1.0 1 0 0 0.0 1.0 0
cell 50.069597856247235 16.748172562860656 0.0 1.0 1.0 1 0 0 0.0 1.0 0
cell 33.35720091828139 45.21842817161618 0.0 1.0 1.0 1 0 0 0.0 1.0 0
cell 40.95021153871979 25.32279301471042 0.0 1.0 1.0 1 0 0 0.0 1.0 0
cell 56.03669840166345 2.1273034908651933 0.0 1.0 1.0 1 0 0 0.0 1.0 0
cell 37.003353693014915 5.690929819736082 0.0 1.0 1.0 1 0 0 0.0 1.0 0
cell 20.75070947499662 36.536489866922125 0.0 1.0 1.0 1 0 0 0.0 1.0 0
cell 37.62450664049158 16.17829007795681 0.0 1.0 1.0 1 0 0 0.0 1.0 0
cell 56.501103249609045 41.791368248359355 0.0 1.0 1.0 1 0 0 0.0 1.0 0
cell 50.38946700681504 37.930130106166885 0.0 1.0 1.0 1 0 0 0.0 1.0 0
cell 19.53408946442173 17.20244283713664 0.0 1.0 1.0 1 0 0 0.0 1.0 0
cell 16.69493083333601 44.06441313344864 0.0 1.0 1.0 1 0 0 0.0 1.0 0
cell 42.53087700626908 4.906870695349261 0.0 1.0 1.0 1 0 0 0.0 1.0 0
cell 27.951354265226666 40.309687597870244 0.0 1.0 1.0 1 0 0 0.0 1.0 0
cell 54.56548267723489 3.4698132450784107 0.0 1.0 1.0 1 0 0 0.0 1.0 0
cell 37.93531854021498 3.8885488884687556 0.0 1.0 1.0 1 0 0 0.0 1.0 0
cell 36.056906427877735 7.487191175060183 0.0 1.0 1.0 1 0 0 0.0 1.0 0
cell 45.75223790306203 33.63015878729204 0.0 1.0 1.0 1 0 0 0.0 1.0 0
cell 47.74766441460088 48.39509081168156 0.0 1.0 1.0 1 0 0 0.0 1.0 0
cell 52.57388421765262 53.698211311989446 0.0 1.0 1.0 1 0 0 0.0 1.0 0
cell 35.06706465996873 44.06391270411413 0.0 1.0 1.0 1 0 0 0.0 1.0 0
cell 6.850866177684141 7.42701024896454 0.0 1.0 1.0 1 0 0 0.0 1.0 0
cell 53.10562266275692 36.7211140116813 0.0 1.0 1.0 1 0 0 0.0 1.0 0
cell 5.338510422075918 39.4637779852044 0.0 1.0 1.0 1 0 0 0.0 1.0 0
cell 25.98478329722036 35.330084769857116 0.0 1.0 1.0 1 0 0 0.0 1.0 0
cell 22.198795364232595 27.442314581969253 0.0 1.0 1.0 1 0 0 0.0 1.0 0
cell 14.659133020193284 19.28457769847223 0.0 1.0 1.0 1 0 0 0.0 1.0 0
cell 47.112636280852456 30.52723156844544 0.0 1.0 1.0 1 0 0 0.0 1.0 0
cell 26.211297707550365 52.41915412334913 0.0 1.0 1.0 1 0 0 0.0 1.0 0
cell 0.17136317503679865 5.417726164637555 0.0 1.0 1.0 1 0 0 0.0 1.0 0
cell 20.241395372345977 11.914193024380683 0.0 1.0 1.0 1 0 0 0.0 1.0 0
cell 36.38473618163837 32.93656874393649 0.0 1.0 1.0 1 0 0 0.0 1.0 0
cell 28.818631033766447 2.64892262579402 0.0 1.0 1.0 1 0 0 0.0 1.0 0
cell 20.94165422385503 6.609124094062081 0.0 1.0 1.0 1 0 0 0.0 1.0 0
cell 13.776851375932578 46.01141070786239 0.0 1.0 1.0 1 0 0 0.0 1.0 0
cell 20.93333075328577 40.496313026042316 0.0 1.0 1.0 1 0 0 0.0 1.0 0
cell 12.215590451613714 12.417961712914092 0.0 1.0 1.0 1 0 0 0.0 1.0 0
cell 45.30833823732035 39.53229503424679 0.0 1.0 1.0 1 0 0 0.0 1.0 0
cell 8.599881587989934 0.23953120146030454 0.0 1.0 1.0 1 0 0 0.0 1.0 0
cell 1.37903918394458 20.746358464962604 0.0 1.0 1.0 1 0 0 0.0 1.0 0
cell 55.98470356876691 50.55113385700071 0.0 1.0 1.0 1 0 0 0.0 1.0 0
cell 22.76036806331302 41.49047953013857 0.0 1.0 1.0 1 0 0 0.0 1.0 0
cell 41.917735944748344 41.758408371382274 0.0 1.0 1.0 1 0 0 0.0 1.0 0
cell 24.462265424121753 15.155749624021764 0.0 1.0 1.0 1 0 0 0.0 1.0 0
cell 40.06021002970946 7.234066950427319 0.0 1.0 1.0 1 0 0 0.0 1.0 0
cell 2.8781825186522703 10.151052351833648 0.0 1.0 1.0 1 0 0 0.0 1.0 0
cell 18.341382981720468 56.28259582602284 0.0 1.0 1.0 1 0 0 0.0 1.0 0
cell 40.10161506243046 3.597255083376384 0.0 1.0 1.0 1 0 0 0.0 1.0 0
cell 4.097370075882169 53.62252128240818 0.0 1.0 1.0 1 0 0 0.0 1.0 0
cell 49.66181870862271 14.78297410444991 0.0 1.0 1.0 1 0 0 0.0 1.0 0
cell 49.73827432016666 23.996960442474922 0.0 1.0 1.0 1 0 0 0.0 1.0 0
cell 57.97513025025813 2.7718220039806516 0.0 1.0 1.0 1 0 0 0.0 1.0 0
cell 54.945236799026816 5.455557947833774 0.0 1.0 1.0 1 0 0 0.0 1.0 0
cell 57.26783760297447 26.713780520061455 0.0 1.0 1.0 1 0 0 0.0 1.0 0
cell 44.00654231487624 46.782497253531105 0.0 1.0 1.0 1 0 0 0.0 1.0 0
cell 34.74713815453687 18.089635915867614 0.0 1.0 1.0 1 0 0 0.0 1.0 0
cell 43.64030017705787 21.890527111733785 0.0 1.0 1.0 1 0 0 0.0 1.0 0
cell 35.91166505058946 3.9777070778126693 0.0 1.0 1.0 1 0 0 0.0 1.0 0
cell 14.176384516470783 53.02355821708756 0.0 1.0 1.0 1 0 0 0.0 1.0 0
cell 40.350033056840694 55.17755520089572 0.0 1.0 1.0 1 0 0 0.0 1.0 0
cell 35.03717472102188 42.06810098532595 0.0 1.0 1.0 1 0 0 0.0 1.0 0
cell 54.724245644655255 45.4166815740546 0.0 1.0 1.0 1 0 0 0.0 1.0 0
cell 8.39171093836161 16.178345875275472 0.0 1.0 1.0 1 0 0 0.0 1.0 0
cell 50.74983817285045 2.140979089414604 0.0 1.0 1.0 1 0 0 0.0 1.0 0
cell 54.21777372129182 20.07287800333943 0.0 1.0 1.0 1 0 0 0.0 1.0 0
cell 16.742366711747586 3.3240658993361425 0.0 1.0 1.0 1 0 0 0.0 1.0 0
cell 13.063858345278609 51.32385128193897 0.0 1.0 1.0 1 0 0 0.0 1.0 0
cell 58.27628001657326 38.2029454056018 0.0 1.0 1.0 1 0 0 0.0 1.0 0
cell 54.64333391542845 12.767474473096089 0.0 1.0 1.0 1 0 0 0.0 1.0 0
cell 2.5957682904714567 44.921382055450245 0.0 1.0 1.0 1 0 0 0.0 1.0 0
cell 46.25262392844146 6.2044651759038905 0.0 1.0 1.0 1 0 0 0.0 1.0 0
cell 39.80968305281798 30.77618703409787 0.0 1.0 1.0 1 0 0 0.0 1.0 0
cell 48.84187654804069 1.5019414256276318 0.0 1.0 1.0 1 0 0 0.0 1.0 0
cell 58.82319013364139 16.11443267618313 0.0 1.0 1.0 1 0 0 0.0 1.0 0
cell 23.11370275069138 25.702477406773266 0.0 1.0 1.0 1 0 0 0.0 1.0 0
cell 19.1076374230551 10.239603899412819 0.0 1.0 1.0 1 0 0 0.0 1.0 0
cell 8.200306100211023 12.68193603519661 0.0 1.0 1.0 1 0 0 0.0 1.0 0
cell 45.84157482784368 47.632543891239436 0.0 1.0 1.0 1 0 0 0.0 1.0 0
cell 59.899355664485356 12.801148948718957 0.0 1.0 1.0 1 0 0 0.0 1.0 0
cell 1.2814668914235 2.0644228670840796 0.0 1.0 1.0 1 0 0 0.0 1.0 0
cell 59.978370699832915 50.331426390918104 0.0 1.0 1.0 1 0 0 0.0 1.0 0
cell 45.22785256171679 29.686850471898705 0.0 1.0 1.0 1 0 0 0.0 1.0 0
cell 38.10189214586592 7.358067406705517 0.0 1.0 1.0 1 0 0 0.0 1.0 0
cell 24.341735870529423 38.43193072694024 0.0 1.0 1.0 1 0 0 0.0 1.0 0
cell 59.188918293413465 27.307625950374323 0.0 1.0 1.0 1 0 0 0.0 1.0 0
cell 34.71618733490595 34.03894432987478 0.0 1.0 1.0 1 0 0 0.0 1.0 0
cell 42.70998040317636 57.77960185689108 0.0 1.0 1.0 1 0 0 0.0 1.0 0
cell 35.81248494660447 19.77510912341904 0.0 1.0 1.0 1 0 0 0.0 1.0 0
cell 18.20284302263236 52.80835526103605 0.0 1.0 1.0 1 0 0 0.0 1.0 0
cell 15.36154996723083 38.81210252617055 0.0 1.0 1.0 1 0 0 0.0 1.0 0
cell 48.53158518414623 52.394065130125675 0.0 1.0 1.0 1 0 0 0.0 1.0 0
cell 26.468892832481348 15.034871304125783 0.0 1.0 1.0 1 0 0 0.0 1.0 0
cell 43.09492327555481 17.9265293235595 0.0 1.0 1.0 1 0 0 0.0 1.0 0
cell 58.683638330755784 57.558294316115415 0.0 1.0 1.0 1 0 0 0.0 1.0 0
cell 4.824003955044471 32.49213423396132 0.0 1.0 1.0 1 0 0 0.0 1.0 0
cell 52.347295781115356 19.412761921331647 0.0 1.0 1.0 1 0 0 0.0 1.0 0
cell 25.755832319200476 29.368788690475284 0.0 1.0 1.0 1 0 0 0.0 1.0 0
cell 14.547726725685612 60.025400670381835 0.0 1.0 1.0 1 0 0 0.0 1.0 0
cell 2.4224724296373417 41.43061286396061 0.0 1.0 1.0 1 0 0 0.0 1.0 0
cell 33.614864657539286 16.40831035784439 0.0 1.0 1.0 1 0 0 0.0 1.0 0
cell 32.788569555211275 2.3959564518564744 0.0 1.0 1.0 1 0 0 0.0 1.0 0
cell 3.7635022922072827 23.409587815194076 0.0 1.0 1.0 1 0 0 0.0 1.0 0
cell 46.55092514414045 59.01272312051983 0.0 1.0 1.0 1 0 0 0.0 1.0 0
cell 30.960038008526638 28.117838840018017 0.0 1.0 1.0 1 0 0 0.0 1.0 0
cell 3.2037897442318 55.42377252972725 0.0 1.0 1.0 1 0 0 0.0 1.0 0
cell 17.28170820773425 54.637861682951055 0.0 1.0 1.0 1 0 0 0.0 1.0 0
cell 26.64225326720225 59.33978453897411 0.0 1.0 1.0 1 0 0 0.0 1.0 0
cell 52.33800146413159 10.104949589034609 0.0 1.0 1.0 1 0 0 0.0 1.0 0
cell 44.71540843558616 16.719072739528304 0.0 1.0 1.0 1 0 0 0.0 1.0 0
cell 48.873873374003885 41.192303997171486 0.0 1.0 1.0 1 0 0 0.0 1.0 0
cell 10.894500081396114 7.181234622966063 0.0 1.0 1.0 1 0 0 0.0 1.0 0
cell 3.962379767914008 25.4061920633728 0.0 1.0 1.0 1 0 0 0.0 1.0 0
cell 56.87716391842816 6.10953664130755 0.0 1.0 1.0 1 0 0 0.0 1.0 0
cell 32.930635874325475 21.6748593217667 0.0 1.0 1.0 1 0 0 0.0 1.0 0
cell 4.851375501120901 3.9060304869035005 0.0 1.0 1.0 1 0 0 0.0 1.0 0
cell 38.777777407564415 17.88291532388887 0.0 1.0 1.0 1 0 0 0.0 1.0 0
cell 34.62725763753283 58.9171873465291 0.0 1.0 1.0 1 0 0 0.0 1.0 0
cell 33.292254540617265 43.1828132512115 0.0 1.0 1.0 1 0 0 0.0 1.0 0
cell 29.819922133168767 20.084541694716876 0.0 1.0 1.0 1 0 0 0.0 1.0 0
cell 30.21829635740553 52.17801015820512 0.0 1.0 1.0 1 0 0 0.0 1.0 0
cell 55.0963086438629 36.569988074305584 0.0 1.0 1.0 1 0 0 0.0 1.0 0
cell 28.93390901277601 6.130401295532168 0.0 1.0 1.0 1 0 0 0.0 1.0 0
cell 31.179392418571602 50.31672215423776 0.0 1.0 1.0 1 0 0 0.0 1.0 0
cell 6.710159758450941 11.314581982482283 0.0 1.0 1.0 1 0 0 0.0 1.0 0
cell 2.488048266500856 8.12147200801291 0.0 1.0 1.0 1 0 0 0.0 1.0 0
cell 55.384016000034634 40.07558538475469 0.0 1.0 1.0 1 0 0 0.0 1.0 0
cell 2.922489260405994 27.14845318650803 0.0 1.0 1.0 1 0 0 0.0 1.0 0
cell 43.401718281321465 28.96582833044549 0.0 1.0 1.0 1 0 0 0.0 1.0 0
cell 8.431485473883045 41.04881857536892 0.0 1.0 1.0 1 0 0 0.0 1.0 0
cell 26.358845343661827 45.323734356784655 0.0 1.0 1.0 1 0 0 0.0 1.0 0
cell 27.508548623296196 28.267866592354352 0.0 1.0 1.0 1 0 0 0.0 1.0 0
cell 39.754844025605706 0.2879114626612493 0.0 1.0 1.0 1 0 0 0.0 1.0 0
cell 27.373728909394902 13.265012569818815 0.0 1.0 1.0 1 0 0 0.0 1.0 0
cell 60.00165332807656 34.55708944287355 0.0 1.0 1.0 1 0 0 0.0 1.0 0
cell 51.53352443593076 6.152650886036717 0.0 1.0 1.0 1 0 0 0.0 1.0 0
cell 28.911783285431607 21.895179906634894 0.0 1.0 1.0 1 0 0 0.0 1.0 0
cell 11.709143058000612 21.268930546191136 0.0 1.0 1.0 1 0 0 0.0 1.0 0
cell 42.041100105167956 43.8201536100558 0.0 1.0 1.0 1 0 0 0.0 1.0 0
cell 51.55808573983465 24.716448428095955 0.0 1.0 1.0 1 0 0 0.0 1.0 0
cell 38.72168239962554 58.60655392707931 0.0 1.0 1.0 1 0 0 0.0 1.0 0
cell 9.23907656485963 55.07020765474325 0.0 1.0 1.0 1 0 0 0.0 1.0 0
cell 21.27904277470495 54.40787034321682 0.0 1.0 1.0 1 0 0 0.0 1.0 0
cell 15.724012459590153 29.94849926297405 0.0 1.0 1.0 1 0 0 0.0 1.0 0
cell 53.06463074520371 4.787322605530949 0.0 1.0 1.0 1 0 0 0.0 1.0 0
cell 32.93183338932326 33.087112473129984 0.0 1.0 1.0 1 0 0 0.0 1.0 0
cell 47.00329894144882 19.416760141880438 0.0 1.0 1.0 1 0 0 0.0 1.0 0
cell 43.23022336498313 52.42201183445165 0.0 1.0 1.0 1 0 0 0.0 1.0 0
cell 5.12129195859478 27.09119798234139 0.0 1.0 1.0 1 0 0 0.0 1.0 0
cell 1.195502423931171 55.566521877141305 0.0 1.0 1.0 1 0 0 0.0 1.0 0
cell 51.17401253951061 4.153814372046833 0.0 1.0 1.0 1 0 0 0.0 1.0 0
cell 55.597014546085624 43.58758596359775 0.0 1.0 1.0 1 0 0 0.0 1.0 0
cell 57.96542843107041 34.69727778699525 0.0 1.0 1.0 1 0 0 0.0 1.0 0
cell 16.57249603552786 59.91868321608231 0.0 1.0 1.0 1 0 0 0.0 1.0 0
cell 13.687191633249459 30.11885455080508 0.0 1.0 1.0 1 0 0 0.0 1.0 0
cell 1.9362219246586865 50.18889413421009 0.0 1.0 1.0 1 0 0 0.0 1.0 0
cell 47.433971300561 12.136155606242903 0.0 1.0 1.0 1 0 0 0.0 1.0 0
cell 59.58314627988903 29.25327109213463 0.0 1.0 1.0 1 0 0 0.0 1.0 0
cell 33.52802632382998 47.19732973654017 0.0 1.0 1.0 1 0 0 0.0 1.0 0
cell 27.70801674239819 34.28152756420754 0.0 1.0 1.0 1 0 0 0.0 1.0 0
cell 18.99516889603025 35.568428641643195 0.0 1.0 1.0 1 0 0 0.0 1.0 0
cell 3.8947859948899803 50.08348831984835 0.0 1.0 1.0 1 0 0 0.0 1.0 0
cell 4.40941548783765 41.300937569746644 0.0 1.0 1.0 1 0 0 0.0 1.0 0
cell 34.45687305513178 27.93192808053835 0.0 1.0 1.0 1 0 0 0.0 1.0 0
cell 3.55575773943059 43.11390276877751 0.0 1.0 1.0 1 0 0 0.0 1.0 0
cell 3.29155275926736 12.14069810031403 0.0 1.0 1.0 1 0 0 0.0 1.0 0
cell 24.034955235660814 8.160145608513435 0.0 1.0 1.0 1 0 0 0.0 1.0 0
cell 54.229484538622536 38.44449549739713 0.0 1.0 1.0 1 0 0 0.0 1.0 0
cell 58.145044385201416 53.972234485670654 0.0 1.0 1.0 1 0 0 0.0 1.0 0
cell 33.192871964548594 41.10758837458462 0.0 1.0 1.0 1 0 0 0.0 1.0 0
cell 43.40505151802946 36.62618871314602 0.0 1.0 1.0 1 0 0 0.0 1.0 0
cell 42.48190022761802 14.134752033346825 0.0 1.0 1.0 1 0 0 0.0 1.0 0
cell 53.40688590199857 57.574034969584304 0.0 1.0 1.0 1 0 0 0.0 1.0 0
cell 30.274882812492734 11.335723705982165 0.0 1.0 1.0 1 0 0 0.0 1.0 0
cell 2.8809804366761824 19.396964875532024 0.0 1.0 1.0 1 0 0 0.0 1.0 0
cell 44.58738402039551 58.403386628960185 0.0 1.0 1.0 1 0 0 0.0 1.0 0
cell 12.027505568907422 8.880072007285905 0.0 1.0 1.0 1 0 0 0.0 1.0 0
cell 24.450197924736166 40.40784703594659 0.0 1.0 1.0 1 0 0 0.0 1.0 0
cell 21.110964201343645 44.511711944823325 0.0 1.0 1.0 1 0 0 0.0 1.0 0
cell 59.52617580698849 10.758667526749548 0.0 1.0 1.0 1 0 0 0.0 1.0 0
cell 48.5092769155954 8.831654271727414 0.0 1.0 1.0 1 0 0 0.0 1.0 0
cell 57.27917486474305 8.118936687970866 0.0 1.0 1.0 1 0 0 0.0 1.0 0
cell 57.63357822036589 19.42031097060148 0.0 1.0 1.0 1 0 0 0.0 1.0 0
cell 3.615235665281016 14.122102461646163 0.0 1.0 1.0 1 0 0 0.0 1.0 0
cell 9.805825097386844 5.475125961361863 0.0 1.0 1.0 1 0 0 0.0 1.0 0
cell 57.19388450647854 58.87706753300632 0.0 1.0 1.0 1 0 0 0.0 1.0 0
cell 22.909467399776197 45.47519681538708 0.0 1.0 1.0 1 0 0 0.0 1.0 0
cell 5.50891214698031 14.770482142682503 0.0 1.0 1.0 1 0 0 0.0 1.0 0
cell 13.23787470762928 54.821236189712565 0.0 1.0 1.0 1 0 0 0.0 1.0 0
cell 10.845134089179744 47.92209400657768 0.0 1.0 1.0 1 0 0 0.0 1.0 0
cell 26.259924049885925 11.528417805655913 0.0 1.0 1.0 1 0 0 0.0 1.0 0
cell 55.748171293922276 9.44552186163036 0.0 1.0 1.0 1 0 0 0.0 1.0 0
cell 56.909360963098464 15.398573131753052 0.0 1.0 1.0 1 0 0 0.0 1.0 0
cell 59.06890070270251 52.18157802118769 0.0 1.0 1.0 1 0 0 0.0 1.0 0
cell 36.557855250953054 14.500966641742973 0.0 1.0 1.0 1 0 0 0.0 1.0 0
cell 55.01663996175004 14.773411033858551 0.0 1.0 1.0 1 0 0 0.0 1.0 0
cell 10.75965551350512 3.6632522512149923 0.0 1.0 1.0 1 0 0 0.0 1.0 0
cell 46.31259558123734 24.489757895131845 0.0 1.0 1.0 1 0 0 0.0 1.0 0
cell 54.50178812485676 41.89008781692028 0.0 1.0 1.0 1 0 0 0.0 1.0 0
cell 25.68290999280786 1.0692380382484015 0.0 1.0 1.0 1 0 0 0.0 1.0 0
cell 41.5178937727011 29.66495255840748 0.0 1.0 1.0 1 0 0 0.0 1.0 0
cell 36.1925106735105 28.90474036699958 0.0 1.0 1.0 1 0 0 0.0 1.0 0
cell 15.994874497858014 24.476645183090035 0.0 1.0 1.0 1 0 0 0.0 1.0 0
cell 12.830147910723333 22.932862824881546 0.0 1.0 1.0 1 0 0 0.0 1.0 0
cell 38.49867069026538 14.389468947306492 0.0 1.0 1.0 1 0 0 0.0 1.0 0
cell 24.88602055142862 22.079324627587532 0.0 1.0 1.0 1 0 0 0.0 1.0 0
cell 28.077012969034378 7.929163704618528 0.0 1.0 1.0 1 0 0 0.0 1.0 0
cell 26.779868799507746 2.789572305745339 0.0 1.0 1.0 1 0 0 0.0 1.0 0
cell 9.733838849651182 46.247364720914256 0.0 1.0 1.0 1 0 0 0.0 1.0 0
cell 8.231304949634447 37.567763616835414 0.0 1.0 1.0 1 0 0 0.0 1.0 0
cell 47.0797970052849 40.33879404922483 0.0 1.0 1.0 1 0 0 0.0 1.0 0
cell 25.824185748069244 31.306776236462774 0.0 1.0 1.0 1 0 0 0.0 1.0 0
cell 54.14911332858476 1.490225863121778 0.0 1.0 1.0 1 0 0 0.0 1.0 0
cell 33.52227414101422 57.254825184292876 0.0 1.0 1.0 1 0 0 0.0 1.0 0
cell 53.76468473165319 59.5937560806113 0.0 1.0 1.0 1 0 0 0.0 1.0 0
cell 2.532534283561758 17.465583925889906 0.0 1.0 1.0 1 0 0 0.0 1.0 0
cell 13.097143773612679 10.548249477327337 0.0 1.0 1.0 1 0 0 0.0 1.0 0
cell 9.12914617908149 26.754235267694682 0.0 1.0 1.0 1 0 0 0.0 1.0 0
cell 24.593789500356785 44.41194771862584 0.0 1.0 1.0 1 0 0 0.0 1.0 0
cell 51.206713817886914 22.746175402481697 0.0 1.0 1.0 1 0 0 0.0 1.0 0
cell 36.5748272843941 38.96969422468139 0.0 1.0 1.0 1 0 0 0.0 1.0 0
cell 45.44854836872347 2.239503561153691 0.0 1.0 1.0 1 0 0 0.0 1.0 0
cell 24.49203380531889 42.426445892007074 0.0 1.0 1.0 1 0 0 0.0 1.0 0
cell 59.14368729705207 8.838716327468694 0.0 1.0 1.0 1 0 0 0.0 1.0 0
cell 38.47677100879422 54.62048628035117 0.0 1.0 1.0 1 0 0 0.0 1.0 0
cell 20.65217511608613 18.92012667436584 0.0 1.0 1.0 1 0 0 0.0 1.0 0
cell 36.88053455275375 44.9708201802107 0.0 1.0 1.0 1 0 0 0.0 1.0 0
cell 17.448529903584756 58.12735685301223 0.0 1.0 1.0 1 0 0 0.0 1.0 0
cell 20.047194281828688 8.389325840975538 0.0 1.0 1.0 1 0 0 0.0 1.0 0
cell 45.016548418166536 27.742629520153493 0.0 1.0 1.0 1 0 0 0.0 1.0 0
cell 11.671979043967259 1.8630247078574234 0.0 1.0 1.0 1 0 0 0.0 1.0 0
cell 7.779932682153508 5.590505030933804 0.0 1.0 1.0 1 0 0 0.0 1.0 0
cell 55.36700802832993 16.757022481738566 0.0 1.0 1.0 1 0 0 0.0 1.0 0
cell 23.551808999387145 16.949342171788857 0.0 1.0 1.0 1 0 0 0.0 1.0 0
cell 2.7362267679861 0.7413263184991108 0.0 1.0 1.0 1 0 0 0.0 1.0 0
cell 1.3828352852639823 11.490306966045374 0.0 1.0 1.0 1 0 0 0.0 1.0 0
cell 40.39899102577605 44.95697076298915 0.0 1.0 1.0 1 0 0 0.0 1.0 0
cell 55.668838558934894 0.12494892780071284 0.0 1.0 1.0 1 0 0 0.0 1.0 0
cell 3.4755494400292535 4.951571061862326 0.0 1.0 1.0 1 0 0 0.0 1.0 0
cell 54.169560099557636 29.397383258041273 0.0 1.0 1.0 1 0 0 0.0 1.0 0
cell 37.041294242066776 25.041972622267462 0.0 1.0 1.0 1 0 0 0.0 1.0 0
cell 42.30087064029709 7.0514349986588 0.0 1.0 1.0 1 0 0 0.0 1.0 0
cell 41.853335351843334 33.69699811242752 0.0 1.0 1.0 1 0 0 0.0 1.0 0
cell 35.61224775009957 16.325402604961905 0.0 1.0 1.0 1 0 0 0.0 1.0 0
cell 2.8333142748336138 48.45097237875687 0.0 1.0 1.0 1 0 0 0.0 1.0 0
cell 41.118242785851216 21.32150473576917 0.0 1.0 1.0 1 0 0 0.0 1.0 0
cell 18.826989787800734 31.557868100129742 0.0 1.0 1.0 1 0 0 0.0 1.0 0
cell 39.39927499210226 12.55669384615882 0.0 1.0 1.0 1 0 0 0.0 1.0 0
cell 22.98187741468468 47.36541710863171 0.0 1.0 1.0 1 0 0 0.0 1.0 0
cell 44.74409848249547 25.717368564813547 0.0 1.0 1.0 1 0 0 0.0 1.0 0
cell 19.341744514520315 13.711289508082961 0.0 1.0 1.0 1 0 0 0.0 1.0 0
cell 19.768356993084407 45.78003582205019 0.0 1.0 1.0 1 0 0 0.0 1.0 0
cell 1.5165858565898658 43.24369909189951 0.0 1.0 1.0 1 0 0 0.0 1.0 0
cell 12.916888201581097 7.0814554939316245 0.0 1.0 1.0 1 0 0 0.0 1.0 0
cell 10.547624121903198 28.56515252438025 0.0 1.0 1.0 1 0 0 0.0 1.0 0
cell 51.98280820842007 17.406555678276646 0.0 1.0 1.0 1 0 0 0.0 1.0 0
cell 52.542038730725096 42.0487630210902 0.0 1.0 1.0 1 0 0 0.0 1.0 0
cell 17.972258921496174 49.33755460498084 0.0 1.0 1.0 1 0 0 0.0 1.0 0
cell 27.999228042689776 42.35259730001248 0.0 1.0 1.0 1 0 0 0.0 1.0 0
cell 22.367329585322953 56.11744243981973 0.0 1.0 1.0 1 0 0 0.0 1.0 0
cell 52.74208337950124 21.422297220079777 0.0 1.0 1.0 1 0 0 0.0 1.0 0
cell 36.5385903367738 36.96842524412868 0.0 1.0 1.0 1 0 0 0.0 1.0 0
cell 1.7070638029168095 30.935242414120406 0.0 1.0 1.0 1 0 0 0.0 1.0 0
cell 36.02652239716882 23.28250147803613 0.0 1.0 1.0 1 0 0 0.0 1.0 0
cell 28.093970584792643 44.36742657450601 0.0 1.0 1.0 1 0 0 0.0 1.0 0
cell 56.11866208202901 11.445220518301843 0.0 1.0 1.0 1 0 0 0.0 1.0 0
cell 44.76009396313482 51.016436115516164 0.0 1.0 1.0 1 0 0 0.0 1.0 0
cell 51.238440270170074 36.044282148443195 0.0 1.0 1.0 1 0 0 0.0 1.0 0
cell 10.843022448586764 32.04153334668221 0.0 1.0 1.0 1 0 0 0.0 1.0 0
cell 22.57923494750305 37.48253261867742 0.0 1.0 1.0 1 0 0 0.0 1.0 0
cell 59.08416176955876 59.534613059132084 0.0 1.0 1.0 1 0 0 0.0 1.0 0
cell 6.645044425387993 44.68140240299932 0.0 1.0 1.0 1 0 0 0.0 1.0 0
cell 32.31400759831801 11.230849450036185 0.0 1.0 1.0 1 0 0 0.0 1.0 0
cell 41.00216153025464 49.50169712174623 0.0 1.0 1.0 1 0 0 0.0 1.0 0
cell 57.751561037458494 31.155902875616402 0.0 1.0 1.0 1 0 0 0.0 1.0 0
cell 3.441424349691971 58.94322118803599 0.0 1.0 1.0 1 0 0 0.0 1.0 0
cell 45.644262611062445 55.066693248194596 0.0 1.0 1.0 1 0 0 0.0 1.0 0
cell 0.24901794724484919 14.757475664983042 0.0 1.0 1.0 1 0 0 0.0 1.0 0
cell 24.692417879193375 18.629577648877266 0.0 1.0 1.0 1 0 0 0.0 1.0 0
cell 36.93696853715783 21.444709462567182 0.0 1.0 1.0 1 0 0 0.0 1.0 0
cell 9.349397616864273 14.362261233661181 0.0 1.0 1.0 1 0 0 0.0 1.0 0
cell 31.103505349529716 32.13955287077148 0.0 1.0 1.0 1 0 0 0.0 1.0 0
cell 34.4989879025144 14.595460811329437 0.0 1.0 1.0 1 0 0 0.0 1.0 0
cell 31.33769305915638 38.155800788813714 0.0 1.0 1.0 1 0 0 0.0 1.0 0
cell 22.02639789359499 8.285751920537416 0.0 1.0 1.0 1 0 0 0.0 1.0 0
cell 45.82302686729959 4.219554420818808 0.0 1.0 1.0 1 0 0 0.0 1.0 0
cell 18.722730387205843 3.211834162567367 0.0 1.0 1.0 1 0 0 0.0 1.0 0
cell 37.92525529511183 52.779682214397894 0.0 1.0 1.0 1 0 0 0.0 1.0 0
cell 51.91361419909252 26.745017517528368 0.0 1.0 1.0 1 0 0 0.0 1.0 0
cell 48.13570055129985 6.831781024766582 0.0 1.0 1.0 1 0 0 0.0 1.0 0
cell 39.804837357446225 19.55186804869107 0.0 1.0 1.0 1 0 0 0.0 1.0 0
cell 19.77095237558562 20.680664633387646 0.0 1.0 1.0 1 0 0 0.0 1.0 0
cell 58.42621180206703 14.115325055303188 0.0 1.0 1.0 1 0 0 0.0 1.0 0
cell 46.670555365109685 8.139504908902392 0.0 1.0 1.0 1 0 0 0.0 1.0 0
cell 7.123633003169098 26.904427360205695 0.0 1.0 1.0 1 0 0 0.0 1.0 0
cell 3.2065797865051766 2.6990460229798443 0.0 1.0 1.0 1 0 0 0.0 1.0 0
cell 39.97119777287369 36.7765517019013 0.0 1.0 1.0 1 0 0 0.0 1.0 0
cell 32.98281640082102 5.905334507133418 0.0 1.0 1.0 1 0 0 0.0 1.0 0
cell 58.04466942806377 12.117930362431618 0.0 1.0 1.0 1 0 0 0.0 1.0 0
cell 32.47021310490123 55.5199845861844 0.0 1.0 1.0 1 0 0 0.0 1.0 0
cell 47.21578013039619 42.39067583389451 0.0 1.0 1.0 1 0 0 0.0 1.0 0
cell 44.45523325517132 23.700589278520813 0.0 1.0 1.0 1 0 0 0.0 1.0 0
cell 51.22634884552773 47.89204867717282 0.0 1.0 1.0 1 0 0 0.0 1.0 0
cell 6.5987662599439 0.37767360848838283 0.0 1.0 1.0 1 0 0 0.0 1.0 0
cell 4.82839186461377 48.31996081430893 0.0 1.0 1.0 1 0 0 0.0 1.0 0
cell 6.234984822428074 9.377912587202678 0.0 1.0 1.0 1 0 0 0.0 1.0 0
cell 42.12428709054635 16.133285118790017 0.0 1.0 1.0 1 0 0 0.0 1.0 0
cell 10.224624907043511 37.393733095465976 0.0 1.0 1.0 1 0 0 0.0 1.0 0
cell 18.593173929217695 33.57928396168507 0.0 1.0 1.0 1 0 0 0.0 1.0 0
cell 29.859003347815605 4.356022633256179 0.0 1.0 1.0 1 0 0 0.0 1.0 0
cell 7.98047591711289 25.04056267796356 0.0 1.0 1.0 1 0 0 0.0 1.0 0
cell 46.98685025674767 38.36140630208276 0.0 1.0 1.0 1 0 0 0.0 1.0 0
cell 54.471332750555206 54.28291463139805 0.0 1.0 1.0 1 0 0 0.0 1.0 0
cell 52.738657617541016 12.127996875030552 0.0 1.0 1.0 1 0 0 0.0 1.0 0
cell 58.48266052302499 41.67447326779682 0.0 1.0 1.0 1 0 0 0.0 1.0 0
cell 8.136330347418895 53.33681453553279 0.0 1.0 1.0 1 0 0 0.0 1.0 0
cell 22.836223514135742 43.43860609256561 0.0 1.0 1.0 1 0 0 0.0 1.0 0
cell 31.049209699459066 30.1273249304385 0.0 1.0 1.0 1 0 0 0.0 1.0 0
cell 51.43250296617659 56.93654549562202 0.0 1.0 1.0 1 0 0 0.0 1.0 0
cell 55.38073536311515 7.449519523503881 0.0 1.0 1.0 1 0 0 0.0 1.0 0
cell 2.140242493565296 15.44129181747667 0.0 1.0 1.0 1 0 0 0.0 1.0 0
cell 51.130923283891114 34.04807606202172 0.0 1.0 1.0 1 0 0 0.0 1.0 0
cell 2.188021487060357 37.9401556825927 0.0 1.0 1.0 1 0 0 0.0 1.0 0
cell 0.4402672111726279 41.53950822975776 0.0 1.0 1.0 1 0 0 0.0 1.0 0
cell 2.8159375010084666 32.64805939942723 0.0 1.0 1.0 1 0 0 0.0 1.0 0
cell 22.681646774219487 39.44840050378835 0.0 1.0 1.0 1 0 0 0.0 1.0 0
cell 50.43787396582951 9.455193446177557 0.0 1.0 1.0 1 0 0 0.0 1.0 0
cell 30.026600112612872 48.64598851977577 0.0 1.0 1.0 1 0 0 0.0 1.0 0
cell 5.058880487989636 35.97129081365283 0.0 1.0 1.0 1 0 0 0.0 1.0 0
cell 41.17291331398386 59.12020204983949 0.0 1.0 1.0 1 0 0 0.0 1.0 0
cell 5.236967461660165 22.0638434602546 0.0 1.0 1.0 1 0 0 0.0 1.0 0
cell 58.80825969617081 25.381015022036458 0.0 1.0 1.0 1 0 0 0.0 1.0 0
cell 21.14808357884373 10.08057902398006 0.0 1.0 1.0 1 0 0 0.0 1.0 0
cell 59.884046806254936 3.4107050474236584 0.0 1.0 1.0 1 0 0 0.0 1.0 0
cell 23.701257101718888 1.174537460260847 0.0 1.0 1.0 1 0 0 0.0 1.0 0
cell 45.647846967509174 45.57059160348363 0.0 1.0 1.0 1 0 0 0.0 1.0 0
cell 11.456810574178947 58.42065789741797 0.0 1.0 1.0 1 0 0 0.0 1.0 0
cell 8.670239248664057 44.54915623202358 0.0 1.0 1.0 1 0 0 0.0 1.0 0
cell 59.84450943788321 46.88337791620637 0.0 1.0 1.0 1 0 0 0.0 1.0 0
cell 0.578582324068094 7.495105450844177 0.0 1.0 1.0 1 0 0 0.0 1.0 0
cell 50.8343109992047 32.045059418132496 0.0 1.0 1.0 1 0 0 0.0 1.0 0
cell 11.362003337949979 39.11023015500847 0.0 1.0 1.0 1 0 0 0.0 1.0 0
cell 51.05375918793143 54.972410422653105 0.0 1.0 1.0 1 0 0 0.0 1.0 0
cell 6.554145573234829 28.83906444342827 0.0 1.0 1.0 1 0 0 0.0 1.0 0
cell 29.750411095861097 41.246657898612234 0.0 1.0 1.0 1 0 0 0.0 1.0 0
cell 50.684870088739906 30.01314842796687 0.0 1.0 1.0 1 0 0 0.0 1.0 0
cell 43.77145351367724 33.02205998010255 0.0 1.0 1.0 1 0 0 0.0 1.0 0
cell 42.2598210325736 55.78666933678416 0.0 1.0 1.0 1 0 0 0.0 1.0 0
cell 16.264882620433617 36.965890316389206 0.0 1.0 1.0 1 0 0 0.0 1.0 0
cell 37.85201240989163 19.666680008130015 0.0 1.0 1.0 1 0 0 0.0 1.0 0
cell 52.77134911709722 45.469450454713666 0.0 1.0 1.0 1 0 0 0.0 1.0 0
cell 57.107334348266114 36.48717428581189 0.0 1.0 1.0 1 0 0 0.0 1.0 0
cell 41.34350378563126 27.684011033331963 0.0 1.0 1.0 1 0 0 0.0 1.0 0
cell 25.079995367947582 50.71097741445535 0.0 1.0 1.0 1 0 0 0.0 1.0 0
cell 17.717403293753044 29.814023815792964 0.0 1.0 1.0 1 0 0 0.0 1.0 0
cell 10.674268711278152 44.39724064155337 0.0 1.0 1.0 1 0 0 0.0 1.0 0
cell 22.188251621384786 52.621592217758135 0.0 1.0 1.0 1 0 0 0.0 1.0 0
cell 27.73168854936088 0.9395773328692978 0.0 1.0 1.0 1 0 0 0.0 1.0 0
cell 12.652754124469984 44.28485163727635 0.0 1.0 1.0 1 0 0 0.0 1.0 0
cell 56.26527046009585 38.28672645534365 0.0 1.0 1.0 1 0 0 0.0 1.0 0
cell 52.25489868306894 0.8384108300267874 0.0 1.0 1.0 1 0 0 0.0 1.0 0
cell 33.20408881878932 9.431073021620996 0.0 1.0 1.0 1 0 0 0.0 1.0 0
cell 57.3622703200775 39.95621412711065 0.0 1.0 1.0 1 0 0 0.0 1.0 0
cell 26.924831138121974 47.20316494169122 0.0 1.0 1.0 1 0 0 0.0 1.0 0
cell 37.547093001250154 50.803290483234576 0.0 1.0 1.0 1 0 0 0.0 1.0 0
cell 11.711713351512882 30.242609696118155 0.0 1.0 1.0 1 0 0 0.0 1.0 0
cell 4.04224418068235 16.120471609513125 0.0 1.0 1.0 1 0 0 0.0 1.0 0
cell 5.955460923451585 16.715286899963512 0.0 1.0 1.0 1 0 0 0.0 1.0 0
cell 9.459225951812451 58.526046752759406 0.0 1.0 1.0 1 0 0 0.0 1.0 0
cell 26.06597957088326 8.059749176157373 0.0 1.0 1.0 1 0 0 0.0 1.0 0
cell 53.905806476123054 18.075901215559238 0.0 1.0 1.0 1 0 0 0.0 1.0 0
cell 35.98482716583306 52.0823464915186 0.0 1.0 1.0 1 0 0 0.0 1.0 0
cell 29.564909186888702 37.20972838892129 0.0 1.0 1.0 1 0 0 0.0 1.0 0
cell 2.305281350399484 57.24456719929166 0.0 1.0 1.0 1 0 0 0.0 1.0 0
cell 50.74619422061452 40.023962549784294 0.0 1.0 1.0 1 0 0 0.0 1.0 0
cell 29.25490457126267 29.2048057514828 0.0 1.0 1.0 1 0 0 0.0 1.0 0
cell 21.85385507793962 4.792052818815016 0.0 1.0 1.0 1 0 0 0.0 1.0 0
cell 26.23472047564568 41.35064007183819 0.0 1.0 1.0 1 0 0 0.0 1.0 0
cell 21.782811542055725 20.553226559921377 0.0 1.0 1.0 1 0 0 0.0 1.0 0
cell 21.324244198893034 13.572619559474893 0.0 1.0 1.0 1 0 0 0.0 1.0 0
cell 43.6877551753104 54.42568602427033 0.0 1.0 1.0 1 0 0 0.0 1.0 0
cell 0.16708657004109875 38.04702977524521 0.0 1.0 1.0 1 0 0 0.0 1.0 0
cell 56.08341420003379 30.033744353424936 0.0 1.0 1.0 1 0 0 0.0 1.0 0
cell 22.47084038001348 35.47301034224994 0.0 1.0 1.0 1 0 0 0.0 1.0 0
cell 21.087157410634166 50.92707167964093 0.0 1.0 1.0 1 0 0 0.0 1.0 0
cell 24.190861878664553 34.38281237761263 0.0 1.0 1.0 1 0 0 0.0 1.0 0
cell 53.92268001098778 50.636614205085095 0.0 1.0 1.0 1 0 0 0.0 1.0 0
cell 19.25917061603427 54.499464914520935 0.0 1.0 1.0 1 0 0 0.0 1.0 0
cell 28.404186043370977 55.74570588438098 0.0 1.0 1.0 1 0 0 0.0 1.0 0
cell 13.654280329890817 1.7533954244526155 0.0 1.0 1.0 1 0 0 0.0 1.0 0
cell 5.203768013896744 55.28365728121859 0.0 1.0 1.0 1 0 0 0.0 1.0 0
cell 28.704929307591055 18.419224947809795 0.0 1.0 1.0 1 0 0 0.0 1.0 0
cell 2.1073006246854344 53.72006956878468 0.0 1.0 1.0 1 0 0 0.0 1.0 0
cell 58.04099740826845 21.45464576155084 0.0 1.0 1.0 1 0 0 0.0 1.0 0
cell 49.1414712286529 54.33719234866183 0.0 1.0 1.0 1 0 0 0.0 1.0 0
cell 55.033164324309084 52.39277921452927 0.0 1.0 1.0 1 0 0 0.0 1.0 0
cell 46.1093175051529 57.00302573593541 0.0 1.0 1.0 1 0 0 0.0 1.0 0
cell 24.055158292145215 30.399525225396275 0.0 1.0 1.0 1 0 0 0.0 1.0 0
cell 59.725902145319296 31.168182857389837 0.0 1.0 1.0 1 0 0 0.0 1.0 0
cell 10.309126653322688 56.75197093880579 0.0 1.0 1.0 1 0 0 0.0 1.0 0
cell 26.05460336739063 37.358607335889694 0.0 1.0 1.0 1 0 0 0.0 1.0 0
cell 17.111724795639912 10.343869484500162 0.0 1.0 1.0 1 0 0 0.0 1.0 0
cell 5.700710734211574 2.1384964024914934 0.0 1.0 1.0 1 0 0 0.0 1.0 0
cell 48.85655164124572 39.16458607496294 0.0 1.0 1.0 1 0 0 0.0 1.0 0
cell 53.879813323053 8.78310329885923 0.0 1.0 1.0 1 0 0 0.0 1.0 0
cell 31.83721519804272 19.965531830386173 0.0 1.0 1.0 1 0 0 0.0 1.0 0
cell 50.899065780691906 45.89809240203014 0.0 1.0 1.0 1 0 0 0.0 1.0 0
cell 29.612042963508916 39.28267327112866 0.0 1.0 1.0 1 0 0 0.0 1.0 0
cell 51.45831426959638 43.92948991171702 0.0 1.0 1.0 1 0 0 0.0 1.0 0
cell 35.41154072451809 12.797306832721087 0.0 1.0 1.0 1 0 0 0.0 1.0 0
cell 39.91022567498077 32.767333694982476 0.0 1.0 1.0 1 0 0 0.0 1.0 0
cell 40.174041048345416 40.85224133017358 0.0 1.0 1.0 1 0 0 0.0 1.0 0
cell 12.270434357887236 37.24833134097579 0.0 1.0 1.0 1 0 0 0.0 1.0 0
cell 28.600051545941728 59.266958865527144 0.0 1.0 1.0 1 0 0 0.0 1.0 0
cell 59.156772034935905 36.352758491772285 0.0 1.0 1.0 1 0 0 0.0 1.0 0
cell 40.5251217618044 14.238135113200352 0.0 1.0 1.0 1 0 0 0.0 1.0 0
cell 25.144852726490573 25.54975380795671 0.0 1.0 1.0 1 0 0 0.0 1.0 0
cell 4.738479655519777 20.07211470954704 0.0 1.0 1.0 1 0 0 0.0 1.0 0
cell 44.16580517292696 56.448801278147286 0.0 1.0 1.0 1 0 0 0.0 1.0 0
cell 42.10933541840248 10.54579261357552 0.0 1.0 1.0 1 0 0 0.0 1.0 0
cell 31.51302416065836 42.20269958854707 0.0 1.0 1.0 1 0 0 0.0 1.0 0
cell 7.0399592148045915 51.69337158799578 0.0 1.0 1.0 1 0 0 0.0 1.0 0
cell 5.324290193448993 12.747567923623373 0.0 1.0 1.0 1 0 0 0.0 1.0 0
cell 7.478876267909315 17.99970752614578 0.0 1.0 1.0 1 0 0 0.0 1.0 0
cell 1.028061184415291 27.932438803494506 0.0 1.0 1.0 1 0 0 0.0 1.0 0
cell 50.45354901095972 18.745693060364136 0.0 1.0 1.0 1 0 0 0.0 1.0 0
cell 38.03330069468437 23.162546109852972 0.0 1.0 1.0 1 0 0 0.0 1.0 0
cell 1.016604600595571 18.755832964742066 0.0 1.0 1.0 1 0 0 0.0 1.0 0
cell 27.481062180404304 57.59133092390462 0.0 1.0 1.0 1 0 0 0.0 1.0 0
cell 9.52503850017056 17.897231212241763 0.0 1.0 1.0 1 0 0 0.0 1.0 0
cell 36.7547907802945 17.982168152824002 0.0 1.0 1.0 1 0 0 0.0 1.0 0
cell 6.851824621282633 32.35112543478687 0.0 1.0 1.0 1 0 0 0.0 1.0 0
cell 4.330643127051079 57.08506441749078 0.0 1.0 1.0 1 0 0 0.0 1.0 0
cell 29.439070860773104 33.200047840752866 0.0 1.0 1.0 1 0 0 0.0 1.0 0
cell 53.13747538017208 34.74507714274381 0.0 1.0 1.0 1 0 0 0.0 1.0 0
cell 12.624366999763854 19.44003140822746 0.0 1.0 1.0 1 0 0 0.0 1.0 0
cell 16.051412694304993 8.660877151784803 0.0 1.0 1.0 1 0 0 0.0 1.0 0
cell 1.7076729857307211 4.054808142986309 0.0 1.0 1.0 1 0 0 0.0 1.0 0
cell 31.49872753366494 57.33274605090383 0.0 1.0 1.0 1 0 0 0.0 1.0 0
cell 11.050852597717167 51.44856182452666 0.0 1.0 1.0 1 0 0 0.0 1.0 0
cell 30.89282801889981 21.790854627880975 0.0 1.0 1.0 1 0 0 0.0 1.0 0
cell 33.04991965536754 25.129418548806722 0.0 1.0 1.0 1 0 0 0.0 1.0 0
cell 24.173414071959854 52.50754501183525 0.0 1.0 1.0 1 0 0 0.0 1.0 0
cell 52.27236609397122 28.741287293288867 0.0 1.0 1.0 1 0 0 0.0 1.0 0
cell 17.07932873011986 35.13049493839248 0.0 1.0 1.0 1 0 0 0.0 1.0 0
cell 38.2979395085138 37.905726303543126 0.0 1.0 1.0 1 0 0 0.0 1.0 0
cell 24.25257133514371 11.69364071192473 0.0 1.0 1.0 1 0 0 0.0 1.0 0
cell 35.71960377697534 0.5333203120259157 0.0 1.0 1.0 1 0 0 0.0 1.0 0
cell 55.740175538538125 28.024390570668114 0.0 1.0 1.0 1 0 0 0.0 1.0 0
cell 25.884155526218613 4.51778964923966 0.0 1.0 1.0 1 0 0 0.0 1.0 0
cell 13.370138378380044 38.968484079384694 0.0 1.0 1.0 1 0 0 0.0 1.0 0
cell 51.46731697556655 49.87051148606267 0.0 1.0 1.0 1 0 0 0.0 1.0 0
cell 36.46102363317147 34.91290625772398 0.0 1.0 1.0 1 0 0 0.0 1.0 0
cell 26.028291621301655 48.92032280280794 0.0 1.0 1.0 1 0 0 0.0 1.0 0
cell 45.38873053113435 31.67429646684707 0.0 1.0 1.0 1 0 0 0.0 1.0 0
cell 8.810397903955687 32.22359337839941 0.0 1.0 1.0 1 0 0 0.0 1.0 0
cell 21.647390477323324 1.2985771705197384 0.0 1.0 1.0 1 0 0 0.0 1.0 0
cell 53.36525684342655 40.2236754290838 0.0 1.0 1.0 1 0 0 0.0 1.0 0
cell 0.52273509550503 58.17280287121472 0.0 1.0 1.0 1 0 0 0.0 1.0 0
cell 27.66225424113375 32.30389009112609 0.0 1.0 1.0 1 0 0 0.0 1.0 0
cell 36.757918087971646 42.995818212262364 0.0 1.0 1.0 1 0 0 0.0 1.0 0
cell 7.344556249113943 14.49071082388513 0.0 1.0 1.0 1 0 0 0.0 1.0 0
cell 20.560175067490956 59.73270229984901 0.0 1.0 1.0 1 0 0 0.0 1.0 0
cell 20.518117208513498 30.47427879926319 0.0 1.0 1.0 1 0 0 0.0 1.0 0
cell 7.745839163391294 46.35319079203218 0.0 1.0 1.0 1 0 0 0.0 1.0 0
cell 15.793317607021788 5.142966146135835 0.0 1.0 1.0 1 0 0 0.0 1.0 0
cell 20.624574393038102 32.524112352546965 0.0 1.0 1.0 1 0 0 0.0 1.0 0
cell 4.821756771466553 10.801452652315307 0.0 1.0 1.0 1 0 0 0.0 1.0 0
cell 18.57996475848241 27.978274175119793 0.0 1.0 1.0 1 0 0 0.0 1.0 0
cell 19.831914673856275 4.872539079018579 0.0 1.0 1.0 1 0 0 0.0 1.0 0
cell 35.081713665456114 25.123131536264477 0.0 1.0 1.0 1 0 0 0.0 1.0 0
cell 39.93042965824496 34.82967320118286 0.0 1.0 1.0 1 0 0 0.0 1.0 0
cell 32.49560695024712 14.711639042940508 0.0 1.0 1.0 1 0 0 0.0 1.0 0
cell 31.196894624156805 34.15754813213162 0.0 1.0 1.0 1 0 0 0.0 1.0 0
cell 53.50380217831308 16.108680893261063 0.0 1.0 1.0 1 0 0 0.0 1.0 0
cell 36.6667008056001 40.97637395804925 0.0 1.0 1.0 1 0 0 0.0 1.0 0
cell 3.019766140690744 51.93859192131634 0.0 1.0 1.0 1 0 0 0.0 1.0 0
cell 29.08938960278345 25.341476616265336 0.0 1.0 1.0 1 0 0 0.0 1.0 0
cell 46.85875315121923 28.49509521554567 0.0 1.0 1.0 1 0 0 0.0 1.0 0
cell 26.33166841614321 43.362430967444446 0.0 1.0 1.0 1 0 0 0.0 1.0 0
cell 41.43562784361124 12.458155852252002 0.0 1.0 1.0 1 0 0 0.0 1.0 0
cell 18.014803830803903 24.335536210052815 0.0 1.0 1.0 1 0 0 0.0 1.0 0
cell 38.23419797987838 35.90054511102364 0.0 1.0 1.0 1 0 0 0.0 1.0 0
cell 45.20845166447396 37.45844514680469 0.0 1.0 1.0 1 0 0 0.0 1.0 0
cell 1.942784166623272 34.43121308635038 0.0 1.0 1.0 1 0 0 0.0 1.0 0
cell 0.5995069172423849 16.741240977723592 0.0 1.0 1.0 1 0 0 0.0 1.0 0
cell 55.77054912730672 18.75073672952358 0.0 1.0 1.0 1 0 0 0.0 1.0 0
cell 18.546609636115015 59.80901880606688 0.0 1.0 1.0 1 0 0 0.0 1.0 0
cell 26.876650265625237 21.997321150461183 0.0 1.0 1.0 1 0 0 0.0 1.0 0
cell 24.931657149329435 6.384647830096577 0.0 1.0 1.0 1 0 0 0.0 1.0 0
cell 41.577266479963285 0.9673695547004306 0.0 1.0 1.0 1 0 0 0.0 1.0 0
cell 22.23875114506185 11.770459751162525 0.0 1.0 1.0 1 0 0 0.0 1.0 0
cell 9.574266208803644 42.75675740557601 0.0 1.0 1.0 1 0 0 0.0 1.0 0
cell 23.994746109173768 23.879547329650617 0.0 1.0 1.0 1 0 0 0.0 1.0 0
cell 15.068605118084186 51.228701548990664 0.0 1.0 1.0 1 0 0 0.0 1.0 0
cell 43.11263546738425 59.72011961557924 0.0 1.0 1.0 1 0 0 0.0 1.0 0
cell 49.62775600390784 49.12857960835141 0.0 1.0 1.0 1 0 0 0.0 1.0 0
cell 56.49850445632485 13.466175487774182 0.0 1.0 1.0 1 0 0 0.0 1.0 0
cell 9.99749054860991 24.929472090145705 0.0 1.0 1.0 1 0 0 0.0 1.0 0
cell 15.49971054875332 58.226955761262836 0.0 1.0 1.0 1 0 0 0.0 1.0 0
cell 17.524459192139602 17.33439106683077 0.0 1.0 1.0 1 0 0 0.0 1.0 0
cell 48.13716613610989 25.289769796301595 0.0 1.0 1.0 1 0 0 0.0 1.0 0
cell 46.63670530539441 17.42773863806953 0.0 1.0 1.0 1 0 0 0.0 1.0 0
cell 44.944967284428266 35.44997498196816 0.0 1.0 1.0 1 0 0 0.0 1.0 0
cell 19.143696489473154 39.58217088437292 0.0 1.0 1.0 1 0 0 0.0 1.0 0
cell 57.82797252134318 46.95204833227922 0.0 1.0 1.0 1 0 0 0.0 1.0 0
cell 42.49481949579213 48.06964243648011 0.0 1.0 1.0 1 0 0 0.0 1.0 0
cell 52.660808268061054 2.813778648383853 0.0 1.0 1.0 1 0 0 0.0 1.0 0
cell 5.976280100004678 25.232664344645464 0.0 1.0 1.0 1 0 0 0.0 1.0 0
cell 10.156423739190732 53.24856603197876 0.0 1.0 1.0 1 0 0 0.0 1.0 0
cell 25.709914080539285 27.376643590757453 0.0 1.0 1.0 1 0 0 0.0 1.0 0
cell 7.684742840506121 30.53271680829254 0.0 1.0 1.0 1 0 0 0.0 1.0 0
cell 15.730318747360878 20.9536599349694 0.0 1.0 1.0 1 0 0 0.0 1.0 0
cell 10.568786670162556 0.14359232082843865 0.0 1.0 1.0 1 0 0 0.0 1.0 0
cell 49.418964679421634 35.270729818961776 0.0 1.0 1.0 1 0 0 0.0 1.0 0
cell 14.56538198552719 28.265141627243345 0.0 1.0 1.0 1 0 0 0.0 1.0 0
cell 43.860443080500374 44.68876258993232 0.0 1.0 1.0 1 0 0 0.0 1.0 0
cell 27.856023456561847 38.309575402169685 0.0 1.0 1.0 1 0 0 0.0 1.0 0
cell 48.44479915054338 59.639474624924894 0.0 1.0 1.0 1 0 0 0.0 1.0 0
cell 10.832456909403748 23.093658032150028 0.0 1.0 1.0 1 0 0 0.0 1.0 0
cell 53.85833815072022 47.16622193516632 0.0 1.0 1.0 1 0 0 0.0 1.0 0
cell 27.135378818544083 25.88631733544055 0.0 1.0 1.0 1 0 0 0.0 1.0 0
cell 45.4429774059109 20.638410225008233 0.0 1.0 1.0 1 0 0 0.0 1.0 0
cell 29.17325832967284 9.641318951606465 0.0 1.0 1.0 1 0 0 0.0 1.0 0
cell 18.908387182598034 47.54321304498729 0.0 1.0 1.0 1 0 0 0.0 1.0 0
cell 57.6510936611742 28.71690998391596 0.0 1.0 1.0 1 0 0 0.0 1.0 0
cell 17.30396078541986 13.836418580749307 0.0 1.0 1.0 1 0 0 0.0 1.0 0
cell 46.781684707440405 36.29366567663852 0.0 1.0 1.0 1 0 0 0.0 1.0 0
cell 11.97088807578349 33.733045062848795 0.0 1.0 1.0 1 0 0 0.0 1.0 0
cell 12.464021195645255 40.782572175995014 0.0 1.0 1.0 1 0 0 0.0 1.0 0
cell 27.167139808305727 9.75707316523853 0.0 1.0 1.0 1 0 0 0.0 1.0 0
cell 36.32811728836482 30.928667937482633 0.0 1.0 1.0 1 0 0 0.0 1.0 0
cell 24.120278292775186 32.41473918994838 0.0 1.0 1.0 1 0 0 0.0 1.0 0
cell 14.252772430746454 37.113881537948124 0.0 1.0 1.0 1 0 0 0.0 1.0 0
cell 21.044520721591237 42.57095241922671 0.0 1.0 1.0 1 0 0 0.0 1.0 0
cell 29.716555179285493 0.8608427791573574 0.0 1.0 1.0 1 0 0 0.0 1.0 0
cell 50.86508234077949 20.683805014857747 0.0 1.0 1.0 1 0 0 0.0 1.0 0
cell 28.481515531713743 14.94381362590658 0.0 1.0 1.0 1 0 0 0.0 1.0 0
cell 54.877953948955295 56.267394641864065 0.0 1.0 1.0 1 0 0 0.0 1.0 0
cell 19.495706944214316 58.02331046919531 0.0 1.0 1.0 1 0 0 0.0 1.0 0
cell 17.729578314086087 20.827424624119892 0.0 1.0 1.0 1 0 0 0.0 1.0 0
cell 13.476552274764796 58.32424020731988 0.0 1.0 1.0 1 0 0 0.0 1.0 0
cell 47.80494538008217 14.12518304556827 0.0 1.0 1.0 1 0 0 0.0 1.0 0
cell 20.85878336480858 38.52944762507904 0.0 1.0 1.0 1 0 0 0.0 1.0 0
cell 48.219475239334564 16.112942371576576 0.0 1.0 1.0 1 0 0 0.0 1.0 0
cell 1.31010844703052 39.74049355360612 0.0 1.0 1.0 1 0 0 0.0 1.0 0
cell 52.616292702873274 30.74625969219493 0.0 1.0 1.0 1 0 0 0.0 1.0 0
cell 52.225415763049995 38.58872595344672 0.0 1.0 1.0 1 0 0 0.0 1.0 0
cell 47.60620716808296 55.69378575439262 0.0 1.0 1.0 1 0 0 0.0 1.0 0
cell 14.49056387898051 40.66101778545117 0.0 1.0 1.0 1 0 0 0.0 1.0 0
cell 36.10573876930674 26.8023431825977 0.0 1.0 1.0 1 0 0 0.0 1.0 0
cell 18.90394894428297 43.92407990047453 0.0 1.0 1.0 1 0 0 0.0 1.0 0
cell 25.799205949280967 20.323109079338767 0.0 1.0 1.0 1 0 0 0.0 1.0 0
cell 4.447032511861599 18.095344135712324 0.0 1.0 1.0 1 0 0 0.0 1.0 0
cell 29.15039248534289 27.267644172246257 0.0 1.0 1.0 1 0 0 0.0 1.0 0
cell 17.60370488478561 1.5554364982149698 0.0 1.0 1.0 1 0 0 0.0 1.0 0
cell 31.912517105078027 4.249278804882993 0.0 1.0 1.0 1 0 0 0.0 1.0 0
cell 46.07716038111325 22.51563966360885 0.0 1.0 1.0 1 0 0 0.0 1.0 0
cell 16.36553892926263 56.41912635309278 0.0 1.0 1.0 1 0 0 0.0 1.0 0
cell 50.62206941899243 42.08692064454175 0.0 1.0 1.0 1 0 0 0.0 1.0 0
cell 9.056051207939044 10.856286574506923 0.0 1.0 1.0 1 0 0 0.0 1.0 0
cell 13.53944384808324 17.597061587376615 0.0 1.0 1.0 1 0 0 0.0 1.0 0
cell 38.19297991316061 33.826272810072744 0.0 1.0 1.0 1 0 0 0.0 1.0 0
cell 35.50806418932116 57.11079952812731 0.0 1.0 1.0 1 0 0 0.0 1.0 0
cell 22.44400856678277 15.29789310678953 0.0 1.0 1.0 1 0 0 0.0 1.0 0
cell 22.757226647643563 2.997075754949306 0.0 1.0 1.0 1 0 0 0.0 1.0 0
cell 29.340981696234525 53.96482993616682 0.0 1.0 1.0 1 0 0 0.0 1.0 0
cell 35.337909894439456 48.09272216998205 0.0 1.0 1.0 1 0 0 0.0 1.0 0
cell 56.430755279080785 54.94165669450736 0.0 1.0 1.0 1 0 0 0.0 1.0 0
cell 35.20972508366069 9.286281068727677 0.0 1.0 1.0 1 0 0 0.0 1.0 0
cell 14.396069181251283 15.78906353070517 0.0 1.0 1.0 1 0 0 0.0 1.0 0
cell 18.424612239356748 15.534009781470248 0.0 1.0 1.0 1 0 0 0.0 1.0 0
cell 55.834543944221956 47.08526403425686 0.0 1.0 1.0 1 0 0 0.0 1.0 0
cell 30.47022114698722 55.69822410116857 0.0 1.0 1.0 1 0 0 0.0 1.0 0
cell 25.558594021617438 16.85056256532015 0.0 1.0 1.0 1 0 0 0.0 1.0 0
cell 49.27453343513999 3.4885305984301223 0.0 1.0 1.0 1 0 0 0.0 1.0 0
cell 17.383653534570065 38.68311870474462 0.0 1.0 1.0 1 0 0 0.0 1.0 0
cell 11.816085723257206 5.368822540831693 0.0 1.0 1.0 1 0 0 0.0 1.0 0
cell 28.297571022765734 11.44452070307121 0.0 1.0 1.0 1 0 0 0.0 1.0 0
cell 15.079345063396067 10.448727794359536 0.0 1.0 1.0 1 0 0 0.0 1.0 0
cell 22.56819227455829 59.58274208922382 0.0 1.0 1.0 1 0 0 0.0 1.0 0
cell 59.632032816881 43.32554173719532 0.0 1.0 1.0 1 0 0 0.0 1.0 0
cell 9.359757896949958 39.24476076844282 0.0 1.0 1.0 1 0 0 0.0 1.0 0
cell 50.05789541402272 26.016130465771276 0.0 1.0 1.0 1 0 0 0.0 1.0 0
cell 59.23711953942647 55.630259636248546 0.0 1.0 1.0 1 0 0 0.0 1.0 0
cell 40.90457294176302 5.460248227430748 0.0 1.0 1.0 1 0 0 0.0 1.0 0
cell 27.85151830068816 4.47632563542487 0.0 1.0 1.0 1 0 0 0.0 1.0 0
cell 20.167743294404268 52.68760085405545 0.0 1.0 1.0 1 0 0 0.0 1.0 0
cell 30.70581210935104 18.274858622798874 0.0 1.0 1.0 1 0 0 0.0 1.0 0
cell 6.769947105321153 23.350856294546638 0.0 1.0 1.0 1 0 0 0.0 1.0 0
cell 45.14482772904559 9.465505075569329 0.0 1.0 1.0 1 0 0 0.0 1.0 0
cell 2.0190942920169315 6.181132000278635 0.0 1.0 1.0 1 0 0 0.0 1.0 0
cell 26.16937171604649 39.336404292401795 0.0 1.0 1.0 1 0 0 0.0 1.0 0
cell 13.110882413788966 35.43344620117828 0.0 1.0 1.0 1 0 0 0.0 1.0 0
cell 58.77389247267253 6.750428289277501 0.0 1.0 1.0 1 0 0 0.0 1.0 0
cell 32.63997645134277 59.05272284656641 0.0 1.0 1.0 1 0 0 0.0 1.0 0
cell 40.76445349077079 17.66742094323365 0.0 1.0 1.0 1 0 0 0.0 1.0 0
cell 30.605975659275806 59.11912293786572 0.0 1.0 1.0 1 0 0 0.0 1.0 0
cell 34.147187352431445 51.40334458327172 0.0 1.0 1.0 1 0 0 0.0 1.0 0
cell 3.6896795256348387 30.805874040833995 0.0 1.0 1.0 1 0 0 0.0 1.0 0
cell 49.33557059207429 47.168421983907635 0.0 1.0 1.0 1 0 0 0.0 1.0 0
cell 35.004795240143885 5.793265024346347 0.0 1.0 1.0 1 0 0 0.0 1.0 0
cell 51.92343090449393 8.15079463796415 0.0 1.0 1.0 1 0 0 0.0 1.0 0
cell 35.676250385765975 50.126485900679484 0.0 1.0 1.0 1 0 0 0.0 1.0 0
cell 14.007259871088813 8.766126390675955 0.0 1.0 1.0 1 0 0 0.0 1.0 0
cell 36.03362569351803 54.11553744824503 0.0 1.0 1.0 1 0 0 0.0 1.0 0
cell 9.053002405044028 51.53504608889363 0.0 1.0 1.0 1 0 0 0.0 1.0 0
cell 31.441470529667928 40.22628096767609 0.0 1.0 1.0 1 0 0 0.0 1.0 0
cell 9.732243208253628 21.418888483543846 0.0 1.0 1.0 1 0 0 0.0 1.0 0
cell 43.73506574872814 42.646196407585954 0.0 1.0 1.0 1 0 0 0.0 1.0 0
cell 15.34776320545678 13.949595735779726 0.0 1.0 1.0 1 0 0 0.0 1.0 0
cell 8.778459092390266 3.7546859670325374 0.0 1.0 1.0 1 0 0 0.0 1.0 0
cell 45.4998650725082 43.56058794311956 0.0 1.0 1.0 1 0 0 0.0 1.0 0
cell 34.93383002042065 40.02775643456145 0.0 1.0 1.0 1 0 0 0.0 1.0 0
cell 6.816387001637591 48.20096036029844 0.0 1.0 1.0 1 0 0 0.0 1.0 0
cell 5.708053074946442 46.4865313823664 0.0 1.0 1.0 1 0 0 0.0 1.0 0
cell 40.649410098623726 47.15491604226107 0.0 1.0 1.0 1 0 0 0.0 1.0 0
cell 4.610533106515871 0.473243974702378 0.0 1.0 1.0 1 0 0 0.0 1.0 0
cell 11.08880837572688 10.709888538962005 0.0 1.0 1.0 1 0 0 0.0 1.0 0
cell 18.221072595875103 12.036310677650675 0.0 1.0 1.0 1 0 0 0.0 1.0 0
cell 4.56285361319693 29.002132724700548 0.0 1.0 1.0 1 0 0 0.0 1.0 0
cell 11.085849666655706 35.58738814091081 0.0 1.0 1.0 1 0 0 0.0 1.0 0
cell 37.000350353162155 46.954477061982665 0.0 1.0 1.0 1 0 0 0.0 1.0 0
cell 23.75970025526814 20.452675636774792 0.0 1.0 1.0 1 0 0 0.0 1.0 0
cell 8.10264101360485 9.084927636284409 0.0 1.0 1.0 1 0 0 0.0 1.0 0
cell 56.73572157019751 45.2763866543373 0.0 1.0 1.0 1 0 0 0.0 1.0 0
cell 8.342907289046144 56.8593188504452 0.0 1.0 1.0 1 0 0 0.0 1.0 0
cell 37.253676644633764 48.84968702510963 0.0 1.0 1.0 1 0 0 0.0 1.0 0
cell 43.487776116011794 38.66241440747712 0.0 1.0 1.0 1 0 0 0.0 1.0 0
cell 7.927511538169378 49.85130327317895 0.0 1.0 1.0 1 0 0 0.0 1.0 0
cell 33.745532083694336 49.389201834398904 0.0 1.0 1.0 1 0 0 0.0 1.0 0
cell 19.276195551184653 41.58463537161789 0.0 1.0 1.0 1 0 0 0.0 1.0 0
cell 5.777923341720559 5.710116089713903 0.0 1.0 1.0 1 0 0 0.0 1.0 0
cell 53.47876712437246 6.778059397577044 0.0 1.0 1.0 1 0 0 0.0 1.0 0
cell 5.698030905713072 30.71347211400156 0.0 1.0 1.0 1 0 0 0.0 1.0 0
cell 33.835945458073084 19.91800362205719 0.0 1.0 1.0 1 0 0 0.0 1.0 0
cell 43.213954149370636 8.882738312548478 0.0 1.0 1.0 1 0 0 0.0 1.0 0
cell 25.525957178502356 57.68547827793617 0.0 1.0 1.0 1 0 0 0.0 1.0 0
cell 44.37031709216399 14.78629660410638 0.0 1.0 1.0 1 0 0 0.0 1.0 0
cell 48.017529552099816 57.634911436984886 0.0 1.0 1.0 1 0 0 0.0 1.0 0
cell 59.16601099291493 18.108154922001653 0.0 1.0 1.0 1 0 0 0.0 1.0 0
cell 8.853805111326428 48.06529780932627 0.0 1.0 1.0 1 0 0 0.0 1.0 0
cell 48.44371830430418 27.262112793281105 0.0 1.0 1.0 1 0 0 0.0 1.0 0
cell 43.969268932581706 3.571246178360238 0.0 1.0 1.0 1 0 0 0.0 1.0 0
cell 56.1763900598378 20.765110113895926 0.0 1.0 1.0 1 0 0 0.0 1.0 0
cell 19.992921421769573 24.185025331244002 0.0 1.0 1.0 1 0 0 0.0 1.0 0
cell 52.96341444563673 48.906984711556866 0.0 1.0 1.0 1 0 0 0.0 1.0 0
cell 4.35965009577436 8.781730327368658 0.0 1.0 1.0 1 0 0 0.0 1.0 0
cell 6.2127266573423325 37.697347554504454 0.0 1.0 1.0 1 0 0 0.0 1.0 0
cell 49.97481447261392 58.28609311083003 0.0 1.0 1.0 1 0 0 0.0 1.0 0
cell 7.479564203532086 58.64314334797154 0.0 1.0 1.0 1 0 0 0.0 1.0 0
cell 49.241931326239985 33.260434722564014 0.0 1.0 1.0 1 0 0 0.0 1.0 0
cell 34.00457142577959 23.343088176895417 0.0 1.0 1.0 1 0 0 0.0 1.0 0
cell 49.66127676491983 5.494452669813287 0.0 1.0 1.0 1 0 0 0.0 1.0 0
cell 51.61561466572732 15.437556654494294 0.0 1.0 1.0 1 0 0 0.0 1.0 0
cell 6.120135337271106 53.48420553783217 0.0 1.0 1.0 1 0 0 0.0 1.0 0
cell 23.854459260117967 4.680599054662629 0.0 1.0 1.0 1 0 0 0.0 1.0 0
cell 32.249732524593895 52.00813580108793 0.0 1.0 1.0 1 0 0 0.0 1.0 0
cell 6.663230420263843 19.818768205638413 0.0 1.0 1.0 1 0 0 0.0 1.0 0
cell 10.375790480752954 16.045419636809914 0.0 1.0 1.0 1 0 0 0.0 1.0 0
cell 47.40982055399341 32.43399778812952 0.0 1.0 1.0 1 0 0 0.0 1.0 0
cell 19.037267278267354 37.58153600642477 0.0 1.0 1.0 1 0 0 0.0 1.0 0
cell 16.430080375717804 15.640189584319522 0.0 1.0 1.0 1 0 0 0.0 1.0 0
cell 12.36999451297915 56.64684794780866 0.0 1.0 1.0 1 0 0 0.0 1.0 0
cell 24.91782574040522 46.75359975773573 0.0 1.0 1.0 1 0 0 0.0 1.0 0
cell 57.03158342469595 52.29037235469329 0.0 1.0 1.0 1 0 0 0.0 1.0 0
cell 18.009352529318516 8.53305845348093 0.0 1.0 1.0 1 0 0 0.0 1.0 0
cell 7.5490144076845365 42.86283751061774 0.0 1.0 1.0 1 0 0 0.0 1.0 0
cell 48.93883725720113 20.045051384092755 0.0 1.0 1.0 1 0 0 0.0 1.0 0
cell 1.7594252392833902 22.713043326672487 0.0 1.0 1.0 1 0 0 0.0 1.0 0
cell 7.6832890029497 21.55385694250539 0.0 1.0 1.0 1 0 0 0.0 1.0 0
cell 50.358221593866496 28.016251940874206 0.0 1.0 1.0 1 0 0 0.0 1.0 0
cell 33.58675071985317 53.567510864349046 0.0 1.0 1.0 1 0 0 0.0 1.0 0
cell 57.65839678318966 10.119227177430721 0.0 1.0 1.0 1 0 0 0.0 1.0 0
cell 12.714366860812572 3.563898608550683 0.0 1.0 1.0 1 0 0 0.0 1.0 0
cell 17.052457981499742 51.126311640390576 0.0 1.0 1.0 1 0 0 0.0 1.0 0
cell 29.805418039578655 43.308810997061485 0.0 1.0 1.0 1 0 0 0.0 1.0 0
cell 8.528022468348668 28.707023860287208 0.0 1.0 1.0 1 0 0 0.0 1.0 0
cell 50.83623204130143 11.43008603483358 0.0 1.0 1.0 1 0 0 0.0 1.0 0
cell 27.59673245019793 16.677846740440174 0.0 1.0 1.0 1 0 0 0.0 1.0 0
cell 38.843883124071894 2.083405623596867 0.0 1.0 1.0 1 0 0 0.0 1.0 0
cell 46.963046441253546 0.8664520750644757 0.0 1.0 1.0 1 0 0 0.0 1.0 0
cell 56.51424011239403 22.73748816742676 0.0 1.0 1.0 1 0 0 0.0 1.0 0
cell 1.7422335554282944 13.433053151817042 0.0 1.0 1.0 1 0 0 0.0 1.0 0
cell 2.1659447408685235 24.65382078831247 0.0 1.0 1.0 1 0 0 0.0 1.0 0
cell 38.48919808670516 41.93172493874501 0.0 1.0 1.0 1 0 0 0.0 1.0 0
cell 16.87738939854833 47.58485774291839 0.0 1.0 1.0 1 0 0 0.0 1.0 0
cell 53.45339634615837 25.4195684979508 0.0 1.0 1.0 1 0 0 0.0 1.0 0
cell 21.137860009593872 25.86792243806434 0.0 1.0 1.0 1 0 0 0.0 1.0 0
cell 23.99370559323401 28.399292675531562 0.0 1.0 1.0 1 0 0 0.0 1.0 0
cell 14.745017973202632 3.4743520968697754 0.0 1.0 1.0 1 0 0 0.0 1.0 0
cell 42.046897005865404 23.121925121751726 0.0 1.0 1.0 1 0 0 0.0 1.0 0
cell 54.99439573930904 24.082145400051512 0.0 1.0 1.0 1 0 0 0.0 1.0 0
cell 9.934357808423927 49.75476165617561 0.0 1.0 1.0 1 0 0 0.0 1.0 0
cell 14.38265098446554 56.52693343159399 0.0 1.0 1.0 1 0 0 0.0 1.0 0
cell 3.9256539123449903 34.29070096424285 0.0 1.0 1.0 1 0 0 0.0 1.0 0
cell 3.0816083739290963 36.09693591181457 0.0 1.0 1.0 1 0 0 0.0 1.0 0
cell 57.97273723352193 50.48806828942249 0.0 1.0 1.0 1 0 0 0.0 1.0 0
cell 58.432914097569565 23.375992030122166 0.0 1.0 1.0 1 0 0 0.0 1.0 0
cell 37.91785588558349 27.823358074243973 0.0 1.0 1.0 1 0 0 0.0 1.0 0
cell 5.442977304203795 58.752154100335275 0.0 1.0 1.0 1 0 0 0.0 1.0 0
cell 34.11534263004148 7.629369085192671 0.0 1.0 1.0 1 0 0 0.0 1.0 0
