500
 Lattice="42.01118533233707 0.0 0.0 0.0 42.01118533233707 0.0 0.0 0.0 1.0"Properties=species:S:1:pos:R:3:aspherical_shape:R:3:orientation:R:4:Color:R:1
cell 40.43287728598254 1.1805900388260495 0.0 1.0 1.0 1 0 0 0.0 1.0 0
cell 11.773738799122091 29.1689226935291 0.0 1.0 1.0 1 0 0 0.0 1.0 0
cell 26.079051069000624 36.17119253636357 0.0 1.0 1.0 1 0 0 0.0 1.0 0
cell 26.880749293266053 24.00104250645552 0.0 1.0 1.0 1 0 0 0.0 1.0 0
cell 5.46606533026179 37.09546946047052 0.0 1.0 1.0 1 0 0 0.0 1.0 0
cell 21.355842198360993 5.801798807398268 0.0 1.0 1.0 1 0 0 0.0 1.0 0
cell 22.615081620491253 4.236123731480078 0.0 1.0 1.0 1 0 0 0.0 1.0 0
cell 18.088192778202774 21.161120763247744 0.0 1.0 1.0 1 0 0 0.0 1.0 0
cell 37.9293324482836 18.40396476415828 0.0 1.0 1.0 1 0 0 0.0 1.0 0
cell 37.455965119008205 7.8042113010965615 0.0 1.0 1.0 1 0 0 0.0 1.0 0
cell 30.145937707425766 36.67114106755826 0.0 1.0 1.0 1 0 0 0.0 1.0 0
cell 16.273546596068748 26.214317576666552 0.0 1.0 1.0 1 0 0 0.0 1.0 0
cell 41.458943903692884 36.32481957131494 0.0 1.0 1.0 1 0 0 0.0 1.0 0
cell 6.4951805671064085 30.193290064586343 0.0 1.0 1.0 1 0 0 0.0 1.0 0
cell 5.7433119641671695 14.381593330702579 0.0 1.0 1.0 1 0 0 0.0 1.0 0
cell 22.398069096664106 12.930763885169343 0.0 1.0 1.0 1 0 0 0.0 1.0 0
cell 11.012253228938041 41.2992624021732 0.0 1.0 1.0 1 0 0 0.0 1.0 0
cell 27.6288176620835 39.875392362686185 0.0 1.0 1.0 1 0 0 0.0 1.0 0
cell 23.097579462201562 0.8153052011197034 0.0 1.0 1.0 1 0 0 0.0 1.0 0
cell 18.83102900166804 9.0125609552529 0.0 1.0 1.0 1 0 0 0.0 1.0 0
cell 11.535374835802047 23.868283777877544 0.0 1.0 1.0 1 0 0 0.0 1.0 0
cell 22.59581923654275 18.223371442775548 0.0 1.0 1.0 1 0 0 0.0 1.0 0
cell 2.9604465698705607 12.253873469405903 0.0 1.0 1.0 1 0 0 0.0 1.0 0
cell 30.168961533571984 22.640336467840175 0.0 1.0 1.0 1 0 0 0.0 1.0 0
cell 35.93503836798782 4.124830844740731 0.0 1.0 1.0 1 0 0 0.0 1.0 0
cell 28.360132332989224 27.719093895854886 0.0 1.0 1.0 1 0 0 0.0 1.0 0
cell 13.76078971750393 1.3619918804111946 0.0 1.0 1.0 1 0 0 0.0 1.0 0
cell 6.7462418792898555 21.468770487779345 0.0 1.0 1.0 1 0 0 0.0 1.0 0
cell 7.009207197001221 26.81189864931415 0.0 1.0 1.0 1 0 0 0.0 1.0 0
cell 27.369510550434686 34.54500579483279 0.0 1.0 1.0 1 0 0 0.0 1.0 0
cell 23.078146593684373 28.76786811599999 0.0 1.0 1.0 1 0 0 0.0 1.0 0
cell 10.272738425210775 39.41845973358708 0.0 1.0 1.0 1 0 0 0.0 1.0 0
cell 3.99414327671436 33.41934053007485 0.0 1.0 1.0 1 0 0 0.0 1.0 0
cell 37.93690266276505 4.388582767205236 0.0 1.0 1.0 1 0 0 0.0 1.0 0
cell 22.859734011575483 23.50167286960238 0.0 1.0 1.0 1 0 0 0.0 1.0 0
cell 4.73949862605666 35.24606400415074 0.0 1.0 1.0 1 0 0 0.0 1.0 0
cell 25.624719381254206 25.62248028959743 0.0 1.0 1.0 1 0 0 0.0 1.0 0
cell 6.7492383476034705 7.505186325102443 0.0 1.0 1.0 1 0 0 0.0 1.0 0
cell 4.498236221929218 29.96747499004216 0.0 1.0 1.0 1 0 0 0.0 1.0 0
cell 17.81553621304979 1.8613498711170122 0.0 1.0 1.0 1 0 0 0.0 1.0 0
cell 18.832568344344356 37.01978313950651 0.0 1.0 1.0 1 0 0 0.0 1.0 0
cell 15.582060730709973 38.33029979664776 0.0 1.0 1.0 1 0 0 0.0 1.0 0
cell 36.160217743051604 37.41747561498683 0.0 1.0 1.0 1 0 0 0.0 1.0 0
cell 1.6840043323039398 13.870295687110243 0.0 1.0 1.0 1 0 0 0.0 1.0 0
cell 20.317967944966675 40.71431996490453 0.0 1.0 1.0 1 0 0 0.0 1.0 0
cell 36.915928808975 25.273454891665036 0.0 1.0 1.0 1 0 0 0.0 1.0 0
cell 37.697210872336285 27.147637634891495 0.0 1.0 1.0 1 0 0 0.0 1.0 0
cell 16.0336807229286 20.921402164616225 0.0 1.0 1.0 1 0 0 0.0 1.0 0
cell 37.42236320047673 35.802840985496374 0.0 1.0 1.0 1 0 0 0.0 1.0 0
cell 24.57612973999308 32.4668454467764 0.0 1.0 1.0 1 0 0 0.0 1.0 0
cell 13.305146021240223 18.82302468462791 0.0 1.0 1.0 1 0 0 0.0 1.0 0
cell 13.802198208536185 29.407628003827092 0.0 1.0 1.0 1 0 0 0.0 1.0 0
cell 32.89088258427297 24.745564519400773 0.0 1.0 1.0 1 0 0 0.0 1.0 0
cell 25.345187212372576 20.29650484602155 0.0 1.0 1.0 1 0 0 0.0 1.0 0
cell 24.360511554519185 27.183015837107256 0.0 1.0 1.0 1 0 0 0.0 1.0 0
cell 0.2136094221196995 10.210766827753073 0.0 1.0 1.0 1 0 0 0.0 1.0 0
cell 23.319247337006043 34.10148557957776 0.0 1.0 1.0 1 0 0 0.0 1.0 0
cell 21.593030470532284 25.043961472715807 0.0 1.0 1.0 1 0 0 0.0 1.0 0
cell 8.017747182792291 33.906462361806234 0.0 1.0 1.0 1 0 0 0.0 1.0 0
cell 17.345640966445142 5.345916471123833 0.0 1.0 1.0 1 0 0 0.0 1.0 0
cell 41.916103547406905 18.90795896723761 0.0 1.0 1.0 1 0 0 0.0 1.0 0
cell 28.137422085772236 8.385979543011107 0.0 1.0 1.0 1 0 0 0.0 1.0 0
cell 29.87207143835452 31.37798559883512 0.0 1.0 1.0 1 0 0 0.0 1.0 0
cell 5.759202268477815 0.39782354554214244 0.0 1.0 1.0 1 0 0 0.0 1.0 0
cell 14.028027735250072 34.6451579089034 0.0 1.0 1.0 1 0 0 0.0 1.0 0
cell 37.17793727298554 30.56812321128054 0.0 1.0 1.0 1 0 0 0.0 1.0 0
cell 6.969449551839167 40.78125062113467 0.0 1.0 1.0 1 0 0 0.0 1.0 0
cell 34.422427066816375 28.470292717479037 0.0 1.0 1.0 1 0 0 0.0 1.0 0
cell 39.93482593552671 4.634714486750685 0.0 1.0 1.0 1 0 0 0.0 1.0 0
cell 40.192714806196776 23.933069163019624 0.0 1.0 1.0 1 0 0 0.0 1.0 0
cell 31.92828821764113 3.6082870332219312 0.0 1.0 1.0 1 0 0 0.0 1.0 0
cell 12.77630987842883 36.29443517447369 0.0 1.0 1.0 1 0 0 0.0 1.0 0
cell 19.098681657619025 28.316572257574794 0.0 1.0 1.0 1 0 0 0.0 1.0 0
cell 19.32759924400071 33.579459547398656 0.0 1.0 1.0 1 0 0 0.0 1.0 0
cell 10.023006286048451 20.147055877726107 0.0 1.0 1.0 1 0 0 0.0 1.0 0
cell 2.4689236907968417 29.7428828022789 0.0 1.0 1.0 1 0 0 0.0 1.0 0
cell 6.0067521643421635 19.665071248380666 0.0 1.0 1.0 1 0 0 0.0 1.0 0
cell 31.404483386498974 21.0646656541733 0.0 1.0 1.0 1 0 0 0.0 1.0 0
cell 38.466612724925874 0.9289640796407416 0.0 1.0 1.0 1 0 0 0.0 1.0 0
cell 36.430683900709376 28.684446617786147 0.0 1.0 1.0 1 0 0 0.0 1.0 0
cell 7.992676788078241 19.89513724205656 0.0 1.0 1.0 1 0 0 0.0 1.0 0
cell 38.66164503865039 20.26300499538543 0.0 1.0 1.0 1 0 0 0.0 1.0 0
cell 41.20987007184869 3.074547219821199 0.0 1.0 1.0 1 0 0 0.0 1.0 0
cell 4.471116816656776 1.9869022204835476 0.0 1.0 1.0 1 0 0 0.0 1.0 0
cell 2.190368182826953 38.433793740777794 0.0 1.0 1.0 1 0 0 0.0 1.0 0
cell 29.39449227569618 34.82856540809746 0.0 1.0 1.0 1 0 0 0.0 1.0 0
cell 4.240061916603135 10.665584211417091 0.0 1.0 1.0 1 0 0 0.0 1.0 0
cell 17.567405022060314 38.59946045109209 0.0 1.0 1.0 1 0 0 0.0 1.0 0
cell 20.370388598898092 26.69711050838032 0.0 1.0 1.0 1 0 0 0.0 1.0 0
cell 7.270161085597473 32.04865311545932 0.0 1.0 1.0 1 0 0 0.0 1.0 0
cell 35.42509217237704 7.584569584132622 0.0 1.0 1.0 1 0 0 0.0 1.0 0
cell 35.684399726437015 26.866492514745488 0.0 1.0 1.0 1 0 0 0.0 1.0 0
cell 11.27680564479737 32.59536237018808 0.0 1.0 1.0 1 0 0 0.0 1.0 0
cell 13.526559948765291 10.091984335136173 0.0 1.0 1.0 1 0 0 0.0 1.0 0
cell 34.17391377088739 23.18010836008165 0.0 1.0 1.0 1 0 0 0.0 1.0 0
cell 28.886902695955104 10.246132879008705 0.0 1.0 1.0 1 0 0 0.0 1.0 0
cell 12.2850000069212 11.695054464206624 0.0 1.0 1.0 1 0 0 0.0 1.0 0
cell 17.304918277654668 19.32433923091285 0.0 1.0 1.0 1 0 0 0.0 1.0 0
cell 12.02274491068296 20.431837519256845 0.0 1.0 1.0 1 0 0 0.0 1.0 0
cell 39.47268315688789 36.091175169128775 0.0 1.0 1.0 1 0 0 0.0 1.0 0
cell 20.56905336553233 31.935614493678237 0.0 1.0 1.0 1 0 0 0.0 1.0 0
cell 2.724593436245855 20.9877206593044 0.0 1.0 1.0 1 0 0 0.0 1.0 0
cell 13.521920999214672 24.107702097349584 0.0 1.0 1.0 1 0 0 0.0 1.0 0
cell 23.1318123013761 14.812594875197291 0.0 1.0 1.0 1 0 0 0.0 1.0 0
cell 23.888897232282655 16.61114850744522 0.0 1.0 1.0 1 0 0 0.0 1.0 0
cell 23.866817542945373 30.62730493748371 0.0 1.0 1.0 1 0 0 0.0 1.0 0
cell 34.92218631658109 10.999634808845625 0.0 1.0 1.0 1 0 0 0.0 1.0 0
cell 29.37268382874829 6.794545358066221 0.0 1.0 1.0 1 0 0 0.0 1.0 0
cell 26.334572536677737 27.432808503290975 0.0 1.0 1.0 1 0 0 0.0 1.0 0
cell 3.2366134409443617 17.58368406837574 0.0 1.0 1.0 1 0 0 0.0 1.0 0
cell 35.13278606888325 30.277261355789197 0.0 1.0 1.0 1 0 0 0.0 1.0 0
cell 0.17999965227932982 24.15188407715199 0.0 1.0 1.0 1 0 0 0.0 1.0 0
cell 9.747068486425514 0.8680010400182303 0.0 1.0 1.0 1 0 0 0.0 1.0 0
cell 33.16916299316906 16.072231307749163 0.0 1.0 1.0 1 0 0 0.0 1.0 0
cell 19.567554735895545 10.840884128554807 0.0 1.0 1.0 1 0 0 0.0 1.0 0
cell 24.091497943680253 35.9066405129013 0.0 1.0 1.0 1 0 0 0.0 1.0 0
cell 21.327284578537604 33.80736937775231 0.0 1.0 1.0 1 0 0 0.0 1.0 0
cell 14.020913881989044 6.643369367621459 0.0 1.0 1.0 1 0 0 0.0 1.0 0
cell 17.84629945327783 15.886594354211725 0.0 1.0 1.0 1 0 0 0.0 1.0 0
cell 39.9442499158373 18.68497057390736 0.0 1.0 1.0 1 0 0 0.0 1.0 0
cell 32.92551296479746 10.776388882143296 0.0 1.0 1.0 1 0 0 0.0 1.0 0
cell 24.37443081668252 13.160188863429447 0.0 1.0 1.0 1 0 0 0.0 1.0 0
cell 2.726069759336 34.99826138069279 0.0 1.0 1.0 1 0 0 0.0 1.0 0
cell 22.102529779524062 35.68514064934311 0.0 1.0 1.0 1 0 0 0.0 1.0 0
cell 10.511770310765247 16.729441023142225 0.0 1.0 1.0 1 0 0 0.0 1.0 0
cell 9.249329595315642 4.284830184252647 0.0 1.0 1.0 1 0 0 0.0 1.0 0
cell 30.396265675111493 13.943330191571329 0.0 1.0 1.0 1 0 0 0.0 1.0 0
cell 10.00883700065452 6.16508187313974 0.0 1.0 1.0 1 0 0 0.0 1.0 0
cell 18.537202726836707 31.728452884760213 0.0 1.0 1.0 1 0 0 0.0 1.0 0
cell 8.764860009931253 35.765194545876184 0.0 1.0 1.0 1 0 0 0.0 1.0 0
cell 31.148851619997373 29.810304093665646 0.0 1.0 1.0 1 0 0 0.0 1.0 0
cell 3.203215258944791 31.561569810851672 0.0 1.0 1.0 1 0 0 0.0 1.0 0
cell 13.300123439538535 32.8252798435847 0.0 1.0 1.0 1 0 0 0.0 1.0 0
cell 34.64400703235084 19.773471716770846 0.0 1.0 1.0 1 0 0 0.0 1.0 0
cell 11.754070157869245 15.101658265960518 0.0 1.0 1.0 1 0 0 0.0 1.0 0
cell 5.991534807354759 33.66300925539433 0.0 1.0 1.0 1 0 0 0.0 1.0 0
cell 40.672317354497544 20.50244094357441 0.0 1.0 1.0 1 0 0 0.0 1.0 0
cell 17.05512337492477 0.037715133197229314 0.0 1.0 1.0 1 0 0 0.0 1.0 0
cell 36.94998731269955 39.29449599492325 0.0 1.0 1.0 1 0 0 0.0 1.0 0
cell 34.16099015441676 37.184279299397275 0.0 1.0 1.0 1 0 0 0.0 1.0 0
cell 15.799719119201459 29.597173407744982 0.0 1.0 1.0 1 0 0 0.0 1.0 0
cell 30.900365442692923 10.493898245236805 0.0 1.0 1.0 1 0 0 0.0 1.0 0
cell 0.7529888906400687 20.751039038154165 0.0 1.0 1.0 1 0 0 0.0 1.0 0
cell 28.39475550169852 41.68760949558033 0.0 1.0 1.0 1 0 0 0.0 1.0 0
cell 2.2020465586245037 24.43138369953208 0.0 1.0 1.0 1 0 0 0.0 1.0 0
cell 37.666291558615015 13.129704039426693 0.0 1.0 1.0 1 0 0 0.0 1.0 0
cell 24.091020973928497 21.914967301557787 0.0 1.0 1.0 1 0 0 0.0 1.0 0
cell 3.5061592787406184 22.875476821310357 0.0 1.0 1.0 1 0 0 0.0 1.0 0
cell 21.626007241541302 11.114982132007382 0.0 1.0 1.0 1 0 0 0.0 1.0 0
cell 21.09317554125494 0.552622180288557 0.0 1.0 1.0 1 0 0 0.0 1.0 0
cell 28.877959606793226 38.24641233267195 0.0 1.0 1.0 1 0 0 0.0 1.0 0
cell 21.080097916327464 28.55004940766046 0.0 1.0 1.0 1 0 0 0.0 1.0 0
cell 31.42380497372552 7.0933859640127155 0.0 1.0 1.0 1 0 0 0.0 1.0 0
cell 16.799823465229277 8.761918588512247 0.0 1.0 1.0 1 0 0 0.0 1.0 0
cell 25.898122029972704 2.8671888371825736 0.0 1.0 1.0 1 0 0 0.0 1.0 0
cell 30.904953803796765 38.50437730150828 0.0 1.0 1.0 1 0 0 0.0 1.0 0
cell 20.099415613299428 7.425448107602571 0.0 1.0 1.0 1 0 0 0.0 1.0 0
cell 32.143975435959334 8.922290102870305 0.0 1.0 1.0 1 0 0 0.0 1.0 0
cell 31.169295279987526 1.7607227341930773 0.0 1.0 1.0 1 0 0 0.0 1.0 0
cell 32.65439217259114 33.46866550171796 0.0 1.0 1.0 1 0 0 0.0 1.0 0
cell 5.978920887919229 5.620702588759416 0.0 1.0 1.0 1 0 0 0.0 1.0 0
cell 27.13687817159727 15.29726010240606 0.0 1.0 1.0 1 0 0 0.0 1.0 0
cell 40.4483557167901 15.239832472419318 0.0 1.0 1.0 1 0 0 0.0 1.0 0
cell 19.576979073443635 38.84353654118539 0.0 1.0 1.0 1 0 0 0.0 1.0 0
cell 31.644629090099304 40.36113376584615 0.0 1.0 1.0 1 0 0 0.0 1.0 0
cell 7.742000139631201 14.638837833220084 0.0 1.0 1.0 1 0 0 0.0 1.0 0
cell 26.134156024896544 8.172688302666417 0.0 1.0 1.0 1 0 0 0.0 1.0 0
cell 31.38775394173581 35.06166167940274 0.0 1.0 1.0 1 0 0 0.0 1.0 0
cell 26.346498334900293 13.411431203680976 0.0 1.0 1.0 1 0 0 0.0 1.0 0
cell 35.915764103816194 32.13705732874847 0.0 1.0 1.0 1 0 0 0.0 1.0 0
cell 38.9295801812284 11.514311239791052 0.0 1.0 1.0 1 0 0 0.0 1.0 0
cell 1.2195269380796752 3.3131334024422654 0.0 1.0 1.0 1 0 0 0.0 1.0 0
cell 28.6316011199911 4.97185283721537 0.0 1.0 1.0 1 0 0 0.0 1.0 0
cell 38.46545736827657 14.970590066505832 0.0 1.0 1.0 1 0 0 0.0 1.0 0
cell 8.277501316080459 25.212683168688557 0.0 1.0 1.0 1 0 0 0.0 1.0 0
cell 34.43019489214209 14.471535171467556 0.0 1.0 1.0 1 0 0 0.0 1.0 0
cell 38.92752622541495 25.516880284437768 0.0 1.0 1.0 1 0 0 0.0 1.0 0
cell 11.260664013901142 18.553933834543393 0.0 1.0 1.0 1 0 0 0.0 1.0 0
cell 9.763983448127046 14.834583777770408 0.0 1.0 1.0 1 0 0 0.0 1.0 0
cell 1.969333364341632 33.133519501083406 0.0 1.0 1.0 1 0 0 0.0 1.0 0
cell 9.514355828565114 23.56756156645181 0.0 1.0 1.0 1 0 0 0.0 1.0 0
cell 41.447057179321675 8.322891694744133 0.0 1.0 1.0 1 0 0 0.0 1.0 0
cell 24.610643491991404 4.482420389233051 0.0 1.0 1.0 1 0 0 0.0 1.0 0
cell 14.547534088897015 31.249394323714355 0.0 1.0 1.0 1 0 0 0.0 1.0 0
cell 14.268171410775002 25.969111879096275 0.0 1.0 1.0 1 0 0 0.0 1.0 0
cell 4.721229091052676 7.264011119690632 0.0 1.0 1.0 1 0 0 0.0 1.0 0
cell 25.124072270369386 1.056249738044931 0.0 1.0 1.0 1 0 0 0.0 1.0 0
cell 13.011924740201554 41.55933751418474 0.0 1.0 1.0 1 0 0 0.0 1.0 0
cell 39.67606720988628 27.35061507468133 0.0 1.0 1.0 1 0 0 0.0 1.0 0
cell 20.07853154120013 35.38958058498278 0.0 1.0 1.0 1 0 0 0.0 1.0 0
cell 3.760952290164619 14.125915307101959 0.0 1.0 1.0 1 0 0 0.0 1.0 0
cell 39.17513691824187 16.820104474546184 0.0 1.0 1.0 1 0 0 0.0 1.0 0
cell 26.158143828033523 22.152646546763663 0.0 1.0 1.0 1 0 0 0.0 1.0 0
cell 41.98045617754022 32.881352206428474 0.0 1.0 1.0 1 0 0 0.0 1.0 0
cell 33.956513736655516 3.8752550971792754 0.0 1.0 1.0 1 0 0 0.0 1.0 0
cell 8.76762482182668 21.753036034544 0.0 1.0 1.0 1 0 0 0.0 1.0 0
cell 14.035297614059496 20.658330094089674 0.0 1.0 1.0 1 0 0 0.0 1.0 0
cell 8.743942912161042 7.767848643695005 0.0 1.0 1.0 1 0 0 0.0 1.0 0
cell 26.62859982225741 32.72187852701128 0.0 1.0 1.0 1 0 0 0.0 1.0 0
cell 4.479644063610119 15.92333428565071 0.0 1.0 1.0 1 0 0 0.0 1.0 0
cell 10.513825578340997 30.715805721533116 0.0 1.0 1.0 1 0 0 0.0 1.0 0
cell 12.025787810082903 34.382291375495065 0.0 1.0 1.0 1 0 0 0.0 1.0 0
cell 3.7217688267688547 28.111801158809982 0.0 1.0 1.0 1 0 0 0.0 1.0 0
cell 0.6886915266611202 6.767444462040343 0.0 1.0 1.0 1 0 0 0.0 1.0 0
cell 21.08576395058459 14.51377481376243 0.0 1.0 1.0 1 0 0 0.0 1.0 0
cell 26.60019551575895 18.71069067280297 0.0 1.0 1.0 1 0 0 0.0 1.0 0
cell 27.112996607504126 29.270745570797192 0.0 1.0 1.0 1 0 0 0.0 1.0 0
cell 28.622206218448646 32.975501908815694 0.0 1.0 1.0 1 0 0 0.0 1.0 0
cell 22.10541170786266 21.644113192891908 0.0 1.0 1.0 1 0 0 0.0 1.0 0
cell 24.38242950362933 41.17970876270667 0.0 1.0 1.0 1 0 0 0.0 1.0 0
cell 24.837199580449223 37.7847511160341 0.0 1.0 1.0 1 0 0 0.0 1.0 0
cell 35.697088935337874 40.882842959941904 0.0 1.0 1.0 1 0 0 0.0 1.0 0
cell 33.915942437868324 31.886499797167865 0.0 1.0 1.0 1 0 0 0.0 1.0 0
cell 33.665386288485465 12.634994656069054 0.0 1.0 1.0 1 0 0 0.0 1.0 0
cell 27.883277665854386 3.1347964946000286 0.0 1.0 1.0 1 0 0 0.0 1.0 0
cell 2.4461891476117743 15.719544035721826 0.0 1.0 1.0 1 0 0 0.0 1.0 0
cell 5.477846675847893 9.073687011076775 0.0 1.0 1.0 1 0 0 0.0 1.0 0
cell 5.2337587027537635 17.835674666258697 0.0 1.0 1.0 1 0 0 0.0 1.0 0
cell 36.91247843908866 11.282752815684356 0.0 1.0 1.0 1 0 0 0.0 1.0 0
cell 33.65097206792402 26.593757359102558 0.0 1.0 1.0 1 0 0 0.0 1.0 0
cell 22.879115664268685 9.472001283015018 0.0 1.0 1.0 1 0 0 0.0 1.0 0
cell 19.540197269514593 24.84503803575871 0.0 1.0 1.0 1 0 0 0.0 1.0 0
cell 29.650971501122857 40.11509420742317 0.0 1.0 1.0 1 0 0 0.0 1.0 0
cell 39.21241958150257 30.827672916622472 0.0 1.0 1.0 1 0 0 0.0 1.0 0
cell 31.64379556733648 26.335408465400114 0.0 1.0 1.0 1 0 0 0.0 1.0 0
cell 35.437937250184504 21.5956806459617 0.0 1.0 1.0 1 0 0 0.0 1.0 0
cell 26.885166287173682 38.02523647293006 0.0 1.0 1.0 1 0 0 0.0 1.0 0
cell 32.16213245716428 36.93351435374011 0.0 1.0 1.0 1 0 0 0.0 1.0 0
cell 22.31122908497458 26.918454444039764 0.0 1.0 1.0 1 0 0 0.0 1.0 0
cell 30.611139880901415 33.254482410281796 0.0 1.0 1.0 1 0 0 0.0 1.0 0
cell 38.21087773879433 9.69761878700386 0.0 1.0 1.0 1 0 0 0.0 1.0 0
cell 34.92400089614775 38.99726978706215 0.0 1.0 1.0 1 0 0 0.0 1.0 0
cell 40.185139976041775 37.95346477014498 0.0 1.0 1.0 1 0 0 0.0 1.0 0
cell 27.86830552127621 31.144969478489816 0.0 1.0 1.0 1 0 0 0.0 1.0 0
cell 1.450628731711741 8.578812156746418 0.0 1.0 1.0 1 0 0 0.0 1.0 0
cell 15.29993863304373 33.08618803626157 0.0 1.0 1.0 1 0 0 0.0 1.0 0
cell 11.53004207073035 37.85108170007268 0.0 1.0 1.0 1 0 0 0.0 1.0 0
cell 32.40766170647446 0.17595989222903335 0.0 1.0 1.0 1 0 0 0.0 1.0 0
cell 32.41575732824824 28.23585859714875 0.0 1.0 1.0 1 0 0 0.0 1.0 0
cell 2.1982991121485957 10.470205358442225 0.0 1.0 1.0 1 0 0 0.0 1.0 0
cell 34.67325226148496 5.7197904122447305 0.0 1.0 1.0 1 0 0 0.0 1.0 0
cell 30.393679801509137 27.949262521651324 0.0 1.0 1.0 1 0 0 0.0 1.0 0
cell 22.323792829027305 40.93037305136972 0.0 1.0 1.0 1 0 0 0.0 1.0 0
cell 19.341525775770812 19.611874028138885 0.0 1.0 1.0 1 0 0 0.0 1.0 0
cell 38.1937966765209 37.68139490323999 0.0 1.0 1.0 1 0 0 0.0 1.0 0
cell 17.08452596104432 14.059481036911334 0.0 1.0 1.0 1 0 0 0.0 1.0 0
cell 40.71051551351031 34.497126920094914 0.0 1.0 1.0 1 0 0 0.0 1.0 0
cell 8.492778931957526 2.506282811038327 0.0 1.0 1.0 1 0 0 0.0 1.0 0
cell 33.16643513771414 1.993570783463022 0.0 1.0 1.0 1 0 0 0.0 1.0 0
cell 29.646152712117225 26.11697641209775 0.0 1.0 1.0 1 0 0 0.0 1.0 0
cell 2.973521085564283 40.303608660867255 0.0 1.0 1.0 1 0 0 0.0 1.0 0
cell 3.439703017359819 36.83277265325643 0.0 1.0 1.0 1 0 0 0.0 1.0 0
cell 9.257538453208811 32.35749085043833 0.0 1.0 1.0 1 0 0 0.0 1.0 0
cell 15.54655206906872 24.34219093377114 0.0 1.0 1.0 1 0 0 0.0 1.0 0
cell 38.95241968387105 39.51153466409058 0.0 1.0 1.0 1 0 0 0.0 1.0 0
cell 14.518746982211692 17.239616719319883 0.0 1.0 1.0 1 0 0 0.0 1.0 0
cell 20.57442102569073 3.9854966656092174 0.0 1.0 1.0 1 0 0 0.0 1.0 0
cell 30.92945794658773 24.538763078702797 0.0 1.0 1.0 1 0 0 0.0 1.0 0
cell 39.725583504445325 41.37124680975651 0.0 1.0 1.0 1 0 0 0.0 1.0 0
cell 4.217649977872834 24.713026057709413 0.0 1.0 1.0 1 0 0 0.0 1.0 0
cell 27.612919283067257 11.812753038604868 0.0 1.0 1.0 1 0 0 0.0 1.0 0
cell 26.597850806916373 4.699757851018516 0.0 1.0 1.0 1 0 0 0.0 1.0 0
cell 18.070203416198677 7.173000113894697 0.0 1.0 1.0 1 0 0 0.0 1.0 0
cell 31.647953291083173 12.372937062163492 0.0 1.0 1.0 1 0 0 0.0 1.0 0
cell 33.41999813930795 35.32308452259648 0.0 1.0 1.0 1 0 0 0.0 1.0 0
cell 7.736830656848399 0.6351124429516573 0.0 1.0 1.0 1 0 0 0.0 1.0 0
cell 25.856540702517215 30.86590769207763 0.0 1.0 1.0 1 0 0 0.0 1.0 0
cell 23.34359994439379 6.0587098185538 0.0 1.0 1.0 1 0 0 0.0 1.0 0
cell 16.583030595450474 17.496100864852252 0.0 1.0 1.0 1 0 0 0.0 1.0 0
cell 34.91113885313572 25.00022100476368 0.0 1.0 1.0 1 0 0 0.0 1.0 0
cell 17.560491559590066 10.610303254366096 0.0 1.0 1.0 1 0 0 0.0 1.0 0
cell 8.529374673279902 30.460101498185228 0.0 1.0 1.0 1 0 0 0.0 1.0 0
cell 41.19855476903137 17.070977510140104 0.0 1.0 1.0 1 0 0 0.0 1.0 0
cell 26.375952592502188 41.46169108369548 0.0 1.0 1.0 1 0 0 0.0 1.0 0
cell 11.010878663446809 13.285858418517774 0.0 1.0 1.0 1 0 0 0.0 1.0 0
cell 41.45750054374064 22.336210094367 0.0 1.0 1.0 1 0 0 0.0 1.0 0
cell 40.96128519912771 11.7650317326618 0.0 1.0 1.0 1 0 0 0.0 1.0 0
cell 31.899784010791976 31.612565558626976 0.0 1.0 1.0 1 0 0 0.0 1.0 0
cell 29.14027354363589 15.500988434515799 0.0 1.0 1.0 1 0 0 0.0 1.0 0
cell 25.085799218322276 29.021203493750168 0.0 1.0 1.0 1 0 0 0.0 1.0 0
cell 5.517102109098528 23.102140407213522 0.0 1.0 1.0 1 0 0 0.0 1.0 0
cell 9.772401318550568 28.872538052062243 0.0 1.0 1.0 1 0 0 0.0 1.0 0
cell 16.812818753457677 36.76499852397298 0.0 1.0 1.0 1 0 0 0.0 1.0 0
cell 15.524658576626692 10.349717943538897 0.0 1.0 1.0 1 0 0 0.0 1.0 0
cell 29.649171300607026 12.095777527034333 0.0 1.0 1.0 1 0 0 0.0 1.0 0
cell 30.38741362043896 41.9518976511597 0.0 1.0 1.0 1 0 0 0.0 1.0 0
cell 21.857678882287768 2.3814246058220956 0.0 1.0 1.0 1 0 0 0.0 1.0 0
cell 1.7101750747809275 41.90027017104767 0.0 1.0 1.0 1 0 0 0.0 1.0 0
cell 35.19103456894829 2.324174953752227 0.0 1.0 1.0 1 0 0 0.0 1.0 0
cell 28.400344565987794 13.68737775701062 0.0 1.0 1.0 1 0 0 0.0 1.0 0
cell 35.66603125562546 12.903204859356357 0.0 1.0 1.0 1 0 0 0.0 1.0 0
cell 11.536090751626185 9.857434679222893 0.0 1.0 1.0 1 0 0 0.0 1.0 0
cell 5.222013363470806 31.791334243664778 0.0 1.0 1.0 1 0 0 0.0 1.0 0
cell 40.46802270311057 29.203591596846174 0.0 1.0 1.0 1 0 0 0.0 1.0 0
cell 32.14794362220454 22.90240185652186 0.0 1.0 1.0 1 0 0 0.0 1.0 0
cell 12.29522482807788 39.687304308967306 0.0 1.0 1.0 1 0 0 0.0 1.0 0
cell 10.264255193298121 11.438216711140836 0.0 1.0 1.0 1 0 0 0.0 1.0 0
cell 25.60666484539543 39.602145156822615 0.0 1.0 1.0 1 0 0 0.0 1.0 0
cell 33.41989821416031 7.309874872585614 0.0 1.0 1.0 1 0 0 0.0 1.0 0
cell 8.014033663075331 5.929733212312387 0.0 1.0 1.0 1 0 0 0.0 1.0 0
cell 23.61524604265026 39.38412283275515 0.0 1.0 1.0 1 0 0 0.0 1.0 0
cell 12.54527778510614 16.959107958086904 0.0 1.0 1.0 1 0 0 0.0 1.0 0
cell 36.642779773948526 20.008869876980942 0.0 1.0 1.0 1 0 0 0.0 1.0 0
cell 4.759303334887141 21.235096203047956 0.0 1.0 1.0 1 0 0 0.0 1.0 0
cell 22.081015607499477 7.66953916111787 0.0 1.0 1.0 1 0 0 0.0 1.0 0
cell 19.8314729684933 30.111047561785018 0.0 1.0 1.0 1 0 0 0.0 1.0 0
cell 32.40171554334171 14.185240774949138 0.0 1.0 1.0 1 0 0 0.0 1.0 0
cell 16.826926652495526 22.7780580754949 0.0 1.0 1.0 1 0 0 0.0 1.0 0
cell 10.784713680188677 36.01376222735515 0.0 1.0 1.0 1 0 0 0.0 1.0 0
cell 6.248491421451555 24.922173927775358 0.0 1.0 1.0 1 0 0 0.0 1.0 0
cell 36.170853245023196 9.42803838478182 0.0 1.0 1.0 1 0 0 0.0 1.0 0
cell 7.264228789999135 18.096138149900963 0.0 1.0 1.0 1 0 0 0.0 1.0 0
cell 12.297443523990722 25.701385288363074 0.0 1.0 1.0 1 0 0 0.0 1.0 0
cell 13.287153528296638 4.820409892876061 0.0 1.0 1.0 1 0 0 0.0 1.0 0
cell 36.410176076833885 14.704868862888196 0.0 1.0 1.0 1 0 0 0.0 1.0 0
cell 12.521158402999303 2.9461017425171283 0.0 1.0 1.0 1 0 0 0.0 1.0 0
cell 0.9665734798320584 12.020171320301664 0.0 1.0 1.0 1 0 0 0.0 1.0 0
cell 0.9593001374525666 40.05913039894444 0.0 1.0 1.0 1 0 0 0.0 1.0 0
cell 4.994146617796572 26.52205521854615 0.0 1.0 1.0 1 0 0 0.0 1.0 0
cell 31.141853340849146 15.79958129284446 0.0 1.0 1.0 1 0 0 0.0 1.0 0
cell 20.821198115819914 9.234397567988927 0.0 1.0 1.0 1 0 0 0.0 1.0 0
cell 19.838609701123506 2.1261260753826012 0.0 1.0 1.0 1 0 0 0.0 1.0 0
cell 19.075614466807156 0.28940218179377175 0.0 1.0 1.0 1 0 0 0.0 1.0 0
cell 18.096694088653287 35.1523440290241 0.0 1.0 1.0 1 0 0 0.0 1.0 0
cell 12.018591746770191 6.403111623289925 0.0 1.0 1.0 1 0 0 0.0 1.0 0
cell 12.810668316908108 22.264643541621844 0.0 1.0 1.0 1 0 0 0.0 1.0 0
cell 21.573344852968866 39.12054329161241 0.0 1.0 1.0 1 0 0 0.0 1.0 0
cell 25.875000709958513 16.836466081673496 0.0 1.0 1.0 1 0 0 0.0 1.0 0
cell 7.2579142351364885 4.0831259045411885 0.0 1.0 1.0 1 0 0 0.0 1.0 0
cell 14.803603306290624 36.50470312591533 0.0 1.0 1.0 1 0 0 0.0 1.0 0
cell 36.167829862952566 23.41204096908237 0.0 1.0 1.0 1 0 0 0.0 1.0 0
cell 0.43195904814163427 29.427096784602938 0.0 1.0 1.0 1 0 0 0.0 1.0 0
cell 10.274142090194852 25.417355435223794 0.0 1.0 1.0 1 0 0 0.0 1.0 0
cell 15.081018422194017 13.767228474895893 0.0 1.0 1.0 1 0 0 0.0 1.0 0
cell 3.2286753326969544 3.570229554797938 0.0 1.0 1.0 1 0 0 0.0 1.0 0
cell 28.666711285327352 18.995024428531366 0.0 1.0 1.0 1 0 0 0.0 1.0 0
cell 27.612681095208462 25.834615876476143 0.0 1.0 1.0 1 0 0 0.0 1.0 0
cell 16.060425203804478 34.90596743880228 0.0 1.0 1.0 1 0 0 0.0 1.0 0
cell 6.216794813316218 38.965616577339276 0.0 1.0 1.0 1 0 0 0.0 1.0 0
cell 7.479338875332257 37.369336629394276 0.0 1.0 1.0 1 0 0 0.0 1.0 0
cell 9.28684857605052 18.338851709661327 0.0 1.0 1.0 1 0 0 0.0 1.0 0
cell 9.491788380934432 37.61540437398072 0.0 1.0 1.0 1 0 0 0.0 1.0 0
cell 0.43055378081305057 1.4562208978118267 0.0 1.0 1.0 1 0 0 0.0 1.0 0
cell 1.190469742527681 17.319423699999618 0.0 1.0 1.0 1 0 0 0.0 1.0 0
cell 3.491213565715176 8.807827121066591 0.0 1.0 1.0 1 0 0 0.0 1.0 0
cell 10.76061671253494 7.995798414014058 0.0 1.0 1.0 1 0 0 0.0 1.0 0
cell 4.981283934161761 12.529874035065866 0.0 1.0 1.0 1 0 0 0.0 1.0 0
cell 38.45145599507837 28.925466026304722 0.0 1.0 1.0 1 0 0 0.0 1.0 0
cell 1.9642415063692744 19.119056731506237 0.0 1.0 1.0 1 0 0 0.0 1.0 0
cell 4.000761603425447 19.3971898331211 0.0 1.0 1.0 1 0 0 0.0 1.0 0
cell 29.352752966862177 20.81922198299603 0.0 1.0 1.0 1 0 0 0.0 1.0 0
cell 29.105892574363434 29.525138724452006 0.0 1.0 1.0 1 0 0 0.0 1.0 0
cell 39.40076727147006 22.06929435295458 0.0 1.0 1.0 1 0 0 0.0 1.0 0
cell 23.861989987085938 2.6053442838350276 0.0 1.0 1.0 1 0 0 0.0 1.0 0
cell 16.546258592754825 3.4640747200964737 0.0 1.0 1.0 1 0 0 0.0 1.0 0
cell 20.84217918837532 37.29065945900935 0.0 1.0 1.0 1 0 0 0.0 1.0 0
cell 16.063622202518623 6.9037427259921715 0.0 1.0 1.0 1 0 0 0.0 1.0 0
cell 14.566456288654159 3.2455262680037866 0.0 1.0 1.0 1 0 0 0.0 1.0 0
cell 4.985579299609155 40.559724061480914 0.0 1.0 1.0 1 0 0 0.0 1.0 0
cell 2.9783747329352175 26.261037710552056 0.0 1.0 1.0 1 0 0 0.0 1.0 0
cell 13.801796464598292 15.396858102545291 0.0 1.0 1.0 1 0 0 0.0 1.0 0
cell 40.960283040354966 39.761555263855385 0.0 1.0 1.0 1 0 0 0.0 1.0 0
cell 35.12591529792993 16.290536986033374 0.0 1.0 1.0 1 0 0 0.0 1.0 0
cell 7.76571215608023 28.61347103743054 0.0 1.0 1.0 1 0 0 0.0 1.0 0
cell 24.862150416141446 23.752909718141908 0.0 1.0 1.0 1 0 0 0.0 1.0 0
cell 28.132002036469892 22.41681271514646 0.0 1.0 1.0 1 0 0 0.0 1.0 0
cell 33.642574753394435 40.63894602244636 0.0 1.0 1.0 1 0 0 0.0 1.0 0
cell 18.825935683020983 23.0271313727592 0.0 1.0 1.0 1 0 0 0.0 1.0 0
cell 26.867447686929097 9.984830252646573 0.0 1.0 1.0 1 0 0 0.0 1.0 0
cell 32.66276436930996 19.511707229187238 0.0 1.0 1.0 1 0 0 0.0 1.0 0
cell 9.511668514634552 9.599006045924053 0.0 1.0 1.0 1 0 0 0.0 1.0 0
cell 8.494132593857323 16.461106205569397 0.0 1.0 1.0 1 0 0 0.0 1.0 0
cell 28.873830919592432 24.275898699129915 0.0 1.0 1.0 1 0 0 0.0 1.0 0
cell 30.630259135532768 5.212936865922414 0.0 1.0 1.0 1 0 0 0.0 1.0 0
cell 31.865430344079844 17.635195625957962 0.0 1.0 1.0 1 0 0 0.0 1.0 0
cell 23.56571495494307 25.314783767872797 0.0 1.0 1.0 1 0 0 0.0 1.0 0
cell 1.4654220462479262 22.571160584002893 0.0 1.0 1.0 1 0 0 0.0 1.0 0
cell 37.42245363106534 21.8194573097616 0.0 1.0 1.0 1 0 0 0.0 1.0 0
cell 24.850219662562044 9.70239667965212 0.0 1.0 1.0 1 0 0 0.0 1.0 0
cell 18.578604846830792 17.791946291454174 0.0 1.0 1.0 1 0 0 0.0 1.0 0
cell 12.527836632974505 30.974020031167065 0.0 1.0 1.0 1 0 0 0.0 1.0 0
cell 11.293602586071314 4.553240784418407 0.0 1.0 1.0 1 0 0 0.0 1.0 0
cell 32.654414902979504 5.456110600894992 0.0 1.0 1.0 1 0 0 0.0 1.0 0
cell 15.31479015251251 19.05241591774471 0.0 1.0 1.0 1 0 0 0.0 1.0 0
cell 20.102232634766896 21.439671501130046 0.0 1.0 1.0 1 0 0 0.0 1.0 0
cell 1.9536841727099932 5.117789512741617 0.0 1.0 1.0 1 0 0 0.0 1.0 0
cell 10.494137753014407 2.722768460153769 0.0 1.0 1.0 1 0 0 0.0 1.0 0
cell 24.08723240768948 7.925977409708324 0.0 1.0 1.0 1 0 0 0.0 1.0 0
cell 27.363522919923533 20.593557302320985 0.0 1.0 1.0 1 0 0 0.0 1.0 0
cell 21.34052496586719 19.784309863094958 0.0 1.0 1.0 1 0 0 0.0 1.0 0
cell 4.245074779607516 38.73659993002566 0.0 1.0 1.0 1 0 0 0.0 1.0 0
cell 34.16213428134158 9.1931760024026 0.0 1.0 1.0 1 0 0 0.0 1.0 0
cell 35.44407437692452 35.56439280027681 0.0 1.0 1.0 1 0 0 0.0 1.0 0
cell 28.11526916258506 36.410959983364116 0.0 1.0 1.0 1 0 0 0.0 1.0 0
cell 9.00194091777092 13.027488508671759 0.0 1.0 1.0 1 0 0 0.0 1.0 0
cell 39.95232147725882 32.6163791311671 0.0 1.0 1.0 1 0 0 0.0 1.0 0
cell 37.92460010434831 32.36547251879449 0.0 1.0 1.0 1 0 0 0.0 1.0 0
cell 37.705385473174516 41.103285432331525 0.0 1.0 1.0 1 0 0 0.0 1.0 0
cell 13.018829300065223 13.558683203128982 0.0 1.0 1.0 1 0 0 0.0 1.0 0
cell 24.655448999836572 18.485382945175477 0.0 1.0 1.0 1 0 0 0.0 1.0 0
cell 16.294969609124973 40.20752877587439 0.0 1.0 1.0 1 0 0 0.0 1.0 0
cell 11.017399080636956 27.3052679345623 0.0 1.0 1.0 1 0 0 0.0 1.0 0
cell 34.65241791297954 33.74387541356495 0.0 1.0 1.0 1 0 0 0.0 1.0 0
cell 36.67858904241547 33.98874223072418 0.0 1.0 1.0 1 0 0 0.0 1.0 0
cell 7.5041043183315885 9.335189133111133 0.0 1.0 1.0 1 0 0 0.0 1.0 0
cell 15.299837261037373 5.052535003671061 0.0 1.0 1.0 1 0 0 0.0 1.0 0
cell 25.370137846234094 6.295614962627161 0.0 1.0 1.0 1 0 0 0.0 1.0 0
cell 33.15155488818004 30.038894716740852 0.0 1.0 1.0 1 0 0 0.0 1.0 0
cell 0.19535831622452188 38.20428269419419 0.0 1.0 1.0 1 0 0 0.0 1.0 0
cell 11.764007102712 1.1679404774489555 0.0 1.0 1.0 1 0 0 0.0 1.0 0
cell 23.627604105160298 11.345529183542299 0.0 1.0 1.0 1 0 0 0.0 1.0 0
cell 17.833141845590397 29.87281676101326 0.0 1.0 1.0 1 0 0 0.0 1.0 0
cell 40.19491899448475 9.96222436636749 0.0 1.0 1.0 1 0 0 0.0 1.0 0
cell 13.018480174879087 27.52820522268195 0.0 1.0 1.0 1 0 0 0.0 1.0 0
cell 15.803101798003622 1.6670660019761423 0.0 1.0 1.0 1 0 0 0.0 1.0 0
cell 2.716711706117375 6.995548559566333 0.0 1.0 1.0 1 0 0 0.0 1.0 0
cell 18.574546290419338 3.756394799256531 0.0 1.0 1.0 1 0 0 0.0 1.0 0
cell 0.4499533113669031 15.465449220185194 0.0 1.0 1.0 1 0 0 0.0 1.0 0
cell 5.747129566388313 28.380241584872568 0.0 1.0 1.0 1 0 0 0.0 1.0 0
cell 19.827887814939327 16.095594003897073 0.0 1.0 1.0 1 0 0 0.0 1.0 0
cell 17.566384197693147 24.61775850263647 0.0 1.0 1.0 1 0 0 0.0 1.0 0
cell 9.010936254912867 41.079171829058005 0.0 1.0 1.0 1 0 0 0.0 1.0 0
cell 14.295125019527285 39.91688114258305 0.0 1.0 1.0 1 0 0 0.0 1.0 0
cell 14.276925385677083 11.950509484619277 0.0 1.0 1.0 1 0 0 0.0 1.0 0
cell 3.7172947927470243 0.1358480541171791 0.0 1.0 1.0 1 0 0 0.0 1.0 0
cell 20.608956520606988 17.95767497103152 0.0 1.0 1.0 1 0 0 0.0 1.0 0
cell 15.829304094585547 15.604112211396249 0.0 1.0 1.0 1 0 0 0.0 1.0 0
cell 25.617396233767213 11.56494690744356 0.0 1.0 1.0 1 0 0 0.0 1.0 0
cell 25.13206446343533 15.035804416437736 0.0 1.0 1.0 1 0 0 0.0 1.0 0
cell 0.7071683802842785 34.734387137074286 0.0 1.0 1.0 1 0 0 0.0 1.0 0
cell 33.92877323672084 17.886932957845865 0.0 1.0 1.0 1 0 0 0.0 1.0 0
cell 29.13445440176085 1.5527596082959556 0.0 1.0 1.0 1 0 0 0.0 1.0 0
cell 41.724981430399744 27.613803956063403 0.0 1.0 1.0 1 0 0 0.0 1.0 0
cell 1.683563638035041 27.84259423562933 0.0 1.0 1.0 1 0 0 0.0 1.0 0
cell 8.274367221343095 39.213779301204404 0.0 1.0 1.0 1 0 0 0.0 1.0 0
cell 16.567528656645624 31.486892676360515 0.0 1.0 1.0 1 0 0 0.0 1.0 0
cell 23.35429099519438 20.045594855350505 0.0 1.0 1.0 1 0 0 0.0 1.0 0
cell 6.9864330336892415 12.781294422176801 0.0 1.0 1.0 1 0 0 0.0 1.0 0
cell 20.369933833344476 12.690249650550738 0.0 1.0 1.0 1 0 0 0.0 1.0 0
cell 16.32860616777687 12.18586103268833 0.0 1.0 1.0 1 0 0 0.0 1.0 0
cell 6.496332043391923 16.189885964463215 0.0 1.0 1.0 1 0 0 0.0 1.0 0
cell 13.542135071132224 38.11062010862149 0.0 1.0 1.0 1 0 0 0.0 1.0 0
cell 39.452770186608696 8.066963794962964 0.0 1.0 1.0 1 0 0 0.0 1.0 0
cell 14.8192270775835 8.537474668515008 0.0 1.0 1.0 1 0 0 0.0 1.0 0
cell 2.4231098215596636 1.6971658600599018 0.0 1.0 1.0 1 0 0 0.0 1.0 0
cell 41.947765067057276 4.901746604227473 0.0 1.0 1.0 1 0 0 0.0 1.0 0
cell 10.771671656076137 21.986255970491786 0.0 1.0 1.0 1 0 0 0.0 1.0 0
cell 21.841994066993276 16.40731504411324 0.0 1.0 1.0 1 0 0 0.0 1.0 0
cell 35.90669771116612 18.162298090536723 0.0 1.0 1.0 1 0 0 0.0 1.0 0
cell 41.686051275210815 13.635802720070163 0.0 1.0 1.0 1 0 0 0.0 1.0 0
cell 17.048900118763722 28.013282372399264 0.0 1.0 1.0 1 0 0 0.0 1.0 0
cell 36.440311263649505 0.6780279924886403 0.0 1.0 1.0 1 0 0 0.0 1.0 0
cell 18.304745976178044 40.43964539936433 0.0 1.0 1.0 1 0 0 0.0 1.0 0
cell 40.735374121587 6.531443620873976 0.0 1.0 1.0 1 0 0 0.0 1.0 0
cell 27.126158284424754 1.306339236799048 0.0 1.0 1.0 1 0 0 0.0 1.0 0
cell 6.229247000405933 10.969384119201917 0.0 1.0 1.0 1 0 0 0.0 1.0 0
cell 1.4742573736732714 36.6035956213901 0.0 1.0 1.0 1 0 0 0.0 1.0 0
cell 37.168332855094064 2.553339555041642 0.0 1.0 1.0 1 0 0 0.0 1.0 0
cell 21.82966823376719 30.354304568219874 0.0 1.0 1.0 1 0 0 0.0 1.0 0
cell 18.30289506128949 26.42378584426597 0.0 1.0 1.0 1 0 0 0.0 1.0 0
cell 30.179572375412214 8.653966236423674 0.0 1.0 1.0 1 0 0 0.0 1.0 0
cell 38.71658009768028 34.26459294965953 0.0 1.0 1.0 1 0 0 0.0 1.0 0
cell 3.976588790579882 5.370111541970514 0.0 1.0 1.0 1 0 0 0.0 1.0 0
cell 15.032470263202551 41.778498932236666 0.0 1.0 1.0 1 0 0 0.0 1.0 0
cell 32.895917406601576 38.76664945364715 0.0 1.0 1.0 1 0 0 0.0 1.0 0
cell 19.339195677485012 5.547240354540712 0.0 1.0 1.0 1 0 0 0.0 1.0 0
cell 30.639269775037317 19.21519144744851 0.0 1.0 1.0 1 0 0 0.0 1.0 0
cell 41.70208249860422 41.63549649463288 0.0 1.0 1.0 1 0 0 0.0 1.0 0
cell 0.9268370915441173 26.04541205977372 0.0 1.0 1.0 1 0 0 0.0 1.0 0
cell 40.959052256356344 25.76471886423514 0.0 1.0 1.0 1 0 0 0.0 1.0 0
cell 39.21948320438431 2.820109963541042 0.0 1.0 1.0 1 0 0 0.0 1.0 0
cell 14.79825095175908 22.51817684855594 0.0 1.0 1.0 1 0 0 0.0 1.0 0
cell 34.44798210074997 0.4106318491058457 0.0 1.0 1.0 1 0 0 0.0 1.0 0
cell 27.8557718339152 17.10408356437163 0.0 1.0 1.0 1 0 0 0.0 1.0 0
cell 17.315158641511047 33.32390346335829 0.0 1.0 1.0 1 0 0 0.0 1.0 0
cell 5.234240426115029 3.8166129490153313 0.0 1.0 1.0 1 0 0 0.0 1.0 0
cell 39.71148649345426 13.361318861896027 0.0 1.0 1.0 1 0 0 0.0 1.0 0
cell 7.500597209757856 23.31824058843317 0.0 1.0 1.0 1 0 0 0.0 1.0 0
cell 38.70352651714511 6.2453461637395895 0.0 1.0 1.0 1 0 0 0.0 1.0 0
cell 37.16563510349057 16.580941621247614 0.0 1.0 1.0 1 0 0 0.0 1.0 0
cell 8.25520840318137 11.180106446511404 0.0 1.0 1.0 1 0 0 0.0 1.0 0
cell 22.82708994019287 37.51700243438945 0.0 1.0 1.0 1 0 0 0.0 1.0 0
cell 29.900494507339012 17.405128043529718 0.0 1.0 1.0 1 0 0 0.0 1.0 0
cell 29.935373858968795 3.351746631827615 0.0 1.0 1.0 1 0 0 0.0 1.0 0
cell 6.4746143845187545 2.2088420709971253 0.0 1.0 1.0 1 0 0 0.0 1.0 0
cell 22.57984493847892 32.21242234062291 0.0 1.0 1.0 1 0 0 0.0 1.0 0
cell 19.09357046512448 14.324177379440654 0.0 1.0 1.0 1 0 0 0.0 1.0 0
cell 25.3332923888288 34.36308914609157 0.0 1.0 1.0 1 0 0 0.0 1.0 0
cell 38.17304813087399 23.707922950957347 0.0 1.0 1.0 1 0 0 0.0 1.0 0
cell 41.20467802525943 31.034018848876535 0.0 1.0 1.0 1 0 0 0.0 1.0 0
cell 12.789177025388737 8.250317510375934 0.0 1.0 1.0 1 0 0 0.0 1.0 0
cell 8.99690116843353 27.03576819971481 0.0 1.0 1.0 1 0 0 0.0 1.0 0
cell 18.303675101980232 12.448153435317224 0.0 1.0 1.0 1 0 0 0.0 1.0 0
cell 10.00934568322082 34.155277507991606 0.0 1.0 1.0 1 0 0 0.0 1.0 0
cell 27.410204645103185 6.56405109379455 0.0 1.0 1.0 1 0 0 0.0 1.0 0
cell 6.7591877792946455 35.51087191928935 0.0 1.0 1.0 1 0 0 0.0 1.0 0
cell 15.054525631355622 27.81116132284076 0.0 1.0 1.0 1 0 0 0.0 1.0 0
cell 1.223497739809916 31.31734272906021 0.0 1.0 1.0 1 0 0 0.0 1.0 0
cell 33.40390524061549 21.336730220619337 0.0 1.0 1.0 1 0 0 0.0 1.0 0
cell 36.67435425332315 6.004806488657117 0.0 1.0 1.0 1 0 0 0.0 1.0 0
