step,msd_global,n_round,n_elongated
0,0.0,500,0
100,11.616038040605416,500,0
200,12.25929600063898,500,0
300,14.714645008576104,500,0
400,15.348768540974229,500,0
500,16.66333353820904,500,0
600,17.302281223626494,500,0
700,17.283569124002632,500,0
800,17.253155411090905,500,0
900,17.25717143971651,500,0
1000,16.633404544264298,500,0
1100,15.94085285311672,500,0
1200,15.396526799094696,500,0
1300,15.935725348879147,500,0
1400,15.948922086796873,500,0
1500,16.575404693497948,500,0
1600,16.58028372137157,500,0
1700,15.963903570416777,500,0
1800,16.56177705659356,500,0
1900,15.412579237180234,500,0
2000,15.416711218890436,500,0
2100,15.411901916973072,500,0
2200,15.407373282780874,500,0
2300,16.027922357642836,500,0
2400,16.031925969472653,500,0
2500,15.417453921778288,500,0
2600,15.42292056540584,500,0
2700,15.420781743432872,500,0
2800,15.985759783897512,500,0
2900,16.06069907613136,500,0
3000,16.632484841969486,500,0
3100,16.62238507535312,500,0
3200,16.084028348967966,500,0
3300,16.616397637132625,500,0
3400,16.095026106192776,500,0
3500,16.648045726879374,500,0
3600,16.66694164179521,500,0
3700,17.254933554280026,500,0
3800,16.056866225742947,500,0
3900,17.306899641069545,500,0
4000,16.15763287957089,500,0
4100,15.511490063387537,500,0
4200,16.680912930019215,500,0
4300,16.69972095469216,500,0
4400,16.711650214073376,500,0
4500,16.088063593199756,500,0
4600,17.356488818825135,500,0
4700,16.112494861829987,500,0
4800,15.572004046306539,500,0
4900,16.129761209684176,500,0
5000,16.137569087676713,500,0
5100,16.7658646671147,500,0
5200,16.77783719260715,500,0
5300,16.177487945597374,500,0
5400,16.183564923250334,500,0
5500,15.573653950062685,500,0
5600,15.576092383110337,500,0
5700,15.578796708072547,500,0
5800,15.574446977748408,500,0
5900,16.158334450340057,500,0
6000,15.575116927481861,500,0
6100,15.572449872057394,500,0
6200,16.20926804476633,500,0
6300,16.815662042197864,500,0
6400,16.806533355657002,500,0
6500,15.671488883993664,500,0
6600,16.23371223397711,500,0
6700,16.754688008130852,500,0
6800,16.76180189244376,500,0
6900,16.782407628535672,500,0
7000,16.167449103394517,500,0
7100,15.65363899754204,500,0
7200,15.730416850368488,500,0
7300,16.171814244759855,500,0
7400,16.179019205537557,500,0
7500,16.165090815603826,500,0
7600,16.28621697731884,500,0
7700,16.86946955116545,500,0
7800,17.379227915218724,500,0
7900,16.75162686121481,500,0
8000,16.762057510192307,500,0
8100,16.752332604058903,500,0
8200,17.386949334450946,500,0
8300,17.40242263346832,500,0
8400,16.758956234659074,500,0
8500,16.776083419744435,500,0
8600,17.396189734886455,500,0
8700,16.76279759370222,500,0
8800,16.741723673250462,500,0
8900,16.765988257407276,500,0
9000,16.213746396452837,500,0
9100,16.75875079649705,500,0
9200,16.213577727375764,500,0
9300,16.188475428126896,500,0
9400,17.31057432814151,500,0
9500,17.340594908175067,500,0
9600,17.97198227333214,500,0
9700,17.973398263619423,500,0
9800,16.738394364299346,500,0
9900,16.75811277324298,500,0
10000,16.744468877158933,500,0
10100,16.74951596975371,500,0
10200,16.74365368530284,500,0
10300,17.37956863752885,500,0
10400,16.789697933679445,500,0
10500,17.4093929177678,500,0
10600,17.432578420345447,500,0
10700,17.413973598674414,500,0
10800,17.414626641897616,500,0
10900,17.425984838370884,500,0
11000,18.07496260597009,500,0
11100,17.426733902489236,500,0
11200,17.43838277774029,500,0
11300,16.807299626238038,500,0
11400,17.440162788932142,500,0
11500,17.44807514155399,500,0
11600,18.05172015893583,500,0
11700,16.83359105420175,500,0
11800,17.473973984172915,500,0
11900,17.450765661857062,500,0
12000,17.458340878702792,500,0
12100,16.82319380503613,500,0
12200,17.457986142628158,500,0
12300,18.10054495134111,500,0
12400,18.09492569807308,500,0
12500,17.447326325951064,500,0
12600,17.464115969738,500,0
12700,17.46625683687006,500,0
12800,17.457475914345856,500,0
12900,17.461016716785533,500,0
13000,17.454675962245954,500,0
13100,17.453590897540394,500,0
13200,17.45455751881005,500,0
13300,17.461762171932175,500,0
13400,17.44806973097454,500,0
13500,17.438590891761297,500,0
13600,17.469786373748818,500,0
13700,16.832204819364605,500,0
13800,17.454230924345715,500,0
13900,17.413438562930274,500,0
14000,17.454183436587765,500,0
14100,16.828448283846896,500,0
14200,17.461624898871204,500,0
14300,18.093862083139417,500,0
14400,18.09477952912083,500,0
14500,17.463801698677933,500,0
14600,17.45895205293839,500,0
14700,18.091286470154518,500,0
14800,18.085125257311827,500,0
14900,17.444237867982334,500,0
15000,17.449640997661305,500,0
15100,17.446330113411896,500,0
15200,18.10368345121376,500,0
15300,17.455520323059993,500,0
15400,17.470093504186053,500,0
15500,18.058225378422698,500,0
15600,17.447729470323285,500,0
15700,18.0844121890746,500,0
15800,17.45497795223333,500,0
15900,18.097069710213443,500,0
16000,17.439258768326592,500,0
16100,17.452414540520778,500,0
16200,17.43582462437557,500,0
16300,18.093791208656608,500,0
16400,16.83595335396625,500,0
16500,18.094613030582522,500,0
16600,17.44999523580997,500,0
16700,17.46070734622047,500,0
16800,17.450504208242492,500,0
16900,18.093181213722996,500,0
17000,18.076193051792433,500,0
17100,17.44222428967897,500,0
17200,17.454807413548647,500,0
17300,16.815239544814045,500,0
17400,17.46334728321773,500,0
17500,18.692886134507482,500,0
17600,17.464641657134766,500,0
17700,17.46427934628573,500,0
17800,17.45098202248972,500,0
17900,18.086537673571332,500,0
18000,16.84195821516118,500,0
18100,17.46854613893364,500,0
18200,18.057223989843127,500,0
18300,16.838094857007885,500,0
18400,16.8484384854129,500,0
18500,17.462165491392778,500,0
18600,17.477650601406552,500,0
18700,16.825886829379982,500,0
18800,18.0719261366085,500,0
18900,16.849199848198825,500,0
19000,16.83317064685292,500,0
19100,17.463752716157668,500,0
19200,17.46336139103742,500,0
19300,17.42353258934446,500,0
19400,16.826096660562015,500,0
19500,17.462459882031865,500,0
19600,17.4446962741809,500,0
19700,17.42895266361922,500,0
19800,17.458070882654713,500,0
19900,16.820194903097235,500,0
20000,17.45048726187991,500,0
20100,17.459270548476976,500,0
20200,17.470157159510148,500,0
20300,18.050749416302832,500,0
20400,17.457202661997233,500,0
20500,16.822382723180862,500,0
20600,17.451146588669097,500,0
20700,17.449367296310527,500,0
20800,17.454233906341745,500,0
20900,17.46903870906925,500,0
21000,17.47808935949159,500,0
21100,16.82675710081146,500,0
21200,16.841518552290545,500,0
21300,16.834672949649494,500,0
21400,16.83887977390336,500,0
21500,17.481376533117437,500,0
21600,17.494787609975965,500,0
21700,17.49563216389285,500,0
21800,17.46407982397342,500,0
21900,18.098424333654613,500,0
22000,17.452522359695703,500,0
22100,17.49250724559984,500,0
22200,16.839110006932575,500,0
22300,17.470825784086646,500,0
22400,16.828774521325784,500,0
22500,17.464684490833214,500,0
22600,16.837288213513407,500,0
22700,17.48740124438049,500,0
22800,18.11206837450136,500,0
22900,17.49115868739119,500,0
23000,16.839371246558585,500,0
23100,16.840668697941258,500,0
23200,16.82782622185228,500,0
23300,17.455546678560598,500,0
23400,17.472289519826248,500,0
23500,16.840737688102113,500,0
23600,16.829337927303538,500,0
23700,17.460745450789574,500,0
23800,17.46958452291,500,0
23900,16.824417475551687,500,0
24000,17.46835721187885,500,0
24100,16.835790492952597,500,0
24200,17.46032717226129,500,0
24300,16.839844318497562,500,0
24400,17.473816703546213,500,0
24500,17.474524573479037,500,0
24600,17.47790402684899,500,0
24700,16.851248910989483,500,0
24800,17.46164086505404,500,0
24900,17.454836935818975,500,0
25000,17.462874128818402,500,0
25100,16.829093903137373,500,0
25200,18.050042733769235,500,0
25300,16.81195948815421,500,0
25400,17.456792902386947,500,0
25500,17.41351229321734,500,0
25600,17.454919386794675,500,0
25700,17.44915008675392,500,0
25800,17.465646415867933,500,0
25900,17.458178870669183,500,0
26000,17.444277273551386,500,0
26100,17.46987793518931,500,0
26200,17.460207721790752,500,0
26300,17.45482508459851,500,0
26400,16.816968566032347,500,0
26500,16.83122419624391,500,0
26600,18.08646145005638,500,0
26700,17.44949411179364,500,0
26800,16.843593356782367,500,0
26900,17.416220603610324,500,0
27000,18.0840866506291,500,0
27100,16.810012367426513,500,0
27200,18.043595596948705,500,0
27300,18.067030396100108,500,0
27400,17.453269834639578,500,0
27500,16.821043195824494,500,0
27600,16.83531096044757,500,0
27700,18.108605881470776,500,0
27800,17.434669376211996,500,0
27900,17.47743460019919,500,0
28000,17.461561706666277,500,0
28100,17.467436102908447,500,0
28200,17.459640299159517,500,0
28300,17.466789508954783,500,0
28400,17.506661587243645,500,0
28500,16.84564096242573,500,0
28600,18.12816033782812,500,0
28700,17.478154603336062,500,0
28800,17.481395475544886,500,0
28900,17.48030278956214,500,0
29000,16.837967204500135,500,0
29100,17.495791505871146,500,0
29200,17.481328340337356,500,0
29300,18.105513389508157,500,0
29400,17.486506196422173,500,0
29500,17.4696864867186,500,0
29600,18.113902347149576,500,0
29700,17.46719855942076,500,0
29800,18.111957363560183,500,0
29900,18.09421504318832,500,0
30000,17.471925968537036,500,0
30100,17.48749519596918,500,0
30200,16.844181489643386,500,0
30300,16.843141076076336,500,0
30400,17.482679119899952,500,0
30500,17.471246402155845,500,0
30600,18.094203924622622,500,0
30700,17.46306068641314,500,0
30800,17.466900096682345,500,0
30900,18.10037156184866,500,0
31000,18.101214418603952,500,0
31100,18.118409350063615,500,0
31200,17.469066504956196,500,0
31300,18.097436098381056,500,0
31400,17.458210717290203,500,0
31500,17.45493080318727,500,0
31600,17.453157549628244,500,0
31700,18.096013961881148,500,0
31800,18.107084192523942,500,0
31900,16.839256804461286,500,0
32000,17.46237816363877,500,0
32100,17.461096343949787,500,0
32200,17.46196921681603,500,0
32300,18.100013202917214,500,0
32400,18.095922186496633,500,0
32500,17.461514330297675,500,0
32600,17.450496318305433,500,0
32700,18.10187925789409,500,0
32800,17.44892265444743,500,0
32900,18.08365403540543,500,0
33000,17.437893855085655,500,0
33100,17.441793549855277,500,0
33200,18.084094076032393,500,0
33300,17.452803660989947,500,0
33400,17.450983632598927,500,0
33500,17.440112885573956,500,0
33600,17.447033792705987,500,0
33700,18.08451736726546,500,0
33800,17.427341646903944,500,0
33900,17.45405932403348,500,0
34000,18.090616994495054,500,0
34100,17.43238943211151,500,0
34200,17.42971038044516,500,0
34300,17.4393177732582,500,0
34400,17.4396927613824,500,0
34500,17.43962602054538,500,0
34600,17.445291643796786,500,0
34700,18.089796150439106,500,0
34800,17.43855945150692,500,0
34900,17.42784996607442,500,0
35000,17.426465383767866,500,0
35100,17.43564807069346,500,0
35200,17.4248851535503,500,0
35300,17.426450508134135,500,0
35400,17.43427415388039,500,0
35500,18.07381144057586,500,0
35600,17.43663628157074,500,0
35700,17.43831096454375,500,0
35800,18.081146072433803,500,0
35900,17.433056547693297,500,0
36000,17.422789393423745,500,0
36100,18.079391356675778,500,0
36200,18.078911977446914,500,0
36300,18.06642479050797,500,0
36400,18.08088302585217,500,0
36500,17.443297593383186,500,0
36600,18.09514208030892,500,0
36700,17.4352554940019,500,0
36800,17.43908788642574,500,0
36900,17.435807424478327,500,0
37000,18.076522583922113,500,0
37100,17.44093105057399,500,0
37200,17.443228970508194,500,0
37300,17.442332571321813,500,0
37400,17.425353114148415,500,0
37500,18.079257369406594,500,0
37600,17.419679462901396,500,0
37700,18.070533162450577,500,0
37800,18.089741284375116,500,0
37900,17.432759658040705,500,0
38000,18.072289863966567,500,0
38100,17.448370086064752,500,0
38200,17.44068587992815,500,0
38300,18.091591638428014,500,0
38400,18.077371201122272,500,0
38500,18.085318145833202,500,0
38600,18.0952688024089,500,0
38700,18.071994132275876,500,0
38800,18.056925214147068,500,0
38900,18.077748971013563,500,0
39000,18.077041921825256,500,0
39100,18.081248154613046,500,0
39200,18.079430024266898,500,0
39300,18.087103016184315,500,0
39400,18.082767761089876,500,0
39500,17.448403867006903,500,0
39600,17.43883116907436,500,0
39700,18.079082500222555,500,0
39800,18.079284677667413,500,0
39900,18.09220095123084,500,0
40000,18.09668452639839,500,0
40100,18.07469358380323,500,0
40200,18.076511046878114,500,0
40300,18.084391503194098,500,0
40400,18.086832420174453,500,0
40500,18.079603909050086,500,0
40600,18.071651313082544,500,0
40700,18.081285031334616,500,0
40800,18.066939911056423,500,0
40900,18.09000088677754,500,0
41000,18.080065977907914,500,0
41100,18.07569811138331,500,0
41200,18.08694873744455,500,0
41300,18.07425197104551,500,0
41400,18.07753644376037,500,0
41500,18.088750928496548,500,0
41600,18.087966446850338,500,0
41700,18.085322349140533,500,0
41800,18.076955892795063,500,0
41900,18.090803246538176,500,0
42000,18.068809606154428,500,0
42100,18.076640738734575,500,0
42200,18.06972386374937,500,0
42300,18.056405976427076,500,0
42400,18.072557210592773,500,0
42500,18.066083917248392,500,0
42600,18.057252018562792,500,0
42700,18.080724034988652,500,0
42800,18.082985034794447,500,0
42900,18.08469111816128,500,0
43000,18.076639164473413,500,0
43100,18.073655482440014,500,0
43200,18.07872545025876,500,0
43300,18.07446089366037,500,0
43400,18.074805267834858,500,0
43500,18.09295255826063,500,0
43600,18.07462664170797,500,0
43700,18.06872206355638,500,0
43800,18.070092190277766,500,0
43900,18.083380309893275,500,0
44000,18.073605396633837,500,0
44100,18.07387908457585,500,0
44200,18.070454570647154,500,0
44300,18.06982416794777,500,0
44400,18.083340026305006,500,0
44500,18.072874147557187,500,0
44600,18.072897344036452,500,0
44700,18.077359149096203,500,0
44800,18.075012253430156,500,0
44900,18.080599288875387,500,0
45000,18.069904944546217,500,0
45100,18.074177701849404,500,0
45200,18.076507146047526,500,0
45300,18.081142964372294,500,0
45400,18.090573552129452,500,0
45500,18.09507397165748,500,0
45600,18.07927141872808,500,0
45700,18.095059716664416,500,0
45800,18.09464518566275,500,0
45900,18.093518530253913,500,0
46000,18.087655371847948,500,0
46100,18.093558449188176,500,0
46200,18.092441598485014,500,0
46300,17.470360055080622,500,0
46400,18.084056918484684,500,0
46500,18.098222637142122,500,0
46600,17.470927163018533,500,0
46700,18.098135035744637,500,0
46800,18.083278385793427,500,0
46900,18.087894314549594,500,0
47000,18.115947729197586,500,0
47100,18.0794938936005,500,0
47200,18.090339003065885,500,0
47300,18.07440682886959,500,0
47400,18.083692900778672,500,0
47500,18.08096828083873,500,0
47600,18.074087297692532,500,0
47700,18.07514940265502,500,0
47800,18.089227598709996,500,0
47900,18.086166636901666,500,0
48000,18.087202359261155,500,0
48100,18.097765695760707,500,0
48200,18.089265363942705,500,0
48300,18.096136604898074,500,0
48400,18.080788003976973,500,0
48500,18.092678851449993,500,0
48600,18.09107791499268,500,0
48700,18.077543724632715,500,0
48800,18.074060680022697,500,0
48900,18.08950796110917,500,0
49000,18.089360126812107,500,0
49100,18.088569084960103,500,0
49200,18.07756518739007,500,0
49300,18.083183972083454,500,0
49400,18.093562369911606,500,0
49500,18.09909332833354,500,0
49600,18.079744923518927,500,0
49700,18.091874857622336,500,0
49800,18.087783965351594,500,0
49900,18.06894129924877,500,0
50000,18.077623502193298,500,0
