step,msd_global,n_round,n_elongated
0,0.0,500,0
100,12.51487541294058,500,0
200,14.295858214221687,500,0
300,14.408418552798972,500,0
400,15.655362745941837,500,0
500,17.628525581577755,500,0
600,16.805475732625087,500,0
700,16.77348490189581,500,0
800,17.30301295371812,500,0
900,17.98710465012485,500,0
1000,17.982964428581298,500,0
1100,18.624342239754636,500,0
1200,18.60914524461861,500,0
1300,17.961504232656328,500,0
1400,18.614135024501927,500,0
1500,17.33368787140969,500,0
1600,17.351433060026636,500,0
1700,17.433193028282957,500,0
1800,17.429277476923446,500,0
1900,17.33377000676212,500,0
2000,17.349797605040347,500,0
2100,18.028789595621536,500,0
2200,17.38178663280508,500,0
2300,18.65027907748938,500,0
2400,18.79683677648839,500,0
2500,18.8081177934483,500,0
2600,18.17365854619001,500,0
2700,18.199980796533808,500,0
2800,18.870215454301352,500,0
2900,18.870059028368168,500,0
3000,18.229663517490298,500,0
3100,18.96130783893042,500,0
3200,18.33293001539277,500,0
3300,20.421358127552754,500,0
3400,19.805853693469885,500,0
3500,19.1809361589291,500,0
3600,20.469966695293312,500,0
3700,19.205565159153988,500,0
3800,19.25181003516675,500,0
3900,17.957004475649413,500,0
4000,19.239355896447446,500,0
4100,19.884021690715617,500,0
4200,19.1728895314053,500,0
4300,18.574734745459544,500,0
4400,17.37747312347465,500,0
4500,17.349484251698136,500,0
4600,17.408125724181406,500,0
4700,17.917832448720358,500,0
4800,17.855724018223764,500,0
4900,17.490176577867537,500,0
5000,16.111501972358802,500,0
5100,17.504405542916697,500,0
5200,18.123120266007945,500,0
5300,16.681403728781387,500,0
5400,17.394715867428776,500,0
5500,18.70058857547823,500,0
5600,19.310945657153926,500,0
5700,18.788938348841107,500,0
5800,19.94588082037834,500,0
5900,19.371562655351568,500,0
6000,21.172625035120486,500,0
6100,20.577706166266623,500,0
6200,20.563279076816055,500,0
6300,20.572040333636657,500,0
6400,19.267210272288978,500,0
6500,20.581959229812632,500,0
6600,20.579196857220413,500,0
6700,20.582843829920403,500,0
6800,20.572631824413374,500,0
6900,20.57368776656517,500,0
7000,19.943572856089347,500,0
7100,20.581174264971075,500,0
7200,19.948077558688944,500,0
7300,20.581123843559972,500,0
7400,20.58060260809576,500,0
7500,20.604413553554927,500,0
7600,19.9349550266352,500,0
7700,19.896177009037025,500,0
7800,20.477136328022617,500,0
7900,20.028273997215184,500,0
8000,20.450805885449174,500,0
8100,19.965075513241576,500,0
8200,20.029238335683754,500,0
8300,19.308813228636154,500,0
8400,19.797167906945596,500,0
8500,19.980457590913,500,0
8600,19.209854544783987,500,0
8700,18.757392380081814,500,0
8800,16.753797688745887,500,0
8900,18.570785783705105,500,0
9000,18.170480059370036,500,0
9100,19.28907118141565,500,0
9200,18.593706543386062,500,0
9300,16.781304477284706,500,0
9400,18.620735130098698,500,0
9500,19.207646476330204,500,0
9600,18.05948066272567,500,0
9700,17.42073140743346,500,0
9800,20.466422172301158,500,0
9900,18.146636908537065,500,0
10000,17.474058895115128,500,0
10100,19.41069647224352,500,0
10200,17.510242471428807,500,0
10300,19.243370490443958,500,0
10400,20.633819354245148,500,0
10500,19.813664676090433,500,0
10600,18.498301905623887,500,0
10700,17.61705184718615,500,0
10800,18.688059467067756,500,0
10900,19.366132857626376,500,0
11000,18.623393469880195,500,0
11100,17.318333594215844,500,0
11200,17.348300072724108,500,0
11300,19.227382989932707,500,0
11400,16.77425428983658,500,0
11500,17.270391119142758,500,0
11600,17.448926195508218,500,0
11700,18.049368836343493,500,0
11800,18.10260359842125,500,0
11900,16.67190772303367,500,0
12000,17.43985951685145,500,0
12100,15.530088897647394,500,0
12200,17.372542244684958,500,0
12300,17.993439929013437,500,0
12400,17.314664729472927,500,0
12500,16.739059110219443,500,0
12600,19.232770921921983,500,0
12700,16.7692037399747,500,0
12800,17.367435295774833,500,0
12900,17.44797646944205,500,0
13000,16.842477949793242,500,0
13100,18.61243133839929,500,0
13200,18.032187028826172,500,0
13300,19.294644369040594,500,0
13400,17.49549241648714,500,0
13500,18.063995059092274,500,0
13600,18.786158103941972,500,0
13700,18.16542016930181,500,0
13800,16.831840874293192,500,0
13900,18.066931424765308,500,0
14000,19.207797966062483,500,0
14100,17.981862399672558,500,0
14200,18.143148144782348,500,0
14300,17.90786987388862,500,0
14400,17.473431255555674,500,0
14500,18.63784758721491,500,0
14600,16.123186281441686,500,0
14700,17.43226918639456,500,0
14800,19.18483734121663,500,0
14900,17.359446079336017,500,0
15000,17.47631709169908,500,0
15100,17.263601399079786,500,0
15200,16.819201432587864,500,0
15300,17.30699372711615,500,0
15400,17.47205800453339,500,0
15500,17.348343713365082,500,0
15600,18.099287662134465,500,0
15700,19.246317417716238,500,0
15800,16.295863481563604,500,0
15900,14.898118490383455,500,0
16000,16.758314656276944,500,0
16100,18.012516730914033,500,0
16200,16.77375813509612,500,0
16300,18.78248529004864,500,0
16400,18.704623040598722,500,0
16500,18.619514832440867,500,0
16600,18.584511810323356,500,0
16700,18.02609000567464,500,0
16800,20.535995725857894,500,0
16900,17.45814740728178,500,0
17000,17.43080758256157,500,0
17100,17.54973916438671,500,0
17200,19.232901761008886,500,0
17300,19.427076405607227,500,0
17400,18.698878422781476,500,0
17500,19.404169919495803,500,0
17600,19.377418015117634,500,0
17700,19.978624421904883,500,0
17800,19.939708701525056,500,0
17900,19.93895673390414,500,0
18000,20.578886673005524,500,0
18100,20.593708176086185,500,0
18200,20.58140396247291,500,0
18300,20.594199937152098,500,0
18400,20.59793542436385,500,0
18500,20.021886341718613,500,0
18600,19.967983500128536,500,0
18700,19.973566741659756,500,0
18800,20.586538679461547,500,0
18900,20.595622798023278,500,0
19000,20.58628983105595,500,0
19100,20.593730286634433,500,0
19200,20.58436577668727,500,0
19300,20.578857793336383,500,0
19400,19.96711866391521,500,0
19500,20.589402099017395,500,0
19600,20.58341304164329,500,0
19700,20.58000358718296,500,0
19800,20.57200906908739,500,0
19900,20.58382109321467,500,0
20000,20.570578550175334,500,0
20100,20.582882802787303,500,0
20200,19.960444876179086,500,0
20300,20.582497059061783,500,0
20400,20.591824740427356,500,0
20500,20.592456001685775,500,0
20600,20.591092135538897,500,0
20700,20.602265119905525,500,0
20800,20.59537989539766,500,0
20900,20.475478176943557,500,0
21000,20.579102539259534,500,0
21100,20.591484170370776,500,0
21200,20.590204060110295,500,0
21300,20.583874165901985,500,0
21400,20.592937622198058,500,0
21500,20.598637952434817,500,0
21600,20.005070990389008,500,0
21700,19.28823769551399,500,0
21800,19.332098680166844,500,0
21900,18.726430862134837,500,0
22000,19.96587849294507,500,0
22100,20.48432515755366,500,0
22200,20.600346502808904,500,0
22300,19.927234881393385,500,0
22400,20.48495716643583,500,0
22500,20.586474470722433,500,0
22600,20.58983050555911,500,0
22700,19.351619005443293,500,0
22800,21.103403367690575,500,0
22900,19.386624927856886,500,0
23000,19.4387674673058,500,0
23100,20.59992886207424,500,0
23200,18.809276496652355,500,0
23300,19.94708654315862,500,0
23400,18.09088094646141,500,0
23500,19.904499899009824,500,0
23600,19.372930146873884,500,0
23700,18.10052168224841,500,0
23800,17.997569676216386,500,0
23900,19.122395165451533,500,0
24000,19.8659396347613,500,0
24100,16.750726150241576,500,0
24200,17.354958669246408,500,0
24300,18.671152245588424,500,0
24400,18.63992444922365,500,0
24500,16.268925234887835,500,0
24600,19.211300672529084,500,0
24700,19.865899909350045,500,0
24800,17.881986794864417,500,0
24900,18.595347632502737,500,0
25000,16.120080820651186,500,0
25100,18.55285335343331,500,0
25200,19.275582581342118,500,0
25300,19.848546611662016,500,0
25400,16.77712741202358,500,0
25500,17.83067914588087,500,0
25600,17.98313750283415,500,0
25700,17.27653897830117,500,0
25800,17.930878553303955,500,0
25900,16.676746142653457,500,0
26000,16.12731330154688,500,0
26100,16.646636323965854,500,0
26200,17.95583718612785,500,0
26300,17.430779630344077,500,0
26400,18.056616816974433,500,0
26500,17.962311763210543,500,0
26600,17.96165331533928,500,0
26700,19.848304741989754,500,0
26800,18.730365325804406,500,0
26900,19.426611963564902,500,0
27000,20.518979689448653,500,0
27100,19.364890595336234,500,0
27200,18.078644079002874,500,0
27300,18.737832308300145,500,0
27400,20.420541446399593,500,0
27500,18.664760618635704,500,0
27600,17.982577837650073,500,0
27700,18.564370181141538,500,0
27800,17.98565086193007,500,0
27900,19.192084540932598,500,0
28000,17.346935645013183,500,0
28100,18.643680453491474,500,0
28200,19.249489877048603,500,0
28300,16.804146071160787,500,0
28400,19.232888184462514,500,0
28500,17.45897289296378,500,0
28600,18.112912453788336,500,0
28700,19.754749356781097,500,0
28800,19.935847141170832,500,0
28900,20.580353934251782,500,0
29000,19.922401050368364,500,0
29100,18.181155848834237,500,0
29200,18.793639217307234,500,0
29300,19.875124376328525,500,0
29400,20.603205904259582,500,0
29500,19.26994155323647,500,0
29600,19.88748500363389,500,0
29700,19.91212429405264,500,0
29800,19.82723342715645,500,0
29900,19.822298098710892,500,0
30000,19.86413474877938,500,0
30100,20.466862195322314,500,0
30200,21.08347592755825,500,0
30300,18.69453093331716,500,0
30400,18.663634600687182,500,0
30500,16.869151464921533,500,0
30600,18.03759524933396,500,0
30700,18.70143360069423,500,0
30800,21.08858317711193,500,0
30900,19.32329232014095,500,0
31000,19.25464401532646,500,0
31100,19.387806161178588,500,0
31200,19.95551508792056,500,0
31300,19.912118500843384,500,0
31400,19.933125794761548,500,0
31500,18.734407235068506,500,0
31600,19.338921178516088,500,0
31700,19.90919454981153,500,0
31800,19.92984288830757,500,0
31900,19.28751163559975,500,0
32000,20.515363372836116,500,0
32100,19.31440681772031,500,0
32200,17.989564069162974,500,0
32300,19.267707830673206,500,0
32400,19.30636980914297,500,0
32500,20.57447873388831,500,0
32600,18.64048566848508,500,0
32700,19.94321073938471,500,0
32800,18.810359163719042,500,0
32900,19.378329161075786,500,0
33000,18.70840140950762,500,0
33100,19.939707560166287,500,0
33200,18.650980421292385,500,0
33300,19.372689368158102,500,0
33400,19.84208905776672,500,0
33500,18.064888563980087,500,0
33600,20.446918167434276,500,0
33700,18.017765843768974,500,0
33800,18.651821569568714,500,0
33900,19.320285473800187,500,0
34000,18.679392467156838,500,0
34100,20.437949057780628,500,0
34200,19.20800060503371,500,0
34300,18.65550501325573,500,0
34400,20.580333867736922,500,0
34500,19.315310250305266,500,0
34600,19.923722367276582,500,0
34700,21.081630770922363,500,0
34800,20.584617904347002,500,0
34900,19.952028633655544,500,0
35000,20.560275495718717,500,0
35100,19.9441378305068,500,0
35200,19.89922318149822,500,0
35300,19.900932057135076,500,0
35400,20.44046846874449,500,0
35500,20.571072153613642,500,0
35600,20.56461331138796,500,0
35700,20.577903741295945,500,0
35800,20.566751794592435,500,0
35900,20.56417211266728,500,0
36000,19.947354906928958,500,0
36100,20.572443019735278,500,0
36200,20.577234217936077,500,0
36300,19.958193934407177,500,0
36400,20.566932807094744,500,0
36500,20.569876502094758,500,0
36600,20.57932686135531,500,0
36700,19.953444143366653,500,0
36800,19.989210271882314,500,0
36900,20.581323368774736,500,0
37000,19.907488397227667,500,0
37100,20.56442113514027,500,0
37200,19.967218018574698,500,0
37300,19.94212593865355,500,0
37400,20.57600629741542,500,0
37500,20.55809071701546,500,0
37600,20.54872478724589,500,0
37700,20.561746984804774,500,0
37800,20.577218430566077,500,0
37900,20.560339675813132,500,0
38000,19.753195654831575,500,0
38100,20.56312202114991,500,0
38200,20.56502277868998,500,0
38300,20.575556141359627,500,0
38400,19.907853698234394,500,0
38500,20.559006846788165,500,0
38600,20.563615180684486,500,0
38700,20.579998192725398,500,0
38800,20.557358528621933,500,0
38900,20.560038382761704,500,0
39000,20.571416775222545,500,0
39100,20.57281523392848,500,0
39200,21.06971187514124,500,0
39300,20.55705690283784,500,0
39400,20.566542403265665,500,0
39500,19.988418735481435,500,0
39600,20.549437952429003,500,0
39700,20.549474538997238,500,0
39800,20.57477824883936,500,0
39900,20.56229086145605,500,0
40000,20.575534812131323,500,0
40100,20.565609436142143,500,0
40200,20.576724657765528,500,0
40300,20.57002433052886,500,0
40400,20.556683377589863,500,0
40500,20.575209004855058,500,0
40600,20.567128620416128,500,0
40700,21.086488899033444,500,0
40800,20.576598378844338,500,0
40900,20.585440013906116,500,0
41000,19.374535182780512,500,0
41100,19.96890109608776,500,0
41200,20.58170702979179,500,0
41300,19.928559926010625,500,0
41400,20.579430295832328,500,0
41500,21.09278862137293,500,0
41600,18.730496853841803,500,0
41700,19.95273330400385,500,0
41800,19.282568505231826,500,0
41900,20.565501029858,500,0
42000,18.646254400938588,500,0
42100,19.335078843972575,500,0
42200,18.76294786940719,500,0
42300,19.271452235758296,500,0
42400,18.658450675412915,500,0
42500,16.230249104324876,500,0
42600,18.780942034096395,500,0
42700,18.669723955115106,500,0
42800,19.82828610502571,500,0
42900,19.821973178348248,500,0
43000,18.690504549007663,500,0
43100,18.584950530043912,500,0
43200,20.545624766217415,500,0
43300,20.611327689420158,500,0
43400,17.33707138105607,500,0
43500,19.995526897564677,500,0
43600,18.116877150115865,500,0
43700,19.334488610729156,500,0
43800,20.534082993569044,500,0
43900,20.020543006309072,500,0
44000,18.744410042130273,500,0
44100,18.66511044490622,500,0
44200,19.270010661110536,500,0
44300,18.6132679399475,500,0
44400,17.996417973642217,500,0
44500,21.712536693370012,500,0
44600,18.097366946869638,500,0
44700,19.225791862078236,500,0
44800,18.621354391448104,500,0
44900,18.724451404263128,500,0
45000,18.095695815052103,500,0
45100,18.673131786409087,500,0
45200,19.273818613063614,500,0
45300,19.366335345501312,500,0
45400,18.70504724161543,500,0
45500,19.930194055373704,500,0
45600,17.450267942732097,500,0
45700,20.426231920797903,500,0
45800,21.069537586616452,500,0
45900,17.89983455748663,500,0
46000,18.207074648904083,500,0
46100,19.364996142234197,500,0
46200,18.65403905804002,500,0
46300,18.597903311045638,500,0
46400,18.000957082183735,500,0
46500,17.479427232784243,500,0
46600,16.8225982950893,500,0
46700,20.430240788627664,500,0
46800,18.641430841795923,500,0
46900,18.594847538604874,500,0
47000,18.029817084090663,500,0
47100,20.52424522902299,500,0
47200,19.78950978080751,500,0
47300,17.465193188470447,500,0
47400,19.90636311301434,500,0
47500,19.360389388970955,500,0
47600,19.16710607907556,500,0
47700,18.741938786431813,500,0
47800,18.091377138022633,500,0
47900,19.30393157708069,500,0
48000,19.99266501315377,500,0
48100,19.36051903971805,500,0
48200,19.929879617743097,500,0
48300,20.581638216848454,500,0
48400,20.58558436989843,500,0
48500,19.37804989039701,500,0
48600,20.60663377668889,500,0
48700,19.333822449168068,500,0
48800,19.928867975777713,500,0
48900,19.265672739316024,500,0
49000,19.35369584594643,500,0
49100,20.58595409501627,500,0
49200,19.923666340428035,500,0
49300,20.600433214652664,500,0
49400,19.32330993878563,500,0
49500,20.584260209928463,500,0
49600,19.94396108622433,500,0
49700,20.017567655784333,500,0
49800,20.530901068069074,500,0
49900,19.897124183704896,500,0
50000,19.936405715305494,500,0
