step,msd_global,msd_round,msd_elongated,n_round,n_elongated
0,0.0,0.0,,500,0
100,8.56913875293334,8.56913875293334,,500,0
200,9.245589770779262,9.074456204651558,16.205021459972574,488,12
300,14.21791627671252,10.970923037408074,78.61661552291741,476,24
400,16.482369992250348,10.202498702053811,90.71366908918887,461,39
500,19.471337410142702,9.612045686715247,100.90178386659908,446,54
600,28.84492231212354,12.25321231359609,125.89506161857865,427,73
700,33.924380216917974,14.137144295197194,129.17921360752734,414,86
800,44.61968261318925,17.694315814486455,155.0686362160313,402,98
900,53.846549227208435,18.2242653077619,178.6850036836472,389,111
1000,65.03921197766569,19.79852303296509,216.4971706186199,385,115
1100,73.94252686176708,23.657160568754275,242.28918792967949,385,115
1200,88.33083644132171,24.368803910320782,290.8772727894913,380,120
1300,106.65865606036286,27.993649314931087,340.1563744952159,374,126
1400,121.06084594871614,29.16352315458139,379.9166635902102,369,131
1500,138.65103466372915,44.321130208067885,409.9409149199331,371,129
1600,151.20542991905842,55.02860969991735,411.2390549559954,365,135
1700,152.53854779989092,57.27309210336823,392.7148375136594,358,142
1800,158.3353467450327,63.47349100106172,371.4665291308375,346,154
1900,167.88010035449327,81.21959075978847,357.20847481935795,343,157
2000,183.63720618276605,112.47289547155577,340.56363493056307,344,156
2100,207.19792784978839,120.99536360149642,390.37837687740887,340,160
2200,231.05341131133912,141.16520229950183,408.68963388235085,332,168
2300,252.30220827150788,153.76351801162542,435.3026330398611,325,175
2400,277.77012502841774,155.58252947199068,502.70638048456743,324,176
2500,303.17855903312665,179.63899619462336,532.6091757332041,325,175
2600,311.7553348887749,212.60720139932306,502.51402446789575,329,171
2700,332.55362705059997,233.7963803888377,534.8855470405521,336,164
2800,351.3153555479086,234.46028660730622,604.2548085712382,342,158
2900,367.6813436059908,262.66275355655864,605.8607602540491,347,153
3000,373.93384088686736,284.73639657618634,556.6798243526528,336,164
3100,388.19431783330776,296.2284830121378,580.0736522132796,338,162
3200,406.99071727234974,287.08760544532197,657.1589382447904,338,162
3300,426.1479701807377,277.98315218614044,716.3406018742978,331,169
3400,457.4170084405951,316.99744236908583,753.0830512868166,339,161
3500,482.40840022037895,306.70133829627554,852.3754436506338,339,161
3600,499.57600344476145,320.50339596998947,883.6248031233607,341,159
3700,515.3257444244472,348.27929477143533,867.0570887248881,339,161
3800,541.0789896947858,352.0350893782098,946.5127633297066,341,159
3900,555.6675240326726,365.2741066377588,983.4345527251417,346,154
4000,576.6236762450463,368.4863407179819,1057.682815973162,349,151
4100,595.134803239675,385.8555732327154,1043.9663594181231,341,159
4200,598.5776546594204,397.35862999115966,1003.4400295943549,334,166
4300,617.28964676058,400.1156304252201,1042.6423059736223,331,169
4400,643.4973084498312,415.4360716722377,1063.3373125176738,324,176
4500,675.6749374046095,404.1135146725828,1154.283190727905,319,181
4600,703.2778778156596,400.62703395062226,1241.3238224646152,320,180
4700,732.324821282686,418.96811115937714,1265.8781385196712,315,185
4800,767.8226834687389,434.91078811827026,1329.8352379851217,314,186
4900,818.5008156913724,464.93971826163175,1415.3727758684613,314,186
5000,846.6047206431663,473.4359043579044,1471.213488008337,313,187
5100,869.482875436949,515.5434167266889,1432.4850196030106,307,193
5200,912.6250394549419,514.3748900835673,1500.142586547366,298,202
5300,952.3516036712059,579.1408899426738,1507.5257499638983,299,201
5400,996.3618294701095,583.1685538841949,1571.6692131806412,291,209
5500,1035.6408637821194,607.5047836967478,1576.1384490482674,279,221
5600,1070.2963807688022,678.9555987052755,1552.4841300970763,276,224
5700,1107.114921766247,763.2294478835014,1548.356100583834,281,219
5800,1114.4419749525744,814.7061953315143,1499.034459306537,281,219
5900,1161.2573680843389,815.5885405416491,1594.1219359080685,278,222
6000,1199.8375185373072,843.2705291842824,1639.1789875615698,276,224
6100,1275.609983073906,858.7350726591794,1793.4321812123787,277,223
6200,1333.586840368355,860.1733754714887,1912.2032974645247,275,225
6300,1387.5551634248864,864.3474876554935,1991.9502371584952,268,232
6400,1460.1016500038934,911.5489566837367,2040.2582021984626,257,243
6500,1539.3953566701794,919.7074632992384,2194.7854331982935,257,243
6600,1590.285967289852,916.4675925962965,2274.9723802849167,252,248
6700,1662.4544900491076,916.6192489585509,2432.5445357279755,254,246
6800,1723.0746770289845,1076.8695669463195,2428.7631026841127,261,239
6900,1771.900654911228,1159.8948824800316,2467.599524427032,266,234
7000,1818.2775054806343,1173.1771083486465,2563.479688374482,268,232
7100,1861.519397377484,1283.9711434968367,2507.5903254473606,264,236
7200,1928.4306008843364,1304.8546238302413,2654.5861758953824,269,231
7300,2003.248438148241,1355.4058122850483,2733.7943779514153,265,235
7400,2060.6497615792678,1426.3915979033845,2787.4606186670826,267,233
7500,2158.2519005466124,1440.739693401232,2941.811256466881,261,239
7600,2203.133830943533,1487.6123522965333,2997.151336783875,263,237
7700,2239.099967188743,1625.057806841989,2931.530488430826,265,235
7800,2230.943676086316,1655.927912895174,2884.594073560008,266,234
7900,2234.3143664680492,1687.0232311625125,2841.6458794864293,263,237
8000,2224.12644143847,1669.0140580199102,2840.137229789025,263,237
8100,2230.7172699420657,1716.8696892054536,2774.16923804622,257,243
8200,2267.406502214884,1729.8740155779158,2835.907938699249,257,243
8300,2337.406103366795,1807.5617769133398,2867.25042982025,250,250
8400,2396.551261251657,1847.983239841482,2898.8798325812804,239,261
8500,2462.662217901514,1925.6802069324233,2946.5585547824066,237,263
8600,2530.898270188646,1972.973060752184,3066.9440596472086,245,255
8700,2611.926924695077,1922.0313974217777,3253.876044667529,241,259
8800,2705.088609403178,1997.7677425030702,3347.6167251368634,238,262
8900,2788.549977685427,2019.411876251221,3459.7453995362516,233,267
9000,2837.2620827337455,2015.1862563323416,3578.0680555745544,237,263
9100,2901.550581585735,2054.021324107776,3629.3545164459897,231,269
9200,2915.245353044628,2036.4939033541198,3682.095869066681,233,267
9300,2949.424679777827,2120.945288950534,3660.869807216879,231,269
9400,3014.3596438046825,2121.460668261604,3762.819079186381,228,272
9500,3022.9135204624486,2120.760481016354,3726.0149996037117,219,281
9600,3075.976571435841,2222.5050746812044,3768.6490905410515,224,276
9700,3161.493627708827,2241.7717772455644,3932.436943538326,228,272
9800,3239.463245381315,2217.0096300545197,4069.2806723132085,224,276
9900,3324.5440247946167,2257.0323302520947,4177.0173923789325,222,278
10000,3486.913116877567,2215.530121245172,4461.789830843043,217,283
10100,3607.9498743932822,2214.8431112432613,4650.34444542162,214,286
10200,3735.9435789078047,2228.424366941362,4882.507486600591,216,284
10300,3868.8277603778806,2093.7007346806377,5229.967564534424,217,283
10400,3900.550289537626,1893.6881407002315,5477.370549338438,220,280
10500,3966.3305862765283,2008.2663813794834,5529.964591625967,222,278
10600,4016.8729281451015,1981.7936278983084,5642.008196687505,222,278
10700,4130.41699866009,2037.8577492956747,5721.940934796406,216,284
10800,4305.333322166485,2085.9866559578263,5860.3857481494215,206,294
10900,4474.432193371055,2070.119234179927,6077.307499498475,200,300
11000,4668.762256270483,2067.1944140951414,6236.373648350497,188,312
11100,4894.999670697586,2180.1129561294324,6503.1809729577035,186,314
11200,5110.598352002574,2102.477847565593,6892.478650809195,186,314
11300,5307.073978293544,2119.573728139674,7147.176646363446,183,317
11400,5492.023981751926,2147.3716633011427,7308.872154737537,176,324
11500,5587.767974546529,2162.684307013287,7305.45257658272,167,333
11600,5655.123194763256,2101.3495995429403,7312.161322739886,159,341
11700,5737.611569781598,2059.0506349525717,7437.063697568107,158,342
11800,5930.4616214039315,2172.8477220330046,7480.211986681205,146,354
11900,6109.754305909361,2321.6092208374203,7642.037711107002,144,356
12000,6358.044741143093,2397.7570199998418,7778.582728074912,132,368
12100,6600.932327466234,2389.0987551684034,8034.9882622700525,127,373
12200,6856.0915021506235,2477.667327813365,8269.233695984343,122,378
12300,7145.225340765895,2387.6321649934566,8566.324601061558,115,385
12400,7405.165046218136,2397.9083046935007,8867.232260151686,113,387
12500,7564.070746607947,2376.3521750652935,9027.273420632797,110,390
12600,7811.260991646503,2796.58272962151,9176.580518457378,107,393
12700,8026.633320902025,2714.689934219469,9354.619167572666,100,400
12800,8209.912507278454,2991.8010149115325,9498.174446790488,99,401
12900,8551.654215146276,3141.0840425397137,9820.800305016955,95,405
13000,8900.626678564366,3262.7712882697556,10022.789741860415,83,417
13100,9308.340267791984,3714.7335983596054,10310.967878350619,76,424
13200,9682.820276678476,3785.3122430471376,10691.05935502763,73,427
13300,10030.213973032329,3971.0085789337136,10983.977785066369,68,432
13400,10354.373672558184,3556.1703938222468,11334.43501480158,63,437
13500,10682.681831479078,3032.5931883518015,11476.399637719654,47,453
13600,11029.973085919342,3993.300823409403,11559.615084172781,35,465
13700,11306.173726712626,5250.500090602293,11734.090707422776,33,467
13800,11623.53894750353,5510.078946533809,11972.510237199476,27,473
13900,12001.469064034902,6692.863960908019,12188.314378223635,17,483
14000,12447.178097133423,5849.074029385223,12568.12094155243,9,491
14100,12922.550416619528,5739.067092582139,12965.911482961807,3,497
14200,13415.590583688867,3214.790144411897,13436.033069539122,1,499
14300,13850.42623236559,2802.594108581263,13872.56617650143,1,499
14400,14383.118381339096,5363.77879923779,14437.561074993631,3,497
14500,14806.04576977374,8189.336478587756,14886.410659950086,6,494
14600,15226.768872292507,9099.797760287132,15339.07587841888,9,491
14700,15653.527945701953,6188.966102356795,15926.169644892967,14,486
14800,16122.794787982599,5481.416906134296,16317.850594370855,9,491
14900,16648.85138454034,6843.826671852352,16727.92416448137,4,496
15000,17258.563746398784,5203.7525690091525,17331.329206222057,3,497
15100,17815.86981032672,6615.093491055699,17906.19865161117,4,496
15200,18422.272410751,6640.862895661313,18517.283777808174,4,496
15300,19071.22484274515,6628.987600717279,19171.565465664724,4,496
15400,19696.387410599367,4726.587193697869,19817.11160589696,4,496
15500,20269.45098054235,10393.050211433168,20349.09937384162,4,496
15600,20771.055149969874,10174.971671972873,21009.41285601889,11,489
15700,21359.124355570806,10397.140279560272,21721.503994447186,16,484
15800,22038.50220233608,7685.204718023839,22636.55626418242,20,480
15900,22618.232848564847,6807.55978898176,23380.59234619674,23,477
16000,23284.017205438435,11059.569544589673,24064.301098684096,30,470
16100,24050.44386691993,10553.629160777145,25192.256824706416,39,461
16200,24750.78908636216,12345.855703427096,25829.47894574782,40,460
16300,25343.122470182858,11941.807740662176,26799.14114367845,49,451
16400,25947.562771803165,11303.676713883868,27982.362429053912,61,439
16500,26493.514355078743,9781.126226372926,29035.029600457972,66,434
16600,27050.251009647796,8936.687721714652,29901.460045711345,68,432
16700,27708.051655508498,8710.01281186292,30249.73939195995,59,441
16800,28414.802974890492,8876.916869679135,30634.028345415612,51,449
16900,29078.583748263412,10523.838146471135,30648.29107683152,39,461
17000,29764.072560547316,9301.823386930324,31116.58796434716,31,469
17100,30518.493360674027,10124.144858137734,31280.108035042605,18,482
17200,31233.398695403248,3192.8187336834667,31402.657729377417,3,497
17300,31867.59460611544,9693.040554847908,32136.921173539737,6,494
17400,32598.13792409683,14420.74314399212,32893.705318895285,8,492
17500,33200.403973451816,7340.412971794089,33461.61600377159,5,495
17600,33958.53997301815,14444.703844122752,34155.64942886558,5,495
17700,34754.44834808567,13299.052732593836,34971.16951591892,5,495
17800,35518.374450138,20955.243055585295,35606.28067585964,3,497
17900,36352.81750414923,2266.4320402078515,36421.126893856526,1,499
18000,37271.59655744738,10387.596675954463,37379.564428457394,2,498
18100,38189.92332545632,10197.644824025983,38302.34211461869,2,498
18200,39029.687671632586,,39029.687671632586,0,500
18300,39770.477706970974,,39770.477706970974,0,500
18400,40535.534285575704,,40535.534285575704,0,500
18500,41346.5760681254,,41346.5760681254,0,500
18600,42243.80654123655,,42243.80654123655,0,500
18700,43326.524870630994,,43326.524870630994,0,500
18800,44294.84988303903,,44294.84988303903,0,500
18900,45164.23660065783,,45164.23660065783,0,500
19000,46220.28680089968,,46220.28680089968,0,500
19100,47238.29500925767,,47238.29500925767,0,500
19200,48282.56254252716,,48282.56254252716,0,500
19300,49182.74090851984,,49182.74090851984,0,500
19400,50045.040005616276,,50045.040005616276,0,500
19500,51077.836169363705,,51077.836169363705,0,500
19600,52197.68979265052,,52197.68979265052,0,500
19700,53359.70131967188,,53359.70131967188,0,500
19800,54461.36622113519,,54461.36622113519,0,500
19900,55538.95304175161,,55538.95304175161,0,500
20000,56708.17414229784,,56708.17414229784,0,500
20100,57890.23943259869,,57890.23943259869,0,500
20200,59058.43524753064,,59058.43524753064,0,500
20300,60109.33691908103,8410.503171835038,60421.40231393362,3,497
20400,61136.0252311865,8233.400805265104,61455.35696816389,3,497
20500,62235.09140831083,,62235.09140831083,0,500
20600,63367.28426155648,,63367.28426155648,0,500
20700,64624.889484359985,,64624.889484359985,0,500
20800,65967.03658444276,,65967.03658444276,0,500
20900,67273.80888445047,,67273.80888445047,0,500
21000,68527.67665182358,,68527.67665182358,0,500
21100,69805.52745774286,,69805.52745774286,0,500
21200,70975.28350445142,,70975.28350445142,0,500
21300,72214.42994793033,,72214.42994793033,0,500
21400,73567.49685885549,,73567.49685885549,0,500
21500,74986.421485336,,74986.421485336,0,500
21600,76356.67546155765,,76356.67546155765,0,500
21700,77636.78608001219,1126.1896038439033,77790.11392866183,1,499
21800,79045.36563358881,,79045.36563358881,0,500
21900,80551.72909794893,,80551.72909794893,0,500
22000,81938.60037369128,,81938.60037369128,0,500
22100,83387.1365062022,,83387.1365062022,0,500
22200,84698.2322196742,,84698.2322196742,0,500
22300,86056.91191705635,,86056.91191705635,0,500
22400,87603.24037534314,,87603.24037534314,0,500
22500,89073.54708080515,,89073.54708080515,0,500
22600,90496.7620540579,,90496.7620540579,0,500
22700,91975.82882678509,,91975.82882678509,0,500
22800,93630.55171381522,,93630.55171381522,0,500
22900,95230.94244274797,,95230.94244274797,0,500
23000,96801.7878524881,,96801.7878524881,0,500
23100,98160.36396618313,,98160.36396618313,0,500
23200,99835.19862157138,,99835.19862157138,0,500
23300,101436.62128972694,,101436.62128972694,0,500
23400,102921.49054972586,,102921.49054972586,0,500
23500,104590.57258919315,,104590.57258919315,0,500
23600,106358.60537826341,,106358.60537826341,0,500
23700,108024.00196522057,,108024.00196522057,0,500
23800,109748.76125132224,,109748.76125132224,0,500
23900,111357.42058947824,,111357.42058947824,0,500
24000,112922.4930861132,,112922.4930861132,0,500
24100,114670.6344837283,,114670.6344837283,0,500
24200,116553.67967058734,,116553.67967058734,0,500
24300,118376.01187601236,,118376.01187601236,0,500
24400,120123.73579602937,,120123.73579602937,0,500
24500,121623.52644933388,,121623.52644933388,0,500
24600,123464.16788222585,,123464.16788222585,0,500
24700,125374.80175330603,,125374.80175330603,0,500
24800,127331.11039746426,,127331.11039746426,0,500
24900,129167.81358376244,,129167.81358376244,0,500
25000,131023.28693896571,,131023.28693896571,0,500
25100,132902.8642556722,,132902.8642556722,0,500
25200,134777.76681077905,,134777.76681077905,0,500
25300,136353.7925889704,,136353.7925889704,0,500
25400,138322.17053325777,,138322.17053325777,0,500
25500,140372.64988155873,,140372.64988155873,0,500
25600,142381.817993047,,142381.817993047,0,500
25700,144371.2191619785,,144371.2191619785,0,500
25800,146426.14163286317,,146426.14163286317,0,500
25900,148282.76798736418,,148282.76798736418,0,500
26000,150242.640688313,,150242.640688313,0,500
26100,152264.1703976301,,152264.1703976301,0,500
26200,154346.90349729807,,154346.90349729807,0,500
26300,156491.55296798405,,156491.55296798405,0,500
26400,158319.889015458,,158319.889015458,0,500
26500,160499.3963752505,,160499.3963752505,0,500
26600,162564.25650321276,,162564.25650321276,0,500
26700,164905.19475145178,,164905.19475145178,0,500
26800,167008.53557324363,,167008.53557324363,0,500
26900,169054.73123735882,,169054.73123735882,0,500
27000,171386.25940167494,,171386.25940167494,0,500
27100,173438.3905619554,,173438.3905619554,0,500
27200,175510.5761481382,,175510.5761481382,0,500
27300,177575.36310119915,,177575.36310119915,0,500
27400,179953.69198216143,,179953.69198216143,0,500
27500,182314.2441298102,,182314.2441298102,0,500
27600,184470.54263786346,,184470.54263786346,0,500
27700,186927.0712523548,,186927.0712523548,0,500
27800,189254.95888229605,,189254.95888229605,0,500
27900,191415.7917814704,,191415.7917814704,0,500
28000,193766.18285025284,,193766.18285025284,0,500
28100,196111.82482559825,,196111.82482559825,0,500
28200,198262.53171893512,,198262.53171893512,0,500
28300,200530.76557211476,,200530.76557211476,0,500
28400,203048.68482525556,,203048.68482525556,0,500
28500,205570.87331846976,,205570.87331846976,0,500
28600,208114.6764405808,,208114.6764405808,0,500
28700,210443.16769772777,,210443.16769772777,0,500
28800,212914.09110210475,,212914.09110210475,0,500
28900,215421.02950462236,,215421.02950462236,0,500
29000,217969.1336824692,,217969.1336824692,0,500
29100,220285.86663074678,,220285.86663074678,0,500
29200,222897.42449720393,,222897.42449720393,0,500
29300,225288.91244808162,,225288.91244808162,0,500
29400,227896.6984474194,,227896.6984474194,0,500
29500,230422.19767497436,,230422.19767497436,0,500
29600,233099.54713157326,,233099.54713157326,0,500
29700,235722.5954062021,,235722.5954062021,0,500
29800,238419.36448369068,,238419.36448369068,0,500
29900,241026.38050535804,,241026.38050535804,0,500
30000,243452.73362512773,,243452.73362512773,0,500
