step,msd_global,msd_round,msd_elongated,n_round,n_elongated
0,0.0,0.0,,500,0
100,11.981894172624035,11.981894172624035,,500,0
200,169.11170564052549,,169.11170564052549,0,500
300,325.066352916844,,325.066352916844,0,500
400,479.53530650707074,,479.53530650707074,0,500
500,654.1848745273554,,654.1848745273554,0,500
600,776.163370866247,,776.163370866247,0,500
700,923.6208124637976,1169.4116641465553,921.6386281760335,4,496
800,1076.6029836318396,1170.4280149041062,1076.4149575170657,1,499
900,1222.8142694989067,1234.5483070774399,1222.7907543935391,1,499
1000,1362.6161512902067,1528.4339408676553,1362.2838511106927,1,499
1100,1480.034489537461,1238.5174105297888,1480.5184916998007,1,499
1200,1570.125485071779,1517.1087253298629,1570.3384037856017,2,498
1300,1690.7861428660037,970.0773757169258,1695.136497597286,3,497
1400,1811.8870704406722,924.0877369967778,1817.2460201395286,3,497
1500,1931.0617896473548,1434.2411505039634,1936.0801799417325,5,495
1600,2068.0967302784343,868.2464168984861,2080.216430413586,5,495
1700,2199.284261139095,401.41672960537653,2213.7831928450128,4,496
1800,2250.601711739011,,2250.601711739011,0,500
1900,2364.742337768453,1218.915080242558,2367.0385847775233,1,499
2000,2526.948451880361,1343.9688411673126,2529.3191525030315,1,499
2100,2614.842600014531,331.3709703959064,2619.418695464669,1,499
2200,2772.3361497762003,3472.4900467316716,2769.5242867362185,2,498
2300,2974.2903958427914,3352.616477340923,2972.7710139893857,2,498
2400,3099.435097220974,6950.519130332778,3076.1891171418283,3,497
2500,3231.494690745777,1906.627262178763,3234.1497356928053,1,499
2600,3411.223790892909,5767.93518463349,3401.7590865003763,2,498
2700,3554.229137063096,5668.516970850939,3545.7380212647513,2,498
2800,3805.983802318289,3920.2750057531302,3804.361006326313,7,493
2900,3923.4736666172203,4249.0746658891685,3914.094213963296,14,486
3000,4033.8614957747045,3564.0875619383673,4045.4133138198604,12,488
3100,4253.01988307219,3196.5997543885023,4270.197446140218,8,492
3200,4431.370382274266,2712.1287366210086,4445.235234255341,4,496
3300,4575.29312538513,,4575.29312538513,0,500
3400,4788.14346736699,3145.6522700804794,4794.739817556895,2,498
3500,4888.409065119456,1073.3122776828957,4911.437818363539,3,497
3600,5162.845343903991,5212.184452096829,5162.246083480597,6,494
3700,5402.971295077375,1044.772927114465,5420.474099767989,2,498
3800,5652.699190950306,,5652.699190950306,0,500
3900,5947.226064089656,3931.314520791826,5951.265966982036,1,499
4000,6235.817687663516,8742.198899847926,6225.751899662775,2,498
4100,6356.8858791953435,10461.822814148138,6340.400188693525,2,498
4200,6482.246133296534,2192.4256779890184,6499.474327896162,2,498
4300,6780.64219879093,3234.0511751948848,6802.0501928971435,3,497
4400,7013.20144826833,1586.748009365633,7024.076104458517,1,499
4500,7190.036366484897,13433.081961666476,7177.525253067699,1,499
4600,7496.791809594452,8263.84398551549,7492.161715977223,3,497
4700,7817.26081990627,6128.712942161524,7827.453261824248,3,497
4800,8161.757509569201,8079.311208978437,8162.255173355463,3,497
4900,8490.016788232037,12661.077663589858,8456.379200527539,4,496
5000,8733.745196896396,11047.039901337468,8729.109335765253,1,499
5100,8960.661138932877,12625.40930291371,8916.150027629466,6,494
5200,9156.57677016594,1036.2415104530123,9172.849987119273,1,499
5300,9374.36706407697,5666.463709056927,9396.748774469446,3,497
5400,9647.462548828009,5523.171916692442,9664.025965021325,2,498
5500,9898.851040103387,3890.4888001406594,9922.981008938581,2,498
5600,10047.084691708244,2673.55735155746,10091.592905029074,3,497
5700,10128.14085797149,61.69846226188099,10148.314089225414,1,499
5800,10329.317985817905,,10329.317985817905,0,500
5900,10637.70402192771,,10637.70402192771,0,500
6000,10960.10568728425,,10960.10568728425,0,500
6100,11338.945395519611,,11338.945395519611,0,500
6200,11762.880322858062,,11762.880322858062,0,500
6300,12102.364687369198,,12102.364687369198,0,500
6400,12506.832073997903,,12506.832073997903,0,500
6500,12630.212097234824,,12630.212097234824,0,500
6600,12674.860794171536,,12674.860794171536,0,500
6700,12666.416786109943,,12666.416786109943,0,500
6800,12778.675753303789,,12778.675753303789,0,500
6900,13117.913131999663,12832.450078881011,13118.485202246397,1,499
7000,13473.170999682181,12162.743443360596,13481.081025173056,3,497
7100,13471.006757393376,,13471.006757393376,0,500
7200,13534.157466460123,13601.085332434437,13534.023342480215,1,499
7300,13467.968082718098,8101.427496063584,13500.36168786893,3,497
7400,13562.152960006599,10006.692979481124,13583.614489064097,3,497
7500,13821.996192181092,,13821.996192181092,0,500
7600,14077.685616502411,2629.021239184585,14100.628831687418,1,499
7700,14333.903154110825,13834.669506380596,14336.916636893904,3,497
7800,14580.753338436138,,14580.753338436138,0,500
7900,14904.796402183038,9334.233092476416,14927.168142382663,2,498
8000,15030.774948332044,845.917162620756,15059.201517040885,1,499
8100,15211.418866556149,,15211.418866556149,0,500
8200,15672.020258908879,30115.83576906918,15643.074736844434,1,499
8300,16146.578069913368,9448.478733262933,16173.478067249314,2,498
8400,16527.65197195615,12063.630225648132,16536.597907319494,1,499
8500,16854.248153273238,4547.222653590483,16878.911531028116,1,499
8600,17200.774991677037,11496.479808186365,17235.20735696974,3,497
8700,17612.237367853166,20664.653191770893,17593.812322638372,3,497
8800,18133.698102290222,18242.46441838516,18132.59945263269,5,495
8900,18579.972709524325,25150.054757274498,18513.608244395542,5,495
9000,19088.503767416933,13510.4906839371,19144.847333916732,5,495
9100,19400.0437700156,15039.55113234019,19453.00521905619,6,494
9200,19665.21176590818,,19665.21176590818,0,500
9300,20104.419141258048,3875.1117359354175,20136.942803392958,1,499
9400,20556.28809531349,9362.06113612718,20601.24483008934,2,498
9500,20942.141248609274,16872.981842983212,20966.703579025525,3,497
9600,21346.513288396458,18858.054643476444,21361.534165528774,3,497
9700,21830.889036502696,27260.285216401782,21787.10358343899,4,496
9800,22119.349026622713,26389.767369613244,22110.79107403155,1,499
9900,22410.528527820225,,22410.528527820225,0,500
10000,22427.23082428225,21885.198524794912,22428.317061355367,1,499
10100,22623.03870867832,15922.912395957881,22690.716752241155,5,495
10200,22857.423584156215,15613.19729287693,22901.151308248445,3,497
10300,23034.83085943571,13112.571504204643,23074.679290581218,2,498
10400,23061.318569953055,13915.692362629274,23098.047992472428,2,498
10500,23272.148122448096,14766.054893676446,23306.309139431112,2,498
10600,23318.90050023612,15681.354202662997,23349.573376933204,2,498
10700,23353.671500079035,16672.81069480648,23380.50226636527,2,498
10800,23469.064494493625,17420.308218878912,23493.356688371598,2,498
10900,23474.586225792493,17817.642686404975,23497.304874545054,2,498
11000,23476.356713026704,17270.794664249534,23513.81483404548,3,497
11100,23662.459901986673,19424.731121456727,23696.63513408772,4,496
11200,24252.054674183786,19640.25431770875,24270.575960755978,2,498
11300,24943.452065640642,29157.817578730806,24926.526902937465,2,498
11400,25566.619999356666,22533.661271418507,25609.68432206573,7,493
11500,26313.531467548215,13536.66989342035,26390.655380470518,3,497
11600,26680.537446564602,19294.66781736244,26710.19957358951,2,498
11700,27124.771735074362,,27124.771735074362,0,500
11800,27530.859589643307,,27530.859589643307,0,500
11900,27999.604786221324,,27999.604786221324,0,500
12000,28639.470508681083,,28639.470508681083,0,500
12100,29337.584716475314,,29337.584716475314,0,500
12200,30201.32975707741,,30201.32975707741,0,500
12300,30999.467511677278,,30999.467511677278,0,500
12400,31957.87583822447,,31957.87583822447,0,500
12500,32849.029864645556,27793.214172975648,32859.161759819246,1,499
12600,33774.41047131116,,33774.41047131116,0,500
12700,34557.48887066756,8045.7173833909055,34663.9618485281,2,498
12800,35306.49897730328,26867.461493384817,35357.43884139131,3,497
12900,35887.97829057795,37836.570843625916,35868.29553751687,5,495
13000,36464.18229034903,40312.164492352014,36425.31378325808,5,495
13100,37056.76382465298,40445.67169437534,37036.30764032871,3,497
13200,37217.20226647976,,37217.20226647976,0,500
13300,37446.33344189117,,37446.33344189117,0,500
13400,37701.89949027031,19678.77120797541,37810.69100907692,3,497
13500,37904.74698851862,17269.891365403262,38029.30346109276,3,497
13600,38254.69028897059,4663.1706660624,38322.0079635656,1,499
13700,38464.25192243952,,38464.25192243952,0,500
13800,39006.99211673603,,39006.99211673603,0,500
13900,39600.44348806029,,39600.44348806029,0,500
14000,40053.35896656048,77986.55413831971,39977.340539362565,1,499
14100,40744.38192861825,43427.893396044354,40728.183670263556,3,497
14200,41568.799232215446,49342.28516360076,41506.109829542984,4,496
14300,42358.58867235288,,42358.58867235288,0,500
14400,43025.8069908013,,43025.8069908013,0,500
14500,43769.33821286288,,43769.33821286288,0,500
14600,44656.91636132594,,44656.91636132594,0,500
14700,45543.080937503946,,45543.080937503946,0,500
14800,46379.56547843079,21276.21465118668,46429.872794717856,1,499
14900,47058.79603618938,,47058.79603618938,0,500
15000,47661.90193448441,,47661.90193448441,0,500
15100,47831.30094528507,29871.79255421616,47867.29194406477,1,499
15200,48112.91589528562,,48112.91589528562,0,500
15300,48325.91882536438,,48325.91882536438,0,500
15400,48340.15587209577,,48340.15587209577,0,500
15500,48431.79546477254,,48431.79546477254,0,500
15600,48880.92396235395,,48880.92396235395,0,500
15700,49581.839550042496,,49581.839550042496,0,500
15800,50281.96728034848,,50281.96728034848,0,500
15900,50983.30107819151,,50983.30107819151,0,500
16000,51739.08587552877,,51739.08587552877,0,500
16100,52531.8434228132,,52531.8434228132,0,500
16200,53323.51219610249,,53323.51219610249,0,500
16300,54295.09435657392,11434.485415281086,54467.22531617751,2,498
16400,55283.68673906344,11720.815080037682,55458.638030866765,2,498
16500,56550.72929642242,12299.59602188807,56728.444691099256,2,498
16600,57551.81823375467,12634.98771077931,57732.20711135698,2,498
16700,58690.36263430234,17502.195211433067,58938.98336321301,3,497
16800,59584.32231884659,13646.828007911761,59768.81024780618,2,498
16900,60672.47443366483,14235.153223820413,60858.96969956782,2,498
17000,61684.61462379044,14642.190509989903,61873.540021837835,2,498
17100,62778.19360634844,15222.264831607241,62969.18127211045,2,498
17200,63774.949268002325,15915.973350857388,63967.15399056114,2,498
17300,64751.240883108825,16408.719377950245,65043.04684792868,3,497
17400,65573.29620888778,16905.660948826684,65768.7485593298,2,498
17500,66145.02624193928,17456.53723783674,66340.56234235736,2,498
17600,66660.78738538055,17643.078316824704,66857.64565473217,2,498
17700,67254.19872483065,,67254.19872483065,0,500
17800,67499.02348129137,,67499.02348129137,0,500
17900,67730.48663286853,,67730.48663286853,0,500
18000,67770.38246731105,,67770.38246731105,0,500
18100,67716.17867247289,,67716.17867247289,0,500
18200,67906.62439472604,,67906.62439472604,0,500
18300,68297.48730664197,,68297.48730664197,0,500
18400,68996.19907051865,,68996.19907051865,0,500
18500,69777.59939855221,,69777.59939855221,0,500
18600,70549.9748884443,,70549.9748884443,0,500
18700,71399.94162320832,,71399.94162320832,0,500
18800,72234.23249205644,29568.533924868374,72319.7348939947,1,499
18900,72990.00956414125,,72990.00956414125,0,500
19000,73969.29826497429,,73969.29826497429,0,500
19100,75078.63238149305,29170.769669914436,75170.63210636596,1,499
19200,76315.23175596514,,76315.23175596514,0,500
19300,77447.12225768295,27261.87383840722,77547.69389780173,1,499
19400,78479.17520454589,,78479.17520454589,0,500
19500,79162.15485063619,,79162.15485063619,0,500
19600,80062.67392844314,53480.829512669334,80115.94415773326,1,499
19700,80954.95268037602,,80954.95268037602,0,500
19800,81910.96860504113,,81910.96860504113,0,500
19900,82929.0537994049,,82929.0537994049,0,500
20000,83639.88367282256,,83639.88367282256,0,500
20100,84353.24908709596,,84353.24908709596,0,500
20200,84939.97229350731,,84939.97229350731,0,500
20300,85190.84645134474,89362.34426119324,85182.48673629494,1,499
20400,85425.74495154312,,85425.74495154312,0,500
20500,85907.46821242991,,85907.46821242991,0,500
20600,86104.3242200146,37451.66201304653,86201.82454507866,1,499
20700,86647.27551038173,,86647.27551038173,0,500
20800,87241.81899311322,,87241.81899311322,0,500
20900,87668.46574210534,,87668.46574210534,0,500
21000,88550.66122085668,,88550.66122085668,0,500
21100,89548.24328371724,,89548.24328371724,0,500
21200,91053.07648789213,,91053.07648789213,0,500
21300,92997.92129942705,,92997.92129942705,0,500
21400,94659.02490138073,,94659.02490138073,0,500
21500,96380.82454965147,,96380.82454965147,0,500
21600,98106.15911541527,,98106.15911541527,0,500
21700,100293.31983293244,,100293.31983293244,0,500
21800,102536.9580459882,,102536.9580459882,0,500
21900,104634.21230685193,14141.303848396037,104815.56082079672,1,499
22000,106729.84430395771,,106729.84430395771,0,500
22100,108746.33161487292,,108746.33161487292,0,500
22200,111090.10214750878,,111090.10214750878,0,500
22300,113254.73685034356,,113254.73685034356,0,500
22400,115304.90079490178,,115304.90079490178,0,500
22500,116950.26682519415,,116950.26682519415,0,500
22600,118660.23268863048,,118660.23268863048,0,500
22700,120070.65096873723,,120070.65096873723,0,500
22800,121685.31797031822,,121685.31797031822,0,500
22900,122470.27484977125,,122470.27484977125,0,500
23000,123529.44464356631,,123529.44464356631,0,500
23100,124217.47674935151,,124217.47674935151,0,500
23200,124540.79115047924,,124540.79115047924,0,500
23300,125157.59950389722,,125157.59950389722,0,500
23400,125466.08907890912,,125466.08907890912,0,500
23500,125929.16648002133,,125929.16648002133,0,500
23600,125741.15483985949,,125741.15483985949,0,500
23700,125890.1405922299,,125890.1405922299,0,500
23800,126337.82867487842,,126337.82867487842,0,500
23900,127144.049560114,,127144.049560114,0,500
24000,128122.54491140648,,128122.54491140648,0,500
24100,129249.80367306733,,129249.80367306733,0,500
24200,130352.47666875609,,130352.47666875609,0,500
24300,131698.02960968053,,131698.02960968053,0,500
24400,133343.79877710965,,133343.79877710965,0,500
24500,134928.72681228106,,134928.72681228106,0,500
24600,136537.09763054232,,136537.09763054232,0,500
24700,138019.29701990608,,138019.29701990608,0,500
24800,139826.9213406394,,139826.9213406394,0,500
24900,141628.2922409346,,141628.2922409346,0,500
25000,143578.39918240745,,143578.39918240745,0,500
25100,145207.30933562227,,145207.30933562227,0,500
25200,147067.30405845356,,147067.30405845356,0,500
25300,148817.38325961877,,148817.38325961877,0,500
25400,150044.92186648762,,150044.92186648762,0,500
25500,151143.5269384663,,151143.5269384663,0,500
25600,152519.81855507838,,152519.81855507838,0,500
25700,153415.8582555878,,153415.8582555878,0,500
25800,154020.98719414946,,154020.98719414946,0,500
25900,154886.31048947896,53412.600629985565,155089.66461745388,1,499
26000,155545.43747783822,,155545.43747783822,0,500
26100,155729.476243609,,155729.476243609,0,500
26200,156335.08826154412,,156335.08826154412,0,500
26300,156983.28563024063,,156983.28563024063,0,500
26400,157541.98371519553,,157541.98371519553,0,500
26500,158876.33908815056,,158876.33908815056,0,500
26600,160628.32372886315,,160628.32372886315,0,500
26700,162374.60211708455,,162374.60211708455,0,500
26800,164173.07166004053,,164173.07166004053,0,500
26900,166235.49312271638,,166235.49312271638,0,500
27000,167875.07603143112,154331.18304946527,167956.82991260997,3,497
27100,169325.74136671552,,169325.74136671552,0,500
27200,170775.43053007664,,170775.43053007664,0,500
27300,172114.6902804419,132483.26353192102,172194.1119773327,1,499
27400,173580.13496436286,,173580.13496436286,0,500
27500,174757.37164979742,,174757.37164979742,0,500
27600,175644.77725926865,,175644.77725926865,0,500
27700,176659.04874194073,229019.62179403144,176448.76531602876,2,498
27800,177880.056669943,,177880.056669943,0,500
27900,179628.63257965253,,179628.63257965253,0,500
28000,181294.2943567543,,181294.2943567543,0,500
28100,183416.6086175692,,183416.6086175692,0,500
28200,185774.9947797671,,185774.9947797671,0,500
28300,188014.76233525938,,188014.76233525938,0,500
28400,190258.6772347061,,190258.6772347061,0,500
28500,192576.04363111765,,192576.04363111765,0,500
28600,194808.56203761083,,194808.56203761083,0,500
28700,197440.23403374513,,197440.23403374513,0,500
28800,199714.38134084592,,199714.38134084592,0,500
28900,201826.29363956393,,201826.29363956393,0,500
29000,203898.3604473462,,203898.3604473462,0,500
29100,205909.8875014002,,205909.8875014002,0,500
29200,208257.91465958816,,208257.91465958816,0,500
29300,210100.63484828058,,210100.63484828058,0,500
29400,211647.57139281093,,211647.57139281093,0,500
29500,212410.02223049008,250053.0065779782,212258.8455865243,2,498
29600,212476.20020283383,390780.90018056124,211760.11707039314,2,498
29700,212716.3442724945,,212716.3442724945,0,500
29800,212715.60594415013,230821.8021817313,212606.31300911444,3,497
29900,212832.081814991,,212832.081814991,0,500
30000,212135.81211067332,,212135.81211067332,0,500
