step,msd_global,n_round,n_elongated
0,0.0,500,0
100,0.0913803540335843,500,0
200,118.81211387920744,1,499
300,250.16882602105855,1,499
400,407.65204127786586,0,500
500,599.2314452766796,1,499
600,723.1369478284051,0,500
700,888.0288274881383,2,498
800,1045.7267220257118,2,498
900,1217.611410222389,3,497
1000,1385.7884162672497,0,500
1100,1572.2918074600948,1,499
1200,1695.5129167609834,4,496
1300,1841.4029427614803,2,498
1400,1993.5864833561272,0,500
1500,2159.11818241328,1,499
1600,2342.927281458307,2,498
1700,2511.644195693315,0,500
1800,2661.125243370612,3,497
1900,2833.7406588823787,2,498
2000,3035.809971361565,2,498
2100,3145.992903649273,3,497
2200,3280.3069014824696,1,499
2300,3440.836457693165,1,499
2400,3640.233190142703,2,498
2500,3727.890082150112,2,498
2600,3660.905582481054,0,500
2700,3708.4208854160124,1,499
2800,3833.3653194399785,4,496
2900,4040.232692653836,11,489
3000,4268.008305253817,13,487
3100,4542.390831871442,7,493
3200,4802.73053170988,7,493
3300,5002.331509376962,6,494
3400,5170.1058248907875,4,496
3500,5370.407128866093,6,494
3600,5522.037294454469,5,495
3700,5631.881135418456,4,496
3800,5720.439382887989,5,495
3900,5909.459888212152,2,498
4000,6130.6965094284415,0,500
4100,6389.172841331977,1,499
4200,6557.502111319025,0,500
4300,6607.759361471188,3,497
4400,6682.743339114218,9,491
4500,6894.948046298854,5,495
4600,7126.326416754372,1,499
4700,7279.104986254741,3,497
4800,7377.988365793334,2,498
4900,7558.4443662974,4,496
5000,7614.322857290492,2,498
5100,7818.4679022105265,2,498
5200,7927.164896682658,2,498
5300,8013.4570228368575,3,497
5400,8186.65705428281,3,497
5500,8357.980045717652,0,500
5600,8478.018150890957,4,496
5700,8697.374828371978,1,499
5800,8866.996360102288,0,500
5900,9131.348566869829,0,500
6000,9351.587406700359,2,498
6100,9537.681651374267,8,492
6200,9757.509645430182,11,489
6300,9963.426343729243,12,488
6400,10316.479033711978,4,496
6500,10507.080730744436,2,498
6600,10784.316046388216,2,498
6700,11117.50743557639,1,499
6800,11380.253027820441,1,499
6900,11749.111839753532,2,498
7000,12054.111713208924,0,500
7100,12276.867130869125,3,497
7200,12321.880213691093,6,494
7300,12405.740123631289,2,498
7400,12456.083212765232,5,495
7500,12471.720759837428,4,496
7600,12362.127399682317,1,499
7700,12300.085956507266,0,500
7800,12396.122725411728,1,499
7900,12699.424049771795,0,500
8000,13013.023720598183,2,498
8100,13251.221682172358,4,496
8200,13633.83607796882,1,499
8300,14069.063374039762,0,500
8400,14475.082804437436,2,498
8500,14916.020281046316,5,495
8600,15126.516186179779,4,496
8700,15670.462948667515,2,498
8800,16040.30213490529,0,500
8900,16080.277932598454,1,499
9000,16033.562685678087,1,499
9100,15956.7887856031,2,498
9200,16118.861519674558,4,496
9300,16335.75955733366,1,499
9400,16818.334532151574,3,497
9500,17212.962667509004,5,495
9600,17463.34225847149,4,496
9700,17559.131180092034,2,498
9800,17893.399300456127,0,500
9900,18248.815624989526,2,498
10000,18734.776170143377,0,500
10100,19037.11300173129,1,499
10200,19643.46228824544,0,500
10300,20093.255149492383,0,500
10400,20511.89657461632,0,500
10500,20709.8639218972,3,497
10600,20861.806156517097,5,495
10700,20847.447325834208,3,497
10800,20956.88697316516,0,500
10900,21491.740779869084,0,500
11000,21765.050764769545,0,500
11100,22148.311011405323,0,500
11200,22552.511489025343,0,500
11300,22667.083795345472,0,500
11400,22665.36021344665,1,499
11500,22951.38908411944,1,499
11600,23111.234885737354,1,499
11700,23307.060505800964,1,499
11800,23596.281242843932,1,499
11900,23907.44072232619,2,498
12000,24223.10322172049,4,496
12100,24743.316165415537,5,495
12200,25213.62198430088,4,496
12300,25827.675662959824,3,497
12400,26535.60225026384,3,497
12500,27002.19496496301,2,498
12600,27446.55398213503,1,499
12700,27846.35152687801,0,500
12800,28322.473667463884,0,500
12900,28615.351667856492,4,496
13000,29081.115177966432,6,494
13100,29411.255563886978,0,500
13200,29852.706805813035,4,496
13300,30228.81032590676,10,490
13400,30654.08650165029,9,491
13500,31144.81944232127,8,492
13600,31554.85915008795,8,492
13700,31942.827473050864,5,495
13800,32405.821104040922,4,496
13900,32833.373999332296,7,493
14000,33165.993736171156,5,495
14100,33524.14523908599,1,499
14200,33998.78539069298,1,499
14300,34742.25994368313,1,499
14400,35170.666481058346,0,500
14500,35631.15953930287,0,500
14600,36285.023022307614,0,500
14700,36807.38951027234,0,500
14800,36987.46310466524,2,498
14900,37376.27436856738,1,499
15000,37484.979405863734,0,500
15100,37993.941530275806,2,498
15200,38315.580989676746,1,499
15300,38540.86245101309,0,500
15400,38922.56422779402,2,498
15500,38946.14001113038,2,498
15600,38752.33226134463,0,500
15700,38877.078053246485,0,500
15800,38868.51161640941,0,500
15900,38746.92833282505,0,500
16000,38638.0965201664,3,497
16100,38701.36463677272,5,495
16200,38818.8785521396,6,494
16300,38827.36130027115,8,492
16400,39114.40656697315,10,490
16500,39543.46520429719,17,483
16600,39938.40290696386,16,484
16700,40461.65336713426,11,489
16800,41188.36488890408,11,489
16900,41749.54301755519,10,490
17000,42552.20875691107,8,492
17100,43249.948191311174,7,493
17200,44001.53269129873,6,494
17300,44762.940544539786,4,496
17400,45494.292607572796,2,498
17500,46319.23013113673,2,498
17600,47024.25200378721,0,500
17700,47687.42105986166,4,496
17800,48376.74256240172,4,496
17900,49291.43762901115,3,497
18000,50298.18562170857,3,497
18100,51248.14909380609,3,497
18200,52419.99704640976,3,497
18300,53330.29492228935,3,497
18400,54332.92727822742,3,497
18500,55306.55636489758,4,496
18600,55894.96472126056,4,496
18700,56234.27539753385,2,498
18800,56751.73885574163,2,498
18900,57122.067445516295,3,497
19000,57436.48039409579,3,497
19100,57855.61505819358,2,498
19200,58330.75481481131,2,498
19300,58497.508687370675,1,499
19400,58605.66232302983,1,499
19500,58996.200642585216,0,500
19600,59428.196045611156,0,500
19700,59910.53012900265,0,500
19800,60234.46649803271,2,498
19900,61153.710274463134,0,500
20000,61882.9614610087,1,499
20100,62720.84428023473,1,499
20200,63753.17515579769,3,497
20300,64595.85818378046,9,491
20400,64997.02479472776,6,494
20500,65406.97791205634,8,492
20600,66149.03660663888,8,492
20700,66573.18735936556,8,492
20800,67543.09719708413,6,494
20900,67816.3541671293,8,492
21000,68494.27745214161,4,496
21100,69302.9385011315,3,497
21200,70114.76129961992,1,499
21300,70798.49979718833,0,500
21400,71744.31273100252,2,498
21500,72549.90357122618,2,498
21600,73207.93374015379,1,499
21700,73975.79250401029,1,499
21800,74784.8153509544,1,499
21900,75968.55833641722,1,499
22000,76983.88998539584,1,499
22100,77877.33072291497,1,499
22200,78491.05566509532,1,499
22300,79025.08242891611,0,500
22400,79655.31966469288,0,500
22500,80122.19916917698,0,500
22600,80524.01318793674,0,500
22700,81192.09177182519,0,500
22800,82050.74001433903,0,500
22900,82656.18087020393,1,499
23000,83326.78970086035,1,499
23100,83379.57893256769,1,499
23200,83430.1465664524,0,500
23300,83642.05648440412,0,500
23400,83766.67033451932,1,499
23500,83701.91706630492,1,499
23600,84115.11792041166,1,499
23700,84166.31123302277,0,500
23800,84447.04289643544,0,500
23900,85195.34310751062,0,500
24000,85931.89896437062,0,500
24100,86200.87760355967,1,499
24200,86901.06688935851,5,495
24300,87476.18825352573,5,495
24400,88513.88445836138,7,493
24500,89638.61512320153,6,494
24600,90847.99546134175,6,494
24700,92101.21937148365,6,494
24800,93177.77171392881,6,494
24900,94100.2974776523,4,496
25000,95363.0517725102,1,499
25100,96764.53664873028,0,500
25200,98024.83383518962,0,500
25300,99172.90141639799,0,500
25400,100168.68910364923,0,500
25500,101365.92543356106,1,499
25600,102600.03317929608,1,499
25700,103981.51757938239,0,500
25800,105340.36022076005,0,500
25900,105942.72264980106,1,499
26000,106647.503740656,1,499
26100,106770.21458406099,1,499
26200,107020.85597916911,3,497
26300,107118.18686410435,3,497
26400,107554.2015522841,2,498
26500,107918.50617124753,2,498
26600,108090.43472512094,2,498
26700,108318.96882216181,1,499
26800,108494.67994284317,1,499
26900,108857.92619891536,1,499
27000,108828.08389888662,1,499
27100,109128.91399803617,1,499
27200,109363.06501427668,1,499
27300,109553.55786967579,1,499
27400,110150.83776870069,2,498
27500,111398.78208699239,2,498
27600,112922.32454830449,1,499
27700,114206.10384168933,1,499
27800,115701.84018839951,1,499
27900,117077.23048531053,1,499
28000,118631.24085286666,1,499
28100,119946.06197686876,1,499
28200,121508.05203195379,1,499
28300,123029.79875829403,1,499
28400,124425.882950702,1,499
28500,125673.11798284567,2,498
28600,127373.40067518753,5,495
28700,129132.47725085258,1,499
28800,130802.02483063459,1,499
28900,132378.59352708273,1,499
29000,133982.779779961,1,499
29100,135135.00148356933,1,499
29200,136310.83312712557,1,499
29300,137718.7847392006,1,499
29400,138983.4206294188,1,499
29500,140228.56817483593,1,499
29600,141795.35998114976,1,499
29700,143435.33743511885,1,499
29800,145286.35018756328,1,499
29900,146802.93571830142,1,499
30000,148014.25408262014,1,499
30100,149044.29748663338,0,500
30200,149727.84743870885,0,500
30300,150360.17841677184,0,500
30400,150328.9028872106,1,499
30500,150776.45513041824,2,498
30600,150986.34786226804,1,499
30700,150919.09114772885,3,497
30800,150537.57851389804,1,499
30900,150026.58656121927,1,499
31000,149875.34153071302,2,498
31100,149252.72985632395,2,498
31200,149226.9337691745,2,498
31300,149467.64949345303,2,498
31400,149175.433405517,2,498
31500,149442.5327887816,1,499
31600,149534.62946136307,1,499
31700,149872.33911004502,1,499
31800,151266.9890052442,1,499
31900,153057.55411775375,1,499
32000,155105.87272416134,1,499
32100,156674.70183012926,1,499
32200,158033.98757525205,1,499
32300,159295.38524368635,1,499
32400,160257.50632357757,1,499
32500,161936.603199992,1,499
32600,163932.621777371,1,499
32700,166026.2990912377,1,499
32800,167716.58660076055,1,499
32900,169227.95214888465,1,499
33000,170933.8101622881,1,499
33100,172672.2675443063,1,499
33200,174100.70001250948,1,499
33300,175743.78168506885,2,498
33400,176800.68171257197,3,497
33500,177762.8388869706,1,499
33600,178579.22019342537,1,499
33700,179829.3048376252,1,499
33800,180847.89021657442,1,499
33900,181804.99138826982,1,499
34000,182663.33186579766,1,499
34100,183012.1420023319,1,499
34200,183887.8204865935,4,496
34300,184444.50871656951,2,498
34400,184582.5783128444,2,498
34500,184947.13777863537,2,498
34600,185110.8981512596,0,500
34700,185459.93542588002,0,500
34800,185635.45664819432,0,500
34900,186492.21712683124,0,500
35000,187152.98653883403,0,500
35100,187009.53397116435,2,498
35200,187489.72166867895,0,500
35300,187826.33319915144,0,500
35400,188833.79154045627,0,500
35500,189322.05753182768,0,500
35600,189496.173112257,0,500
35700,189323.31406256635,0,500
35800,189534.66209832873,0,500
35900,190081.71543041262,0,500
36000,189906.06435262057,0,500
36100,189680.10837910906,0,500
36200,189311.59543918728,2,498
36300,188656.94988824593,3,497
36400,188135.90339555324,3,497
36500,187871.75774508066,2,498
36600,187518.17408510324,2,498
36700,187522.88937245266,1,499
36800,187636.04038030197,1,499
36900,187652.52526354647,0,500
37000,187452.76535846296,0,500
37100,187634.02043968052,2,498
37200,188302.69731339384,2,498
37300,188702.02128683173,0,500
37400,189387.3548094731,0,500
37500,190320.26279590052,0,500
37600,191077.82240925758,0,500
37700,191545.3561390298,0,500
37800,192170.14695930443,1,499
37900,192374.69537955167,0,500
38000,192855.28073688078,0,500
38100,193058.81159894823,0,500
38200,192351.3086386447,0,500
38300,192460.81970549017,1,499
38400,191288.73347940194,0,500
38500,191040.8370749329,0,500
38600,190411.2529315146,0,500
38700,188833.3126153773,0,500
38800,187731.07838586243,0,500
38900,187493.56775662472,0,500
39000,187552.6491570965,0,500
39100,188150.12275137551,0,500
39200,188368.46040008916,0,500
39300,189780.9301466468,1,499
39400,191758.3674382956,1,499
39500,193243.5527159008,3,497
39600,194593.12173662861,4,496
39700,195981.5622133962,4,496
39800,197958.41006798082,3,497
39900,199685.90591284138,2,498
40000,201657.99584047514,2,498
40100,203257.61678601976,2,498
40200,204822.68920370622,2,498
40300,207009.21457583975,2,498
40400,209014.18408297322,2,498
40500,210897.2281536287,1,499
40600,212688.21504825747,0,500
40700,214563.55033053795,0,500
40800,216085.60415414712,0,500
40900,216712.76957833528,1,499
41000,216867.32573026267,1,499
41100,217686.45364457986,0,500
41200,217969.58429646198,0,500
41300,218325.53284362072,0,500
41400,218910.4300081887,0,500
41500,219304.08726303067,1,499
41600,219607.49431010758,0,500
41700,220706.2835556437,1,499
41800,222432.8436271456,1,499
41900,223843.93446632702,3,497
42000,224798.1245610117,0,500
42100,225933.1164790206,0,500
42200,226607.0958977226,0,500
42300,227582.54921196718,1,499
42400,229382.64537764902,0,500
42500,231515.89070789152,0,500
42600,233995.45295305492,0,500
42700,236362.45545696598,0,500
42800,239039.20836090224,0,500
42900,242063.10338067287,0,500
43000,245034.9600473358,0,500
43100,247477.008353377,0,500
43200,249668.01217858505,0,500
43300,251723.23831957488,0,500
43400,253615.91469229848,0,500
43500,256042.75872231138,0,500
43600,257867.34728547954,0,500
43700,260245.49444405682,0,500
43800,262191.3638747423,0,500
43900,262975.4784126523,0,500
44000,264817.94969902665,0,500
44100,264704.88677342504,0,500
44200,264897.948251453,0,500
44300,263850.0484124501,0,500
44400,263964.98827299837,0,500
44500,262233.3824552216,0,500
44600,262480.14249430626,0,500
44700,262249.9321787563,1,499
44800,262314.039991583,0,500
44900,262368.06864896475,0,500
45000,262647.3589714609,0,500
45100,263195.61026533775,0,500
45200,264190.9422595743,0,500
45300,265334.90891799296,0,500
45400,266505.81405295763,0,500
45500,267848.8536843306,0,500
45600,269987.4872077644,0,500
45700,272150.2733757537,0,500
45800,275152.0870147545,0,500
45900,278496.6245822078,0,500
46000,281487.93928158114,0,500
46100,284779.8234575339,0,500
46200,287920.38921208034,0,500
46300,290979.6016563132,0,500
46400,294179.3636914081,0,500
46500,296830.05896109866,0,500
46600,299337.4715801901,1,499
46700,302472.3026109532,0,500
46800,305101.9887499177,0,500
46900,307513.7986031781,0,500
47000,309900.71496416954,0,500
47100,312454.60713072325,0,500
47200,314466.68616114976,0,500
47300,315402.7073555883,0,500
47400,316781.62870307267,0,500
47500,318294.39097165945,0,500
47600,319926.6196440072,0,500
47700,322040.37866147695,0,500
47800,323839.50298294285,0,500
47900,325590.7327229583,1,499
48000,325886.9984758631,2,498
48100,327077.58507923357,0,500
48200,327241.8327588024,0,500
48300,328006.6910413313,0,500
48400,328761.93566342903,0,500
48500,329605.6563346181,0,500
48600,330323.72283966426,1,499
48700,329991.48222625005,3,497
48800,330749.783392126,0,500
48900,330917.3998059534,0,500
49000,332443.50625112926,0,500
49100,334742.9472150081,1,499
49200,336528.1053304374,1,499
49300,338246.22930985934,3,497
49400,338789.16507858934,9,491
49500,339625.77596726414,9,491
49600,341295.00218028616,6,494
49700,342895.0473965072,4,496
49800,344373.7961798434,2,498
49900,344963.584071154,1,499
50000,347278.6742635499,2,498
