500
 Lattice="42.988320257742465 0.0 0.0 0.0 42.988320257742465 0.0 0.0 0.0 1.0"Properties=species:S:1:pos:R:3:aspherical_shape:R:3:orientation:R:4:Color:R:1
cell 12.672772524467758 38.968093182632906 0.0 1.0 1.0 1 0 0 0.0 1.0 0
cell 42.45213911454928 22.406266668079667 0.0 1.0 1.0 1 0 0 0.0 1.0 0
cell 27.904646940429775 33.472172493320834 0.0 1.0 1.0 1 0 0 0.0 1.0 0
cell 38.484182123553396 39.93649769238262 0.0 1.0 1.0 1 0 0 0.0 1.0 0
cell 17.785189407863907 37.16016091689619 0.0 1.0 1.0 1 0 0 0.0 1.0 0
cell 7.429939838108849 16.08770529645142 0.0 1.0 1.0 1 0 0 0.0 1.0 0
cell 8.426650050637248 10.77309120980374 0.0 1.0 1.0 1 0 0 0.0 1.0 0
cell 18.71098299409739 0.1695829095829474 0.0 1.0 1.0 1 0 0 0.0 1.0 0
cell 32.550661201788365 35.573718677292675 0.0 1.0 1.0 1 0 0 0.0 1.0 0
cell 4.806032981941803 33.938064250380684 0.0 1.0 1.0 1 0 0 0.0 1.0 0
cell 0.3866228252399367 28.422975120503917 0.0 1.0 1.0 1 0 0 0.0 1.0 0
cell 40.43006078367506 1.9720648320631318 0.0 1.0 1.0 1 0 0 0.0 1.0 0
cell 31.180087860122043 39.45943999594347 0.0 1.0 1.0 1 0 0 0.0 1.0 0
cell 9.068350641914602 14.803240239425657 0.0 1.0 1.0 1 0 0 0.0 1.0 0
cell 39.951643474828316 17.630013820178817 0.0 1.0 1.0 1 0 0 0.0 1.0 0
cell 3.311923611321623 5.5404905246341345 0.0 1.0 1.0 1 0 0 0.0 1.0 0
cell 3.6737575394682933 14.582204186209164 0.0 1.0 1.0 1 0 0 0.0 1.0 0
cell 2.0372730021028578 38.510746203065835 0.0 1.0 1.0 1 0 0 0.0 1.0 0
cell 37.77744476703374 41.829362326747095 0.0 1.0 1.0 1 0 0 0.0 1.0 0
cell 37.31533183034782 24.1171175727768 0.0 1.0 1.0 1 0 0 0.0 1.0 0
cell 23.022235979574685 3.1547764715939173 0.0 1.0 1.0 1 0 0 0.0 1.0 0
cell 14.92138212084485 30.333561048260062 0.0 1.0 1.0 1 0 0 0.0 1.0 0
cell 7.973972753091144 31.392446098924275 0.0 1.0 1.0 1 0 0 0.0 1.0 0
cell 11.122904130611605 40.23773095420609 0.0 1.0 1.0 1 0 0 0.0 1.0 0
cell 6.2360926134192205 8.05171576443753 0.0 1.0 1.0 1 0 0 0.0 1.0 0
cell 4.653284611675708 9.282213806930809 0.0 1.0 1.0 1 0 0 0.0 1.0 0
cell 20.348015796564045 5.402763881316928 0.0 1.0 1.0 1 0 0 0.0 1.0 0
cell 31.201624309342566 19.580581664614524 0.0 1.0 1.0 1 0 0 0.0 1.0 0
cell 7.671306267629476 29.38037465861784 0.0 1.0 1.0 1 0 0 0.0 1.0 0
cell 6.088022783441849 30.642097660809696 0.0 1.0 1.0 1 0 0 0.0 1.0 0
cell 17.230207137728453 21.809336948208973 0.0 1.0 1.0 1 0 0 0.0 1.0 0
cell 21.02586484631382 23.245358540091623 0.0 1.0 1.0 1 0 0 0.0 1.0 0
cell 20.948265960599645 34.56872106596102 0.0 1.0 1.0 1 0 0 0.0 1.0 0
cell 13.633227328981418 2.0091543371892917 0.0 1.0 1.0 1 0 0 0.0 1.0 0
cell 14.589879520582796 39.69362925928931 0.0 1.0 1.0 1 0 0 0.0 1.0 0
cell 40.35212029767773 8.111597310514382 0.0 1.0 1.0 1 0 0 0.0 1.0 0
cell 24.321961079278882 4.733670705671787 0.0 1.0 1.0 1 0 0 0.0 1.0 0
cell 42.84841285684408 13.102780809229225 0.0 1.0 1.0 1 0 0 0.0 1.0 0
cell 18.193431681638224 16.52631826873464 0.0 1.0 1.0 1 0 0 0.0 1.0 0
cell 13.677279396796703 33.62823583838806 0.0 1.0 1.0 1 0 0 0.0 1.0 0
cell 37.84125546813883 36.46691710782161 0.0 1.0 1.0 1 0 0 0.0 1.0 0
cell 32.82386922976868 18.3275195804547 0.0 1.0 1.0 1 0 0 0.0 1.0 0
cell 6.843760388162491 12.06503624098486 0.0 1.0 1.0 1 0 0 0.0 1.0 0
cell 35.85338954176133 36.84964097088024 0.0 1.0 1.0 1 0 0 0.0 1.0 0
cell 10.19799770533743 34.13037092746254 0.0 1.0 1.0 1 0 0 0.0 1.0 0
cell 37.277826823406166 10.853396334807329 0.0 1.0 1.0 1 0 0 0.0 1.0 0
cell 28.329384023931585 9.452873648746438 0.0 1.0 1.0 1 0 0 0.0 1.0 0
cell 26.992139200663264 27.443064288618608 0.0 1.0 1.0 1 0 0 0.0 1.0 0
cell 12.508625361299845 14.26906137688026 0.0 1.0 1.0 1 0 0 0.0 1.0 0
cell 33.18060596006575 39.07902961882044 0.0 1.0 1.0 1 0 0 0.0 1.0 0
cell 23.145390089884323 37.293839311403815 0.0 1.0 1.0 1 0 0 0.0 1.0 0
cell 16.02447976722717 13.760648409690386 0.0 1.0 1.0 1 0 0 0.0 1.0 0
cell 3.551614160864076 25.909995541032856 0.0 1.0 1.0 1 0 0 0.0 1.0 0
cell 26.063469451219987 21.45159920462584 0.0 1.0 1.0 1 0 0 0.0 1.0 0
cell 15.851789973919537 36.440295546666576 0.0 1.0 1.0 1 0 0 0.0 1.0 0
cell 9.735777716331063 7.552251455814926 0.0 1.0 1.0 1 0 0 0.0 1.0 0
cell 30.59712505958808 15.569116002233653 0.0 1.0 1.0 1 0 0 0.0 1.0 0
cell 1.3465359224160756 23.154022063715924 0.0 1.0 1.0 1 0 0 0.0 1.0 0
cell 4.768379033515385 2.257592010834049 0.0 1.0 1.0 1 0 0 0.0 1.0 0
cell 12.754860298632167 27.612928159811215 0.0 1.0 1.0 1 0 0 0.0 1.0 0
cell 26.300692181833515 34.74798046060773 0.0 1.0 1.0 1 0 0 0.0 1.0 0
cell 15.091200622032234 7.744225592879746 0.0 1.0 1.0 1 0 0 0.0 1.0 0
cell 35.08239964731633 32.67662975874754 0.0 1.0 1.0 1 0 0 0.0 1.0 0
cell 35.88151781154316 27.12370597561796 0.0 1.0 1.0 1 0 0 0.0 1.0 0
cell 27.670289498615162 11.374593351651564 0.0 1.0 1.0 1 0 0 0.0 1.0 0
cell 15.937271449442573 25.07959326830958 0.0 1.0 1.0 1 0 0 0.0 1.0 0
cell 17.899613023209053 14.509671861886059 0.0 1.0 1.0 1 0 0 0.0 1.0 0
cell 8.248550306680558 1.7744486751268667 0.0 1.0 1.0 1 0 0 0.0 1.0 0
cell 19.122474816889685 22.531826749976627 0.0 1.0 1.0 1 0 0 0.0 1.0 0
cell 27.597250278057427 31.466028177541194 0.0 1.0 1.0 1 0 0 0.0 1.0 0
cell 9.271620333620243 28.145010010935398 0.0 1.0 1.0 1 0 0 0.0 1.0 0
cell 27.681113073226026 20.13710419463729 0.0 1.0 1.0 1 0 0 0.0 1.0 0
cell 23.80621286846394 29.99037106031941 0.0 1.0 1.0 1 0 0 0.0 1.0 0
cell 1.2083876853286206 9.679124677843399 0.0 1.0 1.0 1 0 0 0.0 1.0 0
cell 22.217188864066433 31.26545430584671 0.0 1.0 1.0 1 0 0 0.0 1.0 0
cell 37.709957792430814 4.212147405656669 0.0 1.0 1.0 1 0 0 0.0 1.0 0
cell 39.49937015221677 26.90373350737557 0.0 1.0 1.0 1 0 0 0.0 1.0 0
cell 10.62403761421617 13.5545323636199 0.0 1.0 1.0 1 0 0 0.0 1.0 0
cell 4.1931056361263375 41.233579246838374 0.0 1.0 1.0 1 0 0 0.0 1.0 0
cell 24.348811789074613 10.097652553158298 0.0 1.0 1.0 1 0 0 0.0 1.0 0
cell 8.062799029926296 20.091346880430066 0.0 1.0 1.0 1 0 0 0.0 1.0 0
cell 11.545955259248139 6.284911915951774 0.0 1.0 1.0 1 0 0 0.0 1.0 0
cell 10.833109188256213 38.19207901578278 0.0 1.0 1.0 1 0 0 0.0 1.0 0
cell 35.582338995941555 25.12655385741067 0.0 1.0 1.0 1 0 0 0.0 1.0 0
cell 1.9725636567427438 27.171770804503936 0.0 1.0 1.0 1 0 0 0.0 1.0 0
cell 38.493290359202156 34.55802047023872 0.0 1.0 1.0 1 0 0 0.0 1.0 0
cell 34.97425658706665 6.44301697902038 0.0 1.0 1.0 1 0 0 0.0 1.0 0
cell 34.49453643553051 40.63227196197106 0.0 1.0 1.0 1 0 0 0.0 1.0 0
cell 7.07767503053103 25.392874421978973 0.0 1.0 1.0 1 0 0 0.0 1.0 0
cell 23.224694466385404 14.729502707625123 0.0 1.0 1.0 1 0 0 0.0 1.0 0
cell 15.684989940613603 11.735049377756596 0.0 1.0 1.0 1 0 0 0.0 1.0 0
cell 30.199291928592682 24.886131682495865 0.0 1.0 1.0 1 0 0 0.0 1.0 0
cell 6.750324496838525 23.39622687263833 0.0 1.0 1.0 1 0 0 0.0 1.0 0
cell 6.612178457375219 3.0372377253541516 0.0 1.0 1.0 1 0 0 0.0 1.0 0
cell 17.579373157025117 12.504406254601282 0.0 1.0 1.0 1 0 0 0.0 1.0 0
cell 10.931980416270505 15.566113839223178 0.0 1.0 1.0 1 0 0 0.0 1.0 0
cell 23.461257462060477 27.994353188677643 0.0 1.0 1.0 1 0 0 0.0 1.0 0
cell 13.016985706449425 40.97419503947118 0.0 1.0 1.0 1 0 0 0.0 1.0 0
cell 34.56593547125153 30.42308639123679 0.0 1.0 1.0 1 0 0 0.0 1.0 0
cell 7.3985729064414905 27.406559329070063 0.0 1.0 1.0 1 0 0 0.0 1.0 0
cell 39.686014258147516 15.614229897980591 0.0 1.0 1.0 1 0 0 0.0 1.0 0
cell 33.08859721017106 1.4898621159960939 0.0 1.0 1.0 1 0 0 0.0 1.0 0
cell 8.488059615931952 3.7695898680699775 0.0 1.0 1.0 1 0 0 0.0 1.0 0
cell 0.3247840869887192 39.76073588345095 0.0 1.0 1.0 1 0 0 0.0 1.0 0
cell 15.029376829713405 19.066672545667846 0.0 1.0 1.0 1 0 0 0.0 1.0 0
cell 25.114443760875353 26.70299703961586 0.0 1.0 1.0 1 0 0 0.0 1.0 0
cell 4.4699423340413516 31.927608676115153 0.0 1.0 1.0 1 0 0 0.0 1.0 0
cell 42.76077021386512 24.407257775648482 0.0 1.0 1.0 1 0 0 0.0 1.0 0
cell 41.77341751997087 29.698138176231232 0.0 1.0 1.0 1 0 0 0.0 1.0 0
cell 34.31431368997225 8.354937844367873 0.0 1.0 1.0 1 0 0 0.0 1.0 0
cell 10.040168478453719 9.556978272638618 0.0 1.0 1.0 1 0 0 0.0 1.0 0
cell 21.3186431822131 25.2851398629259 0.0 1.0 1.0 1 0 0 0.0 1.0 0
cell 5.154111185155041 35.952497972627185 0.0 1.0 1.0 1 0 0 0.0 1.0 0
cell 9.325525775374361 16.847043447781104 0.0 1.0 1.0 1 0 0 0.0 1.0 0
cell 25.646488227064395 11.672416467827095 0.0 1.0 1.0 1 0 0 0.0 1.0 0
cell 6.050002030928209 41.99256045958083 0.0 1.0 1.0 1 0 0 0.0 1.0 0
cell 22.931466155438223 23.98590713617603 0.0 1.0 1.0 1 0 0 0.0 1.0 0
cell 6.365936285429138 1.0143041235303165 0.0 1.0 1.0 1 0 0 0.0 1.0 0
cell 16.318367227502875 15.76385088302997 0.0 1.0 1.0 1 0 0 0.0 1.0 0
cell 24.526810142105195 22.67757413304104 0.0 1.0 1.0 1 0 0 0.0 1.0 0
cell 16.841792232434237 31.096810918938893 0.0 1.0 1.0 1 0 0 0.0 1.0 0
cell 25.734524156197505 0.8984903896591308 0.0 1.0 1.0 1 0 0 0.0 1.0 0
cell 17.110802567242512 33.08997474642884 0.0 1.0 1.0 1 0 0 0.0 1.0 0
cell 21.261805661958164 36.56599538753055 0.0 1.0 1.0 1 0 0 0.0 1.0 0
cell 25.398487632136117 28.724975615793664 0.0 1.0 1.0 1 0 0 0.0 1.0 0
cell 12.414816869036532 36.89160827479232 0.0 1.0 1.0 1 0 0 0.0 1.0 0
cell 25.12495717502746 40.410797558253236 0.0 1.0 1.0 1 0 0 0.0 1.0 0
cell 21.91855906450093 29.288952833537685 0.0 1.0 1.0 1 0 0 0.0 1.0 0
cell 31.764780093709735 23.626950083522157 0.0 1.0 1.0 1 0 0 0.0 1.0 0
cell 9.55429226289733 41.46757379178662 0.0 1.0 1.0 1 0 0 0.0 1.0 0
cell 40.25428497763439 19.64109187980121 0.0 1.0 1.0 1 0 0 0.0 1.0 0
cell 15.238026758216417 32.36471946957443 0.0 1.0 1.0 1 0 0 0.0 1.0 0
cell 13.797492210877458 11.001401341465492 0.0 1.0 1.0 1 0 0 0.0 1.0 0
cell 31.059315310536064 1.7780779331219263 0.0 1.0 1.0 1 0 0 0.0 1.0 0
cell 11.545839007229304 19.59242699085647 0.0 1.0 1.0 1 0 0 0.0 1.0 0
cell 38.39527642119095 2.2995395391901257 0.0 1.0 1.0 1 0 0 0.0 1.0 0
cell 36.11233666171983 29.14320438552803 0.0 1.0 1.0 1 0 0 0.0 1.0 0
cell 4.978608916855221 11.30676009039771 0.0 1.0 1.0 1 0 0 0.0 1.0 0
cell 40.49634534667915 34.17082506988373 0.0 1.0 1.0 1 0 0 0.0 1.0 0
cell 7.023372635888914 36.70212112858579 0.0 1.0 1.0 1 0 0 0.0 1.0 0
cell 21.00020537543812 8.909931700594717 0.0 1.0 1.0 1 0 0 0.0 1.0 0
cell 22.97112857876025 8.499387685767912 0.0 1.0 1.0 1 0 0 0.0 1.0 0
cell 30.553583250230485 35.984366159392344 0.0 1.0 1.0 1 0 0 0.0 1.0 0
cell 25.452675889875813 17.446922192833203 0.0 1.0 1.0 1 0 0 0.0 1.0 0
cell 36.36880468527246 8.197786582073274 0.0 1.0 1.0 1 0 0 0.0 1.0 0
cell 12.148618773057018 23.588967691150998 0.0 1.0 1.0 1 0 0 0.0 1.0 0
cell 26.349718454405714 4.3441724757764435 0.0 1.0 1.0 1 0 0 0.0 1.0 0
cell 38.65591110341048 20.83638405481115 0.0 1.0 1.0 1 0 0 0.0 1.0 0
cell 25.753942613775788 19.43430488616941 0.0 1.0 1.0 1 0 0 0.0 1.0 0
cell 1.648588145396039 25.167407103090504 0.0 1.0 1.0 1 0 0 0.0 1.0 0
cell 3.24382238739984 23.89157926941243 0.0 1.0 1.0 1 0 0 0.0 1.0 0
cell 26.456977289629318 42.006878996988426 0.0 1.0 1.0 1 0 0 0.0 1.0 0
cell 19.481196916330152 13.24204095984633 0.0 1.0 1.0 1 0 0 0.0 1.0 0
cell 13.31377078245034 0.01300084834165497 0.0 1.0 1.0 1 0 0 0.0 1.0 0
cell 10.12691510196404 2.5140456310878885 0.0 1.0 1.0 1 0 0 0.0 1.0 0
cell 9.913116040408799 20.85385119921413 0.0 1.0 1.0 1 0 0 0.0 1.0 0
cell 19.181507588258714 11.234091143187056 0.0 1.0 1.0 1 0 0 0.0 1.0 0
cell 16.393996546855274 6.197997789649404 0.0 1.0 1.0 1 0 0 0.0 1.0 0
cell 28.876407571848866 28.174263450007 0.0 1.0 1.0 1 0 0 0.0 1.0 0
cell 14.974490521039622 4.729742699344614 0.0 1.0 1.0 1 0 0 0.0 1.0 0
cell 20.32590339601366 30.558099936195184 0.0 1.0 1.0 1 0 0 0.0 1.0 0
cell 29.19010735577165 39.80011490033036 0.0 1.0 1.0 1 0 0 0.0 1.0 0
cell 9.631939111166984 18.832956368503336 0.0 1.0 1.0 1 0 0 0.0 1.0 0
cell 41.96964214283906 31.74238691943025 0.0 1.0 1.0 1 0 0 0.0 1.0 0
cell 4.961539146206515 4.283226689965789 0.0 1.0 1.0 1 0 0 0.0 1.0 0
cell 42.26307571446555 8.938062931519495 0.0 1.0 1.0 1 0 0 0.0 1.0 0
cell 31.678344949184673 10.637131910801077 0.0 1.0 1.0 1 0 0 0.0 1.0 0
cell 1.0454784158179458 32.44789387996458 0.0 1.0 1.0 1 0 0 0.0 1.0 0
cell 27.895888426630954 38.248818197675085 0.0 1.0 1.0 1 0 0 0.0 1.0 0
cell 19.647705222614093 7.33920147117609 0.0 1.0 1.0 1 0 0 0.0 1.0 0
cell 29.502364738303815 32.1872819583986 0.0 1.0 1.0 1 0 0 0.0 1.0 0
cell 19.410345410274147 24.54686588743517 0.0 1.0 1.0 1 0 0 0.0 1.0 0
cell 5.765596067436659 28.644332371200463 0.0 1.0 1.0 1 0 0 0.0 1.0 0
cell 16.472819748232514 40.435449224254405 0.0 1.0 1.0 1 0 0 0.0 1.0 0
cell 20.71446440015059 21.256757915718207 0.0 1.0 1.0 1 0 0 0.0 1.0 0
cell 28.97728222488258 16.888353557658355 0.0 1.0 1.0 1 0 0 0.0 1.0 0
cell 36.441035136157204 18.066764458507503 0.0 1.0 1.0 1 0 0 0.0 1.0 0
cell 29.78209543293009 34.17311882027314 0.0 1.0 1.0 1 0 0 0.0 1.0 0
cell 5.467650024361216 26.60269700474864 0.0 1.0 1.0 1 0 0 0.0 1.0 0
cell 37.10316772434738 0.7845822148513499 0.0 1.0 1.0 1 0 0 0.0 1.0 0
cell 2.60879798311898 42.5043649259653 0.0 1.0 1.0 1 0 0 0.0 1.0 0
cell 40.170104852972536 30.872101750921924 0.0 1.0 1.0 1 0 0 0.0 1.0 0
cell 33.31661840007137 33.68143041770586 0.0 1.0 1.0 1 0 0 0.0 1.0 0
cell 4.203769465686091 29.879850957406486 0.0 1.0 1.0 1 0 0 0.0 1.0 0
cell 31.406392342257732 33.01284810504969 0.0 1.0 1.0 1 0 0 0.0 1.0 0
cell 32.463130681513256 40.979584042094075 0.0 1.0 1.0 1 0 0 0.0 1.0 0
cell 1.0744678630476534 3.419827335034248 0.0 1.0 1.0 1 0 0 0.0 1.0 0
cell 23.054284843278698 12.317480555901376 0.0 1.0 1.0 1 0 0 0.0 1.0 0
cell 42.22307664613241 4.231280632159306 0.0 1.0 1.0 1 0 0 0.0 1.0 0
cell 7.154388147800315 14.0901810336037 0.0 1.0 1.0 1 0 0 0.0 1.0 0
cell 35.83426325568205 14.045482704054475 0.0 1.0 1.0 1 0 0 0.0 1.0 0
cell 32.324441807961854 8.700677902905607 0.0 1.0 1.0 1 0 0 0.0 1.0 0
cell 28.41889625449514 35.703501628787585 0.0 1.0 1.0 1 0 0 0.0 1.0 0
cell 5.543118982221566 15.337661433592825 0.0 1.0 1.0 1 0 0 0.0 1.0 0
cell 1.7048610344470114 36.481493575131736 0.0 1.0 1.0 1 0 0 0.0 1.0 0
cell 31.665890467926005 5.22913101268325 0.0 1.0 1.0 1 0 0 0.0 1.0 0
cell 39.18634494452143 32.64977255008278 0.0 1.0 1.0 1 0 0 0.0 1.0 0
cell 28.99620965350793 12.891780169533483 0.0 1.0 1.0 1 0 0 0.0 1.0 0
cell 4.467664104666135 0.2434432288749558 0.0 1.0 1.0 1 0 0 0.0 1.0 0
cell 37.90076546851766 28.153978671031634 0.0 1.0 1.0 1 0 0 0.0 1.0 0
cell 11.16520019086374 28.86754559090489 0.0 1.0 1.0 1 0 0 0.0 1.0 0
cell 42.13863982857796 35.70076930920079 0.0 1.0 1.0 1 0 0 0.0 1.0 0
cell 6.531579263109276 10.04084966954168 0.0 1.0 1.0 1 0 0 0.0 1.0 0
cell 36.15891541424171 16.055426766446097 0.0 1.0 1.0 1 0 0 0.0 1.0 0
cell 28.361748090616192 4.0215496553174415 0.0 1.0 1.0 1 0 0 0.0 1.0 0
cell 19.965534901096362 39.906747057953375 0.0 1.0 1.0 1 0 0 0.0 1.0 0
cell 39.77609608092666 41.471751168495224 0.0 1.0 1.0 1 0 0 0.0 1.0 0
cell 29.86128812306245 37.950546359985246 0.0 1.0 1.0 1 0 0 0.0 1.0 0
cell 41.04659762783516 5.904147280411529 0.0 1.0 1.0 1 0 0 0.0 1.0 0
cell 24.99072689339463 8.213116551835526 0.0 1.0 1.0 1 0 0 0.0 1.0 0
cell 22.339486243031647 10.40940604428086 0.0 1.0 1.0 1 0 0 0.0 1.0 0
cell 39.24952745780713 24.89328129847863 0.0 1.0 1.0 1 0 0 0.0 1.0 0
cell 16.167966066020355 38.43653966460991 0.0 1.0 1.0 1 0 0 0.0 1.0 0
cell 24.41003710252149 34.01422814022738 0.0 1.0 1.0 1 0 0 0.0 1.0 0
cell 10.335655476268185 11.536596734215973 0.0 1.0 1.0 1 0 0 0.0 1.0 0
cell 26.013188703555056 32.70565405394724 0.0 1.0 1.0 1 0 0 0.0 1.0 0
cell 38.30593190745248 7.641515616510655 0.0 1.0 1.0 1 0 0 0.0 1.0 0
cell 12.114367582515515 34.89716168483084 0.0 1.0 1.0 1 0 0 0.0 1.0 0
cell 2.866616778721667 1.503515711491745 0.0 1.0 1.0 1 0 0 0.0 1.0 0
cell 10.256394840304855 22.872899465335685 0.0 1.0 1.0 1 0 0 0.0 1.0 0
cell 32.665460489539726 29.666893754055554 0.0 1.0 1.0 1 0 0 0.0 1.0 0
cell 17.301718997784544 10.478964446537193 0.0 1.0 1.0 1 0 0 0.0 1.0 0
cell 39.121743193336805 11.579882683599433 0.0 1.0 1.0 1 0 0 0.0 1.0 0
cell 22.541792086381868 33.290794458004775 0.0 1.0 1.0 1 0 0 0.0 1.0 0
cell 23.21959620081556 25.959318285071287 0.0 1.0 1.0 1 0 0 0.0 1.0 0
cell 5.8672947750204285 17.367549538501656 0.0 1.0 1.0 1 0 0 0.0 1.0 0
cell 11.779032938819114 1.2917032774926298 0.0 1.0 1.0 1 0 0 0.0 1.0 0
cell 28.686995736711708 14.889942376492211 0.0 1.0 1.0 1 0 0 0.0 1.0 0
cell 8.36327357929143 22.12533744246271 0.0 1.0 1.0 1 0 0 0.0 1.0 0
cell 24.83231534717683 13.418600963495521 0.0 1.0 1.0 1 0 0 0.0 1.0 0
cell 40.70922444313766 10.356768610341344 0.0 1.0 1.0 1 0 0 0.0 1.0 0
cell 42.14073765328753 20.362368906028536 0.0 1.0 1.0 1 0 0 0.0 1.0 0
cell 26.396802709218417 23.452166966276735 0.0 1.0 1.0 1 0 0 0.0 1.0 0
cell 2.2932551129015093 40.51116600289395 0.0 1.0 1.0 1 0 0 0.0 1.0 0
cell 0.9372436854943061 0.8031586255494209 0.0 1.0 1.0 1 0 0 0.0 1.0 0
cell 14.654211547103381 28.34641386561467 0.0 1.0 1.0 1 0 0 0.0 1.0 0
cell 3.3741193333559596 12.594311377602443 0.0 1.0 1.0 1 0 0 0.0 1.0 0
cell 39.011483765855935 5.741803859896647 0.0 1.0 1.0 1 0 0 0.0 1.0 0
cell 5.244508810246159 13.332342178403373 0.0 1.0 1.0 1 0 0 0.0 1.0 0
cell 24.12146997953479 32.00339755888184 0.0 1.0 1.0 1 0 0 0.0 1.0 0
cell 8.287122146453205 33.41250280505808 0.0 1.0 1.0 1 0 0 0.0 1.0 0
cell 28.296165876966835 24.149362109217737 0.0 1.0 1.0 1 0 0 0.0 1.0 0
cell 42.44401798964984 33.72786335524041 0.0 1.0 1.0 1 0 0 0.0 1.0 0
cell 33.6623602018615 11.005165314766128 0.0 1.0 1.0 1 0 0 0.0 1.0 0
cell 18.366285878006984 41.17955764202104 0.0 1.0 1.0 1 0 0 0.0 1.0 0
cell 13.35325412800032 31.60962886199371 0.0 1.0 1.0 1 0 0 0.0 1.0 0
cell 11.599591674149197 8.285956945782376 0.0 1.0 1.0 1 0 0 0.0 1.0 0
cell 40.86513207892337 23.64713848661848 0.0 1.0 1.0 1 0 0 0.0 1.0 0
cell 33.40066432887414 22.368080310921794 0.0 1.0 1.0 1 0 0 0.0 1.0 0
cell 19.783332843272245 15.231167481142595 0.0 1.0 1.0 1 0 0 0.0 1.0 0
cell 35.76971200194927 42.20309145379853 0.0 1.0 1.0 1 0 0 0.0 1.0 0
cell 35.24318499318394 23.15386592399681 0.0 1.0 1.0 1 0 0 0.0 1.0 0
cell 41.292722767919706 14.362259720966957 0.0 1.0 1.0 1 0 0 0.0 1.0 0
cell 26.994908903067568 7.827608211944676 0.0 1.0 1.0 1 0 0 0.0 1.0 0
cell 18.069182489557253 39.182468040761954 0.0 1.0 1.0 1 0 0 0.0 1.0 0
cell 36.73643241359953 20.06810749875068 0.0 1.0 1.0 1 0 0 0.0 1.0 0
cell 39.13930358094358 38.02277703202288 0.0 1.0 1.0 1 0 0 0.0 1.0 0
cell 33.86488267478652 37.212231849930546 0.0 1.0 1.0 1 0 0 0.0 1.0 0
cell 25.730574186708914 30.712067937525564 0.0 1.0 1.0 1 0 0 0.0 1.0 0
cell 38.92195546156034 22.85579010533241 0.0 1.0 1.0 1 0 0 0.0 1.0 0
cell 13.123504467027354 3.9532097783812334 0.0 1.0 1.0 1 0 0 0.0 1.0 0
cell 2.0588626777206267 15.866948313488901 0.0 1.0 1.0 1 0 0 0.0 1.0 0
cell 12.83680622480185 16.30691210101773 0.0 1.0 1.0 1 0 0 0.0 1.0 0
cell 30.29972003298196 9.06297097839692 0.0 1.0 1.0 1 0 0 0.0 1.0 0
cell 39.82020748955213 36.127814964617876 0.0 1.0 1.0 1 0 0 0.0 1.0 0
cell 37.61472638438745 26.118748101405245 0.0 1.0 1.0 1 0 0 0.0 1.0 0
cell 32.08125262789845 25.638672271107545 0.0 1.0 1.0 1 0 0 0.0 1.0 0
cell 38.37218489130364 18.86512724956792 0.0 1.0 1.0 1 0 0 0.0 1.0 0
cell 19.660618494277568 1.936645900995041 0.0 1.0 1.0 1 0 0 0.0 1.0 0
cell 8.739602815994651 12.77120487871942 0.0 1.0 1.0 1 0 0 0.0 1.0 0
cell 10.52420433142357 36.165588841347315 0.0 1.0 1.0 1 0 0 0.0 1.0 0
cell 13.728565448913969 22.316880072966143 0.0 1.0 1.0 1 0 0 0.0 1.0 0
cell 21.697168501318572 15.990953529958338 0.0 1.0 1.0 1 0 0 0.0 1.0 0
cell 0.05442003583984256 26.42156961720095 0.0 1.0 1.0 1 0 0 0.0 1.0 0
cell 13.542871921542183 6.125270978660128 0.0 1.0 1.0 1 0 0 0.0 1.0 0
cell 30.483286995526644 41.33661889134099 0.0 1.0 1.0 1 0 0 0.0 1.0 0
cell 3.88616793587557 27.895848375059874 0.0 1.0 1.0 1 0 0 0.0 1.0 0
cell 1.7776674943701467 13.857734799207506 0.0 1.0 1.0 1 0 0 0.0 1.0 0
cell 3.064539245784795 10.551330836804032 0.0 1.0 1.0 1 0 0 0.0 1.0 0
cell 6.189134026661613 19.367977470524487 0.0 1.0 1.0 1 0 0 0.0 1.0 0
cell 31.458477585198573 21.591732609358733 0.0 1.0 1.0 1 0 0 0.0 1.0 0
cell 8.940057096112776 37.4218865850652 0.0 1.0 1.0 1 0 0 0.0 1.0 0
cell 40.013552944511034 3.9684230776052503 0.0 1.0 1.0 1 0 0 0.0 1.0 0
cell 35.02151164057154 21.113872852822496 0.0 1.0 1.0 1 0 0 0.0 1.0 0
cell 13.431932840855962 20.31067545316427 0.0 1.0 1.0 1 0 0 0.0 1.0 0
cell 2.660571372511852 19.899356903025364 0.0 1.0 1.0 1 0 0 0.0 1.0 0
cell 14.33725653960821 26.343295066151835 0.0 1.0 1.0 1 0 0 0.0 1.0 0
cell 37.16839955744509 38.40472734972894 0.0 1.0 1.0 1 0 0 0.0 1.0 0
cell 37.78049006148285 14.815417818779709 0.0 1.0 1.0 1 0 0 0.0 1.0 0
cell 26.616750523540542 36.72155743446877 0.0 1.0 1.0 1 0 0 0.0 1.0 0
cell 15.581814017297345 34.39330754124159 0.0 1.0 1.0 1 0 0 0.0 1.0 0
cell 33.67929412334042 24.372973523253787 0.0 1.0 1.0 1 0 0 0.0 1.0 0
cell 18.838938287838875 20.54742926540041 0.0 1.0 1.0 1 0 0 0.0 1.0 0
cell 30.799409709010895 28.90950075637839 0.0 1.0 1.0 1 0 0 0.0 1.0 0
cell 35.16608834198296 38.741450327638844 0.0 1.0 1.0 1 0 0 0.0 1.0 0
cell 3.0939125768005744 3.5402797916435382 0.0 1.0 1.0 1 0 0 0.0 1.0 0
cell 34.10665408059254 15.095288841970634 0.0 1.0 1.0 1 0 0 0.0 1.0 0
cell 40.52970827728299 21.631130378593305 0.0 1.0 1.0 1 0 0 0.0 1.0 0
cell 37.022070474440326 22.115135347959235 0.0 1.0 1.0 1 0 0 0.0 1.0 0
cell 32.482583533954106 16.353269536405932 0.0 1.0 1.0 1 0 0 0.0 1.0 0
cell 9.263686633250284 39.46652782541119 0.0 1.0 1.0 1 0 0 0.0 1.0 0
cell 29.62768880678236 5.639794887247954 0.0 1.0 1.0 1 0 0 0.0 1.0 0
cell 18.446923228841825 29.823610491765788 0.0 1.0 1.0 1 0 0 0.0 1.0 0
cell 38.24290427043376 30.198304695724108 0.0 1.0 1.0 1 0 0 0.0 1.0 0
cell 35.426507040030195 10.02572800847429 0.0 1.0 1.0 1 0 0 0.0 1.0 0
cell 34.266555461237616 28.400959196308722 0.0 1.0 1.0 1 0 0 0.0 1.0 0
cell 24.41872405560446 42.29507709524203 0.0 1.0 1.0 1 0 0 0.0 1.0 0
cell 21.908600147682936 40.62876952623024 0.0 1.0 1.0 1 0 0 0.0 1.0 0
cell 6.855108919992557 5.030029728466952 0.0 1.0 1.0 1 0 0 0.0 1.0 0
cell 11.445135482995742 30.87463249968014 0.0 1.0 1.0 1 0 0 0.0 1.0 0
cell 1.471426149894798 11.813133157301358 0.0 1.0 1.0 1 0 0 0.0 1.0 0
cell 41.013377859022754 12.374940416582236 0.0 1.0 1.0 1 0 0 0.0 1.0 0
cell 0.7081511700961489 30.46718670182237 0.0 1.0 1.0 1 0 0 0.0 1.0 0
cell 5.467137037045567 37.95979528001655 0.0 1.0 1.0 1 0 0 0.0 1.0 0
cell 14.430778201739967 15.03996817737011 0.0 1.0 1.0 1 0 0 0.0 1.0 0
cell 18.132760615880883 27.83078489493971 0.0 1.0 1.0 1 0 0 0.0 1.0 0
cell 27.361057990910176 18.113453958540248 0.0 1.0 1.0 1 0 0 0.0 1.0 0
cell 9.843448789517184 0.5158803512397883 0.0 1.0 1.0 1 0 0 0.0 1.0 0
cell 31.879366930519407 37.56434575196482 0.0 1.0 1.0 1 0 0 0.0 1.0 0
cell 1.6095600018322 7.697225391172768 0.0 1.0 1.0 1 0 0 0.0 1.0 0
cell 39.8145145826725 28.89048730802859 0.0 1.0 1.0 1 0 0 0.0 1.0 0
cell 0.4631164264937095 17.149139802581683 0.0 1.0 1.0 1 0 0 0.0 1.0 0
cell 6.383507599846096 32.6368028076227 0.0 1.0 1.0 1 0 0 0.0 1.0 0
cell 17.640569261006224 2.046059695868262 0.0 1.0 1.0 1 0 0 0.0 1.0 0
cell 42.73640771172673 6.979821348390983 0.0 1.0 1.0 1 0 0 0.0 1.0 0
cell 27.737864638401497 0.5772562133694845 0.0 1.0 1.0 1 0 0 0.0 1.0 0
cell 23.565234390103598 16.734657398782456 0.0 1.0 1.0 1 0 0 0.0 1.0 0
cell 23.877441003515788 18.73037523205913 0.0 1.0 1.0 1 0 0 0.0 1.0 0
cell 12.227963744400217 12.27337998838414 0.0 1.0 1.0 1 0 0 0.0 1.0 0
cell 34.70029941856337 19.110667377868424 0.0 1.0 1.0 1 0 0 0.0 1.0 0
cell 26.698473958075027 25.438983665494664 0.0 1.0 1.0 1 0 0 0.0 1.0 0
cell 9.505084733038181 5.551118537544782 0.0 1.0 1.0 1 0 0 0.0 1.0 0
cell 20.40304050547549 19.248414430610154 0.0 1.0 1.0 1 0 0 0.0 1.0 0
cell 3.5889538939002112 37.23195348259204 0.0 1.0 1.0 1 0 0 0.0 1.0 0
cell 39.40165704725197 13.606800488621753 0.0 1.0 1.0 1 0 0 0.0 1.0 0
cell 32.998068173221185 6.816840696426785 0.0 1.0 1.0 1 0 0 0.0 1.0 0
cell 25.027474536070528 2.8199461562750163 0.0 1.0 1.0 1 0 0 0.0 1.0 0
cell 41.112345120692765 25.67542413229903 0.0 1.0 1.0 1 0 0 0.0 1.0 0
cell 29.664653162035663 11.007915670764682 0.0 1.0 1.0 1 0 0 0.0 1.0 0
cell 32.973467603452676 31.701923475459104 0.0 1.0 1.0 1 0 0 0.0 1.0 0
cell 6.715346485460022 34.67261564675993 0.0 1.0 1.0 1 0 0 0.0 1.0 0
cell 15.419732459137537 9.717788993885831 0.0 1.0 1.0 1 0 0 0.0 1.0 0
cell 29.073535567424372 2.155706033652325 0.0 1.0 1.0 1 0 0 0.0 1.0 0
cell 25.06729369220132 38.08451755493354 0.0 1.0 1.0 1 0 0 0.0 1.0 0
cell 29.56285177592199 20.87873929925061 0.0 1.0 1.0 1 0 0 0.0 1.0 0
cell 0.7443079459258948 19.145278930921933 0.0 1.0 1.0 1 0 0 0.0 1.0 0
cell 28.57777843075854 26.18794866968303 0.0 1.0 1.0 1 0 0 0.0 1.0 0
cell 17.434639486988587 35.128432609268636 0.0 1.0 1.0 1 0 0 0.0 1.0 0
cell 16.52143594910038 29.064971815895483 0.0 1.0 1.0 1 0 0 0.0 1.0 0
cell 20.09425831050404 17.24159356898888 0.0 1.0 1.0 1 0 0 0.0 1.0 0
cell 20.641071240584846 32.54852951466641 0.0 1.0 1.0 1 0 0 0.0 1.0 0
cell 27.979679960782715 22.15549374829605 0.0 1.0 1.0 1 0 0 0.0 1.0 0
cell 0.6960159091574792 41.77892050117408 0.0 1.0 1.0 1 0 0 0.0 1.0 0
cell 41.11603982101365 37.63209587979231 0.0 1.0 1.0 1 0 0 0.0 1.0 0
cell 14.897547943927778 41.707954384358146 0.0 1.0 1.0 1 0 0 0.0 1.0 0
cell 18.94310110141417 9.226437823714623 0.0 1.0 1.0 1 0 0 0.0 1.0 0
cell 2.920523761611576 33.177408315685476 0.0 1.0 1.0 1 0 0 0.0 1.0 0
cell 7.8610788975276 6.800240147950463 0.0 1.0 1.0 1 0 0 0.0 1.0 0
cell 27.673371880763785 5.918612335599714 0.0 1.0 1.0 1 0 0 0.0 1.0 0
cell 35.06255404357074 1.1253857482265541 0.0 1.0 1.0 1 0 0 0.0 1.0 0
cell 9.890022275480888 32.14016482895179 0.0 1.0 1.0 1 0 0 0.0 1.0 0
cell 37.015851744688135 6.149578522321624 0.0 1.0 1.0 1 0 0 0.0 1.0 0
cell 10.863934167585848 26.889688048858062 0.0 1.0 1.0 1 0 0 0.0 1.0 0
cell 14.05405436913596 24.30523186576761 0.0 1.0 1.0 1 0 0 0.0 1.0 0
cell 33.79754959988832 13.074381605150496 0.0 1.0 1.0 1 0 0 0.0 1.0 0
cell 41.47475231828562 27.675545132778847 0.0 1.0 1.0 1 0 0 0.0 1.0 0
cell 2.3762775632768327 17.88225650056374 0.0 1.0 1.0 1 0 0 0.0 1.0 0
cell 41.59318341203792 0.3162081072699016 0.0 1.0 1.0 1 0 0 0.0 1.0 0
cell 13.074785065301999 29.594914966815693 0.0 1.0 1.0 1 0 0 0.0 1.0 0
cell 12.478759514971442 25.578647619308136 0.0 1.0 1.0 1 0 0 0.0 1.0 0
cell 34.395804210425524 17.091009021643103 0.0 1.0 1.0 1 0 0 0.0 1.0 0
cell 36.43655177714582 31.125781099882385 0.0 1.0 1.0 1 0 0 0.0 1.0 0
cell 31.76822615445456 42.902016512509164 0.0 1.0 1.0 1 0 0 0.0 1.0 0
cell 28.45064949054566 41.68330609532355 0.0 1.0 1.0 1 0 0 0.0 1.0 0
cell 5.767134484422887 39.97688262848465 0.0 1.0 1.0 1 0 0 0.0 1.0 0
cell 19.010651872373774 3.83932342081904 0.0 1.0 1.0 1 0 0 0.0 1.0 0
cell 22.422985066300225 42.6055646576382 0.0 1.0 1.0 1 0 0 0.0 1.0 0
cell 41.866032005565685 18.387067584963873 0.0 1.0 1.0 1 0 0 0.0 1.0 0
cell 15.558353140056541 2.7543797176042655 0.0 1.0 1.0 1 0 0 0.0 1.0 0
cell 23.472685947980526 39.33072963407035 0.0 1.0 1.0 1 0 0 0.0 1.0 0
cell 32.37181921442524 27.667207214069688 0.0 1.0 1.0 1 0 0 0.0 1.0 0
cell 4.275115142399278 18.65020950523966 0.0 1.0 1.0 1 0 0 0.0 1.0 0
cell 1.355042149273599 34.48634997037776 0.0 1.0 1.0 1 0 0 0.0 1.0 0
cell 27.319949097043942 29.437635022323953 0.0 1.0 1.0 1 0 0 0.0 1.0 0
cell 31.010847148392557 7.150365458921142 0.0 1.0 1.0 1 0 0 0.0 1.0 0
cell 7.740082226530419 18.068975129405374 0.0 1.0 1.0 1 0 0 0.0 1.0 0
cell 2.2968147269977113 29.146480555902638 0.0 1.0 1.0 1 0 0 0.0 1.0 0
cell 21.02630947085642 3.482905228441981 0.0 1.0 1.0 1 0 0 0.0 1.0 0
cell 21.55665042199475 38.628712033391544 0.0 1.0 1.0 1 0 0 0.0 1.0 0
cell 11.765056367799112 32.861115660163605 0.0 1.0 1.0 1 0 0 0.0 1.0 0
cell 11.218304555175141 17.588329520373836 0.0 1.0 1.0 1 0 0 0.0 1.0 0
cell 8.121474939191796 8.80415614318511 0.0 1.0 1.0 1 0 0 0.0 1.0 0
cell 21.378561405098672 13.991392324330977 0.0 1.0 1.0 1 0 0 0.0 1.0 0
cell 17.163311075687563 8.202605269156628 0.0 1.0 1.0 1 0 0 0.0 1.0 0
cell 11.422893597667944 42.22660064990235 0.0 1.0 1.0 1 0 0 0.0 1.0 0
cell 36.50815842150719 34.905547602249925 0.0 1.0 1.0 1 0 0 0.0 1.0 0
cell 6.463961870235552 21.406825966206608 0.0 1.0 1.0 1 0 0 0.0 1.0 0
cell 15.314879272462086 21.042138012033355 0.0 1.0 1.0 1 0 0 0.0 1.0 0
cell 33.93976030424986 26.388917493978926 0.0 1.0 1.0 1 0 0 0.0 1.0 0
cell 32.15307258939695 14.255105313369713 0.0 1.0 1.0 1 0 0 0.0 1.0 0
cell 1.1766529591495045 5.479466746221186 0.0 1.0 1.0 1 0 0 0.0 1.0 0
cell 13.988602309522147 35.63613151610311 0.0 1.0 1.0 1 0 0 0.0 1.0 0
cell 10.53864179222081 24.848722697085872 0.0 1.0 1.0 1 0 0 0.0 1.0 0
cell 33.113164451101966 20.340320960801023 0.0 1.0 1.0 1 0 0 0.0 1.0 0
cell 19.721027303132526 26.55465806071026 0.0 1.0 1.0 1 0 0 0.0 1.0 0
cell 18.36013673671131 5.74704635042061 0.0 1.0 1.0 1 0 0 0.0 1.0 0
cell 27.06923021735281 16.13009671616846 0.0 1.0 1.0 1 0 0 0.0 1.0 0
cell 33.67436651742922 4.903601374026443 0.0 1.0 1.0 1 0 0 0.0 1.0 0
cell 24.69709407026163 35.999937552235 0.0 1.0 1.0 1 0 0 0.0 1.0 0
cell 27.05609098453874 2.4813460547186685 0.0 1.0 1.0 1 0 0 0.0 1.0 0
cell 41.76228168378598 41.14282096325892 0.0 1.0 1.0 1 0 0 0.0 1.0 0
cell 23.680157740819958 6.6015575350435824 0.0 1.0 1.0 1 0 0 0.0 1.0 0
cell 3.636403523633574 7.529618786028311 0.0 1.0 1.0 1 0 0 0.0 1.0 0
cell 32.395168828671935 3.340618002789033 0.0 1.0 1.0 1 0 0 0.0 1.0 0
cell 21.062157733603282 11.98455509756165 0.0 1.0 1.0 1 0 0 0.0 1.0 0
cell 19.668601546587727 37.88618002762754 0.0 1.0 1.0 1 0 0 0.0 1.0 0
cell 8.625771597360174 35.40542092803914 0.0 1.0 1.0 1 0 0 0.0 1.0 0
cell 17.83397221818477 25.820302495534765 0.0 1.0 1.0 1 0 0 0.0 1.0 0
cell 19.36098868320453 35.87526525832122 0.0 1.0 1.0 1 0 0 0.0 1.0 0
cell 25.652281406035602 6.2778909970542065 0.0 1.0 1.0 1 0 0 0.0 1.0 0
cell 13.129066045115048 18.30327728262916 0.0 1.0 1.0 1 0 0 0.0 1.0 0
cell 30.381577959854624 3.7043583866060565 0.0 1.0 1.0 1 0 0 0.0 1.0 0
cell 24.180515881840538 20.70833525545651 0.0 1.0 1.0 1 0 0 0.0 1.0 0
cell 24.7907415983608 24.71173754872556 0.0 1.0 1.0 1 0 0 0.0 1.0 0
cell 8.972568325674365 26.11694985691262 0.0 1.0 1.0 1 0 0 0.0 1.0 0
cell 20.013563174156946 28.55000309745978 0.0 1.0 1.0 1 0 0 0.0 1.0 0
cell 30.458276439237107 26.904063148010565 0.0 1.0 1.0 1 0 0 0.0 1.0 0
cell 8.67037245870602 24.145745139757466 0.0 1.0 1.0 1 0 0 0.0 1.0 0
cell 16.627214922276035 17.777725089039222 0.0 1.0 1.0 1 0 0 0.0 1.0 0
cell 34.5409224949237 35.29926055182899 0.0 1.0 1.0 1 0 0 0.0 1.0 0
cell 17.011292423897885 4.2156691086153675 0.0 1.0 1.0 1 0 0 0.0 1.0 0
cell 11.115954572258905 4.273494754242205 0.0 1.0 1.0 1 0 0 0.0 1.0 0
cell 21.645440215355638 6.948879577923615 0.0 1.0 1.0 1 0 0 0.0 1.0 0
cell 34.39598193486204 3.024116914864239 0.0 1.0 1.0 1 0 0 0.0 1.0 0
cell 3.250663851878372 35.20741736753189 0.0 1.0 1.0 1 0 0 0.0 1.0 0
cell 30.89699109889464 17.58844337000423 0.0 1.0 1.0 1 0 0 0.0 1.0 0
cell 18.710464649658398 31.81388479015701 0.0 1.0 1.0 1 0 0 0.0 1.0 0
cell 22.353008064634572 5.025564359674731 0.0 1.0 1.0 1 0 0 0.0 1.0 0
cell 26.3308251223212 9.737717469344057 0.0 1.0 1.0 1 0 0 0.0 1.0 0
cell 26.91053902122366 13.486945971355805 0.0 1.0 1.0 1 0 0 0.0 1.0 0
cell 22.617364220413815 21.991157313598702 0.0 1.0 1.0 1 0 0 0.0 1.0 0
cell 2.5978817098758737 31.165908072960434 0.0 1.0 1.0 1 0 0 0.0 1.0 0
cell 36.4627108589897 40.28638651028378 0.0 1.0 1.0 1 0 0 0.0 1.0 0
cell 5.1391102763106025 24.625190344950582 0.0 1.0 1.0 1 0 0 0.0 1.0 0
cell 31.004179122611006 12.562771067418774 0.0 1.0 1.0 1 0 0 0.0 1.0 0
cell 29.736391289522203 0.25323179155301906 0.0 1.0 1.0 1 0 0 0.0 1.0 0
cell 37.16269240475681 33.029149447431514 0.0 1.0 1.0 1 0 0 0.0 1.0 0
cell 17.563026669748673 23.784258593616773 0.0 1.0 1.0 1 0 0 0.0 1.0 0
cell 18.490003936660674 18.521603675642442 0.0 1.0 1.0 1 0 0 0.0 1.0 0
cell 14.113433034057353 13.019799471788588 0.0 1.0 1.0 1 0 0 0.0 1.0 0
cell 13.499191999461216 8.997218616831686 0.0 1.0 1.0 1 0 0 0.0 1.0 0
cell 16.773506520453275 42.429477995702044 0.0 1.0 1.0 1 0 0 0.0 1.0 0
cell 38.84249639432721 9.587927497837558 0.0 1.0 1.0 1 0 0 0.0 1.0 0
cell 1.0356638416416313 21.15458835908936 0.0 1.0 1.0 1 0 0 0.0 1.0 0
cell 25.19086651223432 15.463610101355322 0.0 1.0 1.0 1 0 0 0.0 1.0 0
cell 31.101060066707433 30.88731034001233 0.0 1.0 1.0 1 0 0 0.0 1.0 0
cell 16.951449011961287 19.813162937972553 0.0 1.0 1.0 1 0 0 0.0 1.0 0
cell 3.89090020707009 39.24351721842146 0.0 1.0 1.0 1 0 0 0.0 1.0 0
cell 14.28612310676419 37.70390280414778 0.0 1.0 1.0 1 0 0 0.0 1.0 0
cell 40.498991560688665 39.58344375404419 0.0 1.0 1.0 1 0 0 0.0 1.0 0
cell 22.29650485500518 19.959488918093786 0.0 1.0 1.0 1 0 0 0.0 1.0 0
cell 14.70745298220111 17.02815670155869 0.0 1.0 1.0 1 0 0 0.0 1.0 0
cell 3.9606235635520335 16.65820531690217 0.0 1.0 1.0 1 0 0 0.0 1.0 0
cell 22.80319106483109 35.29797252232494 0.0 1.0 1.0 1 0 0 0.0 1.0 0
cell 4.572133603099025 20.64605994749068 0.0 1.0 1.0 1 0 0 0.0 1.0 0
cell 29.88605850784231 22.89044295443256 0.0 1.0 1.0 1 0 0 0.0 1.0 0
cell 27.156892098697757 40.12427347067954 0.0 1.0 1.0 1 0 0 0.0 1.0 0
cell 29.225751768987408 30.18771645451914 0.0 1.0 1.0 1 0 0 0.0 1.0 0
cell 16.22281845006719 27.07431498806341 0.0 1.0 1.0 1 0 0 0.0 1.0 0
cell 22.002919061127876 17.963511804718987 0.0 1.0 1.0 1 0 0 0.0 1.0 0
cell 2.9582788858257656 21.88729946327338 0.0 1.0 1.0 1 0 0 0.0 1.0 0
cell 5.261233840435004 6.278034380410534 0.0 1.0 1.0 1 0 0 0.0 1.0 0
cell 36.395872420285045 2.6499656418376896 0.0 1.0 1.0 1 0 0 0.0 1.0 0
cell 0.2012209366148985 15.114758881904145 0.0 1.0 1.0 1 0 0 0.0 1.0 0
cell 7.662203703212112 40.7481842172813 0.0 1.0 1.0 1 0 0 0.0 1.0 0
cell 23.720230715865043 1.2141472220919278 0.0 1.0 1.0 1 0 0 0.0 1.0 0
cell 11.910667591340946 10.27047985636643 0.0 1.0 1.0 1 0 0 0.0 1.0 0
cell 7.96138395714426 42.747261490550784 0.0 1.0 1.0 1 0 0 0.0 1.0 0
cell 9.579645410593816 30.13572262212446 0.0 1.0 1.0 1 0 0 0.0 1.0 0
cell 4.88075240326952 22.618350635908524 0.0 1.0 1.0 1 0 0 0.0 1.0 0
cell 41.57313003022012 16.34498094200394 0.0 1.0 1.0 1 0 0 0.0 1.0 0
cell 21.718622730620318 1.5434232868547115 0.0 1.0 1.0 1 0 0 0.0 1.0 0
cell 38.075422127872876 16.822444249361943 0.0 1.0 1.0 1 0 0 0.0 1.0 0
cell 20.433304522406853 42.08049451979809 0.0 1.0 1.0 1 0 0 0.0 1.0 0
cell 39.08884259036154 0.4096763134942673 0.0 1.0 1.0 1 0 0 0.0 1.0 0
cell 35.69587598395826 4.572674062438177 0.0 1.0 1.0 1 0 0 0.0 1.0 0
cell 19.015638872798124 33.83866004717054 0.0 1.0 1.0 1 0 0 0.0 1.0 0
cell 33.76962254796311 42.50567005862145 0.0 1.0 1.0 1 0 0 0.0 1.0 0
cell 15.2202263131521 0.7734381673868138 0.0 1.0 1.0 1 0 0 0.0 1.0 0
cell 21.617975490476425 27.260043585854433 0.0 1.0 1.0 1 0 0 0.0 1.0 0
cell 29.289858718237618 18.8868772863262 0.0 1.0 1.0 1 0 0 0.0 1.0 0
cell 29.00935363703548 7.542323172735988 0.0 1.0 1.0 1 0 0 0.0 1.0 0
cell 42.622831226174945 11.061125487413616 0.0 1.0 1.0 1 0 0 0.0 1.0 0
cell 11.827668637169642 21.578985647983444 0.0 1.0 1.0 1 0 0 0.0 1.0 0
cell 35.58818398886952 12.021976489525745 0.0 1.0 1.0 1 0 0 0.0 1.0 0
cell 15.667642204156147 23.057400956875927 0.0 1.0 1.0 1 0 0 0.0 1.0 0
cell 42.45893147327088 2.224775409377291 0.0 1.0 1.0 1 0 0 0.0 1.0 0
cell 7.375415799941302 38.73185496558486 0.0 1.0 1.0 1 0 0 0.0 1.0 0
cell 0.1493214526917094 37.76260306197776 0.0 1.0 1.0 1 0 0 0.0 1.0 0
cell 37.44679408960926 12.834475577052938 0.0 1.0 1.0 1 0 0 0.0 1.0 0
