500
 Lattice="42.988320257742465 0.0 0.0 0.0 42.988320257742465 0.0 0.0 0.0 1.0"Properties=species:S:1:pos:R:3:aspherical_shape:R:3:orientation:R:4:Color:R:1
cell 7.428387461680003 40.73963532400661 0.0 1.0 1.0 1 0 0 0.0 1.0 0
cell 13.131193985594308 23.416255566901555 0.0 1.0 1.0 1 0 0 0.0 1.0 0
cell 4.752125865579959 13.294926535316094 0.0 1.0 1.0 1 0 0 0.0 1.0 0
cell 14.204687933267728 8.336512405614782 0.0 1.0 1.0 1 0 0 0.0 1.0 0
cell 20.387017026343344 12.408923720582637 0.0 1.0 1.0 1 0 0 0.0 1.0 0
cell 25.684409585098482 35.28329801547537 0.0 1.0 1.0 1 0 0 0.0 1.0 0
cell 37.803905620779844 5.237345268367728 0.0 1.0 1.0 1 0 0 0.0 1.0 0
cell 0.503376603765297 1.9205223892495407 0.0 1.0 1.0 1 0 0 0.0 1.0 0
cell 27.609295224584642 13.678456947162736 0.0 1.0 1.0 1 0 0 0.0 1.0 0
cell 1.1015215961019935 9.344848782063833 0.0 1.0 1.0 1 0 0 0.0 1.0 0
cell 3.789512183791912 34.63117277810328 0.0 1.0 1.0 1 0 0 0.0 1.0 0
cell 13.469444649899579 38.655694690040114 0.0 1.0 1.0 1 0 0 0.0 1.0 0
cell 16.91282170839843 19.64142298727846 0.0 1.0 1.0 1 0 0 0.0 1.0 0
cell 22.246960181661063 39.45038126180597 0.0 1.0 1.0 1 0 0 0.0 1.0 0
cell 20.003760499230246 24.28413397742598 0.0 1.0 1.0 1 0 0 0.0 1.0 0
cell 25.192648564448145 21.126480867837 0.0 1.0 1.0 1 0 0 0.0 1.0 0
cell 31.70390967630375 1.051468037348678 0.0 1.0 1.0 1 0 0 0.0 1.0 0
cell 28.22560519919619 8.358209909182333 0.0 1.0 1.0 1 0 0 0.0 1.0 0
cell 1.8825204768850878 5.477622725928882 0.0 1.0 1.0 1 0 0 0.0 1.0 0
cell 13.456197144775725 26.924496333430465 0.0 1.0 1.0 1 0 0 0.0 1.0 0
cell 7.223780651303329 18.28404494429906 0.0 1.0 1.0 1 0 0 0.0 1.0 0
cell 15.1204597060393 35.603213568353254 0.0 1.0 1.0 1 0 0 0.0 1.0 0
cell 32.01998335045775 4.564144613643501 0.0 1.0 1.0 1 0 0 0.0 1.0 0
cell 15.728166872849776 17.97724282481481 0.0 1.0 1.0 1 0 0 0.0 1.0 0
cell 10.297035955250736 13.075190743205038 0.0 1.0 1.0 1 0 0 0.0 1.0 0
cell 39.204150832956955 20.681701210126068 0.0 1.0 1.0 1 0 0 0.0 1.0 0
cell 22.23147965165573 37.38132030893045 0.0 1.0 1.0 1 0 0 0.0 1.0 0
cell 7.1140118649366375 4.336439287715264 0.0 1.0 1.0 1 0 0 0.0 1.0 0
cell 42.62782377978329 18.48112222940891 0.0 1.0 1.0 1 0 0 0.0 1.0 0
cell 26.480779807457754 11.99392972781015 0.0 1.0 1.0 1 0 0 0.0 1.0 0
cell 1.8822115387135188 29.619031830590508 0.0 1.0 1.0 1 0 0 0.0 1.0 0
cell 18.49721117076678 31.419519910540608 0.0 1.0 1.0 1 0 0 0.0 1.0 0
cell 17.054360005338587 40.5732538932133 0.0 1.0 1.0 1 0 0 0.0 1.0 0
cell 25.590608008617604 33.26089253928595 0.0 1.0 1.0 1 0 0 0.0 1.0 0
cell 40.238396055516816 8.930788050628415 0.0 1.0 1.0 1 0 0 0.0 1.0 0
cell 35.613687616127635 18.71707993708786 0.0 1.0 1.0 1 0 0 0.0 1.0 0
cell 21.801946918766035 17.569238346452984 0.0 1.0 1.0 1 0 0 0.0 1.0 0
cell 5.44235198164472 9.421929186708674 0.0 1.0 1.0 1 0 0 0.0 1.0 0
cell 41.82743221176319 5.009503943305274 0.0 1.0 1.0 1 0 0 0.0 1.0 0
cell 16.36036015536615 12.660069078514807 0.0 1.0 1.0 1 0 0 0.0 1.0 0
cell 16.915316504288267 36.52514921030337 0.0 1.0 1.0 1 0 0 0.0 1.0 0
cell 23.775864783490363 17.452044154634937 0.0 1.0 1.0 1 0 0 0.0 1.0 0
cell 38.2655042788659 0.9568779569828103 0.0 1.0 1.0 1 0 0 0.0 1.0 0
cell 27.34179327177054 32.20075497396562 0.0 1.0 1.0 1 0 0 0.0 1.0 0
cell 20.150914883936064 8.909275125346255 0.0 1.0 1.0 1 0 0 0.0 1.0 0
cell 35.82275002871129 24.80159618347942 0.0 1.0 1.0 1 0 0 0.0 1.0 0
cell 34.30811547979634 7.9210872681180025 0.0 1.0 1.0 1 0 0 0.0 1.0 0
cell 30.976592363418938 36.122240000315415 0.0 1.0 1.0 1 0 0 0.0 1.0 0
cell 10.853506240255602 20.09130265546222 0.0 1.0 1.0 1 0 0 0.0 1.0 0
cell 3.663935373263436 8.438084160918034 0.0 1.0 1.0 1 0 0 0.0 1.0 0
cell 30.56906500812961 23.996380276685095 0.0 1.0 1.0 1 0 0 0.0 1.0 0
cell 42.45267826020196 12.458461805451154 0.0 1.0 1.0 1 0 0 0.0 1.0 0
cell 32.56724174976506 31.041221671518706 0.0 1.0 1.0 1 0 0 0.0 1.0 0
cell 34.851181157358255 2.5393599375125935 0.0 1.0 1.0 1 0 0 0.0 1.0 0
cell 36.07443377193048 30.880439525624993 0.0 1.0 1.0 1 0 0 0.0 1.0 0
cell 2.0499860729446198 35.69605884945759 0.0 1.0 1.0 1 0 0 0.0 1.0 0
cell 14.309532361724667 25.079601599218783 0.0 1.0 1.0 1 0 0 0.0 1.0 0
cell 20.465760086087034 38.480485583048 0.0 1.0 1.0 1 0 0 0.0 1.0 0
cell 14.719037136118757 29.207925551013098 0.0 1.0 1.0 1 0 0 0.0 1.0 0
cell 22.328148062309474 41.452908359382214 0.0 1.0 1.0 1 0 0 0.0 1.0 0
cell 14.35188765141155 12.798430116155595 0.0 1.0 1.0 1 0 0 0.0 1.0 0
cell 30.871567467673845 34.09417861349605 0.0 1.0 1.0 1 0 0 0.0 1.0 0
cell 8.871737578294978 29.98005725248768 0.0 1.0 1.0 1 0 0 0.0 1.0 0
cell 5.706701431900454 41.762896410900474 0.0 1.0 1.0 1 0 0 0.0 1.0 0
cell 13.990241891095014 21.628559589767082 0.0 1.0 1.0 1 0 0 0.0 1.0 0
cell 39.35800927826669 24.710176508553324 0.0 1.0 1.0 1 0 0 0.0 1.0 0
cell 27.08949681964282 26.143655595144914 0.0 1.0 1.0 1 0 0 0.0 1.0 0
cell 16.971545529223526 38.574162361835924 0.0 1.0 1.0 1 0 0 0.0 1.0 0
cell 14.075342636509903 2.252056674421219 0.0 1.0 1.0 1 0 0 0.0 1.0 0
cell 1.9303145697355641 33.66462086093297 0.0 1.0 1.0 1 0 0 0.0 1.0 0
cell 29.241453978206998 37.19112352183068 0.0 1.0 1.0 1 0 0 0.0 1.0 0
cell 40.02004008108989 1.9679472822939488 0.0 1.0 1.0 1 0 0 0.0 1.0 0
cell 27.367208134757146 34.22059133446367 0.0 1.0 1.0 1 0 0 0.0 1.0 0
cell 0.5231366355964553 3.9443376984992446 0.0 1.0 1.0 1 0 0 0.0 1.0 0
cell 28.654245106412233 18.989191191456545 0.0 1.0 1.0 1 0 0 0.0 1.0 0
cell 24.84839780655958 3.3539114064790225 0.0 1.0 1.0 1 0 0 0.0 1.0 0
cell 1.922291578126986 31.687920904477558 0.0 1.0 1.0 1 0 0 0.0 1.0 0
cell 33.060439608151825 11.763219963855166 0.0 1.0 1.0 1 0 0 0.0 1.0 0
cell 9.646695439358169 18.457827855125952 0.0 1.0 1.0 1 0 0 0.0 1.0 0
cell 24.16845259850801 1.4228961611307944 0.0 1.0 1.0 1 0 0 0.0 1.0 0
cell 8.987459104590977 9.397450734470604 0.0 1.0 1.0 1 0 0 0.0 1.0 0
cell 16.726856697320844 30.47163035256562 0.0 1.0 1.0 1 0 0 0.0 1.0 0
cell 37.412638334068355 19.66081579491592 0.0 1.0 1.0 1 0 0 0.0 1.0 0
cell 1.5768814907118174 23.510447304903572 0.0 1.0 1.0 1 0 0 0.0 1.0 0
cell 29.556078917701363 0.43889581712879705 0.0 1.0 1.0 1 0 0 0.0 1.0 0
cell 39.517006720186714 28.779843443475457 0.0 1.0 1.0 1 0 0 0.0 1.0 0
cell 38.97342519757072 14.59746406984051 0.0 1.0 1.0 1 0 0 0.0 1.0 0
cell 11.142406638671579 10.961367111350182 0.0 1.0 1.0 1 0 0 0.0 1.0 0
cell 9.66161399900844 37.827576089204086 0.0 1.0 1.0 1 0 0 0.0 1.0 0
cell 16.068474852084947 9.142230619407446 0.0 1.0 1.0 1 0 0 0.0 1.0 0
cell 21.746873409524884 23.269018389801342 0.0 1.0 1.0 1 0 0 0.0 1.0 0
cell 38.9936642649991 6.82526544149851 0.0 1.0 1.0 1 0 0 0.0 1.0 0
cell 28.48817095987747 11.84184575459697 0.0 1.0 1.0 1 0 0 0.0 1.0 0
cell 11.409377704331918 36.78167767654431 0.0 1.0 1.0 1 0 0 0.0 1.0 0
cell 27.64126381338 42.33503102525255 0.0 1.0 1.0 1 0 0 0.0 1.0 0
cell 3.6537308313563517 6.429292007810056 0.0 1.0 1.0 1 0 0 0.0 1.0 0
cell 1.427737575165692 19.429191229891 0.0 1.0 1.0 1 0 0 0.0 1.0 0
cell 12.34244587792572 3.2737103816137285 0.0 1.0 1.0 1 0 0 0.0 1.0 0
cell 37.80463661187263 29.83277237451361 0.0 1.0 1.0 1 0 0 0.0 1.0 0
cell 39.59469276806382 30.789174291097453 0.0 1.0 1.0 1 0 0 0.0 1.0 0
cell 3.799770418374428 36.66812669130047 0.0 1.0 1.0 1 0 0 0.0 1.0 0
cell 24.121778361432586 42.390905997242406 0.0 1.0 1.0 1 0 0 0.0 1.0 0
cell 36.35141279128141 38.99449860090397 0.0 1.0 1.0 1 0 0 0.0 1.0 0
cell 16.890339441813346 7.280805631286937 0.0 1.0 1.0 1 0 0 0.0 1.0 0
cell 6.544530340337647 26.754470703171982 0.0 1.0 1.0 1 0 0 0.0 1.0 0
cell 35.99950080186697 28.845878536101672 0.0 1.0 1.0 1 0 0 0.0 1.0 0
cell 32.69456080790272 35.08749383662083 0.0 1.0 1.0 1 0 0 0.0 1.0 0
cell 29.96454341643857 4.713489232466126 0.0 1.0 1.0 1 0 0 0.0 1.0 0
cell 14.828986848613646 19.780205091484778 0.0 1.0 1.0 1 0 0 0.0 1.0 0
cell 20.555536688951765 40.50045334082203 0.0 1.0 1.0 1 0 0 0.0 1.0 0
cell 41.11585251679318 23.658432324694747 0.0 1.0 1.0 1 0 0 0.0 1.0 0
cell 5.659685641277439 28.56038918752825 0.0 1.0 1.0 1 0 0 0.0 1.0 0
cell 18.30215755362093 27.357682815983704 0.0 1.0 1.0 1 0 0 0.0 1.0 0
cell 0.41128530924383205 40.80207778947985 0.0 1.0 1.0 1 0 0 0.0 1.0 0
cell 10.607616556822084 2.2747890420541896 0.0 1.0 1.0 1 0 0 0.0 1.0 0
cell 38.617764598512075 3.358802761719043 0.0 1.0 1.0 1 0 0 0.0 1.0 0
cell 16.00747255839273 21.482755261702433 0.0 1.0 1.0 1 0 0 0.0 1.0 0
cell 21.69129744989098 21.236889002078364 0.0 1.0 1.0 1 0 0 0.0 1.0 0
cell 20.661098727833462 15.866885301258282 0.0 1.0 1.0 1 0 0 0.0 1.0 0
cell 38.88534689102683 10.540555368595323 0.0 1.0 1.0 1 0 0 0.0 1.0 0
cell 23.098614557016848 6.933620396260534 0.0 1.0 1.0 1 0 0 0.0 1.0 0
cell 32.63733488829203 33.05498644881308 0.0 1.0 1.0 1 0 0 0.0 1.0 0
cell 34.13720038372068 25.899896172993714 0.0 1.0 1.0 1 0 0 0.0 1.0 0
cell 26.72734579556777 15.502032715009154 0.0 1.0 1.0 1 0 0 0.0 1.0 0
cell 37.720787565380625 27.773448855981794 0.0 1.0 1.0 1 0 0 0.0 1.0 0
cell 25.69597534052962 37.31109029973725 0.0 1.0 1.0 1 0 0 0.0 1.0 0
cell 20.66889762493911 1.5622174543023242 0.0 1.0 1.0 1 0 0 0.0 1.0 0
cell 41.704996168109865 41.86811551089632 0.0 1.0 1.0 1 0 0 0.0 1.0 0
cell 39.29759736084459 22.704936555986833 0.0 1.0 1.0 1 0 0 0.0 1.0 0
cell 20.611718486372958 42.528142698114515 0.0 1.0 1.0 1 0 0 0.0 1.0 0
cell 19.927127266487336 5.395460388229533 0.0 1.0 1.0 1 0 0 0.0 1.0 0
cell 32.76786516369632 37.096225810272415 0.0 1.0 1.0 1 0 0 0.0 1.0 0
cell 42.36166747874801 10.422635516377978 0.0 1.0 1.0 1 0 0 0.0 1.0 0
cell 36.03006026290832 4.230952277846361 0.0 1.0 1.0 1 0 0 0.0 1.0 0
cell 18.70239639038987 37.49944292835283 0.0 1.0 1.0 1 0 0 0.0 1.0 0
cell 12.270818266846172 42.21357310644166 0.0 1.0 1.0 1 0 0 0.0 1.0 0
cell 23.313130196828865 10.461698012895848 0.0 1.0 1.0 1 0 0 0.0 1.0 0
cell 15.803351556130586 1.1802887486247249 0.0 1.0 1.0 1 0 0 0.0 1.0 0
cell 20.421362914072247 36.433672545076256 0.0 1.0 1.0 1 0 0 0.0 1.0 0
cell 16.31471327763608 24.95308049143327 0.0 1.0 1.0 1 0 0 0.0 1.0 0
cell 10.232968085015472 25.44691645913263 0.0 1.0 1.0 1 0 0 0.0 1.0 0
cell 15.268181152747147 39.64614083380978 0.0 1.0 1.0 1 0 0 0.0 1.0 0
cell 9.403509586288152 27.242482173624808 0.0 1.0 1.0 1 0 0 0.0 1.0 0
cell 16.60442404771748 28.452562610033947 0.0 1.0 1.0 1 0 0 0.0 1.0 0
cell 15.083280779182223 33.585285192018375 0.0 1.0 1.0 1 0 0 0.0 1.0 0
cell 1.1377626383802535 11.365361884337753 0.0 1.0 1.0 1 0 0 0.0 1.0 0
cell 25.834469130510836 17.32496766101849 0.0 1.0 1.0 1 0 0 0.0 1.0 0
cell 11.401674096492663 14.769001162271527 0.0 1.0 1.0 1 0 0 0.0 1.0 0
cell 25.044074269377244 6.815386532428256 0.0 1.0 1.0 1 0 0 0.0 1.0 0
cell 14.98276898859047 31.54431948014884 0.0 1.0 1.0 1 0 0 0.0 1.0 0
cell 12.445278393238596 9.323134225404914 0.0 1.0 1.0 1 0 0 0.0 1.0 0
cell 30.84155741366762 2.906611399940465 0.0 1.0 1.0 1 0 0 0.0 1.0 0
cell 7.723624691724494 28.348229973075945 0.0 1.0 1.0 1 0 0 0.0 1.0 0
cell 35.19182528144578 6.075688539964839 0.0 1.0 1.0 1 0 0 0.0 1.0 0
cell 3.890018697981939 38.741976844834184 0.0 1.0 1.0 1 0 0 0.0 1.0 0
cell 40.837962372699714 17.558577138123514 0.0 1.0 1.0 1 0 0 0.0 1.0 0
cell 10.976476580773843 34.81570327877052 0.0 1.0 1.0 1 0 0 0.0 1.0 0
cell 21.916073679366104 29.32834599724642 0.0 1.0 1.0 1 0 0 0.0 1.0 0
cell 27.702111648736118 1.3401629037615168 0.0 1.0 1.0 1 0 0 0.0 1.0 0
cell 10.57140706559871 16.622487112745155 0.0 1.0 1.0 1 0 0 0.0 1.0 0
cell 30.500606579134228 21.99380845350286 0.0 1.0 1.0 1 0 0 0.0 1.0 0
cell 31.690621117285694 13.38734508616559 0.0 1.0 1.0 1 0 0 0.0 1.0 0
cell 25.900665170366118 0.3593724263137675 0.0 1.0 1.0 1 0 0 0.0 1.0 0
cell 32.295599015014446 22.931806053231803 0.0 1.0 1.0 1 0 0 0.0 1.0 0
cell 27.050124523309634 24.12129285179948 0.0 1.0 1.0 1 0 0 0.0 1.0 0
cell 41.77124129076948 2.971770778112886 0.0 1.0 1.0 1 0 0 0.0 1.0 0
cell 37.937702317667096 33.88147163331973 0.0 1.0 1.0 1 0 0 0.0 1.0 0
cell 11.646709624155081 18.285619411455055 0.0 1.0 1.0 1 0 0 0.0 1.0 0
cell 7.237306370503392 10.412584337335462 0.0 1.0 1.0 1 0 0 0.0 1.0 0
cell 18.7594403432966 39.49942657237346 0.0 1.0 1.0 1 0 0 0.0 1.0 0
cell 5.440688039585192 31.616267263854695 0.0 1.0 1.0 1 0 0 0.0 1.0 0
cell 24.077112992180478 40.402703721636236 0.0 1.0 1.0 1 0 0 0.0 1.0 0
cell 29.35371545371561 41.23657901683854 0.0 1.0 1.0 1 0 0 0.0 1.0 0
cell 2.2583356460527337 2.912490377664147 0.0 1.0 1.0 1 0 0 0.0 1.0 0
cell 23.56601676949473 26.22830979327161 0.0 1.0 1.0 1 0 0 0.0 1.0 0
cell 22.15657166627593 8.788032937370083 0.0 1.0 1.0 1 0 0 0.0 1.0 0
cell 7.308312444587135 34.657133451850385 0.0 1.0 1.0 1 0 0 0.0 1.0 0
cell 9.481523310810001 31.90317817387252 0.0 1.0 1.0 1 0 0 0.0 1.0 0
cell 42.47806616464915 14.4741177941954 0.0 1.0 1.0 1 0 0 0.0 1.0 0
cell 1.534189146558523 21.46206008828258 0.0 1.0 1.0 1 0 0 0.0 1.0 0
cell 1.9384813894538633 7.497880985342048 0.0 1.0 1.0 1 0 0 0.0 1.0 0
cell 13.733226508966128 18.14026546552006 0.0 1.0 1.0 1 0 0 0.0 1.0 0
cell 14.132723638436048 4.267097872460083 0.0 1.0 1.0 1 0 0 0.0 1.0 0
cell 21.960769691580516 5.283232225113979 0.0 1.0 1.0 1 0 0 0.0 1.0 0
cell 19.89622212629955 22.233153137069706 0.0 1.0 1.0 1 0 0 0.0 1.0 0
cell 40.71755057878981 13.54187350718703 0.0 1.0 1.0 1 0 0 0.0 1.0 0
cell 41.625155176220055 39.84452106481997 0.0 1.0 1.0 1 0 0 0.0 1.0 0
cell 33.14850904284269 6.27090210882982 0.0 1.0 1.0 1 0 0 0.0 1.0 0
cell 9.184251614768264 41.77220533933989 0.0 1.0 1.0 1 0 0 0.0 1.0 0
cell 35.666439907181775 20.74313905824972 0.0 1.0 1.0 1 0 0 0.0 1.0 0
cell 12.442556994117991 7.3014207126183805 0.0 1.0 1.0 1 0 0 0.0 1.0 0
cell 11.194644158303971 30.80439950597881 0.0 1.0 1.0 1 0 0 0.0 1.0 0
cell 1.6973840858994749 25.56940773026727 0.0 1.0 1.0 1 0 0 0.0 1.0 0
cell 18.597135172696646 33.44163115896372 0.0 1.0 1.0 1 0 0 0.0 1.0 0
cell 42.866521183054985 24.603244262075865 0.0 1.0 1.0 1 0 0 0.0 1.0 0
cell 2.9829399537139984 14.337267189891852 0.0 1.0 1.0 1 0 0 0.0 1.0 0
cell 35.93508378183148 26.837289583543537 0.0 1.0 1.0 1 0 0 0.0 1.0 0
cell 22.100689014885198 33.37646396047186 0.0 1.0 1.0 1 0 0 0.0 1.0 0
cell 24.212415556497298 8.646195895314715 0.0 1.0 1.0 1 0 0 0.0 1.0 0
cell 8.873254588121716 5.348165974189678 0.0 1.0 1.0 1 0 0 0.0 1.0 0
cell 31.026945438251616 38.1426453532346 0.0 1.0 1.0 1 0 0 0.0 1.0 0
cell 29.113762205505697 33.14963360398252 0.0 1.0 1.0 1 0 0 0.0 1.0 0
cell 32.29868731540777 8.058904366732001 0.0 1.0 1.0 1 0 0 0.0 1.0 0
cell 0.1843253104209779 32.72543237751514 0.0 1.0 1.0 1 0 0 0.0 1.0 0
cell 7.1031801838157165 2.294620898648434 0.0 1.0 1.0 1 0 0 0.0 1.0 0
cell 18.904626914768283 0.5730510195498354 0.0 1.0 1.0 1 0 0 0.0 1.0 0
cell 21.788029382092123 25.272390718871247 0.0 1.0 1.0 1 0 0 0.0 1.0 0
cell 32.87584904505829 2.7532434235642156 0.0 1.0 1.0 1 0 0 0.0 1.0 0
cell 33.72151328432431 15.749782023992468 0.0 1.0 1.0 1 0 0 0.0 1.0 0
cell 34.006624346087555 4.409567572255683 0.0 1.0 1.0 1 0 0 0.0 1.0 0
cell 25.8411255031606 41.350606858501216 0.0 1.0 1.0 1 0 0 0.0 1.0 0
cell 13.401983347794094 36.666074090047246 0.0 1.0 1.0 1 0 0 0.0 1.0 0
cell 10.548865855763026 0.23766217089609987 0.0 1.0 1.0 1 0 0 0.0 1.0 0
cell 13.429604202076316 14.642262301163417 0.0 1.0 1.0 1 0 0 0.0 1.0 0
cell 0.3971148779395892 38.79743511017135 0.0 1.0 1.0 1 0 0 0.0 1.0 0
cell 22.400498308970597 0.5050645797990382 0.0 1.0 1.0 1 0 0 0.0 1.0 0
cell 0.24120278673099435 34.73835387869013 0.0 1.0 1.0 1 0 0 0.0 1.0 0
cell 8.81631516445105 3.305678318766577 0.0 1.0 1.0 1 0 0 0.0 1.0 0
cell 38.91761174790163 12.566526952198371 0.0 1.0 1.0 1 0 0 0.0 1.0 0
cell 26.89105391212286 20.00152020471589 0.0 1.0 1.0 1 0 0 0.0 1.0 0
cell 27.59472782504803 40.26762555035889 0.0 1.0 1.0 1 0 0 0.0 1.0 0
cell 32.422653158293855 26.982949071504848 0.0 1.0 1.0 1 0 0 0.0 1.0 0
cell 6.46716644212883 12.292571852409564 0.0 1.0 1.0 1 0 0 0.0 1.0 0
cell 5.181380245138439 25.371326952803802 0.0 1.0 1.0 1 0 0 0.0 1.0 0
cell 42.288228249579745 8.360377965540481 0.0 1.0 1.0 1 0 0 0.0 1.0 0
cell 12.84240576527281 19.942666354383874 0.0 1.0 1.0 1 0 0 0.0 1.0 0
cell 28.744747834382625 15.331067516416947 0.0 1.0 1.0 1 0 0 0.0 1.0 0
cell 35.23242794206072 10.693797374797665 0.0 1.0 1.0 1 0 0 0.0 1.0 0
cell 18.284089302663627 25.357933472192748 0.0 1.0 1.0 1 0 0 0.0 1.0 0
cell 41.51588210346699 35.81469079121321 0.0 1.0 1.0 1 0 0 0.0 1.0 0
cell 25.95196042668613 4.998035894667787 0.0 1.0 1.0 1 0 0 0.0 1.0 0
cell 7.502331967927052 38.70511687576372 0.0 1.0 1.0 1 0 0 0.0 1.0 0
cell 38.01143295513226 35.89370971879261 0.0 1.0 1.0 1 0 0 0.0 1.0 0
cell 34.046180170751136 23.88685382792348 0.0 1.0 1.0 1 0 0 0.0 1.0 0
cell 36.9512141077107 7.034111984595293 0.0 1.0 1.0 1 0 0 0.0 1.0 0
cell 24.441051470790203 12.133914459755216 0.0 1.0 1.0 1 0 0 0.0 1.0 0
cell 33.46947656736783 9.743721290179526 0.0 1.0 1.0 1 0 0 0.0 1.0 0
cell 14.56636531228062 16.287520682853696 0.0 1.0 1.0 1 0 0 0.0 1.0 0
cell 17.24004648755692 10.813199729223793 0.0 1.0 1.0 1 0 0 0.0 1.0 0
cell 28.843608757314158 3.0516781351667133 0.0 1.0 1.0 1 0 0 0.0 1.0 0
cell 0.45259678217486365 42.85501215956003 0.0 1.0 1.0 1 0 0 0.0 1.0 0
cell 34.49127173520241 36.01479816453738 0.0 1.0 1.0 1 0 0 0.0 1.0 0
cell 41.182542432911276 25.675331106094877 0.0 1.0 1.0 1 0 0 0.0 1.0 0
cell 20.030892985963465 26.33011168383791 0.0 1.0 1.0 1 0 0 0.0 1.0 0
cell 5.64375564391989 37.71921394095092 0.0 1.0 1.0 1 0 0 0.0 1.0 0
cell 39.83888494461448 38.85518833082495 0.0 1.0 1.0 1 0 0 0.0 1.0 0
cell 19.538459017720797 14.233828368564767 0.0 1.0 1.0 1 0 0 0.0 1.0 0
cell 22.455246022981736 12.256545853758686 0.0 1.0 1.0 1 0 0 0.0 1.0 0
cell 9.233006057977688 35.85329483764983 0.0 1.0 1.0 1 0 0 0.0 1.0 0
cell 41.38845303224046 31.747064485513256 0.0 1.0 1.0 1 0 0 0.0 1.0 0
cell 15.906739796738576 5.261670627419266 0.0 1.0 1.0 1 0 0 0.0 1.0 0
cell 29.165160730762583 35.20199631551632 0.0 1.0 1.0 1 0 0 0.0 1.0 0
cell 17.739324643911644 23.389797693015357 0.0 1.0 1.0 1 0 0 0.0 1.0 0
cell 42.68603406004551 20.542811914811296 0.0 1.0 1.0 1 0 0 0.0 1.0 0
cell 28.7324789927671 23.011972781177604 0.0 1.0 1.0 1 0 0 0.0 1.0 0
cell 28.83388944298512 25.053327285448056 0.0 1.0 1.0 1 0 0 0.0 1.0 0
cell 30.76589346897469 30.04718324284613 0.0 1.0 1.0 1 0 0 0.0 1.0 0
cell 30.797006317776383 15.205914760623147 0.0 1.0 1.0 1 0 0 0.0 1.0 0
cell 7.083088157409974 23.92747405569904 0.0 1.0 1.0 1 0 0 0.0 1.0 0
cell 28.01680130128075 4.8657567254058 0.0 1.0 1.0 1 0 0 0.0 1.0 0
cell 6.832148313895712 30.20093280033751 0.0 1.0 1.0 1 0 0 0.0 1.0 0
cell 29.427800678824706 10.028054376775781 0.0 1.0 1.0 1 0 0 0.0 1.0 0
cell 35.45721064549514 14.710534987608327 0.0 1.0 1.0 1 0 0 0.0 1.0 0
cell 31.078027334147553 40.16947126098412 0.0 1.0 1.0 1 0 0 0.0 1.0 0
cell 37.239239082066 15.659224738993474 0.0 1.0 1.0 1 0 0 0.0 1.0 0
cell 3.707130062012068 30.553476815381234 0.0 1.0 1.0 1 0 0 0.0 1.0 0
cell 5.324588145534919 3.3362069833341437 0.0 1.0 1.0 1 0 0 0.0 1.0 0
cell 36.266439002034396 36.95989786135543 0.0 1.0 1.0 1 0 0 0.0 1.0 0
cell 41.001828563977874 6.816793883146216 0.0 1.0 1.0 1 0 0 0.0 1.0 0
cell 5.568158620523079 35.65139766723395 0.0 1.0 1.0 1 0 0 0.0 1.0 0
cell 8.228102802824568 25.570023063499065 0.0 1.0 1.0 1 0 0 0.0 1.0 0
cell 23.66895578753786 28.230545018839766 0.0 1.0 1.0 1 0 0 0.0 1.0 0
cell 8.793046032313061 20.271157183872862 0.0 1.0 1.0 1 0 0 0.0 1.0 0
cell 15.213282631941016 10.974650462119346 0.0 1.0 1.0 1 0 0 0.0 1.0 0
cell 34.30092619492269 29.92968844178676 0.0 1.0 1.0 1 0 0 0.0 1.0 0
cell 5.054234807073208 21.36449034276151 0.0 1.0 1.0 1 0 0 0.0 1.0 0
cell 20.13110226335282 28.34567361921177 0.0 1.0 1.0 1 0 0 0.0 1.0 0
cell 14.183693313806305 6.318656562324629 0.0 1.0 1.0 1 0 0 0.0 1.0 0
cell 9.170771505922612 11.405327758244908 0.0 1.0 1.0 1 0 0 0.0 1.0 0
cell 37.576194870352644 23.728583031426826 0.0 1.0 1.0 1 0 0 0.0 1.0 0
cell 33.95514636279181 21.82781910558762 0.0 1.0 1.0 1 0 0 0.0 1.0 0
cell 29.26569311923576 39.22203717410121 0.0 1.0 1.0 1 0 0 0.0 1.0 0
cell 7.426563260429083 42.773259207752645 0.0 1.0 1.0 1 0 0 0.0 1.0 0
cell 32.79583684885857 39.11192937078191 0.0 1.0 1.0 1 0 0 0.0 1.0 0
cell 18.82142254616819 41.5611350571031 0.0 1.0 1.0 1 0 0 0.0 1.0 0
cell 15.489490645912957 26.76633947097806 0.0 1.0 1.0 1 0 0 0.0 1.0 0
cell 34.548466969708336 38.04496450885015 0.0 1.0 1.0 1 0 0 0.0 1.0 0
cell 30.292139795911034 8.24333137071127 0.0 1.0 1.0 1 0 0 0.0 1.0 0
cell 5.6667406232238315 39.7299721792317 0.0 1.0 1.0 1 0 0 0.0 1.0 0
cell 34.19901388089769 27.900533058046577 0.0 1.0 1.0 1 0 0 0.0 1.0 0
cell 42.57090406862174 16.489665704749694 0.0 1.0 1.0 1 0 0 0.0 1.0 0
cell 19.014660275761294 7.188934400772253 0.0 1.0 1.0 1 0 0 0.0 1.0 0
cell 1.7922244343446416 27.58257413426347 0.0 1.0 1.0 1 0 0 0.0 1.0 0
cell 7.157703962326323 6.351730200609736 0.0 1.0 1.0 1 0 0 0.0 1.0 0
cell 10.992169522137866 40.73933833609812 0.0 1.0 1.0 1 0 0 0.0 1.0 0
cell 13.221943542033083 11.19064942383082 0.0 1.0 1.0 1 0 0 0.0 1.0 0
cell 35.53147757218757 16.735837524543747 0.0 1.0 1.0 1 0 0 0.0 1.0 0
cell 37.12632770378261 11.527276188302949 0.0 1.0 1.0 1 0 0 0.0 1.0 0
cell 42.973852868384625 26.631479674795003 0.0 1.0 1.0 1 0 0 0.0 1.0 0
cell 22.807689591881758 2.9990832824834044 0.0 1.0 1.0 1 0 0 0.0 1.0 0
cell 41.32823065305481 29.746809881186287 0.0 1.0 1.0 1 0 0 0.0 1.0 0
cell 40.633128718231895 11.458762811776133 0.0 1.0 1.0 1 0 0 0.0 1.0 0
cell 34.3540694472565 31.965696680873485 0.0 1.0 1.0 1 0 0 0.0 1.0 0
cell 41.566885369177015 37.818220742570304 0.0 1.0 1.0 1 0 0 0.0 1.0 0
cell 39.67145314219605 32.815713671591695 0.0 1.0 1.0 1 0 0 0.0 1.0 0
cell 12.559751000449673 16.443402775847012 0.0 1.0 1.0 1 0 0 0.0 1.0 0
cell 12.576706720618404 28.75339929268011 0.0 1.0 1.0 1 0 0 0.0 1.0 0
cell 32.222151292462875 20.888153855728937 0.0 1.0 1.0 1 0 0 0.0 1.0 0
cell 3.595215113505806 28.499143210191804 0.0 1.0 1.0 1 0 0 0.0 1.0 0
cell 33.72338778055656 0.8889709838965656 0.0 1.0 1.0 1 0 0 0.0 1.0 0
cell 4.022982866150351 1.8501667290549177 0.0 1.0 1.0 1 0 0 0.0 1.0 0
cell 25.428215022762974 29.196859302519652 0.0 1.0 1.0 1 0 0 0.0 1.0 0
cell 18.651867529198608 35.49892889283852 0.0 1.0 1.0 1 0 0 0.0 1.0 0
cell 34.68424832586875 42.09592731616547 0.0 1.0 1.0 1 0 0 0.0 1.0 0
cell 39.75538329619861 34.83900920567415 0.0 1.0 1.0 1 0 0 0.0 1.0 0
cell 13.02434384676968 34.688926073569746 0.0 1.0 1.0 1 0 0 0.0 1.0 0
cell 4.819165750684765 15.30325168870959 0.0 1.0 1.0 1 0 0 0.0 1.0 0
cell 18.377497078549517 12.49985418210142 0.0 1.0 1.0 1 0 0 0.0 1.0 0
cell 18.093001402116787 8.999270648849738 0.0 1.0 1.0 1 0 0 0.0 1.0 0
cell 10.614566252756275 4.292026739098691 0.0 1.0 1.0 1 0 0 0.0 1.0 0
cell 1.3426847250199858 17.454219683525334 0.0 1.0 1.0 1 0 0 0.0 1.0 0
cell 11.423001070333079 27.053096574146117 0.0 1.0 1.0 1 0 0 0.0 1.0 0
cell 11.974006085618475 21.76355311466657 0.0 1.0 1.0 1 0 0 0.0 1.0 0
cell 2.1693600574799556 39.762565040234854 0.0 1.0 1.0 1 0 0 0.0 1.0 0
cell 23.951978887093414 36.35654499846964 0.0 1.0 1.0 1 0 0 0.0 1.0 0
cell 16.843041645266712 34.50892237194966 0.0 1.0 1.0 1 0 0 0.0 1.0 0
cell 30.52573017951084 11.739506182382442 0.0 1.0 1.0 1 0 0 0.0 1.0 0
cell 19.26757971755297 10.732663222430675 0.0 1.0 1.0 1 0 0 0.0 1.0 0
cell 3.3137492761321856 22.43148057400505 0.0 1.0 1.0 1 0 0 0.0 1.0 0
cell 22.13243094172583 35.37017759954514 0.0 1.0 1.0 1 0 0 0.0 1.0 0
cell 37.47407648512346 21.730613804593403 0.0 1.0 1.0 1 0 0 0.0 1.0 0
cell 8.785333340131281 1.2780237551426814 0.0 1.0 1.0 1 0 0 0.0 1.0 0
cell 28.974664626463937 29.083715311582534 0.0 1.0 1.0 1 0 0 0.0 1.0 0
cell 41.754037247837395 0.910599726086069 0.0 1.0 1.0 1 0 0 0.0 1.0 0
cell 28.907188742181294 27.096757841472606 0.0 1.0 1.0 1 0 0 0.0 1.0 0
cell 15.47202458616582 14.48502344722036 0.0 1.0 1.0 1 0 0 0.0 1.0 0
cell 5.740392368690119 0.8131634310130161 0.0 1.0 1.0 1 0 0 0.0 1.0 0
cell 36.13287102795294 32.918367190658394 0.0 1.0 1.0 1 0 0 0.0 1.0 0
cell 3.251897616564104 20.38924084124467 0.0 1.0 1.0 1 0 0 0.0 1.0 0
cell 27.189495093905045 28.165488275897804 0.0 1.0 1.0 1 0 0 0.0 1.0 0
cell 26.84700901543107 3.184879435311326 0.0 1.0 1.0 1 0 0 0.0 1.0 0
cell 2.87346333197249 10.295245284745246 0.0 1.0 1.0 1 0 0 0.0 1.0 0
cell 12.252052316751838 25.26525417751421 0.0 1.0 1.0 1 0 0 0.0 1.0 0
cell 25.3065942341604 25.181113320096834 0.0 1.0 1.0 1 0 0 0.0 1.0 0
cell 30.81293285636889 32.082377450975365 0.0 1.0 1.0 1 0 0 0.0 1.0 0
cell 3.954980752980991 42.80056432476539 0.0 1.0 1.0 1 0 0 0.0 1.0 0
cell 31.405171823543217 9.904138286502636 0.0 1.0 1.0 1 0 0 0.0 1.0 0
cell 6.566778746947319 14.289790172056009 0.0 1.0 1.0 1 0 0 0.0 1.0 0
cell 25.522913351447468 31.239489921278356 0.0 1.0 1.0 1 0 0 0.0 1.0 0
cell 18.61574072281811 15.987996829378007 0.0 1.0 1.0 1 0 0 0.0 1.0 0
cell 17.487463408652555 14.36258360972719 0.0 1.0 1.0 1 0 0 0.0 1.0 0
cell 33.92524820972863 19.80402344649394 0.0 1.0 1.0 1 0 0 0.0 1.0 0
cell 2.227200920439528 0.8564572632543578 0.0 1.0 1.0 1 0 0 0.0 1.0 0
cell 18.842202088547666 3.7038482942131696 0.0 1.0 1.0 1 0 0 0.0 1.0 0
cell 10.702700011992789 8.338697464412666 0.0 1.0 1.0 1 0 0 0.0 1.0 0
cell 15.89142697239028 3.242082063249705 0.0 1.0 1.0 1 0 0 0.0 1.0 0
cell 41.260716188523226 27.725814742140386 0.0 1.0 1.0 1 0 0 0.0 1.0 0
cell 9.39744881934661 14.927951829193951 0.0 1.0 1.0 1 0 0 0.0 1.0 0
cell 29.638958875655774 13.570968525075523 0.0 1.0 1.0 1 0 0 0.0 1.0 0
cell 29.99888012627961 17.352316872424467 0.0 1.0 1.0 1 0 0 0.0 1.0 0
cell 39.46746294384227 26.745816879422318 0.0 1.0 1.0 1 0 0 0.0 1.0 0
cell 24.668164240639875 15.662279699171151 0.0 1.0 1.0 1 0 0 0.0 1.0 0
cell 25.39899599719968 27.200218005584027 0.0 1.0 1.0 1 0 0 0.0 1.0 0
cell 26.236368888597628 8.491962022493164 0.0 1.0 1.0 1 0 0 0.0 1.0 0
cell 5.136454910578396 23.388021547360683 0.0 1.0 1.0 1 0 0 0.0 1.0 0
cell 10.657992629095066 6.327970123679851 0.0 1.0 1.0 1 0 0 0.0 1.0 0
cell 27.844796181477356 17.16674666301633 0.0 1.0 1.0 1 0 0 0.0 1.0 0
cell 4.6673806213583005 11.259251842369256 0.0 1.0 1.0 1 0 0 0.0 1.0 0
cell 21.288246751181866 10.582212212953815 0.0 1.0 1.0 1 0 0 0.0 1.0 0
cell 17.740505218474908 17.857147585899227 0.0 1.0 1.0 1 0 0 0.0 1.0 0
cell 30.62507281400553 26.02370071610831 0.0 1.0 1.0 1 0 0 0.0 1.0 0
cell 32.884272753225446 41.154247557901584 0.0 1.0 1.0 1 0 0 0.0 1.0 0
cell 26.93491216469765 22.109066231926704 0.0 1.0 1.0 1 0 0 0.0 1.0 0
cell 24.91747371423574 19.142304404388643 0.0 1.0 1.0 1 0 0 0.0 1.0 0
cell 3.3768262924965997 24.43226636494762 0.0 1.0 1.0 1 0 0 0.0 1.0 0
cell 3.475566025738308 26.50557473152921 0.0 1.0 1.0 1 0 0 0.0 1.0 0
cell 0.13138651004670812 6.576210833137082 0.0 1.0 1.0 1 0 0 0.0 1.0 0
cell 11.13482334843205 23.58848847014566 0.0 1.0 1.0 1 0 0 0.0 1.0 0
cell 36.2167316447496 0.4577856720374735 0.0 1.0 1.0 1 0 0 0.0 1.0 0
cell 18.89748472992663 19.580922867372646 0.0 1.0 1.0 1 0 0 0.0 1.0 0
cell 3.589877649691228 4.401504832110759 0.0 1.0 1.0 1 0 0 0.0 1.0 0
cell 17.09698890379349 42.61962593778059 0.0 1.0 1.0 1 0 0 0.0 1.0 0
cell 1.2345277730212934 13.39478963250906 0.0 1.0 1.0 1 0 0 0.0 1.0 0
cell 0.05312465044272024 28.64626604169954 0.0 1.0 1.0 1 0 0 0.0 1.0 0
cell 9.955298900095707 21.91428879178924 0.0 1.0 1.0 1 0 0 0.0 1.0 0
cell 37.67155855396253 25.765951443428452 0.0 1.0 1.0 1 0 0 0.0 1.0 0
cell 17.91808210801636 5.483835193802865 0.0 1.0 1.0 1 0 0 0.0 1.0 0
cell 27.094750867896373 6.677996735064339 0.0 1.0 1.0 1 0 0 0.0 1.0 0
cell 38.12507821931581 39.915014548434876 0.0 1.0 1.0 1 0 0 0.0 1.0 0
cell 36.1979877102796 34.92615192472201 0.0 1.0 1.0 1 0 0 0.0 1.0 0
cell 7.380260501078625 36.67112073030026 0.0 1.0 1.0 1 0 0 0.0 1.0 0
cell 6.791331607788156 20.284773484290625 0.0 1.0 1.0 1 0 0 0.0 1.0 0
cell 29.109766407665074 6.54792291983149 0.0 1.0 1.0 1 0 0 0.0 1.0 0
cell 37.33386777843871 17.667696543269965 0.0 1.0 1.0 1 0 0 0.0 1.0 0
cell 40.922881836054984 19.604031868064652 0.0 1.0 1.0 1 0 0 0.0 1.0 0
cell 13.559274505979339 40.67977155018963 0.0 1.0 1.0 1 0 0 0.0 1.0 0
cell 23.46689227380471 22.17451196461167 0.0 1.0 1.0 1 0 0 0.0 1.0 0
cell 20.848627456399875 3.5838857148352474 0.0 1.0 1.0 1 0 0 0.0 1.0 0
cell 27.25278382898604 30.180561348020753 0.0 1.0 1.0 1 0 0 0.0 1.0 0
cell 25.328514851627098 10.363155388585573 0.0 1.0 1.0 1 0 0 0.0 1.0 0
cell 17.62287352747061 2.138806870782055 0.0 1.0 1.0 1 0 0 0.0 1.0 0
cell 27.452523196579712 36.28329647908706 0.0 1.0 1.0 1 0 0 0.0 1.0 0
cell 21.0198572617481 7.106112046533992 0.0 1.0 1.0 1 0 0 0.0 1.0 0
cell 8.943306350740164 7.359459448161109 0.0 1.0 1.0 1 0 0 0.0 1.0 0
cell 19.794300285660878 17.71559337602145 0.0 1.0 1.0 1 0 0 0.0 1.0 0
cell 38.04892607364349 37.90516326253177 0.0 1.0 1.0 1 0 0 0.0 1.0 0
cell 2.2069180100128927 41.80027634356706 0.0 1.0 1.0 1 0 0 0.0 1.0 0
cell 10.549930140628655 28.927424231330413 0.0 1.0 1.0 1 0 0 0.0 1.0 0
cell 16.808018597013834 32.50289929605647 0.0 1.0 1.0 1 0 0 0.0 1.0 0
cell 23.991776281902496 38.37756457907894 0.0 1.0 1.0 1 0 0 0.0 1.0 0
cell 36.3770625741072 41.016837764326496 0.0 1.0 1.0 1 0 0 0.0 1.0 0
cell 35.41093565290317 12.692601732974838 0.0 1.0 1.0 1 0 0 0.0 1.0 0
cell 23.869511552266566 34.29573201288308 0.0 1.0 1.0 1 0 0 0.0 1.0 0
cell 37.180817683417715 13.621385215430465 0.0 1.0 1.0 1 0 0 0.0 1.0 0
cell 3.048428543842446 16.355407673733723 0.0 1.0 1.0 1 0 0 0.0 1.0 0
cell 4.978120807519287 19.32902604660643 0.0 1.0 1.0 1 0 0 0.0 1.0 0
cell 32.00294349698879 16.826972946301854 0.0 1.0 1.0 1 0 0 0.0 1.0 0
cell 27.503861819221814 38.27478623093011 0.0 1.0 1.0 1 0 0 0.0 1.0 0
cell 23.827570403919893 32.266716030452066 0.0 1.0 1.0 1 0 0 0.0 1.0 0
cell 23.49774764024587 24.20071282073678 0.0 1.0 1.0 1 0 0 0.0 1.0 0
cell 27.36205908231459 10.195800657349999 0.0 1.0 1.0 1 0 0 0.0 1.0 0
cell 33.806016888665994 17.775230100104153 0.0 1.0 1.0 1 0 0 0.0 1.0 0
cell 20.35060179063624 34.421501043241456 0.0 1.0 1.0 1 0 0 0.0 1.0 0
cell 18.42061463749545 29.41319573104528 0.0 1.0 1.0 1 0 0 0.0 1.0 0
cell 30.404821729569424 19.94762914934207 0.0 1.0 1.0 1 0 0 0.0 1.0 0
cell 7.169411528223226 8.414955892405182 0.0 1.0 1.0 1 0 0 0.0 1.0 0
cell 30.69903416563905 28.039486734224287 0.0 1.0 1.0 1 0 0 0.0 1.0 0
cell 2.1114505262286523 37.777029281167785 0.0 1.0 1.0 1 0 0 0.0 1.0 0
cell 15.181993727463945 37.59441228327462 0.0 1.0 1.0 1 0 0 0.0 1.0 0
cell 0.3328782397555431 36.747167607415996 0.0 1.0 1.0 1 0 0 0.0 1.0 0
cell 12.387139480352602 5.285027880955481 0.0 1.0 1.0 1 0 0 0.0 1.0 0
cell 20.222712235202295 30.33856596176164 0.0 1.0 1.0 1 0 0 0.0 1.0 0
cell 39.11066158421267 18.63996724756187 0.0 1.0 1.0 1 0 0 0.0 1.0 0
cell 39.84264201559517 5.024721135006976 0.0 1.0 1.0 1 0 0 0.0 1.0 0
cell 2.9326412333887655 12.329704458136991 0.0 1.0 1.0 1 0 0 0.0 1.0 0
cell 21.860210182461465 27.293372708681282 0.0 1.0 1.0 1 0 0 0.0 1.0 0
cell 14.047024556011493 0.20987566225410278 0.0 1.0 1.0 1 0 0 0.0 1.0 0
cell 31.13446640652066 6.423099569104285 0.0 1.0 1.0 1 0 0 0.0 1.0 0
cell 9.08690603888247 23.75243448241376 0.0 1.0 1.0 1 0 0 0.0 1.0 0
cell 29.036287662474503 31.115703057650688 0.0 1.0 1.0 1 0 0 0.0 1.0 0
cell 33.68456151007829 13.722529324346402 0.0 1.0 1.0 1 0 0 0.0 1.0 0
cell 8.277333552770362 13.22883228720229 0.0 1.0 1.0 1 0 0 0.0 1.0 0
cell 3.6839639701270785 32.60708872390443 0.0 1.0 1.0 1 0 0 0.0 1.0 0
cell 35.76126647219552 22.80055257588334 0.0 1.0 1.0 1 0 0 0.0 1.0 0
cell 20.290710481891672 32.40763498532586 0.0 1.0 1.0 1 0 0 0.0 1.0 0
cell 5.40206339240997 7.393416635586446 0.0 1.0 1.0 1 0 0 0.0 1.0 0
cell 20.891844787032593 19.379537504045505 0.0 1.0 1.0 1 0 0 0.0 1.0 0
cell 12.304703469835486 12.956875035307808 0.0 1.0 1.0 1 0 0 0.0 1.0 0
cell 11.436252737633813 38.81818636678109 0.0 1.0 1.0 1 0 0 0.0 1.0 0
cell 34.60370012811132 40.09256336145892 0.0 1.0 1.0 1 0 0 0.0 1.0 0
cell 39.802212958692664 36.86492451316797 0.0 1.0 1.0 1 0 0 0.0 1.0 0
cell 3.9276010661544194 40.7559903831973 0.0 1.0 1.0 1 0 0 0.0 1.0 0
cell 38.1397870238042 8.668975721085872 0.0 1.0 1.0 1 0 0 0.0 1.0 0
cell 36.125735827461426 8.886944542715392 0.0 1.0 1.0 1 0 0 0.0 1.0 0
cell 15.151828721245366 23.27615145141923 0.0 1.0 1.0 1 0 0 0.0 1.0 0
cell 11.260794370346671 32.826873669645956 0.0 1.0 1.0 1 0 0 0.0 1.0 0
cell 42.759731463663414 22.54234059482804 0.0 1.0 1.0 1 0 0 0.0 1.0 0
cell 16.615576435687792 16.147714454046245 0.0 1.0 1.0 1 0 0 0.0 1.0 0
cell 13.191739604431088 30.643824353678347 0.0 1.0 1.0 1 0 0 0.0 1.0 0
cell 25.775260626044627 39.33513716782146 0.0 1.0 1.0 1 0 0 0.0 1.0 0
cell 32.52089706312993 28.997486952063902 0.0 1.0 1.0 1 0 0 0.0 1.0 0
cell 23.95171594295094 5.162957966964957 0.0 1.0 1.0 1 0 0 0.0 1.0 0
cell 5.58425085773431 33.63130939256063 0.0 1.0 1.0 1 0 0 0.0 1.0 0
cell 22.915672694430633 19.410451883639873 0.0 1.0 1.0 1 0 0 0.0 1.0 0
cell 22.038594121245932 31.301565803863657 0.0 1.0 1.0 1 0 0 0.0 1.0 0
cell 23.587095228846366 13.923900352460794 0.0 1.0 1.0 1 0 0 0.0 1.0 0
cell 34.39663539289993 33.9791788630575 0.0 1.0 1.0 1 0 0 0.0 1.0 0
cell 39.90589973293555 40.884287545229725 0.0 1.0 1.0 1 0 0 0.0 1.0 0
cell 40.763018646632325 15.519185129347123 0.0 1.0 1.0 1 0 0 0.0 1.0 0
cell 5.394162074481906 5.385943860308342 0.0 1.0 1.0 1 0 0 0.0 1.0 0
cell 36.86524082220378 2.415183417345832 0.0 1.0 1.0 1 0 0 0.0 1.0 0
cell 8.523543745297 16.75882816492755 0.0 1.0 1.0 1 0 0 0.0 1.0 0
cell 39.05023111170831 16.6206559755568 0.0 1.0 1.0 1 0 0 0.0 1.0 0
cell 9.180256239040787 39.742794983809745 0.0 1.0 1.0 1 0 0 0.0 1.0 0
cell 32.348261481002154 24.938145504427737 0.0 1.0 1.0 1 0 0 0.0 1.0 0
cell 37.848863840460375 31.854331454923475 0.0 1.0 1.0 1 0 0 0.0 1.0 0
cell 18.04945867193341 21.396832275351816 0.0 1.0 1.0 1 0 0 0.0 1.0 0
cell 40.9909804819994 21.611679117362357 0.0 1.0 1.0 1 0 0 0.0 1.0 0
cell 13.273317943569058 32.66295968692813 0.0 1.0 1.0 1 0 0 0.0 1.0 0
cell 9.18019939743747 33.866918039234676 0.0 1.0 1.0 1 0 0 0.0 1.0 0
cell 28.678465613705534 20.99997615379329 0.0 1.0 1.0 1 0 0 0.0 1.0 0
cell 1.308370680676261 15.430137250003762 0.0 1.0 1.0 1 0 0 0.0 1.0 0
cell 7.853653110905654 22.075622946383145 0.0 1.0 1.0 1 0 0 0.0 1.0 0
cell 3.1450877870876823 18.40345074143685 0.0 1.0 1.0 1 0 0 0.0 1.0 0
cell 32.12637140432706 18.851495791693107 0.0 1.0 1.0 1 0 0 0.0 1.0 0
cell 7.400969211638528 32.159499061267944 0.0 1.0 1.0 1 0 0 0.0 1.0 0
cell 23.73808616601447 30.28352554863217 0.0 1.0 1.0 1 0 0 0.0 1.0 0
cell 31.14059883271136 42.183404727706424 0.0 1.0 1.0 1 0 0 0.0 1.0 0
cell 0.12403066143090025 30.65210449662864 0.0 1.0 1.0 1 0 0 0.0 1.0 0
cell 38.21417618540859 41.959753075461954 0.0 1.0 1.0 1 0 0 0.0 1.0 0
cell 21.537138776725236 14.074230491369347 0.0 1.0 1.0 1 0 0 0.0 1.0 0
cell 41.45879293709283 33.77997867987616 0.0 1.0 1.0 1 0 0 0.0 1.0 0
cell 15.339103601382654 41.64049485025332 0.0 1.0 1.0 1 0 0 0.0 1.0 0
cell 39.9770786507001 42.90220599707855 0.0 1.0 1.0 1 0 0 0.0 1.0 0
cell 25.57676113052693 13.810484896280052 0.0 1.0 1.0 1 0 0 0.0 1.0 0
cell 22.67217865034492 15.765468223806856 0.0 1.0 1.0 1 0 0 0.0 1.0 0
cell 12.283931497380458 1.235624361967141 0.0 1.0 1.0 1 0 0 0.0 1.0 0
cell 4.838854696531558 17.330365286452516 0.0 1.0 1.0 1 0 0 0.0 1.0 0
cell 25.22572985645374 23.136557168526735 0.0 1.0 1.0 1 0 0 0.0 1.0 0
cell 6.576705290872943 16.304179900951166 0.0 1.0 1.0 1 0 0 0.0 1.0 0
