500
 Lattice="42.988320257742465 0.0 0.0 0.0 42.988320257742465 0.0 0.0 0.0 1.0"Properties=species:S:1:pos:R:3:aspherical_shape:R:3:orientation:R:4:Color:R:1
cell 26.407268735022356 2.2167439952598786 0.0 1.0 1.0 1 0 0 0.0 1.0 0
cell 42.73086414575859 1.4339786978068543 0.0 1.0 1.0 1 0 0 0.0 1.0 0
cell 15.878335003915748 0.4421719785151393 0.0 1.0 1.0 1 0 0 0.0 1.0 0
cell 6.947173906137301 21.55217309387808 0.0 1.0 1.0 1 0 0 0.0 1.0 0
cell 20.32494161032597 3.7684580421264298 0.0 1.0 1.0 1 0 0 0.0 1.0 0
cell 13.739372443199535 23.525876787587897 0.0 1.0 1.0 1 0 0 0.0 1.0 0
cell 12.39644137151573 21.273413113877403 0.0 1.0 1.0 1 0 0 0.0 1.0 0
cell 41.29474001923047 19.77256408780954 0.0 1.0 1.0 1 0 0 0.0 1.0 0
cell 1.2591593664456706 4.684996637303556 0.0 1.0 1.0 1 0 0 0.0 1.0 0
cell 0.6038484409112616 34.29202535765728 0.0 1.0 1.0 1 0 0 0.0 1.0 0
cell 3.9335106205013695 15.145827680879108 0.0 1.0 1.0 1 0 0 0.0 1.0 0
cell 14.547705046690375 25.379236005303486 0.0 1.0 1.0 1 0 0 0.0 1.0 0
cell 18.2205142077993 15.954217394810787 0.0 1.0 1.0 1 0 0 0.0 1.0 0
cell 0.9297332930297025 8.681179303354655 0.0 1.0 1.0 1 0 0 0.0 1.0 0
cell 26.563762095248393 13.134810885199746 0.0 1.0 1.0 1 0 0 0.0 1.0 0
cell 11.887760910407179 3.4458328383517838 0.0 1.0 1.0 1 0 0 0.0 1.0 0
cell 9.609256002438247 10.464474045134997 0.0 1.0 1.0 1 0 0 0.0 1.0 0
cell 31.588422373873573 8.724834873447255 0.0 1.0 1.0 1 0 0 0.0 1.0 0
cell 30.132461547228583 27.019960493153587 0.0 1.0 1.0 1 0 0 0.0 1.0 0
cell 24.28248561675309 16.533014092756456 0.0 1.0 1.0 1 0 0 0.0 1.0 0
cell 27.698780610672458 11.493771101292976 0.0 1.0 1.0 1 0 0 0.0 1.0 0
cell 36.44038131759746 14.26549303278976 0.0 1.0 1.0 1 0 0 0.0 1.0 0
cell 13.193826311733083 32.43133551922602 0.0 1.0 1.0 1 0 0 0.0 1.0 0
cell 41.04124629061137 0.3222513615046617 0.0 1.0 1.0 1 0 0 0.0 1.0 0
cell 42.25953994484093 29.037088927119733 0.0 1.0 1.0 1 0 0 0.0 1.0 0
cell 39.759786467679106 16.59537240971459 0.0 1.0 1.0 1 0 0 0.0 1.0 0
cell 39.25614527163714 1.1793163566065135 0.0 1.0 1.0 1 0 0 0.0 1.0 0
cell 37.74936993481331 40.97632857609017 0.0 1.0 1.0 1 0 0 0.0 1.0 0
cell 17.077465777806783 17.644059487378914 0.0 1.0 1.0 1 0 0 0.0 1.0 0
cell 8.06951223505246 28.80565095791922 0.0 1.0 1.0 1 0 0 0.0 1.0 0
cell 15.381029716617514 3.794524378015798 0.0 1.0 1.0 1 0 0 0.0 1.0 0
cell 38.929939102533744 5.203066008788099 0.0 1.0 1.0 1 0 0 0.0 1.0 0
cell 41.88321155649979 33.124961721245135 0.0 1.0 1.0 1 0 0 0.0 1.0 0
cell 9.26615416268431 36.024070691383606 0.0 1.0 1.0 1 0 0 0.0 1.0 0
cell 4.961266398956197 24.45482305905311 0.0 1.0 1.0 1 0 0 0.0 1.0 0
cell 10.92989027292015 37.20919670188298 0.0 1.0 1.0 1 0 0 0.0 1.0 0
cell 9.764446654759489 8.424969112627227 0.0 1.0 1.0 1 0 0 0.0 1.0 0
cell 12.048874293560973 1.4462967750384323 0.0 1.0 1.0 1 0 0 0.0 1.0 0
cell 22.2237091423309 26.247143324144748 0.0 1.0 1.0 1 0 0 0.0 1.0 0
cell 36.247360523978585 37.79624898778119 0.0 1.0 1.0 1 0 0 0.0 1.0 0
cell 20.23232408631421 16.145008794715558 0.0 1.0 1.0 1 0 0 0.0 1.0 0
cell 42.42776738865753 27.03237182090482 0.0 1.0 1.0 1 0 0 0.0 1.0 0
cell 34.809950718441314 13.073473385515454 0.0 1.0 1.0 1 0 0 0.0 1.0 0
cell 0.6107700031514862 12.777266514104598 0.0 1.0 1.0 1 0 0 0.0 1.0 0
cell 25.990059955692228 7.793748023771299 0.0 1.0 1.0 1 0 0 0.0 1.0 0
cell 15.785636587518 23.763169939286843 0.0 1.0 1.0 1 0 0 0.0 1.0 0
cell 3.558481020082502 40.66307936614644 0.0 1.0 1.0 1 0 0 0.0 1.0 0
cell 38.26583821200394 13.40611198084484 0.0 1.0 1.0 1 0 0 0.0 1.0 0
cell 30.58993736699405 20.92989429334404 0.0 1.0 1.0 1 0 0 0.0 1.0 0
cell 22.049007481735877 41.71631852489403 0.0 1.0 1.0 1 0 0 0.0 1.0 0
cell 6.425645811938289 27.60935875598818 0.0 1.0 1.0 1 0 0 0.0 1.0 0
cell 20.46746415364823 25.121285020762844 0.0 1.0 1.0 1 0 0 0.0 1.0 0
cell 5.585428727922988 37.74477205394066 0.0 1.0 1.0 1 0 0 0.0 1.0 0
cell 27.583548718519992 36.029383400714465 0.0 1.0 1.0 1 0 0 0.0 1.0 0
cell 22.810506907095426 9.316566397729813 0.0 1.0 1.0 1 0 0 0.0 1.0 0
cell 38.76919904842159 28.781797079480913 0.0 1.0 1.0 1 0 0 0.0 1.0 0
cell 37.942700643703674 17.465219219715948 0.0 1.0 1.0 1 0 0 0.0 1.0 0
cell 28.45234365786746 25.853805968698264 0.0 1.0 1.0 1 0 0 0.0 1.0 0
cell 24.514086348796617 31.59932417443871 0.0 1.0 1.0 1 0 0 0.0 1.0 0
cell 11.527820391299738 7.535208381216515 0.0 1.0 1.0 1 0 0 0.0 1.0 0
cell 6.118472606738807 31.689425535727104 0.0 1.0 1.0 1 0 0 0.0 1.0 0
cell 30.312117466356426 24.950186046492586 0.0 1.0 1.0 1 0 0 0.0 1.0 0
cell 5.804323325947972 14.239186589769039 0.0 1.0 1.0 1 0 0 0.0 1.0 0
cell 20.8588648575851 27.825103262970885 0.0 1.0 1.0 1 0 0 0.0 1.0 0
cell 27.27264619966861 40.09947842646695 0.0 1.0 1.0 1 0 0 0.0 1.0 0
cell 33.10956319963161 11.943792159182163 0.0 1.0 1.0 1 0 0 0.0 1.0 0
cell 33.45652198195097 29.347414221933246 0.0 1.0 1.0 1 0 0 0.0 1.0 0
cell 0.06473890235018567 40.36358925155463 0.0 1.0 1.0 1 0 0 0.0 1.0 0
cell 26.414459376254758 16.707171948644138 0.0 1.0 1.0 1 0 0 0.0 1.0 0
cell 40.5827064653166 6.38981379324074 0.0 1.0 1.0 1 0 0 0.0 1.0 0
cell 25.443346487903842 0.4535928283414218 0.0 1.0 1.0 1 0 0 0.0 1.0 0
cell 38.59698139978961 30.809091266237754 0.0 1.0 1.0 1 0 0 0.0 1.0 0
cell 24.969200610228683 25.579526797598238 0.0 1.0 1.0 1 0 0 0.0 1.0 0
cell 8.394737412212027 3.1624268513449763 0.0 1.0 1.0 1 0 0 0.0 1.0 0
cell 11.398967767350717 9.584568105064562 0.0 1.0 1.0 1 0 0 0.0 1.0 0
cell 22.24399352704239 16.31735567297912 0.0 1.0 1.0 1 0 0 0.0 1.0 0
cell 19.301163672874225 33.25816545660353 0.0 1.0 1.0 1 0 0 0.0 1.0 0
cell 21.514366901412433 2.157857137928041 0.0 1.0 1.0 1 0 0 0.0 1.0 0
cell 39.926403830545105 36.02322226341169 0.0 1.0 1.0 1 0 0 0.0 1.0 0
cell 23.12129110891658 18.160695392748824 0.0 1.0 1.0 1 0 0 0.0 1.0 0
cell 42.62748057966136 25.01496654856047 0.0 1.0 1.0 1 0 0 0.0 1.0 0
cell 11.218942002438373 26.661761999386698 0.0 1.0 1.0 1 0 0 0.0 1.0 0
cell 31.768460617025184 6.69484091524877 0.0 1.0 1.0 1 0 0 0.0 1.0 0
cell 15.179045607769933 5.816323049109254 0.0 1.0 1.0 1 0 0 0.0 1.0 0
cell 35.14345571521617 9.037534080911492 0.0 1.0 1.0 1 0 0 0.0 1.0 0
cell 13.874644103445828 0.5949355124562358 0.0 1.0 1.0 1 0 0 0.0 1.0 0
cell 24.499978953643996 38.50272840865178 0.0 1.0 1.0 1 0 0 0.0 1.0 0
cell 7.895530673212166 9.302845606619936 0.0 1.0 1.0 1 0 0 0.0 1.0 0
cell 7.2425529862858955 38.91029752973 0.0 1.0 1.0 1 0 0 0.0 1.0 0
cell 42.243143371320485 7.557692865370908 0.0 1.0 1.0 1 0 0 0.0 1.0 0
cell 0.7292005233136716 32.30912242775804 0.0 1.0 1.0 1 0 0 0.0 1.0 0
cell 38.0464365819101 36.92798973078999 0.0 1.0 1.0 1 0 0 0.0 1.0 0
cell 34.04230179695415 42.70831630931556 0.0 1.0 1.0 1 0 0 0.0 1.0 0
cell 18.486701029990904 24.8458470770929 0.0 1.0 1.0 1 0 0 0.0 1.0 0
cell 34.393011610408564 38.677657587030176 0.0 1.0 1.0 1 0 0 0.0 1.0 0
cell 25.279664920987653 40.35117032320257 0.0 1.0 1.0 1 0 0 0.0 1.0 0
cell 4.262117939598163 32.54529662125468 0.0 1.0 1.0 1 0 0 0.0 1.0 0
cell 12.645037842313444 38.38467078594389 0.0 1.0 1.0 1 0 0 0.0 1.0 0
cell 0.2448843539854401 38.36734528927284 0.0 1.0 1.0 1 0 0 0.0 1.0 0
cell 3.2900714096946335 23.274684104783887 0.0 1.0 1.0 1 0 0 0.0 1.0 0
cell 18.287844567120164 3.508564434096977 0.0 1.0 1.0 1 0 0 0.0 1.0 0
cell 37.13545575792385 27.614517467568874 0.0 1.0 1.0 1 0 0 0.0 1.0 0
cell 28.322549764259996 27.865538364929698 0.0 1.0 1.0 1 0 0 0.0 1.0 0
cell 40.93015548657784 23.861584106939404 0.0 1.0 1.0 1 0 0 0.0 1.0 0
cell 41.58517553109145 15.70474128630552 0.0 1.0 1.0 1 0 0 0.0 1.0 0
cell 1.105793951417341 28.209655666661785 0.0 1.0 1.0 1 0 0 0.0 1.0 0
cell 34.26627869567256 19.22143647022312 0.0 1.0 1.0 1 0 0 0.0 1.0 0
cell 22.06229307143756 35.39694535615725 0.0 1.0 1.0 1 0 0 0.0 1.0 0
cell 40.42507518411248 8.414508718831842 0.0 1.0 1.0 1 0 0 0.0 1.0 0
cell 33.60562196454713 27.303675962650285 0.0 1.0 1.0 1 0 0 0.0 1.0 0
cell 30.69711724418625 40.4321331145876 0.0 1.0 1.0 1 0 0 0.0 1.0 0
cell 35.89791994537785 41.84803330874523 0.0 1.0 1.0 1 0 0 0.0 1.0 0
cell 25.073273562637908 23.562338019845974 0.0 1.0 1.0 1 0 0 0.0 1.0 0
cell 14.431453071298089 12.165458093311752 0.0 1.0 1.0 1 0 0 0.0 1.0 0
cell 33.813719696409066 25.291598276657727 0.0 1.0 1.0 1 0 0 0.0 1.0 0
cell 17.933117618392753 0.6671991054759577 0.0 1.0 1.0 1 0 0 0.0 1.0 0
cell 2.438063276082214 11.93086711402985 0.0 1.0 1.0 1 0 0 0.0 1.0 0
cell 31.962443570192228 26.125646672053247 0.0 1.0 1.0 1 0 0 0.0 1.0 0
cell 15.94839885790256 29.168662707799232 0.0 1.0 1.0 1 0 0 0.0 1.0 0
cell 24.819482795562685 9.465680139376625 0.0 1.0 1.0 1 0 0 0.0 1.0 0
cell 13.969003218433079 28.876247408550153 0.0 1.0 1.0 1 0 0 0.0 1.0 0
cell 38.44305876874749 11.348307156825843 0.0 1.0 1.0 1 0 0 0.0 1.0 0
cell 6.782903177689655 23.56541752924929 0.0 1.0 1.0 1 0 0 0.0 1.0 0
cell 14.295410114149707 39.662133504146034 0.0 1.0 1.0 1 0 0 0.0 1.0 0
cell 5.911000967085396 33.71792386156278 0.0 1.0 1.0 1 0 0 0.0 1.0 0
cell 4.87717524556914 2.8826347035112643 0.0 1.0 1.0 1 0 0 0.0 1.0 0
cell 5.411293637655922 18.290105226707425 0.0 1.0 1.0 1 0 0 0.0 1.0 0
cell 28.137823451754468 29.88633607933414 0.0 1.0 1.0 1 0 0 0.0 1.0 0
cell 3.894226796987637 36.61739982909539 0.0 1.0 1.0 1 0 0 0.0 1.0 0
cell 6.220796871788418 29.653970112447254 0.0 1.0 1.0 1 0 0 0.0 1.0 0
cell 0.2788207922295431 16.862384883779463 0.0 1.0 1.0 1 0 0 0.0 1.0 0
cell 39.90783380920333 14.539726543301835 0.0 1.0 1.0 1 0 0 0.0 1.0 0
cell 42.89639157542933 42.40083012105018 0.0 1.0 1.0 1 0 0 0.0 1.0 0
cell 10.736296240042543 17.697735076989645 0.0 1.0 1.0 1 0 0 0.0 1.0 0
cell 21.65865488094224 23.32293639317531 0.0 1.0 1.0 1 0 0 0.0 1.0 0
cell 18.508267624434588 12.455076014817283 0.0 1.0 1.0 1 0 0 0.0 1.0 0
cell 29.055926328822867 39.22724341338796 0.0 1.0 1.0 1 0 0 0.0 1.0 0
cell 5.069724485381791 0.8721847964909318 0.0 1.0 1.0 1 0 0 0.0 1.0 0
cell 17.94271202771497 29.453893808789264 0.0 1.0 1.0 1 0 0 0.0 1.0 0
cell 23.39736023236738 14.664302827137403 0.0 1.0 1.0 1 0 0 0.0 1.0 0
cell 25.92335337304183 34.83972413429151 0.0 1.0 1.0 1 0 0 0.0 1.0 0
cell 33.31152096326307 31.380743169531893 0.0 1.0 1.0 1 0 0 0.0 1.0 0
cell 35.813760671558775 22.371523825683227 0.0 1.0 1.0 1 0 0 0.0 1.0 0
cell 29.79087341543559 31.05265096053247 0.0 1.0 1.0 1 0 0 0.0 1.0 0
cell 1.4550050040661662 24.14720390790582 0.0 1.0 1.0 1 0 0 0.0 1.0 0
cell 14.794881396016004 36.20198056366864 0.0 1.0 1.0 1 0 0 0.0 1.0 0
cell 20.729704544708355 0.2616227372303696 0.0 1.0 1.0 1 0 0 0.0 1.0 0
cell 36.6220521462358 12.222802611195496 0.0 1.0 1.0 1 0 0 0.0 1.0 0
cell 1.7637645945960665 20.087193950994006 0.0 1.0 1.0 1 0 0 0.0 1.0 0
cell 8.072194412411196 7.245372533700006 0.0 1.0 1.0 1 0 0 0.0 1.0 0
cell 21.953860155843312 29.997015637629314 0.0 1.0 1.0 1 0 0 0.0 1.0 0
cell 38.6227916108651 9.291421455182146 0.0 1.0 1.0 1 0 0 0.0 1.0 0
cell 37.292176550905715 25.55177628791019 0.0 1.0 1.0 1 0 0 0.0 1.0 0
cell 7.760150921135838 11.338558193776523 0.0 1.0 1.0 1 0 0 0.0 1.0 0
cell 33.1041592034045 33.38498985559096 0.0 1.0 1.0 1 0 0 0.0 1.0 0
cell 8.5677215536715 1.155573707653863 0.0 1.0 1.0 1 0 0 0.0 1.0 0
cell 4.587579844378219 28.48975103601945 0.0 1.0 1.0 1 0 0 0.0 1.0 0
cell 27.220271298725663 18.60257433611592 0.0 1.0 1.0 1 0 0 0.0 1.0 0
cell 1.3798591825677677 2.596526518048625 0.0 1.0 1.0 1 0 0 0.0 1.0 0
cell 20.05854339637435 35.1383367112473 0.0 1.0 1.0 1 0 0 0.0 1.0 0
cell 35.56611029551287 2.9277353931223398 0.0 1.0 1.0 1 0 0 0.0 1.0 0
cell 13.210337772454732 8.718438130896104 0.0 1.0 1.0 1 0 0 0.0 1.0 0
cell 10.460925172250095 30.178058310228327 0.0 1.0 1.0 1 0 0 0.0 1.0 0
cell 41.569594280160324 37.19853764390935 0.0 1.0 1.0 1 0 0 0.0 1.0 0
cell 37.75188195377742 19.501697477715474 0.0 1.0 1.0 1 0 0 0.0 1.0 0
cell 6.242143200682297 8.139398324325587 0.0 1.0 1.0 1 0 0 0.0 1.0 0
cell 34.57261299573907 36.640781329496576 0.0 1.0 1.0 1 0 0 0.0 1.0 0
cell 34.76972013331085 34.61234811966987 0.0 1.0 1.0 1 0 0 0.0 1.0 0
cell 36.56899457684877 33.723168967886835 0.0 1.0 1.0 1 0 0 0.0 1.0 0
cell 17.559768341034903 38.30607062976115 0.0 1.0 1.0 1 0 0 0.0 1.0 0
cell 23.984029378178263 7.616864446675594 0.0 1.0 1.0 1 0 0 0.0 1.0 0
cell 26.140418647287518 32.834026732514786 0.0 1.0 1.0 1 0 0 0.0 1.0 0
cell 41.898186969482815 11.642447790176384 0.0 1.0 1.0 1 0 0 0.0 1.0 0
cell 12.401992875780108 18.92506693166611 0.0 1.0 1.0 1 0 0 0.0 1.0 0
cell 29.541013321030015 9.601170170363956 0.0 1.0 1.0 1 0 0 0.0 1.0 0
cell 20.84091188147012 37.010888045370855 0.0 1.0 1.0 1 0 0 0.0 1.0 0
cell 14.037184571175764 20.072580041891264 0.0 1.0 1.0 1 0 0 0.0 1.0 0
cell 21.140265939546243 5.607315117978829 0.0 1.0 1.0 1 0 0 0.0 1.0 0
cell 7.426663124831392 15.374138317211482 0.0 1.0 1.0 1 0 0 0.0 1.0 0
cell 22.52792366798215 31.904280142576322 0.0 1.0 1.0 1 0 0 0.0 1.0 0
cell 13.10047079713272 10.698047357940744 0.0 1.0 1.0 1 0 0 0.0 1.0 0
cell 26.63648252472447 26.76527364588142 0.0 1.0 1.0 1 0 0 0.0 1.0 0
cell 2.563657353339142 9.895657624643361 0.0 1.0 1.0 1 0 0 0.0 1.0 0
cell 38.977013264420144 26.737467685697425 0.0 1.0 1.0 1 0 0 0.0 1.0 0
cell 7.756920125758525 32.85092375725962 0.0 1.0 1.0 1 0 0 0.0 1.0 0
cell 10.95770795141661 15.654822489078539 0.0 1.0 1.0 1 0 0 0.0 1.0 0
cell 4.599004849329182 6.951801186574115 0.0 1.0 1.0 1 0 0 0.0 1.0 0
cell 7.07267088725314 40.957676771384996 0.0 1.0 1.0 1 0 0 0.0 1.0 0
cell 6.410482960749353 6.069770348622827 0.0 1.0 1.0 1 0 0 0.0 1.0 0
cell 12.61293022397548 16.886521780256682 0.0 1.0 1.0 1 0 0 0.0 1.0 0
cell 12.407437533699682 40.392592969475345 0.0 1.0 1.0 1 0 0 0.0 1.0 0
cell 19.098149561244895 5.421422423639151 0.0 1.0 1.0 1 0 0 0.0 1.0 0
cell 11.276901657303508 33.13426051076596 0.0 1.0 1.0 1 0 0 0.0 1.0 0
cell 30.740704121118977 18.898037467771708 0.0 1.0 1.0 1 0 0 0.0 1.0 0
cell 15.239588680394096 32.70832692672183 0.0 1.0 1.0 1 0 0 0.0 1.0 0
cell 27.404764452077625 38.04110381514026 0.0 1.0 1.0 1 0 0 0.0 1.0 0
cell 28.674419507488324 0.37330235612615786 0.0 1.0 1.0 1 0 0 0.0 1.0 0
cell 26.474885966621063 28.751692046055375 0.0 1.0 1.0 1 0 0 0.0 1.0 0
cell 15.27985528867873 27.250780537131156 0.0 1.0 1.0 1 0 0 0.0 1.0 0
cell 41.71620175001089 35.17032108026391 0.0 1.0 1.0 1 0 0 0.0 1.0 0
cell 19.087447104915583 17.830882404063427 0.0 1.0 1.0 1 0 0 0.0 1.0 0
cell 5.398983762655438 39.78561289060067 0.0 1.0 1.0 1 0 0 0.0 1.0 0
cell 0.12532171367446343 18.889209515153333 0.0 1.0 1.0 1 0 0 0.0 1.0 0
cell 33.59042287962303 5.830839634279306 0.0 1.0 1.0 1 0 0 0.0 1.0 0
cell 37.24522043402245 4.07954315357886 0.0 1.0 1.0 1 0 0 0.0 1.0 0
cell 26.33084675077541 30.754337385880834 0.0 1.0 1.0 1 0 0 0.0 1.0 0
cell 13.356276426196258 6.65381704659095 0.0 1.0 1.0 1 0 0 0.0 1.0 0
cell 32.96668373718033 14.01031598137541 0.0 1.0 1.0 1 0 0 0.0 1.0 0
cell 31.31617435991022 12.819012206751003 0.0 1.0 1.0 1 0 0 0.0 1.0 0
cell 10.751709752482016 39.223710530300636 0.0 1.0 1.0 1 0 0 0.0 1.0 0
cell 10.230784474058702 2.292012674356081 0.0 1.0 1.0 1 0 0 0.0 1.0 0
cell 36.111111678788184 18.334267676643837 0.0 1.0 1.0 1 0 0 0.0 1.0 0
cell 35.290093445692634 28.469298590939847 0.0 1.0 1.0 1 0 0 0.0 1.0 0
cell 16.777558036764624 8.815235664074802 0.0 1.0 1.0 1 0 0 0.0 1.0 0
cell 22.025356846350807 19.838912144945244 0.0 1.0 1.0 1 0 0 0.0 1.0 0
cell 12.225951846291155 42.412028529326136 0.0 1.0 1.0 1 0 0 0.0 1.0 0
cell 15.91981724827213 19.284847661565234 0.0 1.0 1.0 1 0 0 0.0 1.0 0
cell 1.7402293692282014 41.52910590209894 0.0 1.0 1.0 1 0 0 0.0 1.0 0
cell 34.94578541291435 11.064231433096072 0.0 1.0 1.0 1 0 0 0.0 1.0 0
cell 40.23430422267761 31.95886439717909 0.0 1.0 1.0 1 0 0 0.0 1.0 0
cell 15.349492917092098 13.991900769430513 0.0 1.0 1.0 1 0 0 0.0 1.0 0
cell 11.96334588245906 28.55758298957891 0.0 1.0 1.0 1 0 0 0.0 1.0 0
cell 9.083307562985246 16.555873104817252 0.0 1.0 1.0 1 0 0 0.0 1.0 0
cell 14.921621974247163 41.60100157765705 0.0 1.0 1.0 1 0 0 0.0 1.0 0
cell 29.975741039244173 7.572396042426281 0.0 1.0 1.0 1 0 0 0.0 1.0 0
cell 0.7494875860184775 10.75105293966564 0.0 1.0 1.0 1 0 0 0.0 1.0 0
cell 21.622625497799227 38.84631623281326 0.0 1.0 1.0 1 0 0 0.0 1.0 0
cell 10.033792408933033 4.325616635665471 0.0 1.0 1.0 1 0 0 0.0 1.0 0
cell 22.535872948362098 12.78532824608034 0.0 1.0 1.0 1 0 0 0.0 1.0 0
cell 30.91493450691302 38.38489510220238 0.0 1.0 1.0 1 0 0 0.0 1.0 0
cell 18.778015916454308 8.965380347313205 0.0 1.0 1.0 1 0 0 0.0 1.0 0
cell 4.081888456736607 34.57913737257474 0.0 1.0 1.0 1 0 0 0.0 1.0 0
cell 39.7390392129032 38.077930934472796 0.0 1.0 1.0 1 0 0 0.0 1.0 0
cell 7.633612297303962 13.359620959513974 0.0 1.0 1.0 1 0 0 0.0 1.0 0
cell 16.010654165423237 34.56756476583955 0.0 1.0 1.0 1 0 0 0.0 1.0 0
cell 35.285098496432774 7.012900757919405 0.0 1.0 1.0 1 0 0 0.0 1.0 0
cell 17.344172819586152 14.140851134796879 0.0 1.0 1.0 1 0 0 0.0 1.0 0
cell 34.11594395798912 21.245746506450093 0.0 1.0 1.0 1 0 0 0.0 1.0 0
cell 29.463470764467957 35.18423176214293 0.0 1.0 1.0 1 0 0 0.0 1.0 0
cell 32.411681131861826 41.59737542705159 0.0 1.0 1.0 1 0 0 0.0 1.0 0
cell 41.437282992115 39.217797237791686 0.0 1.0 1.0 1 0 0 0.0 1.0 0
cell 26.806077003897748 24.674384347157876 0.0 1.0 1.0 1 0 0 0.0 1.0 0
cell 28.892203813684212 41.32356027987326 0.0 1.0 1.0 1 0 0 0.0 1.0 0
cell 31.61552043156631 30.241172984492437 0.0 1.0 1.0 1 0 0 0.0 1.0 0
cell 16.45387226965364 12.319973613453213 0.0 1.0 1.0 1 0 0 0.0 1.0 0
cell 39.385421193536644 42.14371520809136 0.0 1.0 1.0 1 0 0 0.0 1.0 0
cell 2.408697239481864 33.44325474694798 0.0 1.0 1.0 1 0 0 0.0 1.0 0
cell 14.199443550981835 15.610471381325462 0.0 1.0 1.0 1 0 0 0.0 1.0 0
cell 4.421279726224936 9.020198928830352 0.0 1.0 1.0 1 0 0 0.0 1.0 0
cell 19.50265710259502 1.9004191267036366 0.0 1.0 1.0 1 0 0 0.0 1.0 0
cell 24.098729155769895 35.64341975973887 0.0 1.0 1.0 1 0 0 0.0 1.0 0
cell 33.444658245580044 7.8509977902309265 0.0 1.0 1.0 1 0 0 0.0 1.0 0
cell 42.10499923471004 31.123367624250058 0.0 1.0 1.0 1 0 0 0.0 1.0 0
cell 16.70824663759673 2.2876171732281154 0.0 1.0 1.0 1 0 0 0.0 1.0 0
cell 19.630483457262212 10.783641635775442 0.0 1.0 1.0 1 0 0 0.0 1.0 0
cell 23.25599245489805 40.06778933388393 0.0 1.0 1.0 1 0 0 0.0 1.0 0
cell 7.566454763286535 34.869317652674866 0.0 1.0 1.0 1 0 0 0.0 1.0 0
cell 19.96339201920053 19.63689791055476 0.0 1.0 1.0 1 0 0 0.0 1.0 0
cell 29.628518741528154 33.10924687303234 0.0 1.0 1.0 1 0 0 0.0 1.0 0
cell 10.592823104070305 19.71979792685592 0.0 1.0 1.0 1 0 0 0.0 1.0 0
cell 32.912674233130254 35.47910399074321 0.0 1.0 1.0 1 0 0 0.0 1.0 0
cell 20.521246314951444 12.668854312719278 0.0 1.0 1.0 1 0 0 0.0 1.0 0
cell 41.25411186693446 41.248043780324785 0.0 1.0 1.0 1 0 0 0.0 1.0 0
cell 2.7450846390298125 7.85434272592747 0.0 1.0 1.0 1 0 0 0.0 1.0 0
cell 4.236683414429198 11.021923626770203 0.0 1.0 1.0 1 0 0 0.0 1.0 0
cell 40.11091850277313 34.00301429992764 0.0 1.0 1.0 1 0 0 0.0 1.0 0
cell 11.694570365513636 5.511844289474828 0.0 1.0 1.0 1 0 0 0.0 1.0 0
cell 11.299151091453664 11.605686709524761 0.0 1.0 1.0 1 0 0 0.0 1.0 0
cell 32.26611574240417 22.11354301009679 0.0 1.0 1.0 1 0 0 0.0 1.0 0
cell 17.929916462808194 19.464360300219194 0.0 1.0 1.0 1 0 0 0.0 1.0 0
cell 40.5927745782896 27.909447373659322 0.0 1.0 1.0 1 0 0 0.0 1.0 0
cell 32.45290497865214 20.06973015741639 0.0 1.0 1.0 1 0 0 0.0 1.0 0
cell 17.60883492777122 22.993200825741155 0.0 1.0 1.0 1 0 0 0.0 1.0 0
cell 35.09601924541597 30.51816479363925 0.0 1.0 1.0 1 0 0 0.0 1.0 0
cell 37.099092329060184 6.101579387496949 0.0 1.0 1.0 1 0 0 0.0 1.0 0
cell 6.550160901574082 4.059194836691492 0.0 1.0 1.0 1 0 0 0.0 1.0 0
cell 6.878422254432171 42.970521174483196 0.0 1.0 1.0 1 0 0 0.0 1.0 0
cell 39.59780259600337 18.61430858724803 0.0 1.0 1.0 1 0 0 0.0 1.0 0
cell 8.915659641230505 18.54558063638967 0.0 1.0 1.0 1 0 0 0.0 1.0 0
cell 34.9536855209163 32.55077390304139 0.0 1.0 1.0 1 0 0 0.0 1.0 0
cell 21.649190835311536 11.000137789356161 0.0 1.0 1.0 1 0 0 0.0 1.0 0
cell 5.61316728098566 16.237147084406224 0.0 1.0 1.0 1 0 0 0.0 1.0 0
cell 24.152074521885037 2.054363625234787 0.0 1.0 1.0 1 0 0 0.0 1.0 0
cell 17.23426987828829 32.976461924606916 0.0 1.0 1.0 1 0 0 0.0 1.0 0
cell 31.06947194822824 36.34341782169716 0.0 1.0 1.0 1 0 0 0.0 1.0 0
cell 15.373448680927916 10.34929115228093 0.0 1.0 1.0 1 0 0 0.0 1.0 0
cell 27.026579123951773 42.14749126901397 0.0 1.0 1.0 1 0 0 0.0 1.0 0
cell 18.78368324314925 21.322348547318747 0.0 1.0 1.0 1 0 0 0.0 1.0 0
cell 17.130576069177234 41.77999431685716 0.0 1.0 1.0 1 0 0 0.0 1.0 0
cell 36.93601910701716 29.654025683302255 0.0 1.0 1.0 1 0 0 0.0 1.0 0
cell 20.80599007389318 9.087834543687297 0.0 1.0 1.0 1 0 0 0.0 1.0 0
cell 3.7392400260413377 38.626279846151675 0.0 1.0 1.0 1 0 0 0.0 1.0 0
cell 35.43744366437869 4.96115192684283 0.0 1.0 1.0 1 0 0 0.0 1.0 0
cell 26.85607333658989 9.633508827275236 0.0 1.0 1.0 1 0 0 0.0 1.0 0
cell 31.465112727316374 32.261589728956764 0.0 1.0 1.0 1 0 0 0.0 1.0 0
cell 25.42181855099314 14.824902515243291 0.0 1.0 1.0 1 0 0 0.0 1.0 0
cell 42.9266569503887 20.973569897074256 0.0 1.0 1.0 1 0 0 0.0 1.0 0
cell 3.5900230237019235 19.163110376490707 0.0 1.0 1.0 1 0 0 0.0 1.0 0
cell 9.617411105561837 32.0323851794993 0.0 1.0 1.0 1 0 0 0.0 1.0 0
cell 30.445052528093502 23.000706089623918 0.0 1.0 1.0 1 0 0 0.0 1.0 0
cell 15.541420942212987 38.072896039608835 0.0 1.0 1.0 1 0 0 0.0 1.0 0
cell 36.049251714276046 39.81471798715535 0.0 1.0 1.0 1 0 0 0.0 1.0 0
cell 41.11223657897467 21.821878948360364 0.0 1.0 1.0 1 0 0 0.0 1.0 0
cell 19.915427484964766 7.308184549367406 0.0 1.0 1.0 1 0 0 0.0 1.0 0
cell 20.818017800603535 21.4808756071502 0.0 1.0 1.0 1 0 0 0.0 1.0 0
cell 35.47637358279712 26.45774276240279 0.0 1.0 1.0 1 0 0 0.0 1.0 0
cell 4.405800754394111 30.554462388065712 0.0 1.0 1.0 1 0 0 0.0 1.0 0
cell 11.77393357892849 23.201459022778064 0.0 1.0 1.0 1 0 0 0.0 1.0 0
cell 8.351589881442038 26.75368809976702 0.0 1.0 1.0 1 0 0 0.0 1.0 0
cell 32.23147649947708 0.624016781561621 0.0 1.0 1.0 1 0 0 0.0 1.0 0
cell 37.916401499828595 38.948890046286124 0.0 1.0 1.0 1 0 0 0.0 1.0 0
cell 40.08380445407411 12.502784056547648 0.0 1.0 1.0 1 0 0 0.0 1.0 0
cell 38.25119472555718 34.886308926189855 0.0 1.0 1.0 1 0 0 0.0 1.0 0
cell 41.77331775443369 13.685779882813948 0.0 1.0 1.0 1 0 0 0.0 1.0 0
cell 23.18187876839391 21.855763209176065 0.0 1.0 1.0 1 0 0 0.0 1.0 0
cell 8.907589406907231 40.11213003899926 0.0 1.0 1.0 1 0 0 0.0 1.0 0
cell 36.40757829918427 35.777678120768506 0.0 1.0 1.0 1 0 0 0.0 1.0 0
cell 32.788222506076 16.02714649161504 0.0 1.0 1.0 1 0 0 0.0 1.0 0
cell 18.033578351836436 34.86196174143308 0.0 1.0 1.0 1 0 0 0.0 1.0 0
cell 25.226672335595367 18.324802654951192 0.0 1.0 1.0 1 0 0 0.0 1.0 0
cell 42.76549436656433 22.980915635808635 0.0 1.0 1.0 1 0 0 0.0 1.0 0
cell 21.970339332351767 7.4286456274160155 0.0 1.0 1.0 1 0 0 0.0 1.0 0
cell 10.385591051516093 21.771678673314 0.0 1.0 1.0 1 0 0 0.0 1.0 0
cell 2.938616441529405 27.33170452671356 0.0 1.0 1.0 1 0 0 0.0 1.0 0
cell 42.59132883224256 3.495276482792157 0.0 1.0 1.0 1 0 0 0.0 1.0 0
cell 40.43265851792746 29.950076454096642 0.0 1.0 1.0 1 0 0 0.0 1.0 0
cell 16.177585730994064 15.822325016695036 0.0 1.0 1.0 1 0 0 0.0 1.0 0
cell 38.11340997151247 15.446810360730899 0.0 1.0 1.0 1 0 0 0.0 1.0 0
cell 8.715364283266272 20.613372997454974 0.0 1.0 1.0 1 0 0 0.0 1.0 0
cell 27.054038743013223 20.635439053954425 0.0 1.0 1.0 1 0 0 0.0 1.0 0
cell 19.95619856996531 29.672421413488834 0.0 1.0 1.0 1 0 0 0.0 1.0 0
cell 16.453350197542076 31.13325331780227 0.0 1.0 1.0 1 0 0 0.0 1.0 0
cell 2.251200545438351 13.962681246916793 0.0 1.0 1.0 1 0 0 0.0 1.0 0
cell 30.197816239791322 3.5053111417365264 0.0 1.0 1.0 1 0 0 0.0 1.0 0
cell 35.63365895169968 24.400378999871567 0.0 1.0 1.0 1 0 0 0.0 1.0 0
cell 30.54473494144325 42.45070088987504 0.0 1.0 1.0 1 0 0 0.0 1.0 0
cell 31.49896758183015 10.746652627121078 0.0 1.0 1.0 1 0 0 0.0 1.0 0
cell 2.9093513964062665 5.809058245435201 0.0 1.0 1.0 1 0 0 0.0 1.0 0
cell 6.099821412791836 10.143117936292468 0.0 1.0 1.0 1 0 0 0.0 1.0 0
cell 24.308540537811982 29.59052520390016 0.0 1.0 1.0 1 0 0 0.0 1.0 0
cell 24.52465524262741 12.981412957097435 0.0 1.0 1.0 1 0 0 0.0 1.0 0
cell 5.272073631635137 20.327834756395834 0.0 1.0 1.0 1 0 0 0.0 1.0 0
cell 13.236579996127404 26.956346090955673 0.0 1.0 1.0 1 0 0 0.0 1.0 0
cell 14.426561977805989 30.85252300796253 0.0 1.0 1.0 1 0 0 0.0 1.0 0
cell 22.88399540135412 37.24647040022307 0.0 1.0 1.0 1 0 0 0.0 1.0 0
cell 32.74322850192625 37.46858247252853 0.0 1.0 1.0 1 0 0 0.0 1.0 0
cell 5.240936022513493 41.79726023213705 0.0 1.0 1.0 1 0 0 0.0 1.0 0
cell 36.765300788171835 10.179276540770754 0.0 1.0 1.0 1 0 0 0.0 1.0 0
cell 31.12674727622251 14.86117572116609 0.0 1.0 1.0 1 0 0 0.0 1.0 0
cell 37.43936022509571 23.526620035059423 0.0 1.0 1.0 1 0 0 0.0 1.0 0
cell 20.525993471345792 31.64904146920465 0.0 1.0 1.0 1 0 0 0.0 1.0 0
cell 10.466856037536957 24.75933355003682 0.0 1.0 1.0 1 0 0 0.0 1.0 0
cell 5.731279449793875 35.721307421985806 0.0 1.0 1.0 1 0 0 0.0 1.0 0
cell 30.935632970654236 16.86922611571186 0.0 1.0 1.0 1 0 0 0.0 1.0 0
cell 34.63147283572086 15.178672272556257 0.0 1.0 1.0 1 0 0 0.0 1.0 0
cell 3.408265275774579 21.231484719328048 0.0 1.0 1.0 1 0 0 0.0 1.0 0
cell 38.738612746513525 7.254757725069884 0.0 1.0 1.0 1 0 0 0.0 1.0 0
cell 30.076376302591772 5.550115260952182 0.0 1.0 1.0 1 0 0 0.0 1.0 0
cell 28.92378218636701 19.75974914563844 0.0 1.0 1.0 1 0 0 0.0 1.0 0
cell 2.080022855525834 16.00436540656557 0.0 1.0 1.0 1 0 0 0.0 1.0 0
cell 16.785093651776645 36.45214889067608 0.0 1.0 1.0 1 0 0 0.0 1.0 0
cell 21.38494066570969 14.498401809619633 0.0 1.0 1.0 1 0 0 0.0 1.0 0
cell 23.17217666102011 5.804045585374755 0.0 1.0 1.0 1 0 0 0.0 1.0 0
cell 40.29918072478489 10.46811035013124 0.0 1.0 1.0 1 0 0 0.0 1.0 0
cell 25.211933160231276 5.907254636111477 0.0 1.0 1.0 1 0 0 0.0 1.0 0
cell 22.8322915380862 0.584663312832943 0.0 1.0 1.0 1 0 0 0.0 1.0 0
cell 22.305099300266217 3.949761675524739 0.0 1.0 1.0 1 0 0 0.0 1.0 0
cell 21.083252749378453 17.9867184572372 0.0 1.0 1.0 1 0 0 0.0 1.0 0
cell 12.49790426320265 25.10534798207273 0.0 1.0 1.0 1 0 0 0.0 1.0 0
cell 3.7443128138763466 17.122939623981342 0.0 1.0 1.0 1 0 0 0.0 1.0 0
cell 21.28700834942553 33.55770255208857 0.0 1.0 1.0 1 0 0 0.0 1.0 0
cell 1.913889664314103 39.49464432491914 0.0 1.0 1.0 1 0 0 0.0 1.0 0
cell 6.714502656398359 2.0292177857997693 0.0 1.0 1.0 1 0 0 0.0 1.0 0
cell 27.812037038204924 33.98029181029592 0.0 1.0 1.0 1 0 0 0.0 1.0 0
cell 19.631869166963245 23.170427962418763 0.0 1.0 1.0 1 0 0 0.0 1.0 0
cell 1.6038534795264396 22.094823023258048 0.0 1.0 1.0 1 0 0 0.0 1.0 0
cell 19.125872833280077 42.07845975199521 0.0 1.0 1.0 1 0 0 0.0 1.0 0
cell 42.08456015304562 9.547003575540046 0.0 1.0 1.0 1 0 0 0.0 1.0 0
cell 41.4269393414214 17.743893407170262 0.0 1.0 1.0 1 0 0 0.0 1.0 0
cell 3.0668755428771934 3.7388563966531825 0.0 1.0 1.0 1 0 0 0.0 1.0 0
cell 9.456584297493768 12.475582333773334 0.0 1.0 1.0 1 0 0 0.0 1.0 0
cell 28.585783049943203 23.804849272126845 0.0 1.0 1.0 1 0 0 0.0 1.0 0
cell 20.39581099786341 40.47371879417464 0.0 1.0 1.0 1 0 0 0.0 1.0 0
cell 9.994062257240689 28.24351822967771 0.0 1.0 1.0 1 0 0 0.0 1.0 0
cell 0.9289097962114815 30.20084557051559 0.0 1.0 1.0 1 0 0 0.0 1.0 0
cell 23.2761974825099 24.522790956703346 0.0 1.0 1.0 1 0 0 0.0 1.0 0
cell 1.5730453652480048 0.5639381408135306 0.0 1.0 1.0 1 0 0 0.0 1.0 0
cell 1.9227278082833896 18.009578770124218 0.0 1.0 1.0 1 0 0 0.0 1.0 0
cell 39.2818728022442 22.69296915711892 0.0 1.0 1.0 1 0 0 0.0 1.0 0
cell 4.717501869903957 4.954685094509673 0.0 1.0 1.0 1 0 0 0.0 1.0 0
cell 18.82486306540608 36.704719514347744 0.0 1.0 1.0 1 0 0 0.0 1.0 0
cell 24.012588054035316 33.59926308346961 0.0 1.0 1.0 1 0 0 0.0 1.0 0
cell 24.037580446970715 41.93623190450275 0.0 1.0 1.0 1 0 0 0.0 1.0 0
cell 17.624204876492332 10.649411207214413 0.0 1.0 1.0 1 0 0 0.0 1.0 0
cell 28.548362272601302 2.3791041317665833 0.0 1.0 1.0 1 0 0 0.0 1.0 0
cell 12.43913298979328 30.55501699403617 0.0 1.0 1.0 1 0 0 0.0 1.0 0
cell 17.26881459522016 27.537125429944815 0.0 1.0 1.0 1 0 0 0.0 1.0 0
cell 35.752763100064804 0.8874240390292176 0.0 1.0 1.0 1 0 0 0.0 1.0 0
cell 25.253537629338883 21.562485668139857 0.0 1.0 1.0 1 0 0 0.0 1.0 0
cell 19.608639832466654 38.59292035984342 0.0 1.0 1.0 1 0 0 0.0 1.0 0
cell 3.43393795574768 42.69111812727608 0.0 1.0 1.0 1 0 0 0.0 1.0 0
cell 27.975022921650595 31.953332440233527 0.0 1.0 1.0 1 0 0 0.0 1.0 0
cell 26.92424664432825 22.716176833815048 0.0 1.0 1.0 1 0 0 0.0 1.0 0
cell 15.050172125546451 7.790442804641008 0.0 1.0 1.0 1 0 0 0.0 1.0 0
cell 13.861251300720557 34.325460540696135 0.0 1.0 1.0 1 0 0 0.0 1.0 0
cell 38.42950190194656 32.843230556851545 0.0 1.0 1.0 1 0 0 0.0 1.0 0
cell 31.303406445745143 34.293817154929506 0.0 1.0 1.0 1 0 0 0.0 1.0 0
cell 24.364043833601908 4.079805535354369 0.0 1.0 1.0 1 0 0 0.0 1.0 0
cell 18.340311651809586 40.1792835130873 0.0 1.0 1.0 1 0 0 0.0 1.0 0
cell 16.314635711964662 39.95051581070566 0.0 1.0 1.0 1 0 0 0.0 1.0 0
cell 16.624658844178356 25.659060669060484 0.0 1.0 1.0 1 0 0 0.0 1.0 0
cell 2.2514864722775303 35.45385170954096 0.0 1.0 1.0 1 0 0 0.0 1.0 0
cell 32.10931037547222 24.13558317274889 0.0 1.0 1.0 1 0 0 0.0 1.0 0
cell 30.35930637378161 1.4849155024544274 0.0 1.0 1.0 1 0 0 0.0 1.0 0
cell 29.969861205968453 28.999546503922637 0.0 1.0 1.0 1 0 0 0.0 1.0 0
cell 24.014605683279456 19.97897957495422 0.0 1.0 1.0 1 0 0 0.0 1.0 0
cell 18.48672284207297 31.357981544385268 0.0 1.0 1.0 1 0 0 0.0 1.0 0
cell 7.062237695802404 19.407447072939668 0.0 1.0 1.0 1 0 0 0.0 1.0 0
cell 34.241827874887 40.714022420317825 0.0 1.0 1.0 1 0 0 0.0 1.0 0
cell 27.41577670559723 14.95150233041624 0.0 1.0 1.0 1 0 0 0.0 1.0 0
cell 35.95666295218318 20.376699359718472 0.0 1.0 1.0 1 0 0 0.0 1.0 0
cell 14.933059806347243 21.86346874550976 0.0 1.0 1.0 1 0 0 0.0 1.0 0
cell 13.523950882509885 4.6104354638983605 0.0 1.0 1.0 1 0 0 0.0 1.0 0
cell 34.46861281676644 17.191450306594348 0.0 1.0 1.0 1 0 0 0.0 1.0 0
cell 8.443122886317108 24.759938540440587 0.0 1.0 1.0 1 0 0 0.0 1.0 0
cell 39.44425944237827 20.63669642871836 0.0 1.0 1.0 1 0 0 0.0 1.0 0
cell 1.110643211914517 6.695298604970261 0.0 1.0 1.0 1 0 0 0.0 1.0 0
cell 11.168772861969245 13.658016853538195 0.0 1.0 1.0 1 0 0 0.0 1.0 0
cell 2.583253033324156 31.42337472226472 0.0 1.0 1.0 1 0 0 0.0 1.0 0
cell 33.75826686957028 3.7699855515852483 0.0 1.0 1.0 1 0 0 0.0 1.0 0
cell 7.440638645176997 36.90735597721567 0.0 1.0 1.0 1 0 0 0.0 1.0 0
cell 24.79317194958848 27.6008516285358 0.0 1.0 1.0 1 0 0 0.0 1.0 0
cell 17.887039065204178 7.060221541494322 0.0 1.0 1.0 1 0 0 0.0 1.0 0
cell 33.95356393849241 23.226647804312247 0.0 1.0 1.0 1 0 0 0.0 1.0 0
cell 36.27645350730524 16.31147513411968 0.0 1.0 1.0 1 0 0 0.0 1.0 0
cell 13.776223320117182 2.633971964837394 0.0 1.0 1.0 1 0 0 0.0 1.0 0
cell 28.742097163626337 21.810994322980747 0.0 1.0 1.0 1 0 0 0.0 1.0 0
cell 31.93500835188745 4.669298086121036 0.0 1.0 1.0 1 0 0 0.0 1.0 0
cell 10.404163346720377 0.27121738296514425 0.0 1.0 1.0 1 0 0 0.0 1.0 0
cell 31.806841553079984 28.149529080844903 0.0 1.0 1.0 1 0 0 0.0 1.0 0
cell 12.761035163493766 36.339135024436175 0.0 1.0 1.0 1 0 0 0.0 1.0 0
cell 6.606679784599802 25.607378487477963 0.0 1.0 1.0 1 0 0 0.0 1.0 0
cell 28.412498544781517 4.394901557465931 0.0 1.0 1.0 1 0 0 0.0 1.0 0
cell 36.7873752562576 31.647939858569394 0.0 1.0 1.0 1 0 0 0.0 1.0 0
cell 37.54991243470035 42.986520163816984 0.0 1.0 1.0 1 0 0 0.0 1.0 0
cell 14.47226704561085 17.681456196152855 0.0 1.0 1.0 1 0 0 0.0 1.0 0
cell 32.602705520209994 18.0500708541788 0.0 1.0 1.0 1 0 0 0.0 1.0 0
cell 8.274224334264298 5.185795071625612 0.0 1.0 1.0 1 0 0 0.0 1.0 0
cell 11.133914899520489 35.18406781238876 0.0 1.0 1.0 1 0 0 0.0 1.0 0
cell 27.978331940498165 7.985029119826643 0.0 1.0 1.0 1 0 0 0.0 1.0 0
cell 0.4313827079908539 36.33138197296908 0.0 1.0 1.0 1 0 0 0.0 1.0 0
cell 33.28683537878604 9.855893422744986 0.0 1.0 1.0 1 0 0 0.0 1.0 0
cell 40.754482636984896 4.339566968775815 0.0 1.0 1.0 1 0 0 0.0 1.0 0
cell 4.7742122601906685 26.47913213925214 0.0 1.0 1.0 1 0 0 0.0 1.0 0
cell 25.68306000630885 11.30853242376312 0.0 1.0 1.0 1 0 0 0.0 1.0 0
cell 3.251004180055742 1.71368462848292 0.0 1.0 1.0 1 0 0 0.0 1.0 0
cell 39.1351769294715 24.694383299226473 0.0 1.0 1.0 1 0 0 0.0 1.0 0
cell 27.261119324776825 6.087337681087128 0.0 1.0 1.0 1 0 0 0.0 1.0 0
cell 17.108569104728165 5.1487948345842405 0.0 1.0 1.0 1 0 0 0.0 1.0 0
cell 7.980616653542451 30.831527539194898 0.0 1.0 1.0 1 0 0 0.0 1.0 0
cell 40.79710236066522 25.85801128000738 0.0 1.0 1.0 1 0 0 0.0 1.0 0
cell 4.1239018434861645 13.094676410986695 0.0 1.0 1.0 1 0 0 0.0 1.0 0
cell 9.416078984595572 34.04609847614772 0.0 1.0 1.0 1 0 0 0.0 1.0 0
cell 19.155877120151388 26.74626722913275 0.0 1.0 1.0 1 0 0 0.0 1.0 0
cell 23.675164522641147 11.131252497574046 0.0 1.0 1.0 1 0 0 0.0 1.0 0
cell 40.9278872733656 2.349162400276619 0.0 1.0 1.0 1 0 0 0.0 1.0 0
cell 29.68059798690753 11.678937461700812 0.0 1.0 1.0 1 0 0 0.0 1.0 0
cell 10.568263055600736 41.249023785784416 0.0 1.0 1.0 1 0 0 0.0 1.0 0
cell 36.93815594870712 8.15745533069902 0.0 1.0 1.0 1 0 0 0.0 1.0 0
cell 5.930013406450984 12.19025398172795 0.0 1.0 1.0 1 0 0 0.0 1.0 0
cell 19.35542687124253 14.313766789485046 0.0 1.0 1.0 1 0 0 0.0 1.0 0
cell 39.06971832235502 3.183091275920206 0.0 1.0 1.0 1 0 0 0.0 1.0 0
cell 0.4193398019845735 14.813419377551455 0.0 1.0 1.0 1 0 0 0.0 1.0 0
cell 37.39490441847008 2.076150235329211 0.0 1.0 1.0 1 0 0 0.0 1.0 0
cell 33.924901572117534 1.7744932879163968 0.0 1.0 1.0 1 0 0 0.0 1.0 0
cell 9.310810926512113 14.539086465106168 0.0 1.0 1.0 1 0 0 0.0 1.0 0
cell 37.639261419880974 21.508537272129164 0.0 1.0 1.0 1 0 0 0.0 1.0 0
cell 42.41588630333823 5.535134289822252 0.0 1.0 1.0 1 0 0 0.0 1.0 0
cell 32.562995701816384 39.53532379130306 0.0 1.0 1.0 1 0 0 0.0 1.0 0
cell 29.317639669296863 15.736691862165863 0.0 1.0 1.0 1 0 0 0.0 1.0 0
cell 29.22078925345377 37.20741899321277 0.0 1.0 1.0 1 0 0 0.0 1.0 0
cell 7.254882162710913 17.39764026715462 0.0 1.0 1.0 1 0 0 0.0 1.0 0
cell 22.851707154079023 28.1636520443373 0.0 1.0 1.0 1 0 0 0.0 1.0 0
cell 9.074343935835296 38.05735611698564 0.0 1.0 1.0 1 0 0 0.0 1.0 0
cell 29.285523276018793 13.717072073662209 0.0 1.0 1.0 1 0 0 0.0 1.0 0
cell 32.05796137964555 2.6475830922997527 0.0 1.0 1.0 1 0 0 0.0 1.0 0
cell 2.076341329392557 37.471937590612185 0.0 1.0 1.0 1 0 0 0.0 1.0 0
cell 1.2935074152144683 26.196869680239573 0.0 1.0 1.0 1 0 0 0.0 1.0 0
cell 25.72661786213043 36.85167635073836 0.0 1.0 1.0 1 0 0 0.0 1.0 0
cell 8.718131019691302 42.086507602263296 0.0 1.0 1.0 1 0 0 0.0 1.0 0
cell 29.055081086939726 17.765420377041718 0.0 1.0 1.0 1 0 0 0.0 1.0 0
cell 2.759647947698773 29.34042063879433 0.0 1.0 1.0 1 0 0 0.0 1.0 0
cell 16.781632516393074 21.156417268136583 0.0 1.0 1.0 1 0 0 0.0 1.0 0
cell 26.38087976913307 4.247241347800035 0.0 1.0 1.0 1 0 0 0.0 1.0 0
cell 8.585255462350204 22.72290215540132 0.0 1.0 1.0 1 0 0 0.0 1.0 0
cell 13.205984225367004 13.80190075827706 0.0 1.0 1.0 1 0 0 0.0 1.0 0
cell 5.118011139836845 22.381156983026983 0.0 1.0 1.0 1 0 0 0.0 1.0 0
cell 39.58296393573787 40.109950279150965 0.0 1.0 1.0 1 0 0 0.0 1.0 0
cell 9.899160049602301 6.389611627984314 0.0 1.0 1.0 1 0 0 0.0 1.0 0
cell 3.097299882928721 25.30413240504666 0.0 1.0 1.0 1 0 0 0.0 1.0 0
