500
 Lattice="42.988320257742465 0.0 0.0 0.0 42.988320257742465 0.0 0.0 0.0 1.0"Properties=species:S:1:pos:R:3:aspherical_shape:R:3:orientation:R:4:Color:R:1
cell 26.801623576029275 7.377852126123661 0.0 1.0 1.0 1 0 0 0.0 1.0 0
cell 17.55488774697838 17.312719821474875 0.0 1.0 1.0 1 0 0 0.0 1.0 0
cell 8.15470438617843 30.856990243114137 0.0 1.0 1.0 1 0 0 0.0 1.0 0
cell 16.29050229403787 31.556196062543695 0.0 1.0 1.0 1 0 0 0.0 1.0 0
cell 1.8907666791967626 21.361232496763357 0.0 1.0 1.0 1 0 0 0.0 1.0 0
cell 26.574270685848656 19.8983560992327 0.0 1.0 1.0 1 0 0 0.0 1.0 0
cell 5.0491482722489245 19.811518531894006 0.0 1.0 1.0 1 0 0 0.0 1.0 0
cell 20.321391793219163 31.857139585284106 0.0 1.0 1.0 1 0 0 0.0 1.0 0
cell 18.308502242683556 31.684005678913273 0.0 1.0 1.0 1 0 0 0.0 1.0 0
cell 0.5565505163618865 35.567985472266486 0.0 1.0 1.0 1 0 0 0.0 1.0 0
cell 37.581156286508474 10.013676999170642 0.0 1.0 1.0 1 0 0 0.0 1.0 0
cell 20.697462026831086 6.8445831493109965 0.0 1.0 1.0 1 0 0 0.0 1.0 0
cell 34.84101695689091 4.927629753894733 0.0 1.0 1.0 1 0 0 0.0 1.0 0
cell 32.56177524645494 32.87617840772294 0.0 1.0 1.0 1 0 0 0.0 1.0 0
cell 23.66949374708434 17.927434573616573 0.0 1.0 1.0 1 0 0 0.0 1.0 0
cell 26.196192471420975 23.44714095476012 0.0 1.0 1.0 1 0 0 0.0 1.0 0
cell 5.13415623240947 41.39171718324143 0.0 1.0 1.0 1 0 0 0.0 1.0 0
cell 32.85884809176509 7.006627737185496 0.0 1.0 1.0 1 0 0 0.0 1.0 0
cell 26.022600385459697 14.537032003805429 0.0 1.0 1.0 1 0 0 0.0 1.0 0
cell 34.20814555178404 36.62791590724755 0.0 1.0 1.0 1 0 0 0.0 1.0 0
cell 19.773657199842752 26.453825466188935 0.0 1.0 1.0 1 0 0 0.0 1.0 0
cell 32.821975640090834 29.314161352926092 0.0 1.0 1.0 1 0 0 0.0 1.0 0
cell 3.7848508586643232 34.065325977379445 0.0 1.0 1.0 1 0 0 0.0 1.0 0
cell 36.482454645323664 11.7185899117156 0.0 1.0 1.0 1 0 0 0.0 1.0 0
cell 27.811477289796933 39.67003575174293 0.0 1.0 1.0 1 0 0 0.0 1.0 0
cell 30.374614002672406 11.2110176656462 0.0 1.0 1.0 1 0 0 0.0 1.0 0
cell 7.609779062857638 4.03245702386978 0.0 1.0 1.0 1 0 0 0.0 1.0 0
cell 0.4371480821351767 14.143973516969552 0.0 1.0 1.0 1 0 0 0.0 1.0 0
cell 25.33835862631679 21.60284133143512 0.0 1.0 1.0 1 0 0 0.0 1.0 0
cell 24.28033849140438 10.786326692145623 0.0 1.0 1.0 1 0 0 0.0 1.0 0
cell 12.863143877466838 24.099542693876376 0.0 1.0 1.0 1 0 0 0.0 1.0 0
cell 21.521946067362112 8.736420913022986 0.0 1.0 1.0 1 0 0 0.0 1.0 0
cell 10.511172182228426 27.449363293239937 0.0 1.0 1.0 1 0 0 0.0 1.0 0
cell 38.511016460905914 11.946971610192014 0.0 1.0 1.0 1 0 0 0.0 1.0 0
cell 16.598378817562953 27.99300705528448 0.0 1.0 1.0 1 0 0 0.0 1.0 0
cell 13.070504213916353 33.05275742429594 0.0 1.0 1.0 1 0 0 0.0 1.0 0
cell 39.2020143679995 4.846391424517157 0.0 1.0 1.0 1 0 0 0.0 1.0 0
cell 23.10650555808531 12.476427134823421 0.0 1.0 1.0 1 0 0 0.0 1.0 0
cell 7.968388175413304 0.409270729329009 0.0 1.0 1.0 1 0 0 0.0 1.0 0
cell 14.397934765385846 40.350119172751725 0.0 1.0 1.0 1 0 0 0.0 1.0 0
cell 33.895204562553666 40.23365343227881 0.0 1.0 1.0 1 0 0 0.0 1.0 0
cell 41.169151417543276 38.91258675376564 0.0 1.0 1.0 1 0 0 0.0 1.0 0
cell 33.27756302803481 13.299231174144781 0.0 1.0 1.0 1 0 0 0.0 1.0 0
cell 35.52890313430352 9.899402271779069 0.0 1.0 1.0 1 0 0 0.0 1.0 0
cell 1.2069771375580063 28.476379047524954 0.0 1.0 1.0 1 0 0 0.0 1.0 0
cell 8.229487812288818 18.34912579196084 0.0 1.0 1.0 1 0 0 0.0 1.0 0
cell 21.807277822401023 26.68462882221661 0.0 1.0 1.0 1 0 0 0.0 1.0 0
cell 32.32559128985076 23.958232355125052 0.0 1.0 1.0 1 0 0 0.0 1.0 0
cell 18.65223626561449 6.646555390615538 0.0 1.0 1.0 1 0 0 0.0 1.0 0
cell 2.626723841063534 35.80530333566 0.0 1.0 1.0 1 0 0 0.0 1.0 0
cell 34.051246092344094 27.64026282534477 0.0 1.0 1.0 1 0 0 0.0 1.0 0
cell 31.670914519859004 3.0023328804957017 0.0 1.0 1.0 1 0 0 0.0 1.0 0
cell 5.642001055685592 25.33059136388202 0.0 1.0 1.0 1 0 0 0.0 1.0 0
cell 9.400468582918938 16.641848656605355 0.0 1.0 1.0 1 0 0 0.0 1.0 0
cell 28.607862828647388 20.08186597990213 0.0 1.0 1.0 1 0 0 0.0 1.0 0
cell 4.722182787033622 23.49379220912584 0.0 1.0 1.0 1 0 0 0.0 1.0 0
cell 37.23248494372517 26.096821756241397 0.0 1.0 1.0 1 0 0 0.0 1.0 0
cell 29.763901535903475 18.410621414670665 0.0 1.0 1.0 1 0 0 0.0 1.0 0
cell 31.120951834644693 25.617138451837697 0.0 1.0 1.0 1 0 0 0.0 1.0 0
cell 10.861266036241393 23.914539238097024 0.0 1.0 1.0 1 0 0 0.0 1.0 0
cell 27.047905368067664 25.310288459666104 0.0 1.0 1.0 1 0 0 0.0 1.0 0
cell 35.53456034944348 1.0214143095111103 0.0 1.0 1.0 1 0 0 0.0 1.0 0
cell 7.185031307384721 7.51058656789977 0.0 1.0 1.0 1 0 0 0.0 1.0 0
cell 34.33508644074656 24.101232705386927 0.0 1.0 1.0 1 0 0 0.0 1.0 0
cell 5.556016148370727 3.792870346948623 0.0 1.0 1.0 1 0 0 0.0 1.0 0
cell 18.968452941496476 3.163657243373974 0.0 1.0 1.0 1 0 0 0.0 1.0 0
cell 24.101783410530473 35.78200213179381 0.0 1.0 1.0 1 0 0 0.0 1.0 0
cell 34.13144453680874 15.12685633146674 0.0 1.0 1.0 1 0 0 0.0 1.0 0
cell 15.558354565194984 38.62379393527661 0.0 1.0 1.0 1 0 0 0.0 1.0 0
cell 3.971131026120228 9.029178814640499 0.0 1.0 1.0 1 0 0 0.0 1.0 0
cell 28.96866074455242 38.018479545283085 0.0 1.0 1.0 1 0 0 0.0 1.0 0
cell 0.33993382374017456 26.628887470246795 0.0 1.0 1.0 1 0 0 0.0 1.0 0
cell 4.726767547869312 1.934228618206842 0.0 1.0 1.0 1 0 0 0.0 1.0 0
cell 10.26035666852109 18.476964502738458 0.0 1.0 1.0 1 0 0 0.0 1.0 0
cell 42.84699683522341 21.175534506220206 0.0 1.0 1.0 1 0 0 0.0 1.0 0
cell 7.31299467850455 29.00393736270245 0.0 1.0 1.0 1 0 0 0.0 1.0 0
cell 13.139585554966613 20.535491437447558 0.0 1.0 1.0 1 0 0 0.0 1.0 0
cell 5.0042104140075665 32.400893674509 0.0 1.0 1.0 1 0 0 0.0 1.0 0
cell 13.93458769464041 34.922485814924016 0.0 1.0 1.0 1 0 0 0.0 1.0 0
cell 22.14461723031934 23.13010267792342 0.0 1.0 1.0 1 0 0 0.0 1.0 0
cell 11.641853244224496 4.264502340237921 0.0 1.0 1.0 1 0 0 0.0 1.0 0
cell 29.78315906947817 9.263833626605452 0.0 1.0 1.0 1 0 0 0.0 1.0 0
cell 24.393380001294336 32.224130381329715 0.0 1.0 1.0 1 0 0 0.0 1.0 0
cell 2.3282111003272674 5.308052478878531 0.0 1.0 1.0 1 0 0 0.0 1.0 0
cell 8.796097529618201 2.2576905148961646 0.0 1.0 1.0 1 0 0 0.0 1.0 0
cell 28.394793550967808 5.429605440944823 0.0 1.0 1.0 1 0 0 0.0 1.0 0
cell 1.4848896030386347 3.438988508611252 0.0 1.0 1.0 1 0 0 0.0 1.0 0
cell 22.043597862588992 35.57315913264009 0.0 1.0 1.0 1 0 0 0.0 1.0 0
cell 28.15915118016254 36.136494160353905 0.0 1.0 1.0 1 0 0 0.0 1.0 0
cell 20.4386470287444 19.35686163751525 0.0 1.0 1.0 1 0 0 0.0 1.0 0
cell 27.414359430278033 0.3026617854999117 0.0 1.0 1.0 1 0 0 0.0 1.0 0
cell 2.097556518045943 30.319765100587297 0.0 1.0 1.0 1 0 0 0.0 1.0 0
cell 24.255265522487207 1.827458717202156 0.0 1.0 1.0 1 0 0 0.0 1.0 0
cell 27.28610685552008 34.28162332929982 0.0 1.0 1.0 1 0 0 0.0 1.0 0
cell 28.704276485278417 41.56867619321245 0.0 1.0 1.0 1 0 0 0.0 1.0 0
cell 25.57710112462679 9.0286799770053 0.0 1.0 1.0 1 0 0 0.0 1.0 0
cell 7.891123484308375 37.81371308880188 0.0 1.0 1.0 1 0 0 0.0 1.0 0
cell 39.993601504765174 6.712851323219088 0.0 1.0 1.0 1 0 0 0.0 1.0 0
cell 21.038514419667727 12.266090445750006 0.0 1.0 1.0 1 0 0 0.0 1.0 0
cell 39.522600801390524 35.18878829428486 0.0 1.0 1.0 1 0 0 0.0 1.0 0
cell 16.548939741074356 6.451176467909008 0.0 1.0 1.0 1 0 0 0.0 1.0 0
cell 3.9239292929764034 21.521630597775413 0.0 1.0 1.0 1 0 0 0.0 1.0 0
cell 26.84440777457396 16.36945924484401 0.0 1.0 1.0 1 0 0 0.0 1.0 0
cell 13.706262099043297 25.954159855459448 0.0 1.0 1.0 1 0 0 0.0 1.0 0
cell 16.019541305704326 35.07617616586863 0.0 1.0 1.0 1 0 0 0.0 1.0 0
cell 5.267364319646345 28.870170047718673 0.0 1.0 1.0 1 0 0 0.0 1.0 0
cell 26.44867222344054 32.428229676700774 0.0 1.0 1.0 1 0 0 0.0 1.0 0
cell 5.844999465055674 34.232125096131576 0.0 1.0 1.0 1 0 0 0.0 1.0 0
cell 37.54628086762069 22.58312603429789 0.0 1.0 1.0 1 0 0 0.0 1.0 0
cell 0.21615798628524763 39.09056439229566 0.0 1.0 1.0 1 0 0 0.0 1.0 0
cell 41.39558317282327 13.961394538235243 0.0 1.0 1.0 1 0 0 0.0 1.0 0
cell 21.884425156747596 5.156184102178206 0.0 1.0 1.0 1 0 0 0.0 1.0 0
cell 18.032679408530523 35.24736201729026 0.0 1.0 1.0 1 0 0 0.0 1.0 0
cell 19.152250580809326 33.53959500493743 0.0 1.0 1.0 1 0 0 0.0 1.0 0
cell 6.74158371395728 36.07120794892631 0.0 1.0 1.0 1 0 0 0.0 1.0 0
cell 32.636101683694044 20.394424563060458 0.0 1.0 1.0 1 0 0 0.0 1.0 0
cell 11.200693118370618 41.82423977109887 0.0 1.0 1.0 1 0 0 0.0 1.0 0
cell 33.49895400357576 1.0391213471713248 0.0 1.0 1.0 1 0 0 0.0 1.0 0
cell 42.17814651096825 28.29960421995315 0.0 1.0 1.0 1 0 0 0.0 1.0 0
cell 27.93487011534584 27.19717470001488 0.0 1.0 1.0 1 0 0 0.0 1.0 0
cell 5.69952231960909 37.77729893182129 0.0 1.0 1.0 1 0 0 0.0 1.0 0
cell 25.603964921024165 30.596849082694177 0.0 1.0 1.0 1 0 0 0.0 1.0 0
cell 29.4587499734623 21.906860155903637 0.0 1.0 1.0 1 0 0 0.0 1.0 0
cell 12.496268594598963 6.075738922616449 0.0 1.0 1.0 1 0 0 0.0 1.0 0
cell 25.398504776612775 0.13611891912923285 0.0 1.0 1.0 1 0 0 0.0 1.0 0
cell 30.910522692626497 7.562376761966241 0.0 1.0 1.0 1 0 0 0.0 1.0 0
cell 35.216399364407415 25.97019651440532 0.0 1.0 1.0 1 0 0 0.0 1.0 0
cell 41.634746367308175 1.3508514493662882 0.0 1.0 1.0 1 0 0 0.0 1.0 0
cell 15.388495786961506 8.11578280914834 0.0 1.0 1.0 1 0 0 0.0 1.0 0
cell 14.51629922353261 6.321609475757049 0.0 1.0 1.0 1 0 0 0.0 1.0 0
cell 2.923290502956658 32.219924394910144 0.0 1.0 1.0 1 0 0 0.0 1.0 0
cell 1.0650900262986418 7.006527353937434 0.0 1.0 1.0 1 0 0 0.0 1.0 0
cell 4.527968530642049 14.462577941406197 0.0 1.0 1.0 1 0 0 0.0 1.0 0
cell 35.29402476194502 13.488821658594844 0.0 1.0 1.0 1 0 0 0.0 1.0 0
cell 26.927959283866812 37.7859873159328 0.0 1.0 1.0 1 0 0 0.0 1.0 0
cell 0.9931541785990466 41.00010983083685 0.0 1.0 1.0 1 0 0 0.0 1.0 0
cell 29.627081692036036 30.86922748629081 0.0 1.0 1.0 1 0 0 0.0 1.0 0
cell 16.039944162864746 22.582626315072588 0.0 1.0 1.0 1 0 0 0.0 1.0 0
cell 9.75430571577868 36.973417642549144 0.0 1.0 1.0 1 0 0 0.0 1.0 0
cell 35.50760688395599 22.420862630452184 0.0 1.0 1.0 1 0 0 0.0 1.0 0
cell 40.82478737607497 21.06777842480592 0.0 1.0 1.0 1 0 0 0.0 1.0 0
cell 41.33022524272641 26.470309917489416 0.0 1.0 1.0 1 0 0 0.0 1.0 0
cell 24.711594909407545 28.713745246606795 0.0 1.0 1.0 1 0 0 0.0 1.0 0
cell 28.88919587720997 16.492116138540524 0.0 1.0 1.0 1 0 0 0.0 1.0 0
cell 40.313692148321046 3.152721730845496 0.0 1.0 1.0 1 0 0 0.0 1.0 0
cell 15.26807907853985 42.19178070262171 0.0 1.0 1.0 1 0 0 0.0 1.0 0
cell 17.286362225124968 42.308330877977184 0.0 1.0 1.0 1 0 0 0.0 1.0 0
cell 10.827513697247934 2.3537123459641296 0.0 1.0 1.0 1 0 0 0.0 1.0 0
cell 21.51292255076424 30.19952448508232 0.0 1.0 1.0 1 0 0 0.0 1.0 0
cell 1.0259276335707064 19.493597881671914 0.0 1.0 1.0 1 0 0 0.0 1.0 0
cell 40.82702103212524 42.51132815565 0.0 1.0 1.0 1 0 0 0.0 1.0 0
cell 3.6890290847045257 12.608193196542636 0.0 1.0 1.0 1 0 0 0.0 1.0 0
cell 21.259849687233796 21.220913242759135 0.0 1.0 1.0 1 0 0 0.0 1.0 0
cell 23.08078192412685 3.488228942097293 0.0 1.0 1.0 1 0 0 0.0 1.0 0
cell 24.841498829168373 16.28183384592419 0.0 1.0 1.0 1 0 0 0.0 1.0 0
cell 42.03331371281496 6.843775754192459 0.0 1.0 1.0 1 0 0 0.0 1.0 0
cell 29.111766012928214 25.471038740945485 0.0 1.0 1.0 1 0 0 0.0 1.0 0
cell 38.40495879584915 24.42469799870694 0.0 1.0 1.0 1 0 0 0.0 1.0 0
cell 39.270705078205246 26.279821318863245 0.0 1.0 1.0 1 0 0 0.0 1.0 0
cell 15.849339764549178 13.637393852694766 0.0 1.0 1.0 1 0 0 0.0 1.0 0
cell 39.32782933709957 13.824180536699332 0.0 1.0 1.0 1 0 0 0.0 1.0 0
cell 35.013373358174164 16.98196954209152 0.0 1.0 1.0 1 0 0 0.0 1.0 0
cell 33.74356883601714 31.169158445499008 0.0 1.0 1.0 1 0 0 0.0 1.0 0
cell 21.2132555225243 33.706420206527284 0.0 1.0 1.0 1 0 0 0.0 1.0 0
cell 29.17949038191554 13.005438069002773 0.0 1.0 1.0 1 0 0 0.0 1.0 0
cell 29.354400523249094 34.43375711811883 0.0 1.0 1.0 1 0 0 0.0 1.0 0
cell 17.615920318446637 38.795171347581515 0.0 1.0 1.0 1 0 0 0.0 1.0 0
cell 22.370688070478057 32.05159363608134 0.0 1.0 1.0 1 0 0 0.0 1.0 0
cell 20.245228329940122 10.378234260304769 0.0 1.0 1.0 1 0 0 0.0 1.0 0
cell 32.19820862267508 36.44334150982969 0.0 1.0 1.0 1 0 0 0.0 1.0 0
cell 20.01606554999507 35.447453074532554 0.0 1.0 1.0 1 0 0 0.0 1.0 0
cell 9.599562250910823 39.30626715078702 0.0 1.0 1.0 1 0 0 0.0 1.0 0
cell 33.00920657031353 38.322602436229914 0.0 1.0 1.0 1 0 0 0.0 1.0 0
cell 39.16077111473533 38.802386259428786 0.0 1.0 1.0 1 0 0 0.0 1.0 0
cell 24.174244482684124 23.290708966994593 0.0 1.0 1.0 1 0 0 0.0 1.0 0
cell 7.913613629102883 21.86861259555867 0.0 1.0 1.0 1 0 0 0.0 1.0 0
cell 19.45131432544549 8.500416928156785 0.0 1.0 1.0 1 0 0 0.0 1.0 0
cell 31.457217840593803 22.111736854317325 0.0 1.0 1.0 1 0 0 0.0 1.0 0
cell 18.104952207563585 1.2513070840051634 0.0 1.0 1.0 1 0 0 0.0 1.0 0
cell 42.62748378618541 12.281264548382667 0.0 1.0 1.0 1 0 0 0.0 1.0 0
cell 16.36937756104314 19.05968564908764 0.0 1.0 1.0 1 0 0 0.0 1.0 0
cell 3.4764900171560518 37.672017603919656 0.0 1.0 1.0 1 0 0 0.0 1.0 0
cell 41.685992185244004 10.41113150445033 0.0 1.0 1.0 1 0 0 0.0 1.0 0
cell 20.466760051586185 40.8657007134109 0.0 1.0 1.0 1 0 0 0.0 1.0 0
cell 21.613105118455803 17.730375722863275 0.0 1.0 1.0 1 0 0 0.0 1.0 0
cell 35.420961608311785 34.944952195033565 0.0 1.0 1.0 1 0 0 0.0 1.0 0
cell 13.512128345594832 38.4689422096788 0.0 1.0 1.0 1 0 0 0.0 1.0 0
cell 25.23317918499836 34.10643834725465 0.0 1.0 1.0 1 0 0 0.0 1.0 0
cell 17.889085054805474 13.816315774345934 0.0 1.0 1.0 1 0 0 0.0 1.0 0
cell 38.13590464003715 27.98878171625971 0.0 1.0 1.0 1 0 0 0.0 1.0 0
cell 30.544450699413726 32.69007819028405 0.0 1.0 1.0 1 0 0 0.0 1.0 0
cell 23.942107490684947 5.329868384121879 0.0 1.0 1.0 1 0 0 0.0 1.0 0
cell 30.59778901637651 20.254175131539778 0.0 1.0 1.0 1 0 0 0.0 1.0 0
cell 36.25435654104296 36.773222214546024 0.0 1.0 1.0 1 0 0 0.0 1.0 0
cell 2.163874560135046 17.80556800105064 0.0 1.0 1.0 1 0 0 0.0 1.0 0
cell 30.185621554192828 36.30420143075937 0.0 1.0 1.0 1 0 0 0.0 1.0 0
cell 17.76623831525559 26.33182412347654 0.0 1.0 1.0 1 0 0 0.0 1.0 0
cell 37.01284142758527 17.169681501100932 0.0 1.0 1.0 1 0 0 0.0 1.0 0
cell 15.768981420067375 4.600691858306587 0.0 1.0 1.0 1 0 0 0.0 1.0 0
cell 36.62503256629472 33.2416360997539 0.0 1.0 1.0 1 0 0 0.0 1.0 0
cell 18.461229118800336 40.630333776189715 0.0 1.0 1.0 1 0 0 0.0 1.0 0
cell 0.29973932210240367 5.065869580273238 0.0 1.0 1.0 1 0 0 0.0 1.0 0
cell 5.932136710325122 0.27993752804327104 0.0 1.0 1.0 1 0 0 0.0 1.0 0
cell 36.96182951609378 29.632509494236462 0.0 1.0 1.0 1 0 0 0.0 1.0 0
cell 1.641190135455096 12.411477222215158 0.0 1.0 1.0 1 0 0 0.0 1.0 0
cell 10.945897721336403 11.428233164427565 0.0 1.0 1.0 1 0 0 0.0 1.0 0
cell 30.726209949091984 41.76976216699341 0.0 1.0 1.0 1 0 0 0.0 1.0 0
cell 34.56569246556478 33.074800542582594 0.0 1.0 1.0 1 0 0 0.0 1.0 0
cell 37.47116359580635 35.08280764603455 0.0 1.0 1.0 1 0 0 0.0 1.0 0
cell 23.695791521241897 39.3330433919979 0.0 1.0 1.0 1 0 0 0.0 1.0 0
cell 32.09637352343757 15.005393470216184 0.0 1.0 1.0 1 0 0 0.0 1.0 0
cell 33.84876221786093 18.690207528020327 0.0 1.0 1.0 1 0 0 0.0 1.0 0
cell 6.9025060627335675 11.092360203324832 0.0 1.0 1.0 1 0 0 0.0 1.0 0
cell 2.3730657023470707 26.81152765701605 0.0 1.0 1.0 1 0 0 0.0 1.0 0
cell 12.537388004198458 27.617120828153723 0.0 1.0 1.0 1 0 0 0.0 1.0 0
cell 37.93872711020822 40.4881204437613 0.0 1.0 1.0 1 0 0 0.0 1.0 0
cell 11.460960024637737 16.80232050040339 0.0 1.0 1.0 1 0 0 0.0 1.0 0
cell 17.800294776415004 4.786902848635001 0.0 1.0 1.0 1 0 0 0.0 1.0 0
cell 28.34565149074781 2.12608205358553 0.0 1.0 1.0 1 0 0 0.0 1.0 0
cell 37.534457746428984 1.124957489555847 0.0 1.0 1.0 1 0 0 0.0 1.0 0
cell 40.99380541432933 30.01146962200433 0.0 1.0 1.0 1 0 0 0.0 1.0 0
cell 12.211603750199975 31.17086323648328 0.0 1.0 1.0 1 0 0 0.0 1.0 0
cell 11.099786769731201 20.395335027163483 0.0 1.0 1.0 1 0 0 0.0 1.0 0
cell 24.749800942216673 7.181340265003745 0.0 1.0 1.0 1 0 0 0.0 1.0 0
cell 24.976175486081715 25.146143183585682 0.0 1.0 1.0 1 0 0 0.0 1.0 0
cell 19.69456197030792 39.006307608893216 0.0 1.0 1.0 1 0 0 0.0 1.0 0
cell 14.339267092970715 18.84973567510437 0.0 1.0 1.0 1 0 0 0.0 1.0 0
cell 35.8421762985847 3.0617599155771784 0.0 1.0 1.0 1 0 0 0.0 1.0 0
cell 9.927061422246465 22.06517724791372 0.0 1.0 1.0 1 0 0 0.0 1.0 0
cell 38.791011604528435 8.381092750006877 0.0 1.0 1.0 1 0 0 0.0 1.0 0
cell 9.337363644054408 29.16603842020565 0.0 1.0 1.0 1 0 0 0.0 1.0 0
cell 16.663630802424013 15.513928467571874 0.0 1.0 1.0 1 0 0 0.0 1.0 0
cell 35.87306778380409 18.862659506815557 0.0 1.0 1.0 1 0 0 0.0 1.0 0
cell 7.023619438080006 32.55505157035747 0.0 1.0 1.0 1 0 0 0.0 1.0 0
cell 2.2167701478395028 39.33443530793805 0.0 1.0 1.0 1 0 0 0.0 1.0 0
cell 35.91605428990967 40.31087987382104 0.0 1.0 1.0 1 0 0 0.0 1.0 0
cell 16.961997421848118 11.9614798482339 0.0 1.0 1.0 1 0 0 0.0 1.0 0
cell 16.219063323254492 10.033527088677248 0.0 1.0 1.0 1 0 0 0.0 1.0 0
cell 7.879711786230038 34.41516449460772 0.0 1.0 1.0 1 0 0 0.0 1.0 0
cell 18.06803477267092 22.716275903772228 0.0 1.0 1.0 1 0 0 0.0 1.0 0
cell 6.82947638597323 39.54089036985855 0.0 1.0 1.0 1 0 0 0.0 1.0 0
cell 11.87926902896532 34.705554825491795 0.0 1.0 1.0 1 0 0 0.0 1.0 0
cell 23.54834074849998 8.858486238369155 0.0 1.0 1.0 1 0 0 0.0 1.0 0
cell 14.908277687894552 2.7599290596264394 0.0 1.0 1.0 1 0 0 0.0 1.0 0
cell 12.948125169519779 11.590523803017161 0.0 1.0 1.0 1 0 0 0.0 1.0 0
cell 29.952994675269096 27.319763837534826 0.0 1.0 1.0 1 0 0 0.0 1.0 0
cell 10.18932931884039 31.006610096444867 0.0 1.0 1.0 1 0 0 0.0 1.0 0
cell 39.84427372203404 31.705355447084084 0.0 1.0 1.0 1 0 0 0.0 1.0 0
cell 19.2982605989739 42.56945484979911 0.0 1.0 1.0 1 0 0 0.0 1.0 0
cell 14.886061342207487 24.290155969513027 0.0 1.0 1.0 1 0 0 0.0 1.0 0
cell 31.861230083653393 9.369875839548698 0.0 1.0 1.0 1 0 0 0.0 1.0 0
cell 21.36985926684321 42.775652944759784 0.0 1.0 1.0 1 0 0 0.0 1.0 0
cell 18.96177484497456 24.60401988703043 0.0 1.0 1.0 1 0 0 0.0 1.0 0
cell 2.693012469306304 23.248257898736043 0.0 1.0 1.0 1 0 0 0.0 1.0 0
cell 23.981063344503994 14.398065828937353 0.0 1.0 1.0 1 0 0 0.0 1.0 0
cell 10.580615958534331 14.965879581030881 0.0 1.0 1.0 1 0 0 0.0 1.0 0
cell 7.753200992389806 12.969666534754372 0.0 1.0 1.0 1 0 0 0.0 1.0 0
cell 8.809298465724286 23.741864773908123 0.0 1.0 1.0 1 0 0 0.0 1.0 0
cell 30.256810349004372 23.80407158752005 0.0 1.0 1.0 1 0 0 0.0 1.0 0
cell 36.587442216295614 8.108640382526204 0.0 1.0 1.0 1 0 0 0.0 1.0 0
cell 13.462188366531908 17.00964459900461 0.0 1.0 1.0 1 0 0 0.0 1.0 0
cell 10.000747282047811 0.5009584900888492 0.0 1.0 1.0 1 0 0 0.0 1.0 0
cell 23.231898954603288 33.930065264091375 0.0 1.0 1.0 1 0 0 0.0 1.0 0
cell 31.785099728758365 18.570547923674905 0.0 1.0 1.0 1 0 0 0.0 1.0 0
cell 22.480397511379955 19.60024839764613 0.0 1.0 1.0 1 0 0 0.0 1.0 0
cell 6.0231801272898 9.215175936963572 0.0 1.0 1.0 1 0 0 0.0 1.0 0
cell 6.16855487917964 30.68213005714589 0.0 1.0 1.0 1 0 0 0.0 1.0 0
cell 19.885086948739055 13.978869862234578 0.0 1.0 1.0 1 0 0 0.0 1.0 0
cell 13.348998858764404 7.996816715021799 0.0 1.0 1.0 1 0 0 0.0 1.0 0
cell 36.07556376447869 27.81597998832625 0.0 1.0 1.0 1 0 0 0.0 1.0 0
cell 17.45123325027286 29.857251894557905 0.0 1.0 1.0 1 0 0 0.0 1.0 0
cell 14.578977586509332 27.826310404852062 0.0 1.0 1.0 1 0 0 0.0 1.0 0
cell 31.23329778108954 13.132640747302812 0.0 1.0 1.0 1 0 0 0.0 1.0 0
cell 28.248962575482533 23.59545564214639 0.0 1.0 1.0 1 0 0 0.0 1.0 0
cell 6.368236660069461 5.655746465728896 0.0 1.0 1.0 1 0 0 0.0 1.0 0
cell 42.000558256835674 40.81475667219607 0.0 1.0 1.0 1 0 0 0.0 1.0 0
cell 13.825800698117494 13.498256497399343 0.0 1.0 1.0 1 0 0 0.0 1.0 0
cell 7.167643364442161 41.55953611564296 0.0 1.0 1.0 1 0 0 0.0 1.0 0
cell 17.415356055418886 8.36389078007029 0.0 1.0 1.0 1 0 0 0.0 1.0 0
cell 5.372713552482256 16.30632340180986 0.0 1.0 1.0 1 0 0 0.0 1.0 0
cell 6.75255119267116 2.13548152770569 0.0 1.0 1.0 1 0 0 0.0 1.0 0
cell 0.7250661547008116 10.575226403168328 0.0 1.0 1.0 1 0 0 0.0 1.0 0
cell 9.01271704574571 32.71270136115256 0.0 1.0 1.0 1 0 0 0.0 1.0 0
cell 4.212163481255266 17.959715873208594 0.0 1.0 1.0 1 0 0 0.0 1.0 0
cell 8.54828889453156 14.803067080588074 0.0 1.0 1.0 1 0 0 0.0 1.0 0
cell 4.704237975980796 35.952299088239684 0.0 1.0 1.0 1 0 0 0.0 1.0 0
cell 32.977484239087296 16.79115947724085 0.0 1.0 1.0 1 0 0 0.0 1.0 0
cell 33.49960311525173 22.27509795519036 0.0 1.0 1.0 1 0 0 0.0 1.0 0
cell 41.10235432614997 17.48911993808459 0.0 1.0 1.0 1 0 0 0.0 1.0 0
cell 20.15864533063851 1.4266300794928857 0.0 1.0 1.0 1 0 0 0.0 1.0 0
cell 12.184732127802924 9.683236436161286 0.0 1.0 1.0 1 0 0 0.0 1.0 0
cell 26.276246783867798 2.0032870134032463 0.0 1.0 1.0 1 0 0 0.0 1.0 0
cell 5.94757578785733 21.698398142268477 0.0 1.0 1.0 1 0 0 0.0 1.0 0
cell 22.99857981337922 25.017458853773054 0.0 1.0 1.0 1 0 0 0.0 1.0 0
cell 41.95729982973706 19.330564120334458 0.0 1.0 1.0 1 0 0 0.0 1.0 0
cell 32.02127587947471 27.45418100072516 0.0 1.0 1.0 1 0 0 0.0 1.0 0
cell 32.72212466255778 42.0903645390329 0.0 1.0 1.0 1 0 0 0.0 1.0 0
cell 12.8535218896381 2.5933087967396773 0.0 1.0 1.0 1 0 0 0.0 1.0 0
cell 4.329664625943677 5.492613067210903 0.0 1.0 1.0 1 0 0 0.0 1.0 0
cell 31.470613676745522 0.7954160151844659 0.0 1.0 1.0 1 0 0 0.0 1.0 0
cell 27.629382256612647 30.741421260101387 0.0 1.0 1.0 1 0 0 0.0 1.0 0
cell 24.600049668694087 41.25049496888106 0.0 1.0 1.0 1 0 0 0.0 1.0 0
cell 22.83239330766645 16.04273959550685 0.0 1.0 1.0 1 0 0 0.0 1.0 0
cell 25.70796190917403 39.4822286772495 0.0 1.0 1.0 1 0 0 0.0 1.0 0
cell 33.6976915764081 3.0483081489117003 0.0 1.0 1.0 1 0 0 0.0 1.0 0
cell 14.96451222643955 11.765690656731914 0.0 1.0 1.0 1 0 0 0.0 1.0 0
cell 1.5091143437353693 24.95804363085681 0.0 1.0 1.0 1 0 0 0.0 1.0 0
cell 35.06147596215703 38.45467124618362 0.0 1.0 1.0 1 0 0 0.0 1.0 0
cell 9.222914904547176 7.699581904614954 0.0 1.0 1.0 1 0 0 0.0 1.0 0
cell 26.63725706075695 41.41268438246478 0.0 1.0 1.0 1 0 0 0.0 1.0 0
cell 30.833461134534982 29.119764361692372 0.0 1.0 1.0 1 0 0 0.0 1.0 0
cell 4.367184326029528 26.996740525002096 0.0 1.0 1.0 1 0 0 0.0 1.0 0
cell 42.37069042919587 37.239402241314885 0.0 1.0 1.0 1 0 0 0.0 1.0 0
cell 27.75077379365234 9.159326548277546 0.0 1.0 1.0 1 0 0 0.0 1.0 0
cell 38.16854120264841 15.470217776337067 0.0 1.0 1.0 1 0 0 0.0 1.0 0
cell 34.692087956812465 20.538487681199648 0.0 1.0 1.0 1 0 0 0.0 1.0 0
cell 30.07984594417538 14.84619362615696 0.0 1.0 1.0 1 0 0 0.0 1.0 0
cell 41.609933781541706 22.934497892194326 0.0 1.0 1.0 1 0 0 0.0 1.0 0
cell 36.889332957045056 4.8185811580012 0.0 1.0 1.0 1 0 0 0.0 1.0 0
cell 18.209462940178927 10.203408645475108 0.0 1.0 1.0 1 0 0 0.0 1.0 0
cell 12.638572554947135 15.147171546202328 0.0 1.0 1.0 1 0 0 0.0 1.0 0
cell 18.399214095134894 19.147593601048005 0.0 1.0 1.0 1 0 0 0.0 1.0 0
cell 1.7491958141879749 33.943740131264555 0.0 1.0 1.0 1 0 0 0.0 1.0 0
cell 34.89905310721365 7.003372858159081 0.0 1.0 1.0 1 0 0 0.0 1.0 0
cell 18.63951816913918 28.135792644188424 0.0 1.0 1.0 1 0 0 0.0 1.0 0
cell 14.181753558363042 9.881645517901486 0.0 1.0 1.0 1 0 0 0.0 1.0 0
cell 20.833307644405384 37.30861946292335 0.0 1.0 1.0 1 0 0 0.0 1.0 0
cell 33.85102051396657 8.80884652757413 0.0 1.0 1.0 1 0 0 0.0 1.0 0
cell 11.047397261679048 32.840586767833074 0.0 1.0 1.0 1 0 0 0.0 1.0 0
cell 41.87544224124811 31.885450426011438 0.0 1.0 1.0 1 0 0 0.0 1.0 0
cell 39.629775435477086 10.250967682301605 0.0 1.0 1.0 1 0 0 0.0 1.0 0
cell 28.492709859006563 32.611611675014736 0.0 1.0 1.0 1 0 0 0.0 1.0 0
cell 8.080283172072367 9.407463318388949 0.0 1.0 1.0 1 0 0 0.0 1.0 0
cell 14.271875331686436 31.410978654931075 0.0 1.0 1.0 1 0 0 0.0 1.0 0
cell 0.0599166947728379 30.169485782002482 0.0 1.0 1.0 1 0 0 0.0 1.0 0
cell 7.63036378345077 25.465743915982202 0.0 1.0 1.0 1 0 0 0.0 1.0 0
cell 15.742294880711274 26.14320528628356 0.0 1.0 1.0 1 0 0 0.0 1.0 0
cell 16.92295544364972 2.9302913365789927 0.0 1.0 1.0 1 0 0 0.0 1.0 0
cell 14.639453384046085 15.339364059157555 0.0 1.0 1.0 1 0 0 0.0 1.0 0
cell 3.227477235483107 28.668044356212185 0.0 1.0 1.0 1 0 0 0.0 1.0 0
cell 38.01863157051209 3.1686877676126946 0.0 1.0 1.0 1 0 0 0.0 1.0 0
cell 38.7422716487669 20.90005902791834 0.0 1.0 1.0 1 0 0 0.0 1.0 0
cell 17.221573152751766 20.904956787112965 0.0 1.0 1.0 1 0 0 0.0 1.0 0
cell 25.88466149308564 26.972589666055413 0.0 1.0 1.0 1 0 0 0.0 1.0 0
cell 19.22947817450782 21.059028722803234 0.0 1.0 1.0 1 0 0 0.0 1.0 0
cell 25.131617915266897 12.631907748653644 0.0 1.0 1.0 1 0 0 0.0 1.0 0
cell 29.616484150871678 3.7029845497898437 0.0 1.0 1.0 1 0 0 0.0 1.0 0
cell 20.118669410657123 22.92042134707206 0.0 1.0 1.0 1 0 0 0.0 1.0 0
cell 1.893254370554996 42.82710639331333 0.0 1.0 1.0 1 0 0 0.0 1.0 0
cell 40.45373125036635 24.594597134189222 0.0 1.0 1.0 1 0 0 0.0 1.0 0
cell 4.124006267779447 30.560423331105138 0.0 1.0 1.0 1 0 0 0.0 1.0 0
cell 39.602220859614654 22.727153987741165 0.0 1.0 1.0 1 0 0 0.0 1.0 0
cell 31.399001891025677 34.57323817202033 0.0 1.0 1.0 1 0 0 0.0 1.0 0
cell 23.37838483486769 42.932744721475586 0.0 1.0 1.0 1 0 0 0.0 1.0 0
cell 13.384707609469904 29.479595719732227 0.0 1.0 1.0 1 0 0 0.0 1.0 0
cell 42.452031106934804 3.2325348263669302 0.0 1.0 1.0 1 0 0 0.0 1.0 0
cell 39.61158883122074 1.2682639411970829 0.0 1.0 1.0 1 0 0 0.0 1.0 0
cell 34.91326379063253 29.470748326709597 0.0 1.0 1.0 1 0 0 0.0 1.0 0
cell 10.141216092457057 9.482617682923417 0.0 1.0 1.0 1 0 0 0.0 1.0 0
cell 27.738289443698818 18.173702283333803 0.0 1.0 1.0 1 0 0 0.0 1.0 0
cell 22.202706310833698 1.608857305247222 0.0 1.0 1.0 1 0 0 0.0 1.0 0
cell 6.522588207044091 14.600863127791511 0.0 1.0 1.0 1 0 0 0.0 1.0 0
cell 29.829777461114094 39.891541806140474 0.0 1.0 1.0 1 0 0 0.0 1.0 0
cell 26.003655409401116 5.5297540300555506 0.0 1.0 1.0 1 0 0 0.0 1.0 0
cell 11.798409489027128 13.28681946110021 0.0 1.0 1.0 1 0 0 0.0 1.0 0
cell 40.11758762489075 28.16696270259543 0.0 1.0 1.0 1 0 0 0.0 1.0 0
cell 31.7025347707633 31.013218851624234 0.0 1.0 1.0 1 0 0 0.0 1.0 0
cell 3.917728574367781 0.07111736075824088 0.0 1.0 1.0 1 0 0 0.0 1.0 0
cell 6.22796785440782 18.16724702899774 0.0 1.0 1.0 1 0 0 0.0 1.0 0
cell 25.6671860591753 18.08026384261874 0.0 1.0 1.0 1 0 0 0.0 1.0 0
cell 18.766573082099296 37.10640753762227 0.0 1.0 1.0 1 0 0 0.0 1.0 0
cell 8.417791798576971 5.848258958044314 0.0 1.0 1.0 1 0 0 0.0 1.0 0
cell 11.325283486695403 7.808258864086514 0.0 1.0 1.0 1 0 0 0.0 1.0 0
cell 9.849507503502933 34.86825102215211 0.0 1.0 1.0 1 0 0 0.0 1.0 0
cell 39.92086206909657 19.231649909064977 0.0 1.0 1.0 1 0 0 0.0 1.0 0
cell 38.78658786397981 42.35767216041204 0.0 1.0 1.0 1 0 0 0.0 1.0 0
cell 23.854231524619173 26.842038769141883 0.0 1.0 1.0 1 0 0 0.0 1.0 0
cell 24.868308921552764 37.64665007823449 0.0 1.0 1.0 1 0 0 0.0 1.0 0
cell 8.469837368584608 27.294158981302633 0.0 1.0 1.0 1 0 0 0.0 1.0 0
cell 15.122815200882796 33.24396353523803 0.0 1.0 1.0 1 0 0 0.0 1.0 0
cell 11.978589624427228 22.237718774253988 0.0 1.0 1.0 1 0 0 0.0 1.0 0
cell 41.525852879387564 35.38867337510567 0.0 1.0 1.0 1 0 0 0.0 1.0 0
cell 12.384579905745852 40.14100010085438 0.0 1.0 1.0 1 0 0 0.0 1.0 0
cell 13.19785803029983 42.005092969421504 0.0 1.0 1.0 1 0 0 0.0 1.0 0
cell 9.701066523870816 25.582821243091093 0.0 1.0 1.0 1 0 0 0.0 1.0 0
cell 22.727603553790583 7.015930145950457 0.0 1.0 1.0 1 0 0 0.0 1.0 0
cell 15.159589109357102 20.700486877305686 0.0 1.0 1.0 1 0 0 0.0 1.0 0
cell 42.827309927209264 42.69070126209413 0.0 1.0 1.0 1 0 0 0.0 1.0 0
cell 41.22658756961776 4.989368692687506 0.0 1.0 1.0 1 0 0 0.0 1.0 0
cell 3.124051735308441 41.142364419698694 0.0 1.0 1.0 1 0 0 0.0 1.0 0
cell 42.49198603208109 24.768474881946357 0.0 1.0 1.0 1 0 0 0.0 1.0 0
cell 0.13315663376186188 17.664995485486884 0.0 1.0 1.0 1 0 0 0.0 1.0 0
cell 38.99496009971932 29.840468721948916 0.0 1.0 1.0 1 0 0 0.0 1.0 0
cell 36.4086503267951 24.282708550980157 0.0 1.0 1.0 1 0 0 0.0 1.0 0
cell 34.72705564748965 42.170588823986414 0.0 1.0 1.0 1 0 0 0.0 1.0 0
cell 23.560710073749107 30.41239233703249 0.0 1.0 1.0 1 0 0 0.0 1.0 0
cell 36.73710683739844 20.723331196323553 0.0 1.0 1.0 1 0 0 0.0 1.0 0
cell 11.376384638177045 29.306933566896273 0.0 1.0 1.0 1 0 0 0.0 1.0 0
cell 22.531524276956173 41.04994523078602 0.0 1.0 1.0 1 0 0 0.0 1.0 0
cell 6.775343711337691 23.54114528509682 0.0 1.0 1.0 1 0 0 0.0 1.0 0
cell 40.70770829333399 33.55649754592671 0.0 1.0 1.0 1 0 0 0.0 1.0 0
cell 4.855376603167991 10.917693246782884 0.0 1.0 1.0 1 0 0 0.0 1.0 0
cell 25.109535299670018 3.682840565699895 0.0 1.0 1.0 1 0 0 0.0 1.0 0
cell 37.79015360677456 31.46923218017676 0.0 1.0 1.0 1 0 0 0.0 1.0 0
cell 1.9463009688763497 8.87759553456836 0.0 1.0 1.0 1 0 0 0.0 1.0 0
cell 5.172061135229614 7.385561019897333 0.0 1.0 1.0 1 0 0 0.0 1.0 0
cell 23.30955617650173 21.42712049931702 0.0 1.0 1.0 1 0 0 0.0 1.0 0
cell 37.90160250123584 18.993019162657525 0.0 1.0 1.0 1 0 0 0.0 1.0 0
cell 8.934344214394242 11.22200729152517 0.0 1.0 1.0 1 0 0 0.0 1.0 0
cell 27.337631722764428 21.77775564683528 0.0 1.0 1.0 1 0 0 0.0 1.0 0
cell 0.6718011992025544 23.066840598035018 0.0 1.0 1.0 1 0 0 0.0 1.0 0
cell 0.7016039328253659 1.56436293534697 0.0 1.0 1.0 1 0 0 0.0 1.0 0
cell 16.966282540081213 24.475288092095713 0.0 1.0 1.0 1 0 0 0.0 1.0 0
cell 9.597003266028459 4.130901359199097 0.0 1.0 1.0 1 0 0 0.0 1.0 0
cell 32.69824118728071 4.824761554605016 0.0 1.0 1.0 1 0 0 0.0 1.0 0
cell 39.027418901021434 17.31821807422358 0.0 1.0 1.0 1 0 0 0.0 1.0 0
cell 5.729622825585074 12.765315847223054 0.0 1.0 1.0 1 0 0 0.0 1.0 0
cell 19.451748524739216 30.017711148213145 0.0 1.0 1.0 1 0 0 0.0 1.0 0
cell 26.72643620422259 28.885873548824495 0.0 1.0 1.0 1 0 0 0.0 1.0 0
cell 19.003912533404172 12.136508893396089 0.0 1.0 1.0 1 0 0 0.0 1.0 0
cell 9.16939247337867 41.385164300155544 0.0 1.0 1.0 1 0 0 0.0 1.0 0
cell 7.381500716991985 16.459266615905552 0.0 1.0 1.0 1 0 0 0.0 1.0 0
cell 12.002768291426987 0.6858714874845183 0.0 1.0 1.0 1 0 0 0.0 1.0 0
cell 40.246261714232546 15.663212991037362 0.0 1.0 1.0 1 0 0 0.0 1.0 0
cell 0.9405199192743413 32.042559784400055 0.0 1.0 1.0 1 0 0 0.0 1.0 0
cell 38.66703768981779 33.36991857590503 0.0 1.0 1.0 1 0 0 0.0 1.0 0
cell 4.346763728766684 39.50041507199188 0.0 1.0 1.0 1 0 0 0.0 1.0 0
cell 3.042983640663327 19.65998115777712 0.0 1.0 1.0 1 0 0 0.0 1.0 0
cell 38.29307888826298 36.936077895888374 0.0 1.0 1.0 1 0 0 0.0 1.0 0
cell 9.750717198533907 13.113931669967258 0.0 1.0 1.0 1 0 0 0.0 1.0 0
cell 14.049704028944904 0.9550430348349462 0.0 1.0 1.0 1 0 0 0.0 1.0 0
cell 19.589791551742188 17.504697030745522 0.0 1.0 1.0 1 0 0 0.0 1.0 0
cell 16.735760234371003 36.98525678045633 0.0 1.0 1.0 1 0 0 0.0 1.0 0
cell 2.450712203646857 14.294396110084806 0.0 1.0 1.0 1 0 0 0.0 1.0 0
cell 36.13789246237563 15.32047609813531 0.0 1.0 1.0 1 0 0 0.0 1.0 0
cell 3.1392073216953986 7.176275670783466 0.0 1.0 1.0 1 0 0 0.0 1.0 0
cell 16.055280809226844 1.0756814977539253 0.0 1.0 1.0 1 0 0 0.0 1.0 0
cell 15.415173984567469 29.653838323048355 0.0 1.0 1.0 1 0 0 0.0 1.0 0
cell 28.028648440867013 14.66712235129885 0.0 1.0 1.0 1 0 0 0.0 1.0 0
cell 16.41328959522801 40.46225226279814 0.0 1.0 1.0 1 0 0 0.0 1.0 0
cell 14.720499066859789 36.778654975935694 0.0 1.0 1.0 1 0 0 0.0 1.0 0
cell 6.4021081487814 27.200591985890732 0.0 1.0 1.0 1 0 0 0.0 1.0 0
cell 12.54587519224628 36.623525253768705 0.0 1.0 1.0 1 0 0 0.0 1.0 0
cell 13.661023145675623 4.416465027529494 0.0 1.0 1.0 1 0 0 0.0 1.0 0
cell 22.673616029281586 28.541565806060195 0.0 1.0 1.0 1 0 0 0.0 1.0 0
cell 42.87661370373266 8.695754239163264 0.0 1.0 1.0 1 0 0 0.0 1.0 0
cell 27.173599900309483 12.823277546408416 0.0 1.0 1.0 1 0 0 0.0 1.0 0
cell 27.164072846206864 3.820695080071536 0.0 1.0 1.0 1 0 0 0.0 1.0 0
cell 30.941883621804653 16.71301105449388 0.0 1.0 1.0 1 0 0 0.0 1.0 0
cell 36.763693047483855 42.18868366112605 0.0 1.0 1.0 1 0 0 0.0 1.0 0
cell 2.756291773620955 1.7247917081232804 0.0 1.0 1.0 1 0 0 0.0 1.0 0
cell 40.57180347749269 12.096793844967412 0.0 1.0 1.0 1 0 0 0.0 1.0 0
cell 28.887856231132545 7.391555740506029 0.0 1.0 1.0 1 0 0 0.0 1.0 0
cell 12.277653544811544 18.675676502988114 0.0 1.0 1.0 1 0 0 0.0 1.0 0
cell 15.53110624565284 17.22747781923575 0.0 1.0 1.0 1 0 0 0.0 1.0 0
cell 1.3982213123547214 37.4434716490858 0.0 1.0 1.0 1 0 0 0.0 1.0 0
cell 35.75995857885584 31.393397103502277 0.0 1.0 1.0 1 0 0 0.0 1.0 0
cell 37.32728211218321 13.587221520420869 0.0 1.0 1.0 1 0 0 0.0 1.0 0
cell 40.830098570224 8.594711919760394 0.0 1.0 1.0 1 0 0 0.0 1.0 0
cell 26.323745691437463 10.95303228322872 0.0 1.0 1.0 1 0 0 0.0 1.0 0
cell 21.023155984369318 3.3033279683937913 0.0 1.0 1.0 1 0 0 0.0 1.0 0
cell 9.096453313960833 20.16765252963789 0.0 1.0 1.0 1 0 0 0.0 1.0 0
cell 19.8435134748737 4.95849645546466 0.0 1.0 1.0 1 0 0 0.0 1.0 0
cell 20.75857433428224 15.783939782393036 0.0 1.0 1.0 1 0 0 0.0 1.0 0
cell 2.772165490900611 10.713486051218654 0.0 1.0 1.0 1 0 0 0.0 1.0 0
cell 1.2925604949904081 15.961568822793216 0.0 1.0 1.0 1 0 0 0.0 1.0 0
cell 40.326591622050806 37.057924107907795 0.0 1.0 1.0 1 0 0 0.0 1.0 0
cell 42.260815708260616 15.836153125401504 0.0 1.0 1.0 1 0 0 0.0 1.0 0
cell 30.997920163740787 38.1687919819819 0.0 1.0 1.0 1 0 0 0.0 1.0 0
cell 11.724974583861073 25.745515877435963 0.0 1.0 1.0 1 0 0 0.0 1.0 0
cell 3.3604735836666175 16.13190078092708 0.0 1.0 1.0 1 0 0 0.0 1.0 0
cell 11.382714713700281 38.25917993373239 0.0 1.0 1.0 1 0 0 0.0 1.0 0
cell 30.751158676532484 5.408404977669967 0.0 1.0 1.0 1 0 0 0.0 1.0 0
cell 42.713097304609285 33.71756424654237 0.0 1.0 1.0 1 0 0 0.0 1.0 0
cell 17.155371565204533 33.39212449240216 0.0 1.0 1.0 1 0 0 0.0 1.0 0
cell 21.931209150172272 14.113805462538357 0.0 1.0 1.0 1 0 0 0.0 1.0 0
cell 18.69270865338204 15.649248538152234 0.0 1.0 1.0 1 0 0 0.0 1.0 0
cell 3.533435952256558 25.127329611724086 0.0 1.0 1.0 1 0 0 0.0 1.0 0
cell 10.47300806029002 5.980880688587835 0.0 1.0 1.0 1 0 0 0.0 1.0 0
cell 31.864362036323573 40.1238845364182 0.0 1.0 1.0 1 0 0 0.0 1.0 0
cell 33.384116062639485 34.72516505371056 0.0 1.0 1.0 1 0 0 0.0 1.0 0
cell 24.550436047891903 19.766296377473715 0.0 1.0 1.0 1 0 0 0.0 1.0 0
cell 33.156777064035296 25.78670179149182 0.0 1.0 1.0 1 0 0 0.0 1.0 0
cell 32.362000557847395 11.44768620638534 0.0 1.0 1.0 1 0 0 0.0 1.0 0
cell 21.685399796106925 39.21904310265736 0.0 1.0 1.0 1 0 0 0.0 1.0 0
cell 28.78612893348321 29.034223954201664 0.0 1.0 1.0 1 0 0 0.0 1.0 0
cell 26.131059911016674 35.917098423624566 0.0 1.0 1.0 1 0 0 0.0 1.0 0
cell 14.00049976215203 22.359312414923988 0.0 1.0 1.0 1 0 0 0.0 1.0 0
cell 28.322497949572927 11.116616561547097 0.0 1.0 1.0 1 0 0 0.0 1.0 0
cell 3.53696839846803 3.593855792162972 0.0 1.0 1.0 1 0 0 0.0 1.0 0
cell 37.959138127414825 6.513036732718853 0.0 1.0 1.0 1 0 0 0.0 1.0 0
cell 29.477315876039626 0.444464377159889 0.0 1.0 1.0 1 0 0 0.0 1.0 0
cell 39.95169400265863 40.6858891670165 0.0 1.0 1.0 1 0 0 0.0 1.0 0
cell 20.661010878613126 28.303714136702986 0.0 1.0 1.0 1 0 0 0.0 1.0 0
cell 37.13660056382384 38.60666277757088 0.0 1.0 1.0 1 0 0 0.0 1.0 0
cell 22.855650896053753 37.47317992572 0.0 1.0 1.0 1 0 0 0.0 1.0 0
cell 20.950142958431503 24.786705678994153 0.0 1.0 1.0 1 0 0 0.0 1.0 0
cell 34.4059969116945 11.653707457404927 0.0 1.0 1.0 1 0 0 0.0 1.0 0
cell 22.2203254130735 10.648516794066653 0.0 1.0 1.0 1 0 0 0.0 1.0 0
cell 7.083960231784809 19.998026603947995 0.0 1.0 1.0 1 0 0 0.0 1.0 0
