500
 Lattice="42.988320257742465 0.0 0.0 0.0 42.988320257742465 0.0 0.0 0.0 1.0"Properties=species:S:1:pos:R:3:aspherical_shape:R:3:orientation:R:4:Color:R:1
cell 29.715078013012786 39.97100558675922 0.0 1.0 1.0 1 0 0 0.0 1.0 0
cell 17.692203635457393 2.8235523570167165 0.0 1.0 1.0 1 0 0 0.0 1.0 0
cell 30.373439426196857 1.6810273585163558 0.0 1.0 1.0 1 0 0 0.0 1.0 0
cell 33.21363381385986 38.64027062120228 0.0 1.0 1.0 1 0 0 0.0 1.0 0
cell 41.74275834498306 21.675529536349103 0.0 1.0 1.0 1 0 0 0.0 1.0 0
cell 20.715190432715126 18.654151830257135 0.0 1.0 1.0 1 0 0 0.0 1.0 0
cell 26.7133842658562 14.437426986597563 0.0 1.0 1.0 1 0 0 0.0 1.0 0
cell 39.982408243201164 9.188090527203396 0.0 1.0 1.0 1 0 0 0.0 1.0 0
cell 0.7855155224214876 32.22521406353221 0.0 1.0 1.0 1 0 0 0.0 1.0 0
cell 18.045218135362678 0.8284731805656073 0.0 1.0 1.0 1 0 0 0.0 1.0 0
cell 1.860563849140869 12.915820293198008 0.0 1.0 1.0 1 0 0 0.0 1.0 0
cell 21.531487353632407 1.3124107609786273 0.0 1.0 1.0 1 0 0 0.0 1.0 0
cell 5.778583680764549 22.61866183810882 0.0 1.0 1.0 1 0 0 0.0 1.0 0
cell 1.534098225517393 14.921044817190847 0.0 1.0 1.0 1 0 0 0.0 1.0 0
cell 9.222234451681278 41.87541303135659 0.0 1.0 1.0 1 0 0 0.0 1.0 0
cell 4.473204088924612 19.408450284106785 0.0 1.0 1.0 1 0 0 0.0 1.0 0
cell 8.948434065030314 36.553433780150975 0.0 1.0 1.0 1 0 0 0.0 1.0 0
cell 16.920714720397687 20.13794285029382 0.0 1.0 1.0 1 0 0 0.0 1.0 0
cell 24.77860883959049 39.82565452362721 0.0 1.0 1.0 1 0 0 0.0 1.0 0
cell 30.066922101456782 3.65562298904568 0.0 1.0 1.0 1 0 0 0.0 1.0 0
cell 35.44952137681886 3.437305342529692 0.0 1.0 1.0 1 0 0 0.0 1.0 0
cell 20.61822647452961 31.984868108427975 0.0 1.0 1.0 1 0 0 0.0 1.0 0
cell 40.50695254408877 29.759080952308842 0.0 1.0 1.0 1 0 0 0.0 1.0 0
cell 40.83190854127133 3.210573163715871 0.0 1.0 1.0 1 0 0 0.0 1.0 0
cell 35.69349040606166 25.970108077166934 0.0 1.0 1.0 1 0 0 0.0 1.0 0
cell 32.71138012990573 10.176055750556653 0.0 1.0 1.0 1 0 0 0.0 1.0 0
cell 7.5902187369808525 10.580631129466855 0.0 1.0 1.0 1 0 0 0.0 1.0 0
cell 4.044319785593099 10.139171507218684 0.0 1.0 1.0 1 0 0 0.0 1.0 0
cell 14.439558413625495 24.945604647129713 0.0 1.0 1.0 1 0 0 0.0 1.0 0
cell 29.74014148113104 30.27255386271971 0.0 1.0 1.0 1 0 0 0.0 1.0 0
cell 33.04005262538394 8.178827318003753 0.0 1.0 1.0 1 0 0 0.0 1.0 0
cell 27.30192377173727 10.41218122810386 0.0 1.0 1.0 1 0 0 0.0 1.0 0
cell 13.65215255851775 17.650271329301717 0.0 1.0 1.0 1 0 0 0.0 1.0 0
cell 42.72373847123902 2.4081079924107187 0.0 1.0 1.0 1 0 0 0.0 1.0 0
cell 38.62597875325739 30.479717030084775 0.0 1.0 1.0 1 0 0 0.0 1.0 0
cell 19.007542360820725 30.748032622805884 0.0 1.0 1.0 1 0 0 0.0 1.0 0
cell 16.33576177400684 24.178566390678867 0.0 1.0 1.0 1 0 0 0.0 1.0 0
cell 16.61464720546691 22.190292285810127 0.0 1.0 1.0 1 0 0 0.0 1.0 0
cell 12.69207672419931 12.3296132453833 0.0 1.0 1.0 1 0 0 0.0 1.0 0
cell 35.43762065688742 27.99848354282579 0.0 1.0 1.0 1 0 0 0.0 1.0 0
cell 26.85072821007673 25.734143298701913 0.0 1.0 1.0 1 0 0 0.0 1.0 0
cell 0.37351413902263386 38.798071911721415 0.0 1.0 1.0 1 0 0 0.0 1.0 0
cell 32.625116112627005 34.82717360850118 0.0 1.0 1.0 1 0 0 0.0 1.0 0
cell 15.296649704606663 18.89194037322536 0.0 1.0 1.0 1 0 0 0.0 1.0 0
cell 23.48554241000769 11.907276162702555 0.0 1.0 1.0 1 0 0 0.0 1.0 0
cell 21.593081043069002 12.633049117424603 0.0 1.0 1.0 1 0 0 0.0 1.0 0
cell 19.847106382870187 24.677569689958908 0.0 1.0 1.0 1 0 0 0.0 1.0 0
cell 22.19433436333169 33.23839291385817 0.0 1.0 1.0 1 0 0 0.0 1.0 0
cell 40.83546966749342 27.745034166786002 0.0 1.0 1.0 1 0 0 0.0 1.0 0
cell 42.71649475937935 27.004434729694573 0.0 1.0 1.0 1 0 0 0.0 1.0 0
cell 32.494186086484994 41.89735320221524 0.0 1.0 1.0 1 0 0 0.0 1.0 0
cell 19.63319856582468 2.0927430404519085 0.0 1.0 1.0 1 0 0 0.0 1.0 0
cell 13.37570926826341 33.00663941930681 0.0 1.0 1.0 1 0 0 0.0 1.0 0
cell 41.16335150268178 1.1732531364293288 0.0 1.0 1.0 1 0 0 0.0 1.0 0
cell 3.1728639564973484 16.19245756261477 0.0 1.0 1.0 1 0 0 0.0 1.0 0
cell 36.81902395524185 6.7061626561755485 0.0 1.0 1.0 1 0 0 0.0 1.0 0
cell 21.3466805723322 14.640987126521901 0.0 1.0 1.0 1 0 0 0.0 1.0 0
cell 37.273470797206386 15.951277985055407 0.0 1.0 1.0 1 0 0 0.0 1.0 0
cell 14.727947119845794 22.959822570964267 0.0 1.0 1.0 1 0 0 0.0 1.0 0
cell 21.829996150629352 42.29241991055367 0.0 1.0 1.0 1 0 0 0.0 1.0 0
cell 20.603226160846887 7.340455224152289 0.0 1.0 1.0 1 0 0 0.0 1.0 0
cell 27.850262543234106 30.998815656285196 0.0 1.0 1.0 1 0 0 0.0 1.0 0
cell 24.83254040220343 15.192350238802929 0.0 1.0 1.0 1 0 0 0.0 1.0 0
cell 20.027157356512056 11.364173973274237 0.0 1.0 1.0 1 0 0 0.0 1.0 0
cell 31.819233594849255 16.213391388731818 0.0 1.0 1.0 1 0 0 0.0 1.0 0
cell 3.243150490151936 27.450266527994515 0.0 1.0 1.0 1 0 0 0.0 1.0 0
cell 31.15923040766985 8.96655747593333 0.0 1.0 1.0 1 0 0 0.0 1.0 0
cell 35.311657635920646 16.725145905674573 0.0 1.0 1.0 1 0 0 0.0 1.0 0
cell 17.074337391294502 38.53446028872067 0.0 1.0 1.0 1 0 0 0.0 1.0 0
cell 24.090963195711982 32.50351207025033 0.0 1.0 1.0 1 0 0 0.0 1.0 0
cell 15.262418991916084 32.25547121095997 0.0 1.0 1.0 1 0 0 0.0 1.0 0
cell 12.314876452366649 3.0254198988348686 0.0 1.0 1.0 1 0 0 0.0 1.0 0
cell 7.281670781226569 12.556322493531802 0.0 1.0 1.0 1 0 0 0.0 1.0 0
cell 13.985452703287148 15.624880036176707 0.0 1.0 1.0 1 0 0 0.0 1.0 0
cell 12.080856114699436 16.379842897208242 0.0 1.0 1.0 1 0 0 0.0 1.0 0
cell 5.121542508260453 41.34332820990809 0.0 1.0 1.0 1 0 0 0.0 1.0 0
cell 2.7432595000701534 6.889554992536813 0.0 1.0 1.0 1 0 0 0.0 1.0 0
cell 26.104621298976724 18.454644127886443 0.0 1.0 1.0 1 0 0 0.0 1.0 0
cell 26.325063387227356 41.12302082328018 0.0 1.0 1.0 1 0 0 0.0 1.0 0
cell 6.389558180362825 39.74825422697654 0.0 1.0 1.0 1 0 0 0.0 1.0 0
cell 29.791303894907866 5.679301460105415 0.0 1.0 1.0 1 0 0 0.0 1.0 0
cell 15.523547798996338 37.296096101733916 0.0 1.0 1.0 1 0 0 0.0 1.0 0
cell 21.892805657424585 10.645023826961298 0.0 1.0 1.0 1 0 0 0.0 1.0 0
cell 30.631863969080847 24.210250486349814 0.0 1.0 1.0 1 0 0 0.0 1.0 0
cell 38.679002037567884 5.9182894269081565 0.0 1.0 1.0 1 0 0 0.0 1.0 0
cell 10.675101995912547 1.718924639309236 0.0 1.0 1.0 1 0 0 0.0 1.0 0
cell 41.822611368355425 35.046449974276136 0.0 1.0 1.0 1 0 0 0.0 1.0 0
cell 17.795437034895567 14.117919682974653 0.0 1.0 1.0 1 0 0 0.0 1.0 0
cell 31.220652739381674 20.190304925779376 0.0 1.0 1.0 1 0 0 0.0 1.0 0
cell 39.52256828149743 24.489162535849044 0.0 1.0 1.0 1 0 0 0.0 1.0 0
cell 36.71930368058111 37.198483115346555 0.0 1.0 1.0 1 0 0 0.0 1.0 0
cell 0.21996469131800714 11.649753878388289 0.0 1.0 1.0 1 0 0 0.0 1.0 0
cell 10.91735321173501 24.43401947811731 0.0 1.0 1.0 1 0 0 0.0 1.0 0
cell 35.90442357203112 12.696390768800747 0.0 1.0 1.0 1 0 0 0.0 1.0 0
cell 26.034980839309906 7.17697709357628 0.0 1.0 1.0 1 0 0 0.0 1.0 0
cell 42.02555781042737 19.686875165787736 0.0 1.0 1.0 1 0 0 0.0 1.0 0
cell 2.4142770258970097 8.875444836514944 0.0 1.0 1.0 1 0 0 0.0 1.0 0
cell 20.432258945650418 20.687447938375804 0.0 1.0 1.0 1 0 0 0.0 1.0 0
cell 15.22022592322155 7.585009041460816 0.0 1.0 1.0 1 0 0 0.0 1.0 0
cell 11.691120170938529 7.048585062457966 0.0 1.0 1.0 1 0 0 0.0 1.0 0
cell 36.53524248223953 8.679416749906768 0.0 1.0 1.0 1 0 0 0.0 1.0 0
cell 35.17141826293293 38.53303273733868 0.0 1.0 1.0 1 0 0 0.0 1.0 0
cell 34.9988242488333 18.70879954406489 0.0 1.0 1.0 1 0 0 0.0 1.0 0
cell 3.8954705721490224 23.442764058639312 0.0 1.0 1.0 1 0 0 0.0 1.0 0
cell 2.220827758837002 22.186000206686725 0.0 1.0 1.0 1 0 0 0.0 1.0 0
cell 19.726424329007965 13.373201643266034 0.0 1.0 1.0 1 0 0 0.0 1.0 0
cell 21.193235030325184 27.95688688155329 0.0 1.0 1.0 1 0 0 0.0 1.0 0
cell 17.47360876600122 16.120414010400165 0.0 1.0 1.0 1 0 0 0.0 1.0 0
cell 31.968899597594582 2.9255083174361816 0.0 1.0 1.0 1 0 0 0.0 1.0 0
cell 36.69858237667544 31.245727748897426 0.0 1.0 1.0 1 0 0 0.0 1.0 0
cell 25.713599104605088 9.170151313682426 0.0 1.0 1.0 1 0 0 0.0 1.0 0
cell 28.032627472510974 17.712734894447824 0.0 1.0 1.0 1 0 0 0.0 1.0 0
cell 24.661945271355773 28.487122616586625 0.0 1.0 1.0 1 0 0 0.0 1.0 0
cell 18.398557397153642 10.108391037972398 0.0 1.0 1.0 1 0 0 0.0 1.0 0
cell 8.761251683884298 2.432494515831657 0.0 1.0 1.0 1 0 0 0.0 1.0 0
cell 23.034462787924 27.21199882374352 0.0 1.0 1.0 1 0 0 0.0 1.0 0
cell 17.643006510899035 27.4669781814892 0.0 1.0 1.0 1 0 0 0.0 1.0 0
cell 35.65002487527051 14.69851243548863 0.0 1.0 1.0 1 0 0 0.0 1.0 0
cell 27.146980307392248 23.708574427681665 0.0 1.0 1.0 1 0 0 0.0 1.0 0
cell 23.719462175215476 41.55130554826548 0.0 1.0 1.0 1 0 0 0.0 1.0 0
cell 23.79927127511634 9.877010451477958 0.0 1.0 1.0 1 0 0 0.0 1.0 0
cell 34.52892696538533 34.07633538530859 0.0 1.0 1.0 1 0 0 0.0 1.0 0
cell 0.3453099716040689 22.937781634661942 0.0 1.0 1.0 1 0 0 0.0 1.0 0
cell 15.530900753687998 5.577835220628001 0.0 1.0 1.0 1 0 0 0.0 1.0 0
cell 11.690054607214071 38.73935407560979 0.0 1.0 1.0 1 0 0 0.0 1.0 0
cell 16.540819407936763 35.51632007881898 0.0 1.0 1.0 1 0 0 0.0 1.0 0
cell 34.72819397130025 20.704115024099544 0.0 1.0 1.0 1 0 0 0.0 1.0 0
cell 13.614725948049731 6.333948099301362 0.0 1.0 1.0 1 0 0 0.0 1.0 0
cell 15.773005121157626 3.5823849434061796 0.0 1.0 1.0 1 0 0 0.0 1.0 0
cell 27.744101050114306 19.727164489294466 0.0 1.0 1.0 1 0 0 0.0 1.0 0
cell 19.94443103457164 0.0934915918061857 0.0 1.0 1.0 1 0 0 0.0 1.0 0
cell 23.573840558141516 23.20430353005128 0.0 1.0 1.0 1 0 0 0.0 1.0 0
cell 23.246274238403736 13.914887554199302 0.0 1.0 1.0 1 0 0 0.0 1.0 0
cell 33.421086857932465 17.486253826101965 0.0 1.0 1.0 1 0 0 0.0 1.0 0
cell 0.9405616756721248 18.892435095688302 0.0 1.0 1.0 1 0 0 0.0 1.0 0
cell 17.385614355417694 4.826781088098244 0.0 1.0 1.0 1 0 0 0.0 1.0 0
cell 17.201984897604195 18.149119381686223 0.0 1.0 1.0 1 0 0 0.0 1.0 0
cell 38.510756335054545 19.20808851733642 0.0 1.0 1.0 1 0 0 0.0 1.0 0
cell 14.887913881054034 41.28876831259831 0.0 1.0 1.0 1 0 0 0.0 1.0 0
cell 17.93369175644479 25.416542365456493 0.0 1.0 1.0 1 0 0 0.0 1.0 0
cell 11.004239088288324 36.859049134737546 0.0 1.0 1.0 1 0 0 0.0 1.0 0
cell 14.58325067744659 11.630053964765038 0.0 1.0 1.0 1 0 0 0.0 1.0 0
cell 4.922113869040923 28.67110962380726 0.0 1.0 1.0 1 0 0 0.0 1.0 0
cell 41.07048006906904 14.451516799529887 0.0 1.0 1.0 1 0 0 0.0 1.0 0
cell 12.959217623259738 10.323243144458466 0.0 1.0 1.0 1 0 0 0.0 1.0 0
cell 42.14805088164178 40.35437129286532 0.0 1.0 1.0 1 0 0 0.0 1.0 0
cell 15.857404059770513 14.864810930997253 0.0 1.0 1.0 1 0 0 0.0 1.0 0
cell 41.88499169309865 32.980537640888826 0.0 1.0 1.0 1 0 0 0.0 1.0 0
cell 16.83847605386582 33.497304877762694 0.0 1.0 1.0 1 0 0 0.0 1.0 0
cell 8.16625608773135 34.68231196849224 0.0 1.0 1.0 1 0 0 0.0 1.0 0
cell 5.353405229397547 13.371160196987894 0.0 1.0 1.0 1 0 0 0.0 1.0 0
cell 32.13637510236911 14.185727127065888 0.0 1.0 1.0 1 0 0 0.0 1.0 0
cell 31.61233334441913 29.506894955823743 0.0 1.0 1.0 1 0 0 0.0 1.0 0
cell 33.95059605780544 40.520837224111204 0.0 1.0 1.0 1 0 0 0.0 1.0 0
cell 38.59012832510341 36.4568286531004 0.0 1.0 1.0 1 0 0 0.0 1.0 0
cell 28.791294807036145 0.4135728816978996 0.0 1.0 1.0 1 0 0 0.0 1.0 0
cell 1.3452202580291472 3.665711918092174 0.0 1.0 1.0 1 0 0 0.0 1.0 0
cell 17.411783568154643 29.499206495126472 0.0 1.0 1.0 1 0 0 0.0 1.0 0
cell 16.82626017444358 8.827385415163617 0.0 1.0 1.0 1 0 0 0.0 1.0 0
cell 6.284607712352068 7.333002719788553 0.0 1.0 1.0 1 0 0 0.0 1.0 0
cell 6.918969729548952 36.251458406366055 0.0 1.0 1.0 1 0 0 0.0 1.0 0
cell 9.219432383785415 11.81128515750665 0.0 1.0 1.0 1 0 0 0.0 1.0 0
cell 29.899304331706258 16.971222626874606 0.0 1.0 1.0 1 0 0 0.0 1.0 0
cell 33.85905179415016 2.1691700643467215 0.0 1.0 1.0 1 0 0 0.0 1.0 0
cell 30.540537303157485 12.956768221638047 0.0 1.0 1.0 1 0 0 0.0 1.0 0
cell 38.21960776955434 21.217056088120668 0.0 1.0 1.0 1 0 0 0.0 1.0 0
cell 34.445784384837445 22.732299238432123 0.0 1.0 1.0 1 0 0 0.0 1.0 0
cell 21.886556898833888 35.27096063143949 0.0 1.0 1.0 1 0 0 0.0 1.0 0
cell 38.13198517970416 9.956601348105337 0.0 1.0 1.0 1 0 0 0.0 1.0 0
cell 31.400607919328976 6.940337696541584 0.0 1.0 1.0 1 0 0 0.0 1.0 0
cell 41.87460791979871 8.427661934957714 0.0 1.0 1.0 1 0 0 0.0 1.0 0
cell 41.37588016404353 38.50773735195939 0.0 1.0 1.0 1 0 0 0.0 1.0 0
cell 20.099718482284185 22.68992627029698 0.0 1.0 1.0 1 0 0 0.0 1.0 0
cell 40.274652542738394 7.207806958346516 0.0 1.0 1.0 1 0 0 0.0 1.0 0
cell 3.7448517813401434 12.126801026077684 0.0 1.0 1.0 1 0 0 0.0 1.0 0
cell 13.626567644895283 30.984155549274988 0.0 1.0 1.0 1 0 0 0.0 1.0 0
cell 41.280687601153275 42.17216345362527 0.0 1.0 1.0 1 0 0 0.0 1.0 0
cell 36.024840089219154 23.979531184281523 0.0 1.0 1.0 1 0 0 0.0 1.0 0
cell 37.51752345237127 39.06122403963348 0.0 1.0 1.0 1 0 0 0.0 1.0 0
cell 17.09256744867964 6.855917623905024 0.0 1.0 1.0 1 0 0 0.0 1.0 0
cell 25.06172135976528 37.78400506310412 0.0 1.0 1.0 1 0 0 0.0 1.0 0
cell 20.268035372999055 41.06996344356905 0.0 1.0 1.0 1 0 0 0.0 1.0 0
cell 28.304049549915955 15.71774735990455 0.0 1.0 1.0 1 0 0 0.0 1.0 0
cell 25.969295950381795 31.736951041428014 0.0 1.0 1.0 1 0 0 0.0 1.0 0
cell 42.43671584430441 29.015929876190178 0.0 1.0 1.0 1 0 0 0.0 1.0 0
cell 2.8704103209884906 35.65537061443151 0.0 1.0 1.0 1 0 0 0.0 1.0 0
cell 39.71250588901907 11.211070485523555 0.0 1.0 1.0 1 0 0 0.0 1.0 0
cell 7.872957300650378 8.572109229228113 0.0 1.0 1.0 1 0 0 0.0 1.0 0
cell 41.113594132688675 25.73745081338518 0.0 1.0 1.0 1 0 0 0.0 1.0 0
cell 5.0776792103645425 2.0770641529460914 0.0 1.0 1.0 1 0 0 0.0 1.0 0
cell 15.74819905927795 28.22015604713023 0.0 1.0 1.0 1 0 0 0.0 1.0 0
cell 33.233437064421764 30.789299498966848 0.0 1.0 1.0 1 0 0 0.0 1.0 0
cell 12.161431880799505 35.189300850494895 0.0 1.0 1.0 1 0 0 0.0 1.0 0
cell 3.7383693364662665 0.4563010131357244 0.0 1.0 1.0 1 0 0 0.0 1.0 0
cell 18.530255810638813 21.416387290581884 0.0 1.0 1.0 1 0 0 0.0 1.0 0
cell 2.867944770086247 18.171673370251696 0.0 1.0 1.0 1 0 0 0.0 1.0 0
cell 7.66180857788857 38.1489185511794 0.0 1.0 1.0 1 0 0 0.0 1.0 0
cell 32.24586353650259 25.467836969507086 0.0 1.0 1.0 1 0 0 0.0 1.0 0
cell 26.259463496206607 29.723627571625915 0.0 1.0 1.0 1 0 0 0.0 1.0 0
cell 42.13698819340971 31.018208518141087 0.0 1.0 1.0 1 0 0 0.0 1.0 0
cell 3.464882186212335 14.135666684525948 0.0 1.0 1.0 1 0 0 0.0 1.0 0
cell 22.18881808636791 8.623021890972156 0.0 1.0 1.0 1 0 0 0.0 1.0 0
cell 26.42642899927563 16.45104511341673 0.0 1.0 1.0 1 0 0 0.0 1.0 0
cell 18.843612590403744 19.40957704211451 0.0 1.0 1.0 1 0 0 0.0 1.0 0
cell 26.604808805469027 3.145506640915337 0.0 1.0 1.0 1 0 0 0.0 1.0 0
cell 11.495944814505 20.417781654442074 0.0 1.0 1.0 1 0 0 0.0 1.0 0
cell 19.297700175749732 4.109041589692849 0.0 1.0 1.0 1 0 0 0.0 1.0 0
cell 8.869524036283925 13.79933504195921 0.0 1.0 1.0 1 0 0 0.0 1.0 0
cell 22.79958065645886 4.600673399203649 0.0 1.0 1.0 1 0 0 0.0 1.0 0
cell 29.013160514921335 22.9710156879324 0.0 1.0 1.0 1 0 0 0.0 1.0 0
cell 27.89367048119809 6.391886442088272 0.0 1.0 1.0 1 0 0 0.0 1.0 0
cell 9.92217637374802 19.146178906442078 0.0 1.0 1.0 1 0 0 0.0 1.0 0
cell 31.069145761107805 33.53962727239264 0.0 1.0 1.0 1 0 0 0.0 1.0 0
cell 5.390066034912357 32.48391263378976 0.0 1.0 1.0 1 0 0 0.0 1.0 0
cell 13.11437246707168 21.67636055372499 0.0 1.0 1.0 1 0 0 0.0 1.0 0
cell 5.990636148885289 9.322898503789302 0.0 1.0 1.0 1 0 0 0.0 1.0 0
cell 37.62411090787399 0.6740785213396991 0.0 1.0 1.0 1 0 0 0.0 1.0 0
cell 28.4120548790881 26.98148397933771 0.0 1.0 1.0 1 0 0 0.0 1.0 0
cell 2.5656816552730777 20.166675212779445 0.0 1.0 1.0 1 0 0 0.0 1.0 0
cell 21.353780529649296 39.35307015820005 0.0 1.0 1.0 1 0 0 0.0 1.0 0
cell 30.845895902137315 10.943603173718037 0.0 1.0 1.0 1 0 0 0.0 1.0 0
cell 23.3394403346538 25.213446740986445 0.0 1.0 1.0 1 0 0 0.0 1.0 0
cell 42.63135509914694 36.91731472406243 0.0 1.0 1.0 1 0 0 0.0 1.0 0
cell 23.45642410351208 0.5815936183225872 0.0 1.0 1.0 1 0 0 0.0 1.0 0
cell 1.2792085043371908 16.91057734909461 0.0 1.0 1.0 1 0 0 0.0 1.0 0
cell 8.983953071395394 25.16056217236192 0.0 1.0 1.0 1 0 0 0.0 1.0 0
cell 22.59760747584885 17.917004661876618 0.0 1.0 1.0 1 0 0 0.0 1.0 0
cell 29.460113945700325 32.276677635233895 0.0 1.0 1.0 1 0 0 0.0 1.0 0
cell 10.203921775887268 17.10052583863289 0.0 1.0 1.0 1 0 0 0.0 1.0 0
cell 8.630214315791262 31.144276256387997 0.0 1.0 1.0 1 0 0 0.0 1.0 0
cell 9.780354549178737 7.782144760163282 0.0 1.0 1.0 1 0 0 0.0 1.0 0
cell 15.20628751036598 39.25728306368439 0.0 1.0 1.0 1 0 0 0.0 1.0 0
cell 1.659058203844805 37.23976040942885 0.0 1.0 1.0 1 0 0 0.0 1.0 0
cell 27.009813106586403 12.44174643318464 0.0 1.0 1.0 1 0 0 0.0 1.0 0
cell 16.033940365010675 26.21134123169 0.0 1.0 1.0 1 0 0 0.0 1.0 0
cell 2.8642768275058037 31.79982986490246 0.0 1.0 1.0 1 0 0 0.0 1.0 0
cell 1.9686503119187917 24.1820609450381 0.0 1.0 1.0 1 0 0 0.0 1.0 0
cell 21.70477916109535 23.962168493739238 0.0 1.0 1.0 1 0 0 0.0 1.0 0
cell 31.73179234229114 40.065353222075366 0.0 1.0 1.0 1 0 0 0.0 1.0 0
cell 37.918109229908815 23.226589953302764 0.0 1.0 1.0 1 0 0 0.0 1.0 0
cell 22.793312025400706 29.221994908623362 0.0 1.0 1.0 1 0 0 0.0 1.0 0
cell 34.32984076964984 11.45806722254562 0.0 1.0 1.0 1 0 0 0.0 1.0 0
cell 28.74100570418437 24.983969466749468 0.0 1.0 1.0 1 0 0 0.0 1.0 0
cell 0.8527145322166726 35.26073079483973 0.0 1.0 1.0 1 0 0 0.0 1.0 0
cell 8.146912678163648 6.538100389549428 0.0 1.0 1.0 1 0 0 0.0 1.0 0
cell 13.95336752375484 36.00259287750977 0.0 1.0 1.0 1 0 0 0.0 1.0 0
cell 30.814488568273305 38.158112661273215 0.0 1.0 1.0 1 0 0 0.0 1.0 0
cell 4.14854438444548 21.418558136885228 0.0 1.0 1.0 1 0 0 0.0 1.0 0
cell 39.917210048480676 40.428994121949316 0.0 1.0 1.0 1 0 0 0.0 1.0 0
cell 31.52363260930296 18.182812971561084 0.0 1.0 1.0 1 0 0 0.0 1.0 0
cell 11.973333771683949 29.827550908661106 0.0 1.0 1.0 1 0 0 0.0 1.0 0
cell 3.2215908668408137 2.843580177938686 0.0 1.0 1.0 1 0 0 0.0 1.0 0
cell 10.669265059109366 31.409684143719073 0.0 1.0 1.0 1 0 0 0.0 1.0 0
cell 38.85170850877489 17.21651690407182 0.0 1.0 1.0 1 0 0 0.0 1.0 0
cell 26.974116994722156 37.05338751703475 0.0 1.0 1.0 1 0 0 0.0 1.0 0
cell 40.60268356601632 36.619325305490904 0.0 1.0 1.0 1 0 0 0.0 1.0 0
cell 5.6421547964619085 11.370274221324548 0.0 1.0 1.0 1 0 0 0.0 1.0 0
cell 3.120768396057451 41.005535453261416 0.0 1.0 1.0 1 0 0 0.0 1.0 0
cell 40.23181699882827 31.785460027803655 0.0 1.0 1.0 1 0 0 0.0 1.0 0
cell 33.725634602110915 15.45228684371496 0.0 1.0 1.0 1 0 0 0.0 1.0 0
cell 10.446460680170139 15.077969256115184 0.0 1.0 1.0 1 0 0 0.0 1.0 0
cell 0.025323591357389846 24.96973986724571 0.0 1.0 1.0 1 0 0 0.0 1.0 0
cell 16.08673330751119 1.5736762165548048 0.0 1.0 1.0 1 0 0 0.0 1.0 0
cell 28.604381696003397 38.27766508052382 0.0 1.0 1.0 1 0 0 0.0 1.0 0
cell 2.110052618387519 10.906827099261822 0.0 1.0 1.0 1 0 0 0.0 1.0 0
cell 8.40091819861734 4.465944249700022 0.0 1.0 1.0 1 0 0 0.0 1.0 0
cell 29.300646543074397 20.95509458730424 0.0 1.0 1.0 1 0 0 0.0 1.0 0
cell 16.19977880752952 12.85014162753826 0.0 1.0 1.0 1 0 0 0.0 1.0 0
cell 34.655554181212594 9.430554993238607 0.0 1.0 1.0 1 0 0 0.0 1.0 0
cell 13.618881714515048 38.03413105411114 0.0 1.0 1.0 1 0 0 0.0 1.0 0
cell 28.92123655397352 11.705254967079252 0.0 1.0 1.0 1 0 0 0.0 1.0 0
cell 21.54531698999994 37.29780770735059 0.0 1.0 1.0 1 0 0 0.0 1.0 0
cell 39.29436483602092 42.54461348345093 0.0 1.0 1.0 1 0 0 0.0 1.0 0
cell 42.66575828339683 15.678259112669132 0.0 1.0 1.0 1 0 0 0.0 1.0 0
cell 7.967835627866064 19.900830785057014 0.0 1.0 1.0 1 0 0 0.0 1.0 0
cell 29.48866530406085 7.706850828896493 0.0 1.0 1.0 1 0 0 0.0 1.0 0
cell 39.37958439159645 38.31367075795666 0.0 1.0 1.0 1 0 0 0.0 1.0 0
cell 20.015878438948604 36.02925539145385 0.0 1.0 1.0 1 0 0 0.0 1.0 0
cell 4.844742693455413 4.079880299017046 0.0 1.0 1.0 1 0 0 0.0 1.0 0
cell 30.75423122897381 35.55410196839722 0.0 1.0 1.0 1 0 0 0.0 1.0 0
cell 34.1411363202686 24.733102118714378 0.0 1.0 1.0 1 0 0 0.0 1.0 0
cell 39.44093906026342 13.20305156259679 0.0 1.0 1.0 1 0 0 0.0 1.0 0
cell 11.979985756218046 5.071568333126987 0.0 1.0 1.0 1 0 0 0.0 1.0 0
cell 30.372504389403215 42.0592264520271 0.0 1.0 1.0 1 0 0 0.0 1.0 0
cell 7.413826257666134 32.78142138971384 0.0 1.0 1.0 1 0 0 0.0 1.0 0
cell 36.225407762992255 10.686743924469612 0.0 1.0 1.0 1 0 0 0.0 1.0 0
cell 18.729320937253817 32.7373197127024 0.0 1.0 1.0 1 0 0 0.0 1.0 0
cell 32.53626488848035 23.468600893018905 0.0 1.0 1.0 1 0 0 0.0 1.0 0
cell 4.57667163707761 30.63908812561383 0.0 1.0 1.0 1 0 0 0.0 1.0 0
cell 14.142862548861173 26.975984872156587 0.0 1.0 1.0 1 0 0 0.0 1.0 0
cell 42.215782428388934 6.420363706314469 0.0 1.0 1.0 1 0 0 0.0 1.0 0
cell 19.100381475950257 17.43052068812151 0.0 1.0 1.0 1 0 0 0.0 1.0 0
cell 42.31911729941801 17.693356333621537 0.0 1.0 1.0 1 0 0 0.0 1.0 0
cell 26.669556055441124 39.11168613679074 0.0 1.0 1.0 1 0 0 0.0 1.0 0
cell 25.00760221709119 1.8548601414566281 0.0 1.0 1.0 1 0 0 0.0 1.0 0
cell 7.116801437383001 25.906109915630115 0.0 1.0 1.0 1 0 0 0.0 1.0 0
cell 27.2731357730866 35.03589356679007 0.0 1.0 1.0 1 0 0 0.0 1.0 0
cell 34.384664732277194 36.24176056743286 0.0 1.0 1.0 1 0 0 0.0 1.0 0
cell 39.19667789163727 26.505254997691974 0.0 1.0 1.0 1 0 0 0.0 1.0 0
cell 23.088239125259285 2.6035817018845444 0.0 1.0 1.0 1 0 0 0.0 1.0 0
cell 17.130911081045056 31.50075708052679 0.0 1.0 1.0 1 0 0 0.0 1.0 0
cell 25.38248257858152 35.78816212410736 0.0 1.0 1.0 1 0 0 0.0 1.0 0
cell 37.314797893987276 27.240040770810012 0.0 1.0 1.0 1 0 0 0.0 1.0 0
cell 35.106406446434114 30.047310769399047 0.0 1.0 1.0 1 0 0 0.0 1.0 0
cell 33.5439459230143 28.743725769312185 0.0 1.0 1.0 1 0 0 0.0 1.0 0
cell 20.30611954780834 33.987700509068745 0.0 1.0 1.0 1 0 0 0.0 1.0 0
cell 22.491242960538592 6.611235029136394 0.0 1.0 1.0 1 0 0 0.0 1.0 0
cell 37.05590751854356 29.23160737330136 0.0 1.0 1.0 1 0 0 0.0 1.0 0
cell 36.32417714606335 21.968297569664447 0.0 1.0 1.0 1 0 0 0.0 1.0 0
cell 25.517338086372373 22.45218077638124 0.0 1.0 1.0 1 0 0 0.0 1.0 0
cell 34.01715325146416 13.472402104928296 0.0 1.0 1.0 1 0 0 0.0 1.0 0
cell 13.911037398752386 4.333129648598648 0.0 1.0 1.0 1 0 0 0.0 1.0 0
cell 23.789463809836693 34.54350068080122 0.0 1.0 1.0 1 0 0 0.0 1.0 0
cell 42.46938545882359 4.416583276939142 0.0 1.0 1.0 1 0 0 0.0 1.0 0
cell 28.183431794259604 4.3862579905304075 0.0 1.0 1.0 1 0 0 0.0 1.0 0
cell 10.449008696462437 3.7451639704258444 0.0 1.0 1.0 1 0 0 0.0 1.0 0
cell 12.599016141950344 1.0180530405243713 0.0 1.0 1.0 1 0 0 0.0 1.0 0
cell 37.356654116740906 2.7039566665365227 0.0 1.0 1.0 1 0 0 0.0 1.0 0
cell 24.951275494357017 26.487992858346807 0.0 1.0 1.0 1 0 0 0.0 1.0 0
cell 5.914383708444542 0.21656267634767595 0.0 1.0 1.0 1 0 0 0.0 1.0 0
cell 7.980278075732613 0.5554018497914598 0.0 1.0 1.0 1 0 0 0.0 1.0 0
cell 38.0440033270487 34.46531201601287 0.0 1.0 1.0 1 0 0 0.0 1.0 0
cell 13.358257481014295 19.660029578657443 0.0 1.0 1.0 1 0 0 0.0 1.0 0
cell 0.8109876209045779 7.666706180007916 0.0 1.0 1.0 1 0 0 0.0 1.0 0
cell 6.542490073844212 5.323085332993633 0.0 1.0 1.0 1 0 0 0.0 1.0 0
cell 36.93944581041618 17.986910310499358 0.0 1.0 1.0 1 0 0 0.0 1.0 0
cell 32.26944607239322 0.8954164901226842 0.0 1.0 1.0 1 0 0 0.0 1.0 0
cell 1.5982307904880033 1.6072763329839101 0.0 1.0 1.0 1 0 0 0.0 1.0 0
cell 12.200085373001869 27.772720786460557 0.0 1.0 1.0 1 0 0 0.0 1.0 0
cell 6.7889576409761 27.92885949039341 0.0 1.0 1.0 1 0 0 0.0 1.0 0
cell 40.73809756219566 16.438117664061892 0.0 1.0 1.0 1 0 0 0.0 1.0 0
cell 35.94973482514242 40.37924733036227 0.0 1.0 1.0 1 0 0 0.0 1.0 0
cell 2.144646543929461 33.72202114057211 0.0 1.0 1.0 1 0 0 0.0 1.0 0
cell 12.372419092841298 14.367865720195889 0.0 1.0 1.0 1 0 0 0.0 1.0 0
cell 20.297237538517955 9.35366821503137 0.0 1.0 1.0 1 0 0 0.0 1.0 0
cell 41.33543024601217 12.460270479738409 0.0 1.0 1.0 1 0 0 0.0 1.0 0
cell 21.004374128880695 16.6378567982964 0.0 1.0 1.0 1 0 0 0.0 1.0 0
cell 22.506146952953408 31.200208748162062 0.0 1.0 1.0 1 0 0 0.0 1.0 0
cell 40.42628066514706 18.473432885089256 0.0 1.0 1.0 1 0 0 0.0 1.0 0
cell 25.418201742628913 11.213719734705478 0.0 1.0 1.0 1 0 0 0.0 1.0 0
cell 22.307905735980363 19.93572114253888 0.0 1.0 1.0 1 0 0 0.0 1.0 0
cell 28.335412541943224 41.442223190846384 0.0 1.0 1.0 1 0 0 0.0 1.0 0
cell 25.812788344045952 20.445450874461777 0.0 1.0 1.0 1 0 0 0.0 1.0 0
cell 29.152065062171555 34.292839254011476 0.0 1.0 1.0 1 0 0 0.0 1.0 0
cell 25.25040885292082 24.447513672727435 0.0 1.0 1.0 1 0 0 0.0 1.0 0
cell 1.8845504590490796 42.639931327157036 0.0 1.0 1.0 1 0 0 0.0 1.0 0
cell 35.195974343698765 5.440546465543719 0.0 1.0 1.0 1 0 0 0.0 1.0 0
cell 22.923283415351754 15.953743708060548 0.0 1.0 1.0 1 0 0 0.0 1.0 0
cell 13.28641885511162 8.310483603752353 0.0 1.0 1.0 1 0 0 0.0 1.0 0
cell 11.061824840574207 42.64646683107853 0.0 1.0 1.0 1 0 0 0.0 1.0 0
cell 41.476844931320045 23.710874247038202 0.0 1.0 1.0 1 0 0 0.0 1.0 0
cell 5.669088975183567 37.84203063858099 0.0 1.0 1.0 1 0 0 0.0 1.0 0
cell 28.64259933100932 13.717430030747058 0.0 1.0 1.0 1 0 0 0.0 1.0 0
cell 18.05180953015579 12.102745224237962 0.0 1.0 1.0 1 0 0 0.0 1.0 0
cell 10.773019887380917 40.60095556349449 0.0 1.0 1.0 1 0 0 0.0 1.0 0
cell 35.726758948660475 1.4287129884854854 0.0 1.0 1.0 1 0 0 0.0 1.0 0
cell 36.465732634922205 33.24498052928903 0.0 1.0 1.0 1 0 0 0.0 1.0 0
cell 33.79606543448943 26.737132842210233 0.0 1.0 1.0 1 0 0 0.0 1.0 0
cell 10.630130475164906 26.47164936005122 0.0 1.0 1.0 1 0 0 0.0 1.0 0
cell 5.464386282620835 24.669726778065485 0.0 1.0 1.0 1 0 0 0.0 1.0 0
cell 1.1420371527914046 40.72523853919638 0.0 1.0 1.0 1 0 0 0.0 1.0 0
cell 8.584791060613831 15.855306133177557 0.0 1.0 1.0 1 0 0 0.0 1.0 0
cell 8.363823412765523 29.174687345386225 0.0 1.0 1.0 1 0 0 0.0 1.0 0
cell 2.93707793185424 29.443509758986437 0.0 1.0 1.0 1 0 0 0.0 1.0 0
cell 26.55211745229516 27.7366021458476 0.0 1.0 1.0 1 0 0 0.0 1.0 0
cell 37.6405431126812 25.24309968778839 0.0 1.0 1.0 1 0 0 0.0 1.0 0
cell 14.94414143174613 34.25977795544552 0.0 1.0 1.0 1 0 0 0.0 1.0 0
cell 1.1100514515013225 5.679083667183135 0.0 1.0 1.0 1 0 0 0.0 1.0 0
cell 11.264295170068324 22.408212546001007 0.0 1.0 1.0 1 0 0 0.0 1.0 0
cell 8.462425823869676 39.98225789470007 0.0 1.0 1.0 1 0 0 0.0 1.0 0
cell 0.6721560535982819 20.928052203903935 0.0 1.0 1.0 1 0 0 0.0 1.0 0
cell 8.29138719837443 17.874623512492956 0.0 1.0 1.0 1 0 0 0.0 1.0 0
cell 16.77941503599371 40.56882031146372 0.0 1.0 1.0 1 0 0 0.0 1.0 0
cell 31.352822598032926 31.561247416830177 0.0 1.0 1.0 1 0 0 0.0 1.0 0
cell 24.39722242662896 5.888879710516802 0.0 1.0 1.0 1 0 0 0.0 1.0 0
cell 30.95719901264571 22.215713763822272 0.0 1.0 1.0 1 0 0 0.0 1.0 0
cell 21.200714009564837 3.335602031725375 0.0 1.0 1.0 1 0 0 0.0 1.0 0
cell 14.994150179516575 20.897888472737137 0.0 1.0 1.0 1 0 0 0.0 1.0 0
cell 3.580792715812312 25.418515829668504 0.0 1.0 1.0 1 0 0 0.0 1.0 0
cell 31.95525588814258 27.524605201798057 0.0 1.0 1.0 1 0 0 0.0 1.0 0
cell 21.419691566303303 25.94963596823737 0.0 1.0 1.0 1 0 0 0.0 1.0 0
cell 12.964335251763568 42.0195417237814 0.0 1.0 1.0 1 0 0 0.0 1.0 0
cell 4.162423922136042 34.06494833807525 0.0 1.0 1.0 1 0 0 0.0 1.0 0
cell 30.231413532576433 14.96277717744911 0.0 1.0 1.0 1 0 0 0.0 1.0 0
cell 6.805661410787788 3.194208233669119 0.0 1.0 1.0 1 0 0 0.0 1.0 0
cell 39.82309008571756 22.48648043343143 0.0 1.0 1.0 1 0 0 0.0 1.0 0
cell 23.879606186990827 21.20882204617026 0.0 1.0 1.0 1 0 0 0.0 1.0 0
cell 12.546784833985791 25.735771318697175 0.0 1.0 1.0 1 0 0 0.0 1.0 0
cell 11.387745716657525 33.30834029114515 0.0 1.0 1.0 1 0 0 0.0 1.0 0
cell 16.44491924964061 42.561916796082535 0.0 1.0 1.0 1 0 0 0.0 1.0 0
cell 24.385239175943628 30.48295148269707 0.0 1.0 1.0 1 0 0 0.0 1.0 0
cell 42.94819264160911 13.678934381773635 0.0 1.0 1.0 1 0 0 0.0 1.0 0
cell 31.65533239426371 4.941241169379446 0.0 1.0 1.0 1 0 0 0.0 1.0 0
cell 37.90769166918548 41.06851133982964 0.0 1.0 1.0 1 0 0 0.0 1.0 0
cell 14.519166156885223 0.31290939023079506 0.0 1.0 1.0 1 0 0 0.0 1.0 0
cell 27.58032964839648 33.042220586133745 0.0 1.0 1.0 1 0 0 0.0 1.0 0
cell 9.289617518247635 23.18016907874463 0.0 1.0 1.0 1 0 0 0.0 1.0 0
cell 37.827022781455355 11.973100748140613 0.0 1.0 1.0 1 0 0 0.0 1.0 0
cell 23.467508950823298 36.53117646396519 0.0 1.0 1.0 1 0 0 0.0 1.0 0
cell 1.0966227974302947 30.182474508644162 0.0 1.0 1.0 1 0 0 0.0 1.0 0
cell 19.719341381753814 38.084183561653504 0.0 1.0 1.0 1 0 0 0.0 1.0 0
cell 14.884136108397515 9.596892715157919 0.0 1.0 1.0 1 0 0 0.0 1.0 0
cell 32.41549816266024 12.187134137889862 0.0 1.0 1.0 1 0 0 0.0 1.0 0
cell 7.709840978937143 21.911160960900514 0.0 1.0 1.0 1 0 0 0.0 1.0 0
cell 33.57016008178041 4.145732533075516 0.0 1.0 1.0 1 0 0 0.0 1.0 0
cell 24.22061673977843 19.212807981263147 0.0 1.0 1.0 1 0 0 0.0 1.0 0
cell 10.792773678600483 13.080423362093768 0.0 1.0 1.0 1 0 0 0.0 1.0 0
cell 32.30892581041941 36.807583087924876 0.0 1.0 1.0 1 0 0 0.0 1.0 0
cell 34.9057191997041 7.466202951439712 0.0 1.0 1.0 1 0 0 0.0 1.0 0
cell 9.38360701268111 33.089469533766035 0.0 1.0 1.0 1 0 0 0.0 1.0 0
cell 0.5303132050355045 9.669799726699186 0.0 1.0 1.0 1 0 0 0.0 1.0 0
cell 11.35419072516521 9.059407191191376 0.0 1.0 1.0 1 0 0 0.0 1.0 0
cell 30.369007592020843 26.229926513445903 0.0 1.0 1.0 1 0 0 0.0 1.0 0
cell 13.282347156640881 39.98925507559378 0.0 1.0 1.0 1 0 0 0.0 1.0 0
cell 30.060441544031846 28.2455208467695 0.0 1.0 1.0 1 0 0 0.0 1.0 0
cell 39.212828441601644 1.9036067458064987 0.0 1.0 1.0 1 0 0 0.0 1.0 0
cell 26.90101136114094 1.1337648654686707 0.0 1.0 1.0 1 0 0 0.0 1.0 0
cell 18.67475196834863 39.7867408392106 0.0 1.0 1.0 1 0 0 0.0 1.0 0
cell 34.13270422180641 0.14575485847733616 0.0 1.0 1.0 1 0 0 0.0 1.0 0
cell 11.758289746439354 18.41136355001077 0.0 1.0 1.0 1 0 0 0.0 1.0 0
cell 9.699901214009763 38.43880933088298 0.0 1.0 1.0 1 0 0 0.0 1.0 0
cell 25.67839167357204 33.77280456548524 0.0 1.0 1.0 1 0 0 0.0 1.0 0
cell 18.12714470551934 36.81118434412776 0.0 1.0 1.0 1 0 0 0.0 1.0 0
cell 4.618172053370327 6.08719175697775 0.0 1.0 1.0 1 0 0 0.0 1.0 0
cell 18.45135513094665 34.772706997236035 0.0 1.0 1.0 1 0 0 0.0 1.0 0
cell 20.89730629017345 5.368949758164378 0.0 1.0 1.0 1 0 0 0.0 1.0 0
cell 15.519872082438217 30.202212942691148 0.0 1.0 1.0 1 0 0 0.0 1.0 0
cell 40.58455777601826 5.16695390764861 0.0 1.0 1.0 1 0 0 0.0 1.0 0
cell 7.418624340812764 23.91174431209064 0.0 1.0 1.0 1 0 0 0.0 1.0 0
cell 32.945242307700816 32.81747720976565 0.0 1.0 1.0 1 0 0 0.0 1.0 0
cell 2.9789648776791644 4.873173704405696 0.0 1.0 1.0 1 0 0 0.0 1.0 0
cell 26.270350497636176 5.150467793104624 0.0 1.0 1.0 1 0 0 0.0 1.0 0
cell 6.078456275854324 20.625623861416116 0.0 1.0 1.0 1 0 0 0.0 1.0 0
cell 18.217058562662444 23.41165996999434 0.0 1.0 1.0 1 0 0 0.0 1.0 0
cell 8.700468552541995 27.18853055497042 0.0 1.0 1.0 1 0 0 0.0 1.0 0
cell 7.194430253876019 41.61900608758941 0.0 1.0 1.0 1 0 0 0.0 1.0 0
cell 25.287230570066605 42.85917417546375 0.0 1.0 1.0 1 0 0 0.0 1.0 0
cell 41.627045902350226 10.436471730450132 0.0 1.0 1.0 1 0 0 0.0 1.0 0
cell 38.29660228652968 32.512862874311395 0.0 1.0 1.0 1 0 0 0.0 1.0 0
cell 36.02631591292535 42.38456261119929 0.0 1.0 1.0 1 0 0 0.0 1.0 0
cell 4.906002999873379 35.94183235340157 0.0 1.0 1.0 1 0 0 0.0 1.0 0
cell 19.290969672860314 28.713372783388678 0.0 1.0 1.0 1 0 0 0.0 1.0 0
cell 3.6707420951746785 37.54025551132488 0.0 1.0 1.0 1 0 0 0.0 1.0 0
cell 29.266533734794685 9.699854855557227 0.0 1.0 1.0 1 0 0 0.0 1.0 0
cell 39.162251176377374 15.18595621003267 0.0 1.0 1.0 1 0 0 0.0 1.0 0
cell 16.468747038612356 10.834675749830355 0.0 1.0 1.0 1 0 0 0.0 1.0 0
cell 33.30426022773719 6.177070885798781 0.0 1.0 1.0 1 0 0 0.0 1.0 0
cell 10.15165385980563 34.92234541589601 0.0 1.0 1.0 1 0 0 0.0 1.0 0
cell 34.828058167691196 32.04254624331333 0.0 1.0 1.0 1 0 0 0.0 1.0 0
cell 6.687716990413175 16.591668697562778 0.0 1.0 1.0 1 0 0 0.0 1.0 0
cell 19.33848573028986 15.389182912266506 0.0 1.0 1.0 1 0 0 0.0 1.0 0
cell 6.130770699025774 34.36794388021714 0.0 1.0 1.0 1 0 0 0.0 1.0 0
cell 15.579098955807444 16.861835053322096 0.0 1.0 1.0 1 0 0 0.0 1.0 0
cell 27.61211422779551 8.421486096511705 0.0 1.0 1.0 1 0 0 0.0 1.0 0
cell 14.211031107661315 2.2957043787422515 0.0 1.0 1.0 1 0 0 0.0 1.0 0
cell 28.85431575257947 36.31214183200354 0.0 1.0 1.0 1 0 0 0.0 1.0 0
cell 29.625117275052748 18.93105756484705 0.0 1.0 1.0 1 0 0 0.0 1.0 0
cell 27.419402097508055 21.712805833097235 0.0 1.0 1.0 1 0 0 0.0 1.0 0
cell 12.821149416312405 23.7113512262238 0.0 1.0 1.0 1 0 0 0.0 1.0 0
cell 6.612966427974805 30.27213098956685 0.0 1.0 1.0 1 0 0 0.0 1.0 0
cell 4.40930497612628 39.43603943959682 0.0 1.0 1.0 1 0 0 0.0 1.0 0
cell 19.552690972166314 26.697324210445583 0.0 1.0 1.0 1 0 0 0.0 1.0 0
cell 18.37522412487436 41.823592989995056 0.0 1.0 1.0 1 0 0 0.0 1.0 0
cell 10.35959587622977 28.570144398706248 0.0 1.0 1.0 1 0 0 0.0 1.0 0
cell 14.29214682225542 13.604770442082286 0.0 1.0 1.0 1 0 0 0.0 1.0 0
cell 36.615183116668035 19.96613558357687 0.0 1.0 1.0 1 0 0 0.0 1.0 0
cell 18.7012332833776 8.087699136251734 0.0 1.0 1.0 1 0 0 0.0 1.0 0
cell 11.091527698749177 11.086039065664568 0.0 1.0 1.0 1 0 0 0.0 1.0 0
cell 10.033658731920408 5.755978945285092 0.0 1.0 1.0 1 0 0 0.0 1.0 0
cell 1.3755068880711274 28.18985624825654 0.0 1.0 1.0 1 0 0 0.0 1.0 0
cell 33.13354486494788 19.46350854947067 0.0 1.0 1.0 1 0 0 0.0 1.0 0
cell 4.787417903664679 17.395497649979816 0.0 1.0 1.0 1 0 0 0.0 1.0 0
cell 28.491353082011667 2.4096709360867745 0.0 1.0 1.0 1 0 0 0.0 1.0 0
cell 24.524565651473356 17.22164554836212 0.0 1.0 1.0 1 0 0 0.0 1.0 0
cell 40.13147425706432 20.476681257160752 0.0 1.0 1.0 1 0 0 0.0 1.0 0
cell 37.550756064422224 13.964361721906824 0.0 1.0 1.0 1 0 0 0.0 1.0 0
cell 1.6697320074507744 26.185186891614787 0.0 1.0 1.0 1 0 0 0.0 1.0 0
cell 42.97360655765328 0.39072148312480853 0.0 1.0 1.0 1 0 0 0.0 1.0 0
cell 38.41249120976811 7.914181264887639 0.0 1.0 1.0 1 0 0 0.0 1.0 0
cell 36.19343215326509 35.236408328705 0.0 1.0 1.0 1 0 0 0.0 1.0 0
cell 39.9945475803157 33.825526801882674 0.0 1.0 1.0 1 0 0 0.0 1.0 0
cell 24.088448202266687 7.890992547798048 0.0 1.0 1.0 1 0 0 0.0 1.0 0
cell 9.469055154913839 9.82762808383288 0.0 1.0 1.0 1 0 0 0.0 1.0 0
cell 20.89947545407568 29.95669180384545 0.0 1.0 1.0 1 0 0 0.0 1.0 0
cell 6.976105299885084 14.568750255903787 0.0 1.0 1.0 1 0 0 0.0 1.0 0
cell 2.3968885832172195 39.14288662680446 0.0 1.0 1.0 1 0 0 0.0 1.0 0
cell 37.099985871557614 4.684632238244049 0.0 1.0 1.0 1 0 0 0.0 1.0 0
cell 5.0716919238220965 15.38806205339311 0.0 1.0 1.0 1 0 0 0.0 1.0 0
cell 23.17901525640524 38.541724191592735 0.0 1.0 1.0 1 0 0 0.0 1.0 0
cell 38.917582455865805 28.48770841928748 0.0 1.0 1.0 1 0 0 0.0 1.0 0
cell 32.8205603402586 21.46094532256664 0.0 1.0 1.0 1 0 0 0.0 1.0 0
cell 9.611851364926007 21.14093223792915 0.0 1.0 1.0 1 0 0 0.0 1.0 0
cell 5.185469077970126 26.65441787259856 0.0 1.0 1.0 1 0 0 0.0 1.0 0
cell 28.16008863586551 29.016814848759157 0.0 1.0 1.0 1 0 0 0.0 1.0 0
cell 13.833894671795077 28.97736347614723 0.0 1.0 1.0 1 0 0 0.0 1.0 0
cell 24.727446037953058 3.8756871200602463 0.0 1.0 1.0 1 0 0 0.0 1.0 0
cell 38.939859181405666 3.9303793560621205 0.0 1.0 1.0 1 0 0 0.0 1.0 0
cell 18.981715387447018 6.091136817922411 0.0 1.0 1.0 1 0 0 0.0 1.0 0
cell 6.414080182876096 18.596640746151635 0.0 1.0 1.0 1 0 0 0.0 1.0 0
cell 4.393116671576632 8.115393723555133 0.0 1.0 1.0 1 0 0 0.0 1.0 0
