500
 Lattice="43.5031687918663 0.0 0.0 0.0 43.5031687918663 0.0 0.0 0.0 1.0"Properties=species:S:1:pos:R:3:aspherical_shape:R:3:orientation:R:4:Color:R:1
cell 42.568039209433906 10.041843213874905 0.0 2.23606797749979 0.4472135954999579 1 0 0 0.7207726856493806 0.6931715052003936 1.609832769036207
cell 14.4225886574617 8.559089319470397 0.0 2.23606797749979 0.4472135954999579 1 0 0 -0.6562859081430892 -0.7545122972972679 1.4317713008735078
cell 5.121907175696913 1.9142765497201781 0.0 2.23606797749979 0.4472135954999579 1 0 0 -0.5837917427961475 0.8119034431772271 5.036403143797108
cell 8.580359469302707 21.557095770043688 0.0 2.23606797749979 0.4472135954999579 1 0 0 0.6831139722304869 -0.7303117833798697 4.779149162040488
cell 39.48766581218369 9.827929255270245 0.0 2.23606797749979 0.4472135954999579 1 0 0 0.8025971222584501 -0.5965214659527807 4.4199126427208695
cell 4.506271893091094 5.960112138538253 0.0 2.23606797749979 0.4472135954999579 1 0 0 0.6170276339948095 -0.7869414837754884 4.953265361994928
cell 29.292260745455753 4.9966215962377465 0.0 2.23606797749979 0.4472135954999579 1 0 0 0.8111662013604334 0.5848156921376895 1.8922870021755007
cell 23.952612072347467 16.465326668146073 0.0 2.23606797749979 0.4472135954999579 1 0 0 0.7915038487737459 0.6111641820135955 1.8265314428588413
cell 10.0478479449407 20.690779961339064 0.0 2.23606797749979 0.4472135954999579 1 0 0 0.6828345932431694 -0.7305730068038616 4.779914120333678
cell 20.873339529802834 10.020158083469045 0.0 2.23606797749979 0.4472135954999579 1 0 0 0.7804943897209992 0.6251627848920991 1.7909124897828737
cell 22.567567682406846 29.26722135929456 0.0 2.23606797749979 0.4472135954999579 1 0 0 0.7977384806162606 0.6030035792133078 1.8470708682853874
cell 25.45444421289665 12.487955565596863 0.0 2.23606797749979 0.4472135954999579 1 0 0 0.7851573212180002 0.619296359538609 1.8059002366962278
cell 8.562503175045661 17.71970597088519 0.0 2.23606797749979 0.4472135954999579 1 0 0 0.6880340820049344 -0.7256783736612433 4.765632337017998
cell 23.112466631459327 37.27978269116962 0.0 2.23606797749979 0.4472135954999579 1 0 0 0.7669601128535599 0.6416947758020588 1.748180733929207
cell 30.441973030427395 8.958908583294791 0.0 2.23606797749979 0.4472135954999579 1 0 0 0.8154607900223841 0.5788123184038753 1.9070496896463396
cell 1.0742879664009435 28.160292767224437 0.0 2.23606797749979 0.4472135954999579 1 0 0 0.6220554538088625 0.7829731875272934 1.3427303296379398
cell 24.75621508609887 16.722489199983954 0.0 2.23606797749979 0.4472135954999579 1 0 0 0.7889787380348833 0.6144205000884028 1.8182901284796902
cell 26.28058803060454 17.411507860445248 0.0 2.23606797749979 0.4472135954999579 1 0 0 0.7929855607994265 0.609240429029147 1.831387902050234
cell 6.038913257609257 22.88699800401119 0.0 2.23606797749979 0.4472135954999579 1 0 0 0.6683208375187629 -0.7438731465365713 4.81928697080558
cell 21.372862597100394 2.514721406807845 0.0 2.23606797749979 0.4472135954999579 1 0 0 0.7232671932555381 0.6905682929010396 1.6170436764838143
cell 0.22760041189436483 16.63108701572128 0.0 2.23606797749979 0.4472135954999579 1 0 0 0.6608889715754559 0.7504836888633465 1.4440053509881083
cell 29.4539340373336 43.39029171677779 0.0 2.23606797749979 0.4472135954999579 1 0 0 0.8666818996603911 0.49886118790807515 2.0970240794297283
cell 22.097323343149366 24.019307287693987 0.0 2.23606797749979 0.4472135954999579 1 0 0 0.781788338105634 0.6235438993383152 1.7950574116859588
cell 7.753831507832328 29.70793158692531 0.0 2.23606797749979 0.4472135954999579 1 0 0 0.6709868679278166 -0.7414692327186738 4.8121074071351515
cell 13.036830507508267 30.853852170291482 0.0 2.23606797749979 0.4472135954999579 1 0 0 0.7230545061224147 0.6907909822631378 1.6164277986734092
cell 9.344249692747237 17.16475012143494 0.0 2.23606797749979 0.4472135954999579 1 0 0 0.6940569833616973 -0.7199200676789477 4.748966944098196
cell 12.443014943592189 29.17796432615173 0.0 2.23606797749979 0.4472135954999579 1 0 0 0.7197155146225318 -0.69426909625276 4.676400368288038
cell 5.100934850991062 19.186984346047264 0.0 2.23606797749979 0.4472135954999579 1 0 0 0.6632912291994367 -0.7483613734467461 4.83276900518009
cell 6.027012221916431 26.936243979824102 0.0 2.23606797749979 0.4472135954999579 1 0 0 0.6549838543303842 -0.7556428723719387 4.854862800221335
cell 10.23798886377105 40.64396902453592 0.0 2.23606797749979 0.4472135954999579 1 0 0 0.6883672976166614 -0.7253622981461986 4.764713780805636
cell 30.265587303812907 29.508918188305877 0.0 2.23606797749979 0.4472135954999579 1 0 0 0.8411493092069304 0.54080295822111 1.9988098269348669
cell 14.238661072027103 30.7951609136009 0.0 2.23606797749979 0.4472135954999579 1 0 0 0.7455530224368423 0.6664463149686473 1.6827285286441722
cell 16.6538248634747 4.2229658827724235 0.0 2.23606797749979 0.4472135954999579 1 0 0 0.6932754352634346 0.720672721046312 1.5320482896846528
cell 15.564323538251312 30.650578563485738 0.0 2.23606797749979 0.4472135954999579 1 0 0 0.76648490370765 0.6422623236562102 1.7467002822087816
cell 1.7112266514032382 20.018438877640495 0.0 2.23606797749979 0.4472135954999579 1 0 0 0.6279306410451965 0.7782693043134675 1.357782852314901
cell 1.86888361277008 9.120994922253052 0.0 2.23606797749979 0.4472135954999579 1 0 0 -0.6387205343695355 -0.7694388078169018 1.3856685200078802
cell 3.2273878199607537 10.025514326685373 0.0 2.23606797749979 0.4472135954999579 1 0 0 0.65749203179332 -0.7534614974424982 4.848214684415365
cell 43.21420096162555 19.493329299109927 0.0 2.23606797749979 0.4472135954999579 1 0 0 0.6446490856968112 0.76447861730088 1.4011283399699639
cell 4.971006881078558 15.430689268905523 0.0 2.23606797749979 0.4472135954999579 1 0 0 0.6721653820098179 -0.7404010394560475 4.80892625462628
cell 1.1770555786724228 15.553600837432171 0.0 2.23606797749979 0.4472135954999579 1 0 0 0.6934148880290174 0.72053854377105 1.532435332912948
cell 27.796742430176312 37.76277878988021 0.0 2.23606797749979 0.4472135954999579 1 0 0 0.8138257172393651 0.5811090276013899 1.9014111290468978
cell 17.98405045733852 39.986919177707094 0.0 2.23606797749979 0.4472135954999579 1 0 0 -0.7174339817424226 -0.6966265009610338 1.6002236100948215
cell 30.679564931002155 39.047038227799575 0.0 2.23606797749979 0.4472135954999579 1 0 0 0.881172078039085 0.47279569465497523 2.15667107873329
cell 29.918576407432774 24.71301861895014 0.0 2.23606797749979 0.4472135954999579 1 0 0 0.8195149457671321 0.5730578100543561 1.9211281483337699
cell 6.761044635769099 14.664666010269235 0.0 2.23606797749979 0.4472135954999579 1 0 0 0.6833370366776435 -0.7301030710143719 4.778538200176465
cell 1.2479202210682188 25.27850699963013 0.0 2.23606797749979 0.4472135954999579 1 0 0 0.628696261756084 0.7776509566983928 1.3597511296573292
cell 31.074145868480745 4.909928830232493 0.0 2.23606797749979 0.4472135954999579 1 0 0 0.813919213738474 0.5809780662876562 1.901732951737809
cell 27.39184817013307 21.313512717376035 0.0 2.23606797749979 0.4472135954999579 1 0 0 0.8101273692370989 0.586253908825329 1.8887386841250926
cell 8.29827332728074 37.84986334259901 0.0 2.23606797749979 0.4472135954999579 1 0 0 0.6745444731618018 -0.7382342133272254 4.802490349369714
cell 5.1756467094756 22.906383194276636 0.0 2.23606797749979 0.4472135954999579 1 0 0 0.6642070464455906 -0.747548660256993 4.830320149002641
cell 27.0932961262192 26.02839252112144 0.0 2.23606797749979 0.4472135954999579 1 0 0 0.7999540933405134 0.600061204001523 1.8544374216092545
cell 36.3388403012771 0.5971633541242276 0.0 2.23606797749979 0.4472135954999579 1 0 0 0.7440916193005531 -0.6680775868764651 4.604837074909584
cell 21.907256336912 41.5697124223886 0.0 2.23606797749979 0.4472135954999579 1 0 0 0.759864544076444 0.6500814369411712 1.7262094440212266
cell 14.080927782714907 35.2804681336656 0.0 2.23606797749979 0.4472135954999579 1 0 0 -0.7222238403443854 -0.6916593991540979 1.614024339745038
cell 14.743396351068737 20.09871053079196 0.0 2.23606797749979 0.4472135954999579 1 0 0 0.744924792645993 0.6671484492235025 1.6808442088755404
cell 34.4866011356466 8.316335236574249 0.0 2.23606797749979 0.4472135954999579 1 0 0 0.8070734942208854 0.5904509928233591 1.8783575999448783
cell 0.9646611836964205 21.053746090683266 0.0 2.23606797749979 0.4472135954999579 1 0 0 0.6363696789478409 0.7713842309224515 1.3795656683799327
cell 35.23849079947472 26.9882697504758 0.0 2.23606797749979 0.4472135954999579 1 0 0 0.822848244270828 0.568261178420993 1.9328103828713354
cell 16.506563851432716 8.260016586264854 0.0 2.23606797749979 0.4472135954999579 1 0 0 0.7003984674571232 0.7137520485320606 1.5519112306958007
cell 18.44230666546995 0.9758698966357933 0.0 2.23606797749979 0.4472135954999579 1 0 0 -0.7288897888754627 -0.6846310507660921 1.6333978561634517
cell 31.65190871559289 1.2083861857273273 0.0 2.23606797749979 0.4472135954999579 1 0 0 0.90862017282783 0.4176234925507954 2.27993619252407
cell 3.086293683855962 22.802778347130975 0.0 2.23606797749979 0.4472135954999579 1 0 0 0.6821537384640117 0.7312087780515033 1.5014081051274843
cell 5.14824846632227 27.07119303977495 0.0 2.23606797749979 0.4472135954999579 1 0 0 0.6603049861068385 -0.7509975534730109 4.840735714392657
cell 42.2775011753456 25.027047864557897 0.0 2.23606797749979 0.4472135954999579 1 0 0 0.7528025222555504 -0.6582464299072813 4.578566638423394
cell 19.110008452745827 23.932462475922943 0.0 2.23606797749979 0.4472135954999579 1 0 0 0.784202270706279 0.620505276866455 1.802818936285684
cell 6.400112456778228 6.751933442055992 0.0 2.23606797749979 0.4472135954999579 1 0 0 0.6488808512115277 -0.7608900320880825 4.870959965419635
cell 29.850111795255213 17.704737594683554 0.0 2.23606797749979 0.4472135954999579 1 0 0 0.8032112013973941 0.5956943561506646 1.8653329594934038
cell 13.413420007705048 11.892610840522243 0.0 2.23606797749979 0.4472135954999579 1 0 0 0.6915993626410758 0.722281331334583 1.5274020658750989
cell 0.10318339977099246 12.167815635532232 0.0 2.23606797749979 0.4472135954999579 1 0 0 0.6943998116994664 0.7195893978594637 1.5351709885124687
cell 13.866745237573003 42.37524508238573 0.0 2.23606797749979 0.4472135954999579 1 0 0 -0.6751115585828499 -0.7377156521776091 1.4822318267954575
cell 15.67259769204773 18.509323065851255 0.0 2.23606797749979 0.4472135954999579 1 0 0 0.7141183743194851 0.7000249620258522 1.590727751515342
cell 12.455748041519675 1.7930935912439463 0.0 2.23606797749979 0.4472135954999579 1 0 0 0.7298396299127644 -0.683618398383776 4.647010644826852
cell 9.236492936262646 29.535873815050724 0.0 2.23606797749979 0.4472135954999579 1 0 0 0.7006699272937521 -0.7134855660671547 4.730513278616413
cell 40.45576572688327 1.908341317618792 0.0 2.23606797749979 0.4472135954999579 1 0 0 0.7217751790614262 -0.6921275828132023 4.670457875912759
cell 24.803287006606688 25.54588905998692 0.0 2.23606797749979 0.4472135954999579 1 0 0 0.8066410773473957 0.5910415994968822 1.8768936318861937
cell 9.065480975739208 9.497548119876823 0.0 2.23606797749979 0.4472135954999579 1 0 0 0.694362171972712 -0.7196257180877695 4.74811893048318
cell 31.6345186089439 25.302908518218164 0.0 2.23606797749979 0.4472135954999579 1 0 0 0.8394512499552353 0.5434349997456853 1.9925453059377738
cell 16.149526817742135 0.7540496353314076 0.0 2.23606797749979 0.4472135954999579 1 0 0 -0.6993003855544688 -0.714827930878034 1.5488366203772408
cell 0.9604775365048176 31.787993587670123 0.0 2.23606797749979 0.4472135954999579 1 0 0 0.6577718015407882 0.7532172708440679 1.4357133683318675
cell 30.95112525823075 0.6013774758007042 0.0 2.23606797749979 0.4472135954999579 1 0 0 0.8924128811128896 0.45121973541035587 2.205329351067535
cell 43.119316751992116 35.32946529884943 0.0 2.23606797749979 0.4472135954999579 1 0 0 0.6570316790554264 0.7538629668033888 1.4337489807501758
cell 3.8324468940651704 2.726731263097514 0.0 2.23606797749979 0.4472135954999579 1 0 0 0.5836513724886289 -0.812004356756871 5.036748903099884
cell 26.69814221850441 29.146189280368926 0.0 2.23606797749979 0.4472135954999579 1 0 0 0.8243680375419166 0.566054183518936 1.9381697120761165
cell 12.032951792742258 41.20741759701164 0.0 2.23606797749979 0.4472135954999579 1 0 0 0.7599841920782161 -0.6499415572120475 4.556607721973251
cell 20.948961190655133 27.510104289806197 0.0 2.23606797749979 0.4472135954999579 1 0 0 0.7750075075970574 0.6319520260021303 1.7734539498481714
cell 9.69558415655813 32.7751508213232 0.0 2.23606797749979 0.4472135954999579 1 0 0 0.7143623351370133 -0.6997760028306154 4.691760425654527
cell 16.362193517108526 18.704498739752797 0.0 2.23606797749979 0.4472135954999579 1 0 0 0.7685899304278346 0.6397417594974838 1.7532682014722525
cell 5.430708335615832 7.295263544274571 0.0 2.23606797749979 0.4472135954999579 1 0 0 0.6652134607132112 -0.7466532338950612 4.82762596391462
cell 12.811651134641002 18.544481895017242 0.0 2.23606797749979 0.4472135954999579 1 0 0 0.6838378103415753 0.7296340515266813 1.50601933666435
cell 19.032794054173923 18.689586140145416 0.0 2.23606797749979 0.4472135954999579 1 0 0 0.8079709195279965 0.5892223631169168 1.8814005613866063
cell 32.33796353806805 39.942664797389746 0.0 2.23606797749979 0.4472135954999579 1 0 0 0.899251282796112 0.43743242951288724 2.2361097485052412
cell 21.653060367357217 5.619819265560282 0.0 2.23606797749979 0.4472135954999579 1 0 0 0.7410194137207957 0.6714836025465463 1.669174481290773
cell 6.586348898119335 2.991491133120588 0.0 2.23606797749979 0.4472135954999579 1 0 0 0.6482630913141655 -0.7614164198648476 4.872583186191403
cell 15.051003295313068 27.364525963494486 0.0 2.23606797749979 0.4472135954999579 1 0 0 0.7701886942674457 0.637816098278028 1.7582738863272953
cell 20.112684605599448 10.871263139787953 0.0 2.23606797749979 0.4472135954999579 1 0 0 0.7694098107069168 0.6387554643116147 1.7558333385767313
cell 12.125509169646595 25.058195803632653 0.0 2.23606797749979 0.4472135954999579 1 0 0 0.7101640664260597 -0.7040362197765134 4.703722869426545
cell 10.190102043184206 24.666895461719108 0.0 2.23606797749979 0.4472135954999579 1 0 0 0.7068690380020397 -0.7073444444639901 4.713061306663483
cell 27.39785550794261 33.093080933443005 0.0 2.23606797749979 0.4472135954999579 1 0 0 0.8302627413163344 0.5573722099117301 1.959157823847382
cell 18.842376483373624 14.605226279698718 0.0 2.23606797749979 0.4472135954999579 1 0 0 0.7608928223729691 0.6488775792561315 1.7293759121511991
cell 20.175526667447755 6.816169268034755 0.0 2.23606797749979 0.4472135954999579 1 0 0 0.7425265095142868 0.6698166784042704 1.6736689116004109
cell 1.4788432746374223 40.69770198344152 0.0 2.23606797749979 0.4472135954999579 1 0 0 0.735563558538822 0.6774557191062046 1.652996361652618
cell 24.722402678433877 12.100761460505083 0.0 2.23606797749979 0.4472135954999579 1 0 0 0.7810217392163102 0.624503837355328 1.7926004582526072
cell 11.095878304776889 40.45501504092382 0.0 2.23606797749979 0.4472135954999579 1 0 0 0.7342099149309322 -0.6789225293191509 4.634180879665
cell 27.774279178185697 28.65390087865628 0.0 2.23606797749979 0.4472135954999579 1 0 0 0.830349922697877 0.5572423224016905 1.9594706903275416
cell 31.482045886597184 13.663046746680951 0.0 2.23606797749979 0.4472135954999579 1 0 0 0.8031725172900798 0.5957465127635382 1.8652030861331388
cell 15.149537764571805 15.784557338857363 0.0 2.23606797749979 0.4472135954999579 1 0 0 0.7102858332498004 0.703913371860939 1.5798083786138806
cell 19.173292480903967 1.08150007028672 0.0 2.23606797749979 0.4472135954999579 1 0 0 0.7437636973060664 0.6684426397003785 1.6773668120673426
cell 20.532569946201583 24.12949124717306 0.0 2.23606797749979 0.4472135954999579 1 0 0 0.7737621355915458 0.6334762485877512 1.7695173486880746
cell 31.191220817849878 29.76971900334969 0.0 2.23606797749979 0.4472135954999579 1 0 0 0.8496211499326746 0.5273934978619662 2.0305330668196575
cell 12.661566491749703 9.859891969577223 0.0 2.23606797749979 0.4472135954999579 1 0 0 0.6793067303141952 0.7338544584247187 1.4936350493433033
cell 43.27298647148077 29.575865666607992 0.0 2.23606797749979 0.4472135954999579 1 0 0 0.7228384831771646 0.6910170238410455 1.6158024644951847
cell 22.306864424680487 6.745377446154716 0.0 2.23606797749979 0.4472135954999579 1 0 0 0.7475004574132215 0.6642612935938874 1.6885823573096725
cell 6.913408502516357 26.424247560677237 0.0 2.23606797749979 0.4472135954999579 1 0 0 0.6534265807350915 -0.7569898966227007 4.858980846787643
cell 27.199524218279343 17.287822458947844 0.0 2.23606797749979 0.4472135954999579 1 0 0 0.8010340014293696 0.5986188508174902 1.8580410781224235
cell 3.2495299978285637 36.01455345745203 0.0 2.23606797749979 0.4472135954999579 1 0 0 0.7563362344605689 0.6541830786882273 1.7153886297869405
cell 38.57685656448157 40.01031861662163 0.0 2.23606797749979 0.4472135954999579 1 0 0 0.6743333569279766 -0.738427060537631 4.803062223870992
cell 9.858566265968507 28.309865357544655 0.0 2.23606797749979 0.4472135954999579 1 0 0 0.7090958895756512 -0.7051120615809348 4.706754989353015
cell 17.424158963714127 26.099242483630913 0.0 2.23606797749979 0.4472135954999579 1 0 0 0.7713968422271551 0.6363543916733612 1.7620666208386488
cell 26.947926014257526 8.461815684697441 0.0 2.23606797749979 0.4472135954999579 1 0 0 0.7797291756562209 0.6261169320745688 1.7884663094156579
cell 21.486781838067607 27.883296401294004 0.0 2.23606797749979 0.4472135954999579 1 0 0 0.806785498009071 0.5908444467050996 1.8773824122095442
cell 19.522536480479882 35.723097626427645 0.0 2.23606797749979 0.4472135954999579 1 0 0 0.769475599385233 0.6386762105720991 1.7560393415420612
cell 26.28092217034965 8.122728989865875 0.0 2.23606797749979 0.4472135954999579 1 0 0 0.7741261734101689 0.6330313322745795 1.7706670861680502
cell 17.789315990149536 14.348649804191405 0.0 2.23606797749979 0.4472135954999579 1 0 0 -0.754340862456084 -0.6564829496864419 1.7092989916344035
cell 8.810105134600265 5.6674100672307155 0.0 2.23606797749979 0.4472135954999579 1 0 0 0.696683942952286 -0.717378201252628 4.741656125676582
cell 14.238744597532676 24.573531635161107 0.0 2.23606797749979 0.4472135954999579 1 0 0 0.7482155564909166 0.6634557114269104 1.6907367290796964
cell 23.27662523254677 29.73857576274996 0.0 2.23606797749979 0.4472135954999579 1 0 0 0.8040634517562348 0.594543493404687 1.8681970936276304
cell 23.751465546403864 2.419217729225614 0.0 2.23606797749979 0.4472135954999579 1 0 0 0.7187257331661776 0.6952936936897532 1.6039357512301513
cell 15.54350700931401 33.59219217049673 0.0 2.23606797749979 0.4472135954999579 1 0 0 0.7456006414739867 0.6663930397547527 1.6828714387014285
cell 30.109587756092512 5.189642035617049 0.0 2.23606797749979 0.4472135954999579 1 0 0 0.8177036244226393 0.5756394553938075 1.9148207603117928
cell 20.1051214017056 36.186059415797835 0.0 2.23606797749979 0.4472135954999579 1 0 0 -0.7828829830210143 -0.6221689761601089 1.7985723296262375
cell 5.914194709688266 38.40932764650003 0.0 2.23606797749979 0.4472135954999579 1 0 0 0.6496379556928196 -0.7602437283682478 4.86896907036897
cell 12.8597363485769 35.300979540555275 0.0 2.23606797749979 0.4472135954999579 1 0 0 0.6979442224156536 0.716152122385048 1.5450457562636477
cell 2.3937439520638097 40.419369854987224 0.0 2.23606797749979 0.4472135954999579 1 0 0 0.7546681651633087 0.6561066685296264 1.7102964174738238
cell 14.733868828977306 31.415710125906166 0.0 2.23606797749979 0.4472135954999579 1 0 0 0.7603928388326917 0.6494634174855117 1.7278355355727295
cell 4.361810173377744 9.30572505947266 0.0 2.23606797749979 0.4472135954999579 1 0 0 0.6426790888594379 -0.7661354898076467 4.887205216504956
cell 29.415961324581662 29.191151272516613 0.0 2.23606797749979 0.4472135954999579 1 0 0 0.8379904601112826 0.5456848804598501 1.987180280490969
cell 22.560115046374573 33.46216035718123 0.0 2.23606797749979 0.4472135954999579 1 0 0 0.780679148899732 0.624932049484734 1.7915036742988215
cell 19.115916615973962 40.076703036755084 0.0 2.23606797749979 0.4472135954999579 1 0 0 -0.7512995776200163 -0.6599613205847635 1.7000581008677544
cell 34.70275805740215 21.751623908291656 0.0 2.23606797749979 0.4472135954999579 1 0 0 0.8520305683979496 0.5234920348156856 2.0397040532629913
cell 32.10726475508799 30.070560402076172 0.0 2.23606797749979 0.4472135954999579 1 0 0 0.8446257820059455 0.5353571596334965 2.011731549820546
cell 35.97543656846142 28.51888372777766 0.0 2.23606797749979 0.4472135954999579 1 0 0 0.6429543725306844 -0.7659044815404032 4.886486478943451
cell 0.3730616540157509 34.0425331758638 0.0 2.23606797749979 0.4472135954999579 1 0 0 0.6538117698321956 0.7566572339103699 1.4252223702627955
cell 29.13365426463268 24.40220171626115 0.0 2.23606797749979 0.4472135954999579 1 0 0 0.7941161157167359 0.6077660691079781 1.8351037559715633
cell 42.90199268188169 38.21503480071709 0.0 2.23606797749979 0.4472135954999579 1 0 0 0.5622852020901934 0.8269433786604681 1.1942932889307978
cell 33.4778337614896 25.884448591813836 0.0 2.23606797749979 0.4472135954999579 1 0 0 0.8542149675347448 0.5199199834970905 2.0480781026593915
cell 14.269208078514149 39.71286682070202 0.0 2.23606797749979 0.4472135954999579 1 0 0 -0.7005284318962152 -0.7136244923662792 1.5522754357531463
cell 15.858077501809298 27.06089747818701 0.0 2.23606797749979 0.4472135954999579 1 0 0 0.7792426615992577 0.6267223263485231 1.7869129927256295
cell 22.74501372572687 11.306987369108151 0.0 2.23606797749979 0.4472135954999579 1 0 0 0.7741642221296722 0.6329848001132095 1.7707873017593636
cell 6.769789175544038 34.08757264045697 0.0 2.23606797749979 0.4472135954999579 1 0 0 0.6560171764213186 -0.7547459600688171 4.852126228267083
cell 21.71559614053318 20.077285337711675 0.0 2.23606797749979 0.4472135954999579 1 0 0 0.7931296792643394 0.6090527989181612 1.8318610835830031
cell 15.282058893202235 5.14752364736839 0.0 2.23606797749979 0.4472135954999579 1 0 0 0.6760406603290674 0.7368643196558228 1.4847521421151109
cell 20.210849713208805 19.836370638144164 0.0 2.23606797749979 0.4472135954999579 1 0 0 0.808673370113217 0.5882579200229537 1.8837868450873034
cell 19.06300263779678 32.15014250744425 0.0 2.23606797749979 0.4472135954999579 1 0 0 0.7654824022236274 0.6434568298541439 1.7435814011432738
cell 3.240085409913668 0.4779972836843001 0.0 2.23606797749979 0.4472135954999579 1 0 0 0.6430937291711714 -0.7657874741080035 4.88612255030992
cell 16.36917024390947 15.793469315495651 0.0 2.23606797749979 0.4472135954999579 1 0 0 -0.7402244395996047 -0.6723598582749055 1.6668082115528655
cell 0.8298396954689663 4.742844224212994 0.0 2.23606797749979 0.4472135954999579 1 0 0 0.5815324576220519 0.8135232023317198 1.2412223093580361
cell 7.577752050234015 14.487570570345559 0.0 2.23606797749979 0.4472135954999579 1 0 0 -0.68465376863767 0.7288684497837973 4.7749281732945
cell 22.52709075805499 15.82459506560412 0.0 2.23606797749979 0.4472135954999579 1 0 0 0.7986085023757717 0.6018508618695557 1.8499592557241638
cell 37.27111675965428 23.890373265446705 0.0 2.23606797749979 0.4472135954999579 1 0 0 0.6830446451352744 -0.7303766239085332 4.779339009772049
cell 16.689362631972653 36.34058252405379 0.0 2.23606797749979 0.4472135954999579 1 0 0 0.7757550420492184 0.6310341628907388 1.7758214638287453
cell 24.562531804752098 36.98201025898717 0.0 2.23606797749979 0.4472135954999579 1 0 0 0.7898127320273934 0.6133480645827659 1.8210072329511204
cell 5.776750332460645 3.0076632061359656 0.0 2.23606797749979 0.4472135954999579 1 0 0 0.6355439219174547 -0.7720647144597272 4.905759669291936
cell 17.04033284868347 32.62757554650487 0.0 2.23606797749979 0.4472135954999579 1 0 0 0.7750145438842837 0.6319433968068942 1.7734762184222932
cell 2.0672894743197703 1.3414656411783341 0.0 2.23606797749979 0.4472135954999579 1 0 0 0.7150522806328552 0.699070980631976 1.5933977790558136
cell 22.019017175043107 1.1649139309182035 0.0 2.23606797749979 0.4472135954999579 1 0 0 0.7407327392613062 0.6717998280637185 1.668320828372544
cell 15.08836132873075 41.37994404718199 0.0 2.23606797749979 0.4472135954999579 1 0 0 -0.7149238087282237 -0.6992023653517845 1.593030263205958
cell 24.201179591753764 33.06668213758984 0.0 2.23606797749979 0.4472135954999579 1 0 0 0.7901435696169331 0.612921805284337 1.8220864002360462
cell 37.03109010623248 32.178596326735764 0.0 2.23606797749979 0.4472135954999579 1 0 0 0.7795739599108716 -0.6263101795667085 4.495214725597068
cell 12.056188017282938 34.711972600313075 0.0 2.23606797749979 0.4472135954999579 1 0 0 0.7587736741081745 -0.6513543670540498 4.560328682281496
cell 2.3796644387219263 36.293507483669 0.0 2.23606797749979 0.4472135954999579 1 0 0 0.7538223131963836 0.6570783211514845 1.7077199279263733
cell 19.954329038513695 31.84064298930104 0.0 2.23606797749979 0.4472135954999579 1 0 0 0.7839600488106269 0.6208112771759543 1.8020384040619284
cell 21.030917413836573 19.883138226733326 0.0 2.23606797749979 0.4472135954999579 1 0 0 0.7978889982133619 0.6028044015516789 1.8475701769604687
cell 9.025213732632988 33.98011108902556 0.0 2.23606797749979 0.4472135954999579 1 0 0 0.7126722763219518 -0.7014971322550703 4.696584775606768
cell 28.124532458220475 42.68167183779336 0.0 2.23606797749979 0.4472135954999579 1 0 0 0.8226156679567679 0.5685978041041319 1.9319920709632077
cell 12.95747793914123 39.49372478334079 0.0 2.23606797749979 0.4472135954999579 1 0 0 -0.6600026423583253 -0.7512632774733692 1.441644556169579
cell 16.115314706200035 33.44561717990155 0.0 2.23606797749979 0.4472135954999579 1 0 0 0.7661198776084984 0.6426976996482401 1.7455639788757213
cell 5.00226762550259 35.18641900195827 0.0 2.23606797749979 0.4472135954999579 1 0 0 0.6442431640114922 -0.7648207277685808 4.883118686557362
cell 15.567719658013443 22.984135068881976 0.0 2.23606797749979 0.4472135954999579 1 0 0 0.7567554634331819 0.6536980714091407 1.7166707920330249
cell 26.915658571134095 13.219724888405576 0.0 2.23606797749979 0.4472135954999579 1 0 0 0.7833934686522126 0.6215260841453516 1.8002141648922056
cell 23.988210326963024 25.602209760205568 0.0 2.23606797749979 0.4472135954999579 1 0 0 0.800776588336561 0.5989631504291879 1.8571813020450392
cell 41.32389834222426 26.285643655027854 0.0 2.23606797749979 0.4472135954999579 1 0 0 0.670117975963814 0.742254604761844 1.4687354375383381
cell 17.217313875220885 20.7566729361657 0.0 2.23606797749979 0.4472135954999579 1 0 0 0.7852097350182917 0.6192299024049985 1.806069514657853
cell 29.42988822876912 9.077574276029734 0.0 2.23606797749979 0.4472135954999579 1 0 0 0.814967422269993 0.5795067735916491 1.9053459528229895
cell 21.353671862002468 23.900404070877705 0.0 2.23606797749979 0.4472135954999579 1 0 0 0.7831486324609565 0.6218345595691299 1.7994265054489722
cell 26.440464002287268 41.91390997713706 0.0 2.23606797749979 0.4472135954999579 1 0 0 0.7678585401944888 0.640619436366388 1.7509832520184432
cell 7.772064008785247 22.024343771402588 0.0 2.23606797749979 0.4472135954999579 1 0 0 0.6727417469791221 -0.7398773829976686 4.807368804537336
cell 21.159437280789394 15.506712243294235 0.0 2.23606797749979 0.4472135954999579 1 0 0 0.8161837319775571 0.5777924503272669 1.9095499105707834
cell 20.557365133244165 31.886206237234255 0.0 2.23606797749979 0.4472135954999579 1 0 0 0.787393979466223 0.6164500961962331 1.813140090131974
cell 18.51274460918417 23.96762366627772 0.0 2.23606797749979 0.4472135954999579 1 0 0 0.7837977722505962 0.6210161448907769 1.8015157016115773
cell 16.96281531002149 11.379752252892052 0.0 2.23606797749979 0.4472135954999579 1 0 0 0.7241511066234855 0.6896413377807202 1.6196053547316867
cell 9.608418877783107 5.0871232025231485 0.0 2.23606797749979 0.4472135954999579 1 0 0 0.6970798202395742 -0.7169935315013399 4.740552151669854
cell 15.73105886679422 40.735652657827444 0.0 2.23606797749979 0.4472135954999579 1 0 0 -0.7304585589991811 -0.6829570217699207 1.6379862829481882
cell 13.956667957356087 21.941897357783166 0.0 2.23606797749979 0.4472135954999579 1 0 0 0.737644842435375 0.6751889264705775 1.659151066839561
cell 39.347005035422406 0.050418574445864214 0.0 2.23606797749979 0.4472135954999579 1 0 0 0.7012235231144287 -0.7129414917305545 4.728960880153818
cell 8.366621951346438 2.18514181086618 0.0 2.23606797749979 0.4472135954999579 1 0 0 0.6552956802232325 -0.7553724720167998 4.8540373264375525
cell 18.59015751910684 31.404417137964938 0.0 2.23606797749979 0.4472135954999579 1 0 0 -0.7648927986229541 -0.6441575945486826 1.741749785876186
cell 6.93224763155387 30.023983089336063 0.0 2.23606797749979 0.4472135954999579 1 0 0 0.6614039876069623 -0.7500298428580088 4.837807050181915
cell 7.838056557451806 25.720197521418832 0.0 2.23606797749979 0.4472135954999579 1 0 0 -0.6698991243426211 0.7424521285611548 4.815039485394166
cell 6.769248517645396 37.847991788463744 0.0 2.23606797749979 0.4472135954999579 1 0 0 0.6574364665834953 -0.7535099816234744 4.848362172833219
cell 22.84039707264492 24.230115123186344 0.0 2.23606797749979 0.4472135954999579 1 0 0 0.7901914964808942 0.6128600157371054 1.8222427963029963
cell 23.413936280058003 24.909624766650037 0.0 2.23606797749979 0.4472135954999579 1 0 0 0.7977974452648751 0.6029255645009911 1.8472664507501608
cell 20.957723884455017 6.786399758464523 0.0 2.23606797749979 0.4472135954999579 1 0 0 0.7391984348740098 0.6734876939334632 1.663758818550965
cell 11.191743638949973 33.5556064952584 0.0 2.23606797749979 0.4472135954999579 1 0 0 0.7517423435664969 -0.6594569348252779 4.581784899797443
cell 27.801981894310934 13.224900954703141 0.0 2.23606797749979 0.4472135954999579 1 0 0 0.7988986733543415 0.6014656346896913 1.8509238264710122
cell 32.357554359353976 16.74782543678979 0.0 2.23606797749979 0.4472135954999579 1 0 0 0.8024392320691295 0.596733842543144 1.8627433889976317
cell 17.361936921663272 42.28478432003059 0.0 2.23606797749979 0.4472135954999579 1 0 0 0.7085956997093216 0.7056147209018935 1.5750120705753528
cell 15.572880631241219 1.683163229167434 0.0 2.23606797749979 0.4472135954999579 1 0 0 0.695397973862369 0.718624838109644 1.5379471034407608
cell 41.149799516686635 32.01672889178802 0.0 2.23606797749979 0.4472135954999579 1 0 0 0.7327648215895886 -0.680481973487012 4.638433014460854
cell 29.22970459281968 38.254787223580216 0.0 2.23606797749979 0.4472135954999579 1 0 0 0.8424340605034677 0.5387994559236672 2.0035699151793414
cell 31.412153188256262 9.083711216287464 0.0 2.23606797749979 0.4472135954999579 1 0 0 0.8078483094075175 0.5893904554600591 1.8809844446836341
cell 7.72022330907795 18.26554800709667 0.0 2.23606797749979 0.4472135954999579 1 0 0 0.6778102431957895 -0.7352368830648152 4.793624848866904
cell 24.278580833003595 2.5174868528584597 0.0 2.23606797749979 0.4472135954999579 1 0 0 0.7155954124320788 0.6985150003444186 1.594952264516527
cell 25.900110859804645 32.742305879724135 0.0 2.23606797749979 0.4472135954999579 1 0 0 0.8181105169245003 0.5750610246726228 1.9162351769804251
cell 34.149035083359166 5.684494305909337 0.0 2.23606797749979 0.4472135954999579 1 0 0 0.7855413627145515 0.618809152699413 1.807140975810749
cell 24.047624740470336 41.4719619243126 0.0 2.23606797749979 0.4472135954999579 1 0 0 0.7450698976430692 0.6669863923845422 1.6812792623408381
cell 31.506525359434985 34.74300886509132 0.0 2.23606797749979 0.4472135954999579 1 0 0 0.8583196214446425 0.5131154133751251 2.063971584417424
cell 3.2881579973928923 40.042818312389066 0.0 2.23606797749979 0.4472135954999579 1 0 0 0.6461678992049598 -0.7631952869594053 4.878080168225238
cell 13.562050419224393 37.95516930737395 0.0 2.23606797749979 0.4472135954999579 1 0 0 0.6867504497368557 0.726893265745547 1.514018185648061
cell 17.16094438454311 7.517353030403159 0.0 2.23606797749979 0.4472135954999579 1 0 0 0.7118608508935302 0.702320531499072 1.584288478208606
cell 9.713890503260252 37.07055088695216 0.0 2.23606797749979 0.4472135954999579 1 0 0 0.7211941162113097 -0.692733027032917 4.672136204581758
cell 19.61027319635301 19.674189036074736 0.0 2.23606797749979 0.4472135954999579 1 0 0 -0.8020177498789309 -0.5973001999657598 1.8613314286759408
cell 3.4532690290486414 13.51429299767772 0.0 2.23606797749979 0.4472135954999579 1 0 0 -0.6599730732371347 0.7512892536180267 4.841619468048047
cell 34.3772506964194 26.38476563107456 0.0 2.23606797749979 0.4472135954999579 1 0 0 0.8326824625855475 0.5537507711077867 1.9678687135882666
cell 38.50755402940114 32.13553989750395 0.0 2.23606797749979 0.4472135954999579 1 0 0 0.8829024620671423 -0.46955643162007527 4.1191692794193155
cell 19.933267958555604 23.816156619967174 0.0 2.23606797749979 0.4472135954999579 1 0 0 0.7791031163926085 0.6268957920000146 1.786467736856939
cell 19.7791630900545 40.422155417297965 0.0 2.23606797749979 0.4472135954999579 1 0 0 -0.7605997364197683 -0.6492211032908427 1.7284727883682045
cell 2.2828986705481045 18.367052237037644 0.0 2.23606797749979 0.4472135954999579 1 0 0 0.6514986703986925 0.7586497758971105 1.4191164191336911
cell 8.409341596950366 13.90663667521741 0.0 2.23606797749979 0.4472135954999579 1 0 0 0.69147101019407 -0.7224042096092688 4.756138619531875
cell 9.285344367385548 1.507146647211835 0.0 2.23606797749979 0.4472135954999579 1 0 0 0.664747819050666 -0.747067826283118 4.828872894576243
cell 25.673102776440228 29.474801310817277 0.0 2.23606797749979 0.4472135954999579 1 0 0 0.8006603261662377 0.5991185542973726 1.8567931409722187
cell 23.27723497333201 33.286702184333386 0.0 2.23606797749979 0.4472135954999579 1 0 0 0.7842514181217266 0.6204431586971209 1.8029773551659967
cell 33.14794902493371 4.954205283635627 0.0 2.23606797749979 0.4472135954999579 1 0 0 0.8130929987156144 0.5821338123143596 1.8988915573746643
cell 23.666272297763612 37.070701159990044 0.0 2.23606797749979 0.4472135954999579 1 0 0 0.7721395117137156 0.6354530466135989 1.7644024128140292
cell 9.366512047268973 41.40068077649682 0.0 2.23606797749979 0.4472135954999579 1 0 0 0.6612776083813129 -0.7501412697975569 4.838144023009306
cell 39.823861338215046 39.38528992725514 0.0 2.23606797749979 0.4472135954999579 1 0 0 0.7656096354178511 -0.6433054376851988 4.539208391815796
cell 19.423959290915697 10.355393507680672 0.0 2.23606797749979 0.4472135954999579 1 0 0 0.7609429391371706 0.6488188062759004 1.7295303913182378
cell 17.97095054965201 0.9617126018043096 0.0 2.23606797749979 0.4472135954999579 1 0 0 -0.7172574543586405 -0.6968082549503577 1.5997168698055075
cell 25.54802930646693 2.7495573345939666 0.0 2.23606797749979 0.4472135954999579 1 0 0 0.7422635266427704 0.670108093531064 1.672883844039462
cell 21.666045530120115 33.61836165603245 0.0 2.23606797749979 0.4472135954999579 1 0 0 0.7801908305711962 0.6255415796672729 1.7899416475840484
cell 26.577808064829874 32.892079441979035 0.0 2.23606797749979 0.4472135954999579 1 0 0 0.8286152001736696 0.5598185867235469 1.9532589569634984
cell 43.40498651516189 23.984064952783548 0.0 2.23606797749979 0.4472135954999579 1 0 0 0.7108101409081882 0.7033839233179002 1.581298632694309
cell 2.3284982072367755 5.8013540226027365 0.0 2.23606797749979 0.4472135954999579 1 0 0 0.7006580976196499 0.7134971830638248 1.5526388685993013
cell 28.125635935174316 33.349339832068246 0.0 2.23606797749979 0.4472135954999579 1 0 0 0.8324097742211581 0.5541605974634796 1.966884200326219
cell 42.970587080963966 0.2835664055732979 0.0 2.23606797749979 0.4472135954999579 1 0 0 0.651901391800924 0.7583037487498122 1.4201783406394644
cell 23.05773707181813 2.3609765447011632 0.0 2.23606797749979 0.4472135954999579 1 0 0 0.7269268508071125 0.6867148997769409 1.6276722791069593
cell 16.33552548781102 29.845834939548624 0.0 2.23606797749979 0.4472135954999579 1 0 0 0.7567181956849464 0.6537412120398401 1.716556774506713
cell 26.157523774101083 12.866673234420555 0.0 2.23606797749979 0.4472135954999579 1 0 0 0.7854106515322691 0.6189750467180859 1.8067185720287064
cell 0.679296974562262 38.51772687815166 0.0 2.23606797749979 0.4472135954999579 1 0 0 0.6962525973119785 0.7177968519966661 1.5403269710093292
cell 26.901477500180142 42.170960581236805 0.0 2.23606797749979 0.4472135954999579 1 0 0 0.7869474014218231 0.6170200867033747 1.8116918896612093
cell 27.261016793379518 3.7708494104353534 0.0 2.23606797749979 0.4472135954999579 1 0 0 0.7930671146192898 0.6091342641072117 1.8316556483197548
cell 11.313891679147988 13.92276645813168 0.0 2.23606797749979 0.4472135954999579 1 0 0 0.7125696910280032 -0.7016013365353975 4.69687722919017
cell 11.257864960445675 4.94117720828249 0.0 2.23606797749979 0.4472135954999579 1 0 0 0.7164603802941539 -0.6976277828962636 4.685754878504519
cell 33.96168306466558 31.282341778874077 0.0 2.23606797749979 0.4472135954999579 1 0 0 0.8486258821413152 0.5289934897140746 2.0267644952314536
cell 31.728981462653923 20.720655555528293 0.0 2.23606797749979 0.4472135954999579 1 0 0 0.8078816255405126 0.589344787975612 1.8810975019055056
cell 32.650674636909024 21.001389121800806 0.0 2.23606797749979 0.4472135954999579 1 0 0 0.819919212085193 0.5724792447360831 1.9225397702436422
cell 15.713180654015593 14.048615400422939 0.0 2.23606797749979 0.4472135954999579 1 0 0 0.7063671289858324 0.7078456604997394 1.5687053670946205
cell 16.294735477462684 23.179398946364273 0.0 2.23606797749979 0.4472135954999579 1 0 0 0.7612652002425154 0.6484406641318254 1.7305240586795239
cell 35.240624854031154 12.074126316355285 0.0 2.23606797749979 0.4472135954999579 1 0 0 0.7813993455423939 0.6240312995242454 1.793810216163031
cell 16.628638228235143 26.32126612377309 0.0 2.23606797749979 0.4472135954999579 1 0 0 -0.7773477393122427 -0.6290711344404111 1.780877220417544
cell 23.659181526508828 6.91015421127485 0.0 2.23606797749979 0.4472135954999579 1 0 0 0.7353235459561429 0.6777162258368057 1.6522879273286482
cell 2.2552459762461017 24.44682001170067 0.0 2.23606797749979 0.4472135954999579 1 0 0 0.6729874524518157 0.7396538980106947 1.4764807818598344
cell 29.93103221920593 38.61699288990759 0.0 2.23606797749979 0.4472135954999579 1 0 0 0.8609015539743826 0.5087715738565719 2.0740780915665753
cell 30.716168324469386 20.53560040203842 0.0 2.23606797749979 0.4472135954999579 1 0 0 0.7982334406734473 0.6023482167240394 1.8487134095950186
cell 3.1211688888281968 31.89225039891279 0.0 2.23606797749979 0.4472135954999579 1 0 0 0.7497129919857455 0.6617631220064938 1.69525654066023
cell 5.9879577627203675 34.13289616038552 0.0 2.23606797749979 0.4472135954999579 1 0 0 0.6585815651249665 -0.7525093501595509 4.845320782071139
cell 11.271783989917411 9.428166421538057 0.0 2.23606797749979 0.4472135954999579 1 0 0 0.7087448227169123 -0.7054649362455746 4.707750516295624
cell 7.241938588185825 6.543755616612172 0.0 2.23606797749979 0.4472135954999579 1 0 0 0.6701745268643416 -0.742203545897051 4.8142974883822
cell 42.53922675722658 14.533097317122046 0.0 2.23606797749979 0.4472135954999579 1 0 0 0.6710276603685235 0.7414323158726934 1.47118793416163
cell 18.23971886931948 35.53231614226069 0.0 2.23606797749979 0.4472135954999579 1 0 0 -0.756617804260213 -0.6538573990377826 1.7162496728512489
cell 15.746979023844979 37.019627648775405 0.0 2.23606797749979 0.4472135954999579 1 0 0 0.7620532587661464 0.6475143479521491 1.7329564222080356
cell 11.18993179482571 36.94430113113951 0.0 2.23606797749979 0.4472135954999579 1 0 0 0.747272126004407 -0.6645181485082658 4.595290291649392
cell 40.06625870914936 36.34779082811141 0.0 2.23606797749979 0.4472135954999579 1 0 0 0.8294739009255375 -0.5585454750361617 4.3268550763349545
cell 6.588049630642068 10.593776694774895 0.0 2.23606797749979 0.4472135954999579 1 0 0 0.6869626426802259 -0.7266927325643214 4.768583205775293
cell 28.5665098761914 28.95685734291084 0.0 2.23606797749979 0.4472135954999579 1 0 0 0.8343122370234899 0.5512922012443673 1.9737681158632268
cell 13.273735293084533 22.959959064118806 0.0 2.23606797749979 0.4472135954999579 1 0 0 -0.718053022207053 -0.6959884031356538 1.602001676441911
cell 7.501361576636982 42.1434237272409 0.0 2.23606797749979 0.4472135954999579 1 0 0 -0.6544504283051862 0.7561049112994561 4.856274215561437
cell 21.428217591579685 10.978686299327357 0.0 2.23606797749979 0.4472135954999579 1 0 0 0.7779404573003553 0.6283380021097833 1.7827627417708827
cell 23.359576000012837 11.43888324654159 0.0 2.23606797749979 0.4472135954999579 1 0 0 0.7769565781309177 0.6295541880561952 1.7796340826489334
cell 29.647901130318395 13.166992201818971 0.0 2.23606797749979 0.4472135954999579 1 0 0 0.8042234044969796 0.5943271116643489 1.8687352606547154
cell 10.688546803325275 12.401484008783228 0.0 2.23606797749979 0.4472135954999579 1 0 0 0.6990257222535823 -0.715096524692896 4.7351170163359475
cell 7.512290104660309 2.400133632808863 0.0 2.23606797749979 0.4472135954999579 1 0 0 -0.657046348321341 0.753850181506638 4.849397408506778
cell 13.354621328492467 16.128036881472788 0.0 2.23606797749979 0.4472135954999579 1 0 0 0.7049561629632978 0.7092508782511759 1.5647226728527244
cell 5.619397389823685 42.149982928818545 0.0 2.23606797749979 0.4472135954999579 1 0 0 0.5868514390077179 -0.8096946267171166 5.028855792483921
cell 16.384290919055896 11.970143950733904 0.0 2.23606797749979 0.4472135954999579 1 0 0 -0.7053103703316197 -0.7088986397946279 1.5657217420099583
cell 37.54550228033185 28.38715381640063 0.0 2.23606797749979 0.4472135954999579 1 0 0 0.8313108431277689 -0.555807774413239 4.32026133044954
cell 15.149898081666686 11.33691783764829 0.0 2.23606797749979 0.4472135954999579 1 0 0 0.6929765913217711 0.7209600848036312 1.5312191078398163
cell 4.200039636331553 39.559373801528096 0.0 2.23606797749979 0.4472135954999579 1 0 0 0.6523208871844871 -0.7579429135118578 4.861900298652104
cell 37.32262873281262 9.560451217711616 0.0 2.23606797749979 0.4472135954999579 1 0 0 0.708845026610755 -0.7053642521769856 4.707466417002821
cell 20.041668985340603 28.2013785871347 0.0 2.23606797749979 0.4472135954999579 1 0 0 0.7689591923265385 0.6392978652682312 1.7544230113195622
cell 33.537147248104986 16.6074142822938 0.0 2.23606797749979 0.4472135954999579 1 0 0 0.8037456262840027 0.5949730819367681 1.867128338567777
cell 22.864518344397766 6.843637765339633 0.0 2.23606797749979 0.4472135954999579 1 0 0 0.7295480827468676 0.6839295248491395 1.6353219034650144
cell 5.979119026657825 30.773630463794632 0.0 2.23606797749979 0.4472135954999579 1 0 0 -0.6376745137573605 0.7703059226724885 4.900234173841184
cell 32.500164971889845 25.651869637896866 0.0 2.23606797749979 0.4472135954999579 1 0 0 0.8412978383199432 0.5405718705576444 1.999359235366156
cell 10.419288822889667 32.53286869686078 0.0 2.23606797749979 0.4472135954999579 1 0 0 0.7374149265237168 -0.6754400240880174 4.624715155433226
cell 25.564933648127155 7.741088405629541 0.0 2.23606797749979 0.4472135954999579 1 0 0 0.7745320195475158 0.6325347031552077 1.771949820097606
cell 14.71101721110345 0.6680172433429014 0.0 2.23606797749979 0.4472135954999579 1 0 0 -0.6615600623085572 -0.749892181555654 1.4457944778371319
cell 24.976857250358474 29.171361554265808 0.0 2.23606797749979 0.4472135954999579 1 0 0 0.8034944106607244 0.5953122979050368 1.8662841187737587
cell 22.608953501538878 2.303412364077751 0.0 2.23606797749979 0.4472135954999579 1 0 0 0.7418937586875815 0.6705174500491488 1.6717805741589709
cell 4.1295116071473545 31.18892472699582 0.0 2.23606797749979 0.4472135954999579 1 0 0 0.6511172604990386 -0.7589771492477406 4.865074167763339
cell 4.001449371922279 16.09594342843677 0.0 2.23606797749979 0.4472135954999579 1 0 0 0.6766008457430863 -0.7363499816933116 4.796912176878283
cell 28.725082059111365 13.09293585135178 0.0 2.23606797749979 0.4472135954999579 1 0 0 0.8029619799942751 0.5960302498058915 1.8644964528097618
cell 8.495583407982545 29.503783774109344 0.0 2.23606797749979 0.4472135954999579 1 0 0 0.6866892730592511 -0.7269510590578689 4.769335438528125
cell 4.113455154003945 35.63980594408471 0.0 2.23606797749979 0.4472135954999579 1 0 0 0.6580195236095279 -0.7530008675617114 4.846814073800978
cell 26.728947756963642 3.4288881048406146 0.0 2.23606797749979 0.4472135954999579 1 0 0 0.7819133839977775 0.6233870867487905 1.795458543402532
cell 25.498364699653465 17.15384131573594 0.0 2.23606797749979 0.4472135954999579 1 0 0 0.786971307678258 0.6169895954480696 1.8117693809703217
cell 24.055039492727715 29.414282167923268 0.0 2.23606797749979 0.4472135954999579 1 0 0 0.7978126295433624 0.6029054719780751 1.8473168202564259
cell 12.050343221020515 12.863522287665829 0.0 2.23606797749979 0.4472135954999579 1 0 0 0.73090182721907 -0.6824826144070079 4.643900488016181
cell 6.623113230682774 42.19104557668535 0.0 2.23606797749979 0.4472135954999579 1 0 0 0.6525898288018904 -0.7577113667778248 4.861190528309149
cell 23.34436061070568 41.39907046653684 0.0 2.23606797749979 0.4472135954999579 1 0 0 0.7481587784961811 0.6635197375806559 1.6905655789811969
cell 27.701493028502135 8.81370644647659 0.0 2.23606797749979 0.4472135954999579 1 0 0 0.7802620377347468 0.6254527579841827 1.790169329393088
cell 3.5141459240331048 6.066866719090902 0.0 2.23606797749979 0.4472135954999579 1 0 0 -0.594177260345622 0.8043341241599606 5.010700549517102
cell 5.1494193849266034 38.23139902443618 0.0 2.23606797749979 0.4472135954999579 1 0 0 0.6469129503181208 -0.76256385615285 4.876126908282986
cell 28.968945513177932 17.456259974818508 0.0 2.23606797749979 0.4472135954999579 1 0 0 0.7953461991663889 0.6061554449739596 1.8391570098742753
cell 28.529615743734286 37.996073996879815 0.0 2.23606797749979 0.4472135954999579 1 0 0 0.8289222894254193 0.5593637797477785 1.9543565055069452
cell 13.640225097616051 2.566989372770087 0.0 2.23606797749979 0.4472135954999579 1 0 0 0.5867756226872132 0.8097495715466808 1.2541422496561399
cell 13.326367025839907 5.850444625874358 0.0 2.23606797749979 0.4472135954999579 1 0 0 0.6181283411865849 0.7860771932971474 1.3327189126175791
cell 19.6005540633478 1.7689998452186355 0.0 2.23606797749979 0.4472135954999579 1 0 0 0.7554277142487439 0.6552319959715933 1.712613283501055
cell 41.64183684901928 17.18158593897096 0.0 2.23606797749979 0.4472135954999579 1 0 0 0.6840887495498487 -0.7293987816958049 4.776478010107259
cell 21.269958087198145 32.50672046005666 0.0 2.23606797749979 0.4472135954999579 1 0 0 0.795838095323515 0.6055094764178672 1.84078087839244
cell 15.076375912560035 37.7389488155562 0.0 2.23606797749979 0.4472135954999579 1 0 0 0.7410172908616101 0.6714859452320056 1.6691681584096945
cell 10.424404470224314 36.41714659157472 0.0 2.23606797749979 0.4472135954999579 1 0 0 0.7293858541169493 -0.6841025331148016 4.648337745315599
cell 20.574320226298354 43.065113718078955 0.0 2.23606797749979 0.4472135954999579 1 0 0 0.744807873807118 0.6672789754779631 1.680493739943588
cell 11.335911036179382 30.281644543632897 0.0 2.23606797749979 0.4472135954999579 1 0 0 0.738741028478997 -0.6739893862975839 4.6207843043099555
cell 14.426914418967081 17.499170323628338 0.0 2.23606797749979 0.4472135954999579 1 0 0 0.7248774632649633 0.6888778289729985 1.6217129977497164
cell 7.438876781914777 10.485136350877484 0.0 2.23606797749979 0.4472135954999579 1 0 0 0.6891221743134894 -0.7246451744608866 4.762631373251491
cell 25.840718203559277 37.27608355515505 0.0 2.23606797749979 0.4472135954999579 1 0 0 0.7964535038920142 0.6046997735555498 1.8428149349507326
cell 12.96144199221082 7.472071594852173 0.0 2.23606797749979 0.4472135954999579 1 0 0 0.6493434664692128 0.7604952745111216 1.4134416417765756
cell 18.761178732165828 27.613902373638652 0.0 2.23606797749979 0.4472135954999579 1 0 0 0.7688094379732572 0.6394779496458376 1.7539545809634352
cell 21.404637256970446 41.57336283995307 0.0 2.23606797749979 0.4472135954999579 1 0 0 0.7459001965413796 0.6660577278280999 1.6837706991308088
cell 30.73385833639181 25.055408548756034 0.0 2.23606797749979 0.4472135954999579 1 0 0 0.830647160131078 0.5567991517290372 1.9605379304009136
cell 31.30597051310205 16.588854186881605 0.0 2.23606797749979 0.4472135954999579 1 0 0 0.824833170304213 0.5653761943749499 1.9398141181135755
cell 4.756339612160571 11.685143456750433 0.0 2.23606797749979 0.4472135954999579 1 0 0 0.6499216704142455 -0.7600011988977101 4.868222572977547
cell 9.032739214113285 38.42463103866852 0.0 2.23606797749979 0.4472135954999579 1 0 0 0.6950967016434557 -0.7189162505913944 4.746076502461194
cell 24.799536282318183 21.31708756009905 0.0 2.23606797749979 0.4472135954999579 1 0 0 0.7920609973396643 0.6104419517802624 1.8283557576256892
cell 32.11516824594094 4.805246612066565 0.0 2.23606797749979 0.4472135954999579 1 0 0 0.8142465969881248 0.5805191463623385 1.9028604042617254
cell 28.659703417313928 4.439109116947263 0.0 2.23606797749979 0.4472135954999579 1 0 0 0.8082862979308258 0.5887896573287275 1.8824714448404953
cell 19.697662976803635 14.309897752177255 0.0 2.23606797749979 0.4472135954999579 1 0 0 0.788095988781567 0.6155523637079175 1.8154193363582232
cell 12.075202412943183 5.053733074509224 0.0 2.23606797749979 0.4472135954999579 1 0 0 -0.729120854738085 0.6843849641729458 4.64911232126482
cell 12.137813910592525 31.86351409841935 0.0 2.23606797749979 0.4472135954999579 1 0 0 0.7474364714291291 -0.6643332907340808 4.594795592485796
cell 5.016304136288812 31.27933702998745 0.0 2.23606797749979 0.4472135954999579 1 0 0 0.6462044407415057 -0.763164347153323 4.877984406949265
cell 42.16726766672888 31.23847052475319 0.0 2.23606797749979 0.4472135954999579 1 0 0 0.6933250515956637 0.7206249876529888 1.532185988737139
cell 4.523811617121704 42.410310870915986 0.0 2.23606797749979 0.4472135954999579 1 0 0 0.6008843014132049 -0.7993360096449832 4.9939714184551045
cell 25.618429050955232 21.442001686029403 0.0 2.23606797749979 0.4472135954999579 1 0 0 0.8016944021389774 0.597734126162316 1.8602491242600994
cell 32.46099806633265 35.2929209595653 0.0 2.23606797749979 0.4472135954999579 1 0 0 0.8757243974370226 0.4828113293343102 2.1338683095929794
cell 17.092330971452714 18.768944253532236 0.0 2.23606797749979 0.4472135954999579 1 0 0 0.766350241464587 0.6424229972589471 1.7462809974535891
cell 28.015410760501343 4.12692288050204 0.0 2.23606797749979 0.4472135954999579 1 0 0 0.8003448377645536 0.5995399408410006 1.855740336038441
cell 28.08858657828234 17.311318767593335 0.0 2.23606797749979 0.4472135954999579 1 0 0 0.8024339795954639 0.5967409055784483 1.8627257850267935
cell 14.674806870074699 35.25735769244857 0.0 2.23606797749979 0.4472135954999579 1 0 0 0.7416953253601941 0.6707369412361569 1.67118878984951
cell 37.58018664206948 0.8379120360757818 0.0 2.23606797749979 0.4472135954999579 1 0 0 0.7780372239699674 -0.628218177162287 4.500114527706874
cell 14.873923364643145 6.855804248617622 0.0 2.23606797749979 0.4472135954999579 1 0 0 0.6423451877390716 0.7664154616058166 1.3951085996099446
cell 38.554931989225416 11.176256509086576 0.0 2.23606797749979 0.4472135954999579 1 0 0 0.7532511308913725 -0.657733026243071 4.577203065105138
cell 33.91734253289953 12.573316059145748 0.0 2.23606797749979 0.4472135954999579 1 0 0 0.8055607281217004 0.5925132178340293 1.873242431587483
cell 35.570050927236885 17.468727911548456 0.0 2.23606797749979 0.4472135954999579 1 0 0 0.7989947503785655 0.6013379988554638 1.851243336726353
cell 19.29484059392176 7.967791879097211 0.0 2.23606797749979 0.4472135954999579 1 0 0 -0.7589308704263282 -0.651171201692716 1.7233393680277835
cell 29.82333306961903 33.813359909906104 0.0 2.23606797749979 0.4472135954999579 1 0 0 0.8414555299072006 0.5403263746927334 1.9999427929279583
cell 19.469151827427183 27.875189820564678 0.0 2.23606797749979 0.4472135954999579 1 0 0 0.7656325477563771 0.6432781683036343 1.7440481500302885
cell 32.80867187541953 12.31337373412538 0.0 2.23606797749979 0.4472135954999579 1 0 0 0.7665213775964838 0.6422187926926374 1.7468138654708778
cell 17.28813949322012 3.060319046162479 0.0 2.23606797749979 0.4472135954999579 1 0 0 -0.6988428010720711 -0.7152752892346705 1.5475567562098247
cell 11.371189750654343 18.4166900265857 0.0 2.23606797749979 0.4472135954999579 1 0 0 0.7017007584624814 -0.7124717858085178 4.727621660608888
cell 8.62799848567329 25.356931461749962 0.0 2.23606797749979 0.4472135954999579 1 0 0 0.6736265997632168 -0.739071853131647 4.804975611703132
cell 15.16294598662704 22.074876388432696 0.0 2.23606797749979 0.4472135954999579 1 0 0 0.7537748845126768 0.6571327289656943 1.7075755715577918
cell 17.96126790216713 28.272923607396255 0.0 2.23606797749979 0.4472135954999579 1 0 0 0.7604727224350336 0.6493698779834558 1.7280815520631285
cell 11.362914429722938 22.91983876285446 0.0 2.23606797749979 0.4472135954999579 1 0 0 0.7143007066819707 -0.6998389103455432 4.6919365554011385
cell 17.133095169128726 14.315512231221417 0.0 2.23606797749979 0.4472135954999579 1 0 0 0.7513440850746345 0.6599106498787245 1.7001929850249973
cell 28.759961468030948 43.06507626424772 0.0 2.23606797749979 0.4472135954999579 1 0 0 0.8392751361316773 0.5437069485220459 1.9918973176146366
cell 28.186979322525502 24.944866287664507 0.0 2.23606797749979 0.4472135954999579 1 0 0 -0.7851571255903705 -0.6192966075594691 1.805899604922482
cell 13.499394124573515 33.47408313427564 0.0 2.23606797749979 0.4472135954999579 1 0 0 0.7158866874527392 0.698216478413353 1.5957864263317874
cell 17.96378922522426 16.770332489465083 0.0 2.23606797749979 0.4472135954999579 1 0 0 0.7639778387886245 0.6452424829781922 1.738911381577301
cell 24.2180976065168 7.029808259945392 0.0 2.23606797749979 0.4472135954999579 1 0 0 0.7522400754797379 0.6588891172589194 1.7029105780654952
cell 11.645023701265826 0.8148954039072567 0.0 2.23606797749979 0.4472135954999579 1 0 0 0.7133024972665982 -0.7008562958219285 4.694787166274907
cell 28.24460307092057 21.740007218916876 0.0 2.23606797749979 0.4472135954999579 1 0 0 0.8024396354093716 0.5967333001635444 1.8627447408245155
cell 2.007226529193663 32.512038912391596 0.0 2.23606797749979 0.4472135954999579 1 0 0 0.692704517209954 0.721221499843789 1.5304644896655566
cell 26.476278186583425 21.446096480257612 0.0 2.23606797749979 0.4472135954999579 1 0 0 0.8033662401678101 0.5954852510000869 1.8658535821387543
cell 13.051555532046606 42.802222811049894 0.0 2.23606797749979 0.4472135954999579 1 0 0 0.6275974031251453 0.7785380527569438 1.3569266438355456
cell 2.2875993944816804 13.907201608268307 0.0 2.23606797749979 0.4472135954999579 1 0 0 0.687081199460372 0.7265806392604309 1.5149284179313327
cell 24.087962410727055 11.774416416651757 0.0 2.23606797749979 0.4472135954999579 1 0 0 0.7774042338658878 0.6290013173017939 1.7810568429934264
cell 14.583961232379298 13.022338779633241 0.0 2.23606797749979 0.4472135954999579 1 0 0 0.6929146841795788 0.7210195839561604 1.531047379642823
cell 18.592505161248628 40.058752754489866 0.0 2.23606797749979 0.4472135954999579 1 0 0 -0.7372204227563128 -0.6756523131544829 1.6578943102270243
cell 29.618242787542243 20.707274989323658 0.0 2.23606797749979 0.4472135954999579 1 0 0 0.8201896268285124 0.5720917549160324 1.923484804630745
cell 10.046468412096713 16.673674951972874 0.0 2.23606797749979 0.4472135954999579 1 0 0 0.685979948880796 -0.7276204434548966 4.771286044932837
cell 7.549188933925847 38.14870358284956 0.0 2.23606797749979 0.4472135954999579 1 0 0 0.6608305758921078 -0.7505351090829163 4.8393355723194
cell 36.47733919691035 5.087361374976694 0.0 2.23606797749979 0.4472135954999579 1 0 0 0.735462195073866 -0.6775657603636202 4.630488168723952
cell 22.107191782115873 28.593781825767387 0.0 2.23606797749979 0.4472135954999579 1 0 0 0.806302295313018 0.5915036843274594 1.8757476900614083
cell 13.782675669866125 29.005094163197434 0.0 2.23606797749979 0.4472135954999579 1 0 0 0.7406816600682176 0.6718561441548253 1.668168768041268
cell 24.86191594207322 33.198764277210294 0.0 2.23606797749979 0.4472135954999579 1 0 0 0.8042506747787966 0.5942902086673231 1.8688270320982094
cell 37.66694342750801 5.1465274990521594 0.0 2.23606797749979 0.4472135954999579 1 0 0 0.7745074423928172 -0.6325647964265297 4.511313195292927
cell 33.004780969654895 30.641159047371236 0.0 2.23606797749979 0.4472135954999579 1 0 0 0.8436730096036343 0.5368573859660924 2.0081771412166067
cell 31.34954046292995 39.626966239322705 0.0 2.23606797749979 0.4472135954999579 1 0 0 0.8926449655746197 0.45076043020021844 2.2063585730635693
cell 8.233338909466958 10.092747772095098 0.0 2.23606797749979 0.4472135954999579 1 0 0 0.6861359539649413 -0.727473334684248 4.770857192618598
cell 17.84991480886353 5.413549283263268 0.0 2.23606797749979 0.4472135954999579 1 0 0 0.7245283637983777 0.6892449855107005 1.6206997369417548
cell 25.24713391868154 41.666679661021725 0.0 2.23606797749979 0.4472135954999579 1 0 0 0.7401748538256558 0.6724144449401492 1.666660719817463
cell 18.729558060284315 36.16261124318133 0.0 2.23606797749979 0.4472135954999579 1 0 0 0.7703752102373831 0.6375908056517972 1.758858847779309
cell 12.559363298592883 21.90345701904055 0.0 2.23606797749979 0.4472135954999579 1 0 0 -0.7048560134113704 -0.709350407314911 1.5644402832827167
cell 12.09260998549586 16.662940471406962 0.0 2.23606797749979 0.4472135954999579 1 0 0 0.7275335093570904 -0.6860721483652842 4.653745358392738
cell 4.187107966548038 23.393875641751265 0.0 2.23606797749979 0.4472135954999579 1 0 0 0.6602466883222061 -0.7510488070422319 4.840890963354701
cell 4.23130410577237 27.130125391905025 0.0 2.23606797749979 0.4472135954999579 1 0 0 0.6519777665897554 -0.7582380838975542 4.862805521945261
cell 17.8044235814685 9.876117638830818 0.0 2.23606797749979 0.4472135954999579 1 0 0 0.7350835146123595 0.6779765678437131 1.6515797098257035
cell 6.919863495983308 22.60920598523471 0.0 2.23606797749979 0.4472135954999579 1 0 0 0.6689960587225073 -0.7432659506621783 4.817470809402476
cell 10.59317043727298 8.320571528288028 0.0 2.23606797749979 0.4472135954999579 1 0 0 0.6863177508148917 -0.7273018251842822 4.770357330223311
cell 12.742714537504657 26.365571212037366 0.0 2.23606797749979 0.4472135954999579 1 0 0 0.6982381520691886 0.7158655481268844 1.545866778672686
cell 32.43573234614784 9.32918167527555 0.0 2.23606797749979 0.4472135954999579 1 0 0 0.8014647267860118 0.5980420484529692 1.859480835494971
cell 27.608519465816315 42.363892144444854 0.0 2.23606797749979 0.4472135954999579 1 0 0 0.8063165845271028 0.5914842056357444 1.8757960057346463
cell 6.019498193564401 18.809736705606372 0.0 2.23606797749979 0.4472135954999579 1 0 0 0.6731261749827179 -0.7395276550293002 4.806329392111228
cell 23.360783881276813 20.325945394963902 0.0 2.23606797749979 0.4472135954999579 1 0 0 0.7887363546146732 0.614731618602099 1.8175013459900937
cell 39.40399855657469 6.607124555100118 0.0 2.23606797749979 0.4472135954999579 1 0 0 0.8216719625776434 -0.5699606880424332 4.354508674709957
cell 30.180441195527525 0.2370540877054927 0.0 2.23606797749979 0.4472135954999579 1 0 0 0.8852705736085547 0.4650763501864835 2.17415094500229
cell 28.982732864726074 33.55914643082652 0.0 2.23606797749979 0.4472135954999579 1 0 0 0.8352147925065728 0.5499238587097331 1.9770465107715818
cell 23.257553458752927 16.18596658071454 0.0 2.23606797749979 0.4472135954999579 1 0 0 0.7962710695701831 0.604939983606272 1.842211666682249
cell 18.46545520575677 18.49639934696745 0.0 2.23606797749979 0.4472135954999579 1 0 0 0.7923423048883913 0.6100767754013847 1.8292776854502473
cell 26.01249082103563 3.0653148020747567 0.0 2.23606797749979 0.4472135954999579 1 0 0 0.7721643085633302 0.6354229147433339 1.7644804592965038
cell 18.630097677619542 12.344238289570983 0.0 2.23606797749979 0.4472135954999579 1 0 0 0.7544781067333677 0.6563252139450633 1.709717161723791
cell 38.50826125230861 35.536872176075164 0.0 2.23606797749979 0.4472135954999579 1 0 0 0.7387356412495569 -0.6739952910426051 4.620800290335704
cell 21.005966564267123 38.61858291314054 0.0 2.23606797749979 0.4472135954999579 1 0 0 0.7397659908699048 0.6728642350075296 1.6654450224329536
cell 18.460335261988423 5.451861027449456 0.0 2.23606797749979 0.4472135954999579 1 0 0 -0.7338525736013901 -0.6793087664814994 1.6479520549992364
cell 13.959582834050469 14.609627516399781 0.0 2.23606797749979 0.4472135954999579 1 0 0 0.7020385369994391 0.7121389559402626 1.556512055903099
cell 10.633093922385326 29.116297437715783 0.0 2.23606797749979 0.4472135954999579 1 0 0 0.7245181301477911 -0.6892557428757111 4.662515265254673
cell 18.101380380977485 22.39295667368863 0.0 2.23606797749979 0.4472135954999579 1 0 0 0.8019054174163834 0.597451003445685 1.8609553421337526
cell 25.7709803526541 41.79613838743086 0.0 2.23606797749979 0.4472135954999579 1 0 0 0.753322119664559 0.6576517193956813 1.7061981143455929
cell 8.020877600316055 6.394446238351788 0.0 2.23606797749979 0.4472135954999579 1 0 0 0.6903627534459859 -0.7234633844601099 4.759204616821221
cell 9.36384114211473 21.077004237373185 0.0 2.23606797749979 0.4472135954999579 1 0 0 0.6874065371758628 -0.7262728500005279 4.767361168619966
cell 25.64309539585576 25.42963326626008 0.0 2.23606797749979 0.4472135954999579 1 0 0 0.808099488901236 0.589046022003002 1.8818370302738405
cell 10.073797626135963 1.2154874866298016 0.0 2.23606797749979 0.4472135954999579 1 0 0 0.7027765276640228 -0.7114106775727358 4.724599588142875
cell 33.61556148840842 21.319925204834007 0.0 2.23606797749979 0.4472135954999579 1 0 0 0.8077056470168734 0.5895859460477784 1.8805004234945237
cell 26.374285959808866 37.386575012258795 0.0 2.23606797749979 0.4472135954999579 1 0 0 0.8018321917545704 0.5975492751782583 1.860710235373424
cell 30.667476963747248 34.19353113434601 0.0 2.23606797749979 0.4472135954999579 1 0 0 0.848912439601271 0.5285335087676262 2.0278483728188963
cell 3.2573049679543336 27.280694484241366 0.0 2.23606797749979 0.4472135954999579 1 0 0 0.7036205827529411 0.7105758759811731 1.5609600171274491
cell 12.08130037471244 37.97855654467228 0.0 2.23606797749979 0.4472135954999579 1 0 0 0.7595759854513332 -0.6504185747083459 4.557863394470288
cell 6.875270217593279 18.716023179115588 0.0 2.23606797749979 0.4472135954999579 1 0 0 0.6759786579250654 -0.7369211993353343 4.7986014457353505
cell 30.573856265834202 13.360164110188608 0.0 2.23606797749979 0.4472135954999579 1 0 0 0.8032258580479879 0.595674593182447 1.865382168936377
cell 42.36520525305288 20.55220642956765 0.0 2.23606797749979 0.4472135954999579 1 0 0 0.7267715162797391 -0.6868792929798139 4.655965372811795
cell 19.0520650503258 5.492957346415036 0.0 2.23606797749979 0.4472135954999579 1 0 0 -0.7444683028913992 -0.6676578060578636 1.6794762508367134
cell 13.584345118507004 4.272532968387684 0.0 2.23606797749979 0.4472135954999579 1 0 0 0.6027842243762378 0.7979042416500475 1.2939719007152626
cell 7.570576928821238 33.842475383787495 0.0 2.23606797749979 0.4472135954999579 1 0 0 -0.6776169251747086 0.735415054725407 4.794150651104673
cell 9.936685903293872 12.767005166858512 0.0 2.23606797749979 0.4472135954999579 1 0 0 0.6968002881285447 -0.7172651939582577 4.741331737953773
cell 13.530817566686576 26.383421208383076 0.0 2.23606797749979 0.4472135954999579 1 0 0 -0.7344075242699872 -0.678708765447764 1.649586645495039
cell 17.25769607468986 38.836589434125315 0.0 2.23606797749979 0.4472135954999579 1 0 0 0.7560425866441948 0.6545224267970925 1.7144911083500238
cell 39.531378485859314 18.675183795535904 0.0 2.23606797749979 0.4472135954999579 1 0 0 0.7190258483894857 -0.6949833302661153 4.678386087119914
cell 40.92445970873595 21.472396874652237 0.0 2.23606797749979 0.4472135954999579 1 0 0 0.6708732744562504 0.7415720124305855 1.4707715202408644
cell 17.419402606914584 35.46760606167797 0.0 2.23606797749979 0.4472135954999579 1 0 0 0.7749387229884227 0.6320363720649885 1.77323627503827
cell 9.199327345377132 13.297502459923992 0.0 2.23606797749979 0.4472135954999579 1 0 0 0.6983995653229372 -0.7157080739776046 4.736867519210355
cell 11.997407274746546 20.8519701968004 0.0 2.23606797749979 0.4472135954999579 1 0 0 0.7056610341766111 -0.7085495782546171 4.7164740014356665
cell 5.887712716240398 14.902694783498172 0.0 2.23606797749979 0.4472135954999579 1 0 0 0.6752735581315572 -0.7375673675592938 4.800514243855575
cell 39.99453419312183 23.276939541784582 0.0 2.23606797749979 0.4472135954999579 1 0 0 0.7433480444375181 -0.6689048398919817 4.607061710840414
cell 9.448686427281721 25.12094261545229 0.0 2.23606797749979 0.4472135954999579 1 0 0 0.6762273054166037 -0.7366930374375743 4.797926513360313
cell 4.102703835716013 19.824613716883174 0.0 2.23606797749979 0.4472135954999579 1 0 0 0.6535554675135234 -0.756878623613575 4.858640297324073
cell 3.1496602633496904 18.26354397226503 0.0 2.23606797749979 0.4472135954999579 1 0 0 0.6857494667163699 0.7278376665838435 1.511265833745002
cell 28.435146097170268 9.281996652260569 0.0 2.23606797749979 0.4472135954999579 1 0 0 0.8010782888117033 0.5985595836627405 1.8581890506586398
cell 14.494292602780732 2.806784927811603 0.0 2.23606797749979 0.4472135954999579 1 0 0 0.6477381300466417 0.7618630552032825 1.409223618210897
cell 5.722295273070337 11.092848858048356 0.0 2.23606797749979 0.4472135954999579 1 0 0 0.6725161109532305 -0.7400824822331239 4.807978648167408
cell 0.9007685228459344 1.780831965929115 0.0 2.23606797749979 0.4472135954999579 1 0 0 0.6052682157902464 0.7960215995524819 1.3002055392921408
cell 40.24999234184988 27.785942066158594 0.0 2.23606797749979 0.4472135954999579 1 0 0 0.7033998858604682 -0.7107943447801763 4.722846372124846
cell 8.247147344130958 33.74312045494299 0.0 2.23606797749979 0.4472135954999579 1 0 0 0.6858848803626543 -0.727710059632205 4.771547342329696
cell 10.856811438000891 0.49877441840238623 0.0 2.23606797749979 0.4472135954999579 1 0 0 0.7227689653014694 -0.6910897357051712 4.667584036623022
cell 16.544341537273706 39.77613933906 0.0 2.23606797749979 0.4472135954999579 1 0 0 -0.741056643662816 -0.6714425149506116 1.669285373294512
cell 21.796134410003276 37.20021774791582 0.0 2.23606797749979 0.4472135954999579 1 0 0 0.7309966745549875 0.6823810239078675 1.6395627878427732
cell 16.054816182013823 5.172031657067137 0.0 2.23606797749979 0.4472135954999579 1 0 0 0.7060135049467388 0.7081983696908807 1.5677064602126218
cell 10.950531685438595 25.810695201755593 0.0 2.23606797749979 0.4472135954999579 1 0 0 0.7163256348500978 -0.6977661390871618 4.686141136295999
cell 20.14849541866364 41.32706967291736 0.0 2.23606797749979 0.4472135954999579 1 0 0 0.7655612815295173 0.6433629801464202 1.7438265925995384
cell 17.689916211880522 31.970354048317027 0.0 2.23606797749979 0.4472135954999579 1 0 0 0.7739553540991738 0.633240167599326 1.7701274884278315
cell 1.442931216565376 36.23190699637605 0.0 2.23606797749979 0.4472135954999579 1 0 0 0.6971597795008473 0.7169157843473178 1.542856208000728
cell 16.83061997291008 43.276465514920766 0.0 2.23606797749979 0.4472135954999579 1 0 0 0.704765216466637 0.7094406174294888 1.5641842992990969
cell 21.898362835855707 15.701427060036208 0.0 2.23606797749979 0.4472135954999579 1 0 0 0.8109728588299947 0.5850837736949346 1.8916259452750572
cell 26.55362233940294 25.218012819571065 0.0 2.23606797749979 0.4472135954999579 1 0 0 0.807983028097337 0.589205758887893 1.8814416621346757
cell 12.68282737431581 14.078231367103097 0.0 2.23606797749979 0.4472135954999579 1 0 0 0.7007780186553728 0.7133794001577631 1.5529750463370278
cell 21.99963052788818 11.150230673909954 0.0 2.23606797749979 0.4472135954999579 1 0 0 0.776078302435755 0.6306365581604326 1.7768463283169809
cell 9.827010637408891 8.951560574512966 0.0 2.23606797749979 0.4472135954999579 1 0 0 0.6961828702288966 -0.7178644796894853 4.743052607845584
cell 13.91221223590588 10.154634444158434 0.0 2.23606797749979 0.4472135954999579 1 0 0 0.6698323968915415 0.7425123299141452 1.4679660802416978
cell 22.29790221477013 37.21668572548167 0.0 2.23606797749979 0.4472135954999579 1 0 0 0.7611809039739426 0.6485396143840496 1.7302640816548904
cell 40.67283483782102 16.848920791579083 0.0 2.23606797749979 0.4472135954999579 1 0 0 0.7396029683243474 0.6730434230016771 1.6649605239793186
cell 24.547732542260068 41.56389915685456 0.0 2.23606797749979 0.4472135954999579 1 0 0 0.7395049332955478 0.6731511372875688 1.6646692287044211
cell 27.171446914629154 37.5536193312327 0.0 2.23606797749979 0.4472135954999579 1 0 0 0.8100196822568603 0.5864026895883878 1.8883713575604988
cell 33.51873484135281 35.71224496558479 0.0 2.23606797749979 0.4472135954999579 1 0 0 0.8561496885090029 0.5167278886086344 2.0555433906515996
cell 20.65730419775217 36.89001597447108 0.0 2.23606797749979 0.4472135954999579 1 0 0 -0.7695218516612718 -0.6386204818323693 1.7561841858097829
cell 20.164257681688657 14.38154338739041 0.0 2.23606797749979 0.4472135954999579 1 0 0 0.8118407066843115 0.583878983155172 1.894595578618078
cell 17.185788744627924 29.27240610057618 0.0 2.23606797749979 0.4472135954999579 1 0 0 0.7676687473951181 0.6408468571139366 1.750390828171016
cell 34.561704339697265 16.927680526129127 0.0 2.23606797749979 0.4472135954999579 1 0 0 0.8025508056289014 0.5965837781773835 1.8631173835067527
cell 15.687281893166604 9.529633061725644 0.0 2.23606797749979 0.4472135954999579 1 0 0 0.6982346951460221 0.7158689199108602 1.5458571206718665
cell 22.83025382714312 41.32731938269197 0.0 2.23606797749979 0.4472135954999579 1 0 0 0.7382709801628617 0.6745042326400683 1.661006711371335
cell 1.162665342918891 11.090617852535258 0.0 2.23606797749979 0.4472135954999579 1 0 0 0.671555826835198 0.7409539604075908 1.472613113152494
cell 20.628329002610794 15.38671043173925 0.0 2.23606797749979 0.4472135954999579 1 0 0 0.8201125123156462 0.57220229564667 1.9232152427547164
cell 10.786162463753524 21.351972005294765 0.0 2.23606797749979 0.4472135954999579 1 0 0 0.6969409041447051 -0.717128563180941 4.740939611273048
cell 20.01965932539472 3.992396367332249 0.0 2.23606797749979 0.4472135954999579 1 0 0 0.7445610078450229 0.6675544214495203 1.6797539743373369
cell 14.692454673256256 26.367829742806528 0.0 2.23606797749979 0.4472135954999579 1 0 0 -0.7632718810449854 -0.6460774223001835 1.7367246030093497
cell 43.41533320036459 41.20619512965574 0.0 2.23606797749979 0.4472135954999579 1 0 0 0.5089754554321471 0.8607810324162809 1.0679882418437232
cell 20.71838429012505 2.4647019461359663 0.0 2.23606797749979 0.4472135954999579 1 0 0 0.7419027419656106 0.670507510370994 1.6718073694186988
cell 10.457417322762065 4.652161422814482 0.0 2.23606797749979 0.4472135954999579 1 0 0 0.6852762786437502 -0.7282832017341696 4.773219332714837
cell 25.004115881536237 7.410427779944937 0.0 2.23606797749979 0.4472135954999579 1 0 0 0.7653949976499881 0.6435607955526617 1.7433097511774005
cell 22.570233614945337 20.11384794544858 0.0 2.23606797749979 0.4472135954999579 1 0 0 0.7886317920654593 0.6148657548958326 1.8171611938355252
cell 12.002968424611497 9.099171706708095 0.0 2.23606797749979 0.4472135954999579 1 0 0 0.7332555072343554 -0.679953205088768 4.6369902831019
cell 2.3959452501826917 28.90887016951499 0.0 2.23606797749979 0.4472135954999579 1 0 0 0.688606088408756 0.7251356114592583 1.519130033465498
cell 0.024618250584607888 7.00650453573743 0.0 2.23606797749979 0.4472135954999579 1 0 0 0.6830871111912562 0.7303369075463627 1.50396258593381
cell 11.618731696316164 27.408495599350335 0.0 2.23606797749979 0.4472135954999579 1 0 0 0.7309712475535506 -0.6824082614168778 4.643697042200401
cell 10.804948913596913 16.887030800195053 0.0 2.23606797749979 0.4472135954999579 1 0 0 0.6979463826606389 -0.716150017057131 4.738133517984965
cell 17.28888046941721 22.79863039688693 0.0 2.23606797749979 0.4472135954999579 1 0 0 -0.8135762283506521 -0.581458270783663 1.9005527223628995
cell 25.053547345259325 37.103467565540846 0.0 2.23606797749979 0.4472135954999579 1 0 0 0.7981931090098822 0.6024016606294661 1.848579500758643
cell 24.856393913346743 2.624220745356696 0.0 2.23606797749979 0.4472135954999579 1 0 0 0.7314993013781923 0.6818421900140945 1.6410365255576358
cell 13.704332168556748 19.065227312703538 0.0 2.23606797749979 0.4472135954999579 1 0 0 0.7301820194263375 0.683252675447726 1.6371766281210263
cell 18.345223568551088 9.90172645211715 0.0 2.23606797749979 0.4472135954999579 1 0 0 0.7487143387106392 0.6628927809299859 1.6922409557564237
cell 24.130276692255354 20.696111780144303 0.0 2.23606797749979 0.4472135954999579 1 0 0 0.7876634167615445 0.6161057879094542 1.81401449199725
cell 8.399050572816162 41.92047441211621 0.0 2.23606797749979 0.4472135954999579 1 0 0 0.676766864205009 -0.7361973998284149 4.796461207453999
