500
 Lattice="43.5031687918663 0.0 0.0 0.0 43.5031687918663 0.0 0.0 0.0 1.0"Properties=species:S:1:pos:R:3:aspherical_shape:R:3:orientation:R:4:Color:R:1
cell 11.734119097513375 25.507341366210746 0.0 1.0 1.0 1 0 0 0.0 1.0 0
cell 17.78791662462993 24.636103813879494 0.0 1.0 1.0 1 0 0 0.0 1.0 0
cell 18.89887604689972 0.5750238195906328 0.0 1.0 1.0 1 0 0 0.0 1.0 0
cell 0.5170430312729845 30.74966508164137 0.0 1.0 1.0 1 0 0 0.0 1.0 0
cell 15.888709838570392 35.391333768759075 0.0 1.0 1.0 1 0 0 0.0 1.0 0
cell 25.319634902284168 33.03356303137936 0.0 1.0 1.0 1 0 0 0.0 1.0 0
cell 22.646774966927698 16.456162107462166 0.0 1.0 1.0 1 0 0 0.0 1.0 0
cell 35.88718996428874 21.38481005890299 0.0 1.0 1.0 1 0 0 0.0 1.0 0
cell 32.558626735351126 25.656223822339992 0.0 1.0 1.0 1 0 0 0.0 1.0 0
cell 1.2552863402789076 34.16756125413369 0.0 1.0 1.0 1 0 0 0.0 1.0 0
cell 23.957932253134754 18.07511315253491 0.0 1.0 1.0 1 0 0 0.0 1.0 0
cell 34.13332128297838 10.805114378527465 0.0 1.0 1.0 1 0 0 0.0 1.0 0
cell 9.846540273015105 20.267069492204858 0.0 1.0 1.0 1 0 0 0.0 1.0 0
cell 16.575141852325718 23.045509525062794 0.0 1.0 1.0 1 0 0 0.0 1.0 0
cell 33.885412975308604 21.765399607595647 0.0 1.0 1.0 1 0 0 0.0 1.0 0
cell 7.848594490230425 20.63168945816602 0.0 1.0 1.0 1 0 0 0.0 1.0 0
cell 24.787809698837997 10.736312925986567 0.0 1.0 1.0 1 0 0 0.0 1.0 0
cell 22.797082655550717 11.047247714939182 0.0 1.0 1.0 1 0 0 0.0 1.0 0
cell 14.077540477524625 41.367316197123195 0.0 1.0 1.0 1 0 0 0.0 1.0 0
cell 24.56216930040364 21.593414360838683 0.0 1.0 1.0 1 0 0 0.0 1.0 0
cell 22.708191034433757 30.495389536261 0.0 1.0 1.0 1 0 0 0.0 1.0 0
cell 26.605730367447013 21.232991618865757 0.0 1.0 1.0 1 0 0 0.0 1.0 0
cell 18.62297265488827 17.175356003329775 0.0 1.0 1.0 1 0 0 0.0 1.0 0
cell 7.427705968082112 0.443443850017164 0.0 1.0 1.0 1 0 0 0.0 1.0 0
cell 5.183454191057979 17.207969189420844 0.0 1.0 1.0 1 0 0 0.0 1.0 0
cell 39.532554700870314 0.8169485218189868 0.0 1.0 1.0 1 0 0 0.0 1.0 0
cell 7.458873415510706 38.30367086767597 0.0 1.0 1.0 1 0 0 0.0 1.0 0
cell 23.839321066132047 23.514163613929366 0.0 1.0 1.0 1 0 0 0.0 1.0 0
cell 15.288674062781427 37.45614475774041 0.0 1.0 1.0 1 0 0 0.0 1.0 0
cell 31.204430965836554 29.628929691119808 0.0 1.0 1.0 1 0 0 0.0 1.0 0
cell 19.94429759084187 18.728986647267966 0.0 1.0 1.0 1 0 0 0.0 1.0 0
cell 9.478916400708801 5.600402204275353 0.0 1.0 1.0 1 0 0 0.0 1.0 0
cell 8.734592443757984 39.92042895889955 0.0 1.0 1.0 1 0 0 0.0 1.0 0
cell 40.218162936084596 4.288111723553984 0.0 1.0 1.0 1 0 0 0.0 1.0 0
cell 8.101877805674661 36.248087368610754 0.0 1.0 1.0 1 0 0 0.0 1.0 0
cell 38.153689470382815 42.73899223181989 0.0 1.0 1.0 1 0 0 0.0 1.0 0
cell 38.780258841064494 8.151672080232188 0.0 1.0 1.0 1 0 0 0.0 1.0 0
cell 39.22954756244966 27.985805578002633 0.0 1.0 1.0 1 0 0 0.0 1.0 0
cell 39.968896556721106 20.6209290178679 0.0 1.0 1.0 1 0 0 0.0 1.0 0
cell 19.258040833702644 20.706311672298163 0.0 1.0 1.0 1 0 0 0.0 1.0 0
cell 37.25846685715815 22.937666207510254 0.0 1.0 1.0 1 0 0 0.0 1.0 0
cell 16.19848775363128 28.48832563286197 0.0 1.0 1.0 1 0 0 0.0 1.0 0
cell 34.67781546532796 3.4071559595866083 0.0 1.0 1.0 1 0 0 0.0 1.0 0
cell 36.73353218613097 13.977420258592531 0.0 1.0 1.0 1 0 0 0.0 1.0 0
cell 24.78669557332957 31.081022037020023 0.0 1.0 1.0 1 0 0 0.0 1.0 0
cell 5.4152084847492326 0.8047695884879298 0.0 1.0 1.0 1 0 0 0.0 1.0 0
cell 35.90535418762023 26.838390179951972 0.0 1.0 1.0 1 0 0 0.0 1.0 0
cell 7.163556707368107 22.5692990040326 0.0 1.0 1.0 1 0 0 0.0 1.0 0
cell 27.2218242482295 24.82854891189995 0.0 1.0 1.0 1 0 0 0.0 1.0 0
cell 29.85685330123801 41.445559716720105 0.0 1.0 1.0 1 0 0 0.0 1.0 0
cell 2.587691877105777 14.082558299689353 0.0 1.0 1.0 1 0 0 0.0 1.0 0
cell 32.0135602406155 16.689403445407315 0.0 1.0 1.0 1 0 0 0.0 1.0 0
cell 12.885466332442281 27.173509845049782 0.0 1.0 1.0 1 0 0 0.0 1.0 0
cell 42.15860855125174 36.51648181687468 0.0 1.0 1.0 1 0 0 0.0 1.0 0
cell 36.14021037071327 43.13297651559861 0.0 1.0 1.0 1 0 0 0.0 1.0 0
cell 32.80187913163307 9.257824504096678 0.0 1.0 1.0 1 0 0 0.0 1.0 0
cell 20.358609349716495 7.790416455244919 0.0 1.0 1.0 1 0 0 0.0 1.0 0
cell 28.077587198151697 37.82456982029019 0.0 1.0 1.0 1 0 0 0.0 1.0 0
cell 7.903760515685205 15.01665102706838 0.0 1.0 1.0 1 0 0 0.0 1.0 0
cell 21.341463427500564 14.910607654564625 0.0 1.0 1.0 1 0 0 0.0 1.0 0
cell 25.8695276822834 35.18070628143452 0.0 1.0 1.0 1 0 0 0.0 1.0 0
cell 21.753072112657375 33.86624223244152 0.0 1.0 1.0 1 0 0 0.0 1.0 0
cell 16.853237357876353 0.9086459449059698 0.0 1.0 1.0 1 0 0 0.0 1.0 0
cell 32.13469870725268 5.741257926832105 0.0 1.0 1.0 1 0 0 0.0 1.0 0
cell 12.17687677612226 3.6241235333937203 0.0 1.0 1.0 1 0 0 0.0 1.0 0
cell 30.07531436163714 11.548684057509746 0.0 1.0 1.0 1 0 0 0.0 1.0 0
cell 37.26508540883144 28.443710292246806 0.0 1.0 1.0 1 0 0 0.0 1.0 0
cell 12.821105746945054 1.6857928563170184 0.0 1.0 1.0 1 0 0 0.0 1.0 0
cell 22.036983387860865 12.955455800710125 0.0 1.0 1.0 1 0 0 0.0 1.0 0
cell 24.22250769944879 40.5520033635437 0.0 1.0 1.0 1 0 0 0.0 1.0 0
cell 0.6066341478466064 14.410637881628997 0.0 1.0 1.0 1 0 0 0.0 1.0 0
cell 8.084425380925367 9.564285307599155 0.0 1.0 1.0 1 0 0 0.0 1.0 0
cell 24.402527024117813 27.085965062907427 0.0 1.0 1.0 1 0 0 0.0 1.0 0
cell 22.990335174434982 5.4547663011784815 0.0 1.0 1.0 1 0 0 0.0 1.0 0
cell 0.7663689895002492 3.5768674147488686 0.0 1.0 1.0 1 0 0 0.0 1.0 0
cell 43.50053048946518 10.91159518218387 0.0 1.0 1.0 1 0 0 0.0 1.0 0
cell 3.212406837865322 17.592706077710027 0.0 1.0 1.0 1 0 0 0.0 1.0 0
cell 27.891276617869874 22.910541167307958 0.0 1.0 1.0 1 0 0 0.0 1.0 0
cell 28.60589075402722 20.873218435304846 0.0 1.0 1.0 1 0 0 0.0 1.0 0
cell 4.468560681764591 19.17653286012927 0.0 1.0 1.0 1 0 0 0.0 1.0 0
cell 35.431293571055924 39.66556484916371 0.0 1.0 1.0 1 0 0 0.0 1.0 0
cell 39.50773117082647 6.250725184671264 0.0 1.0 1.0 1 0 0 0.0 1.0 0
cell 19.627077382697177 9.725452164040435 0.0 1.0 1.0 1 0 0 0.0 1.0 0
cell 36.587554138215715 24.857204273769337 0.0 1.0 1.0 1 0 0 0.0 1.0 0
cell 3.7996569694384514 26.450926120574156 0.0 1.0 1.0 1 0 0 0.0 1.0 0
cell 1.2922201739237462 12.511848557684035 0.0 1.0 1.0 1 0 0 0.0 1.0 0
cell 33.312752670027436 34.61733463909882 0.0 1.0 1.0 1 0 0 0.0 1.0 0
cell 10.45329639555062 23.918868829971753 0.0 1.0 1.0 1 0 0 0.0 1.0 0
cell 38.59335167760744 29.93335940298162 0.0 1.0 1.0 1 0 0 0.0 1.0 0
cell 43.273984452503015 27.250299961467817 0.0 1.0 1.0 1 0 0 0.0 1.0 0
cell 6.027436128083149 9.903527761787505 0.0 1.0 1.0 1 0 0 0.0 1.0 0
cell 2.7707040679976003 3.1653953329966558 0.0 1.0 1.0 1 0 0 0.0 1.0 0
cell 13.416283440149886 36.5857458207242 0.0 1.0 1.0 1 0 0 0.0 1.0 0
cell 33.987413683428784 32.71270782134052 0.0 1.0 1.0 1 0 0 0.0 1.0 0
cell 29.98049435988781 17.04628839145802 0.0 1.0 1.0 1 0 0 0.0 1.0 0
cell 29.39361233345296 13.545813840238988 0.0 1.0 1.0 1 0 0 0.0 1.0 0
cell 14.16360751566835 8.745124489398574 0.0 1.0 1.0 1 0 0 0.0 1.0 0
cell 2.4800851511823465 24.955804497974714 0.0 1.0 1.0 1 0 0 0.0 1.0 0
cell 28.679863613877533 32.2845474528406 0.0 1.0 1.0 1 0 0 0.0 1.0 0
cell 29.190324119228123 30.09154671544218 0.0 1.0 1.0 1 0 0 0.0 1.0 0
cell 17.989205268786836 13.605371497637043 0.0 1.0 1.0 1 0 0 0.0 1.0 0
cell 24.447577624618 42.571249847889824 0.0 1.0 1.0 1 0 0 0.0 1.0 0
cell 31.253008898952793 35.191099362134494 0.0 1.0 1.0 1 0 0 0.0 1.0 0
cell 38.18865683236178 4.597994773313922 0.0 1.0 1.0 1 0 0 0.0 1.0 0
cell 26.50556254154185 26.793807908844155 0.0 1.0 1.0 1 0 0 0.0 1.0 0
cell 40.90350807616451 2.3425899474131495 0.0 1.0 1.0 1 0 0 0.0 1.0 0
cell 5.43899817568278 33.18155434691583 0.0 1.0 1.0 1 0 0 0.0 1.0 0
cell 38.14170212414396 10.137735969358333 0.0 1.0 1.0 1 0 0 0.0 1.0 0
cell 8.576862026976137 18.675320837553667 0.0 1.0 1.0 1 0 0 0.0 1.0 0
cell 37.33683801034845 33.885458788135495 0.0 1.0 1.0 1 0 0 0.0 1.0 0
cell 23.643322229101088 8.99617663690736 0.0 1.0 1.0 1 0 0 0.0 1.0 0
cell 14.751073341502428 12.221739534781118 0.0 1.0 1.0 1 0 0 0.0 1.0 0
cell 2.7100077121020902 41.17021349894408 0.0 1.0 1.0 1 0 0 0.0 1.0 0
cell 32.559353797911925 3.7616998819027527 0.0 1.0 1.0 1 0 0 0.0 1.0 0
cell 41.54317064843356 38.472359155468865 0.0 1.0 1.0 1 0 0 0.0 1.0 0
cell 34.124030558586526 38.14634443155572 0.0 1.0 1.0 1 0 0 0.0 1.0 0
cell 10.107046047631245 3.589134815637792 0.0 1.0 1.0 1 0 0 0.0 1.0 0
cell 27.238768041160082 33.72923426446607 0.0 1.0 1.0 1 0 0 0.0 1.0 0
cell 41.91773995109562 31.146523564532036 0.0 1.0 1.0 1 0 0 0.0 1.0 0
cell 17.124817172840828 26.581940122123292 0.0 1.0 1.0 1 0 0 0.0 1.0 0
cell 4.623283019517108 29.725921488136926 0.0 1.0 1.0 1 0 0 0.0 1.0 0
cell 42.093963148164924 14.839240780318589 0.0 1.0 1.0 1 0 0 0.0 1.0 0
cell 16.637441678179584 17.46797192577083 0.0 1.0 1.0 1 0 0 0.0 1.0 0
cell 12.706132284330119 38.886018426650715 0.0 1.0 1.0 1 0 0 0.0 1.0 0
cell 32.71197299447288 14.71802426674536 0.0 1.0 1.0 1 0 0 0.0 1.0 0
cell 23.69960302595766 34.44491361051116 0.0 1.0 1.0 1 0 0 0.0 1.0 0
cell 37.429374913015046 12.077997610109405 0.0 1.0 1.0 1 0 0 0.0 1.0 0
cell 30.750909195514332 9.598451410334293 0.0 1.0 1.0 1 0 0 0.0 1.0 0
cell 27.417754470088216 8.4758744404741 0.0 1.0 1.0 1 0 0 0.0 1.0 0
cell 42.95745535444863 2.0247275930277593 0.0 1.0 1.0 1 0 0 0.0 1.0 0
cell 29.885241644078075 28.048430570448954 0.0 1.0 1.0 1 0 0 0.0 1.0 0
cell 34.56667145330758 25.290001315505393 0.0 1.0 1.0 1 0 0 0.0 1.0 0
cell 21.867220981858292 23.882081483808147 0.0 1.0 1.0 1 0 0 0.0 1.0 0
cell 8.845543047265442 34.16533071112949 0.0 1.0 1.0 1 0 0 0.0 1.0 0
cell 0.09399173526137358 38.062783366726364 0.0 1.0 1.0 1 0 0 0.0 1.0 0
cell 37.30258441505651 17.456542564905543 0.0 1.0 1.0 1 0 0 0.0 1.0 0
cell 29.4655535254374 8.016836231219765 0.0 1.0 1.0 1 0 0 0.0 1.0 0
cell 5.801267485413765 20.722018064989282 0.0 1.0 1.0 1 0 0 0.0 1.0 0
cell 14.950963270744895 32.31682446526434 0.0 1.0 1.0 1 0 0 0.0 1.0 0
cell 38.75868028015501 13.637294777783685 0.0 1.0 1.0 1 0 0 0.0 1.0 0
cell 26.878883091225134 6.534259653493978 0.0 1.0 1.0 1 0 0 0.0 1.0 0
cell 32.693906979793496 36.593920278266125 0.0 1.0 1.0 1 0 0 0.0 1.0 0
cell 10.655014917856466 12.818264601437239 0.0 1.0 1.0 1 0 0 0.0 1.0 0
cell 38.668618870554006 19.033838238306068 0.0 1.0 1.0 1 0 0 0.0 1.0 0
cell 22.19530948871543 28.35569722106938 0.0 1.0 1.0 1 0 0 0.0 1.0 0
cell 40.127228351003104 9.775664376660956 0.0 1.0 1.0 1 0 0 0.0 1.0 0
cell 42.887169979540744 40.04345165064589 0.0 1.0 1.0 1 0 0 0.0 1.0 0
cell 4.635453505312116 13.723145974126824 0.0 1.0 1.0 1 0 0 0.0 1.0 0
cell 36.12665297828139 10.477618903579158 0.0 1.0 1.0 1 0 0 0.0 1.0 0
cell 29.54893931723249 39.25490975089002 0.0 1.0 1.0 1 0 0 0.0 1.0 0
cell 26.474529914854532 2.3271665915072535 0.0 1.0 1.0 1 0 0 0.0 1.0 0
cell 18.950580900653488 6.106401109745049 0.0 1.0 1.0 1 0 0 0.0 1.0 0
cell 37.90128582502599 26.426708815689963 0.0 1.0 1.0 1 0 0 0.0 1.0 0
cell 28.71896535487841 15.463894014626614 0.0 1.0 1.0 1 0 0 0.0 1.0 0
cell 1.1086741674219698 28.823796999220168 0.0 1.0 1.0 1 0 0 0.0 1.0 0
cell 2.1165512414222554 43.133982033824594 0.0 1.0 1.0 1 0 0 0.0 1.0 0
cell 14.091676906354605 28.80815524648254 0.0 1.0 1.0 1 0 0 0.0 1.0 0
cell 22.313396870640336 39.69271749632128 0.0 1.0 1.0 1 0 0 0.0 1.0 0
cell 14.649632024756595 39.399386135327994 0.0 1.0 1.0 1 0 0 0.0 1.0 0
cell 41.36602115077483 16.799934652165398 0.0 1.0 1.0 1 0 0 0.0 1.0 0
cell 36.70247144470042 35.78329956999231 0.0 1.0 1.0 1 0 0 0.0 1.0 0
cell 20.767515504399345 29.860659965077655 0.0 1.0 1.0 1 0 0 0.0 1.0 0
cell 14.544417356409292 23.23937187215006 0.0 1.0 1.0 1 0 0 0.0 1.0 0
cell 28.352620370601013 5.11494208900684 0.0 1.0 1.0 1 0 0 0.0 1.0 0
cell 6.112050131453415 42.35756004353625 0.0 1.0 1.0 1 0 0 0.0 1.0 0
cell 31.868589101439365 27.540912511640755 0.0 1.0 1.0 1 0 0 0.0 1.0 0
cell 36.78052326373081 8.538135931456713 0.0 1.0 1.0 1 0 0 0.0 1.0 0
cell 8.142369705740787 41.942469920095746 0.0 1.0 1.0 1 0 0 0.0 1.0 0
cell 10.689355872234774 39.35420788718093 0.0 1.0 1.0 1 0 0 0.0 1.0 0
cell 15.591093937288745 4.839514029997033 0.0 1.0 1.0 1 0 0 0.0 1.0 0
cell 0.09613462930651728 5.509523170410512 0.0 1.0 1.0 1 0 0 0.0 1.0 0
cell 38.050146357430684 15.524860444693166 0.0 1.0 1.0 1 0 0 0.0 1.0 0
cell 12.128655274800394 9.021504071995668 0.0 1.0 1.0 1 0 0 0.0 1.0 0
cell 3.3042976275441704 33.72405020633423 0.0 1.0 1.0 1 0 0 0.0 1.0 0
cell 31.2224941027013 24.122432386023927 0.0 1.0 1.0 1 0 0 0.0 1.0 0
cell 21.499634008812457 35.96841738410796 0.0 1.0 1.0 1 0 0 0.0 1.0 0
cell 20.759820172485664 11.384041536109365 0.0 1.0 1.0 1 0 0 0.0 1.0 0
cell 30.626580698652678 20.5398252077565 0.0 1.0 1.0 1 0 0 0.0 1.0 0
cell 28.09218124986118 11.965016079341224 0.0 1.0 1.0 1 0 0 0.0 1.0 0
cell 10.547549181433961 18.33733144476352 0.0 1.0 1.0 1 0 0 0.0 1.0 0
cell 43.28008791270205 21.82686563164371 0.0 1.0 1.0 1 0 0 0.0 1.0 0
cell 9.448079637729258 37.78134584950783 0.0 1.0 1.0 1 0 0 0.0 1.0 0
cell 28.523501764636233 26.454088980774173 0.0 1.0 1.0 1 0 0 0.0 1.0 0
cell 40.20306280913706 42.390046861254255 0.0 1.0 1.0 1 0 0 0.0 1.0 0
cell 8.793568581411254 7.603636046594574 0.0 1.0 1.0 1 0 0 0.0 1.0 0
cell 25.352308819669155 14.185208162653277 0.0 1.0 1.0 1 0 0 0.0 1.0 0
cell 10.105535537940233 9.32400574253895 0.0 1.0 1.0 1 0 0 0.0 1.0 0
cell 34.004902576157534 16.271198637881863 0.0 1.0 1.0 1 0 0 0.0 1.0 0
cell 40.64882270259084 18.653473784984783 0.0 1.0 1.0 1 0 0 0.0 1.0 0
cell 32.58504089999752 31.202332284690595 0.0 1.0 1.0 1 0 0 0.0 1.0 0
cell 33.417482140890584 12.69837526382824 0.0 1.0 1.0 1 0 0 0.0 1.0 0
cell 35.43001705807923 12.35961955660917 0.0 1.0 1.0 1 0 0 0.0 1.0 0
cell 5.142488200299952 22.644987830889537 0.0 1.0 1.0 1 0 0 0.0 1.0 0
cell 27.97505708473281 40.49655195303905 0.0 1.0 1.0 1 0 0 0.0 1.0 0
cell 26.243440744722147 29.608084954701155 0.0 1.0 1.0 1 0 0 0.0 1.0 0
cell 2.031669062918354 10.576530756323507 0.0 1.0 1.0 1 0 0 0.0 1.0 0
cell 18.61350251506468 38.531873785850046 0.0 1.0 1.0 1 0 0 0.0 1.0 0
cell 4.7196381643440475 35.22820064440893 0.0 1.0 1.0 1 0 0 0.0 1.0 0
cell 3.9232347993435717 15.615471418012193 0.0 1.0 1.0 1 0 0 0.0 1.0 0
cell 27.976214802990757 17.35292905987893 0.0 1.0 1.0 1 0 0 0.0 1.0 0
cell 40.139051841233716 36.99073571902066 0.0 1.0 1.0 1 0 0 0.0 1.0 0
cell 42.57304352347478 23.79696201882328 0.0 1.0 1.0 1 0 0 0.0 1.0 0
cell 10.779792200090583 1.698504235794531 0.0 1.0 1.0 1 0 0 0.0 1.0 0
cell 10.240091696502367 35.63079233782012 0.0 1.0 1.0 1 0 0 0.0 1.0 0
cell 30.59270680487228 31.58116604593669 0.0 1.0 1.0 1 0 0 0.0 1.0 0
cell 41.29050585181156 22.21052753499348 0.0 1.0 1.0 1 0 0 0.0 1.0 0
cell 2.6787993180709866 35.641969268479045 0.0 1.0 1.0 1 0 0 0.0 1.0 0
cell 33.87801597912895 27.22172764960292 0.0 1.0 1.0 1 0 0 0.0 1.0 0
cell 0.44883463607363844 25.299194139783314 0.0 1.0 1.0 1 0 0 0.0 1.0 0
cell 42.77650977236584 12.836309666342169 0.0 1.0 1.0 1 0 0 0.0 1.0 0
cell 17.87453686831003 35.04487125778977 0.0 1.0 1.0 1 0 0 0.0 1.0 0
cell 17.51726604204833 10.045807133004017 0.0 1.0 1.0 1 0 0 0.0 1.0 0
cell 40.77410042933535 35.03552776602346 0.0 1.0 1.0 1 0 0 0.0 1.0 0
cell 3.1397044065203747 28.392755751462662 0.0 1.0 1.0 1 0 0 0.0 1.0 0
cell 21.960555062468014 18.388283615084426 0.0 1.0 1.0 1 0 0 0.0 1.0 0
cell 38.88344621079223 40.839548377606725 0.0 1.0 1.0 1 0 0 0.0 1.0 0
cell 37.503547239667874 1.2179650987123307 0.0 1.0 1.0 1 0 0 0.0 1.0 0
cell 6.494005813556165 18.79790361031778 0.0 1.0 1.0 1 0 0 0.0 1.0 0
cell 42.21441614539275 3.9426130549817273 0.0 1.0 1.0 1 0 0 0.0 1.0 0
cell 37.48138664313683 6.58875575652841 0.0 1.0 1.0 1 0 0 0.0 1.0 0
cell 17.606283259880847 4.48338961376796 0.0 1.0 1.0 1 0 0 0.0 1.0 0
cell 20.01520248101314 13.275833400370887 0.0 1.0 1.0 1 0 0 0.0 1.0 0
cell 29.254645690126516 24.496246781203503 0.0 1.0 1.0 1 0 0 0.0 1.0 0
cell 41.2171106512171 27.625925794575462 0.0 1.0 1.0 1 0 0 0.0 1.0 0
cell 17.481118762871628 42.453052966000705 0.0 1.0 1.0 1 0 0 0.0 1.0 0
cell 18.00661821895216 29.418502944913502 0.0 1.0 1.0 1 0 0 0.0 1.0 0
cell 42.15357529066345 9.386063983392132 0.0 1.0 1.0 1 0 0 0.0 1.0 0
cell 26.407960015290453 39.21156576451145 0.0 1.0 1.0 1 0 0 0.0 1.0 0
cell 26.083874004938664 12.281723031203773 0.0 1.0 1.0 1 0 0 0.0 1.0 0
cell 24.624483035532048 16.127523921383524 0.0 1.0 1.0 1 0 0 0.0 1.0 0
cell 24.38363713161588 3.8605450482391666 0.0 1.0 1.0 1 0 0 0.0 1.0 0
cell 11.54713720986593 5.524781219164936 0.0 1.0 1.0 1 0 0 0.0 1.0 0
cell 12.864688472094102 7.1556096554967406 0.0 1.0 1.0 1 0 0 0.0 1.0 0
cell 28.62954739298645 3.110614635675056 0.0 1.0 1.0 1 0 0 0.0 1.0 0
cell 39.913851226950136 31.492235960310268 0.0 1.0 1.0 1 0 0 0.0 1.0 0
cell 11.499428148047325 37.2313398349167 0.0 1.0 1.0 1 0 0 0.0 1.0 0
cell 40.7474395471644 13.27935237881906 0.0 1.0 1.0 1 0 0 0.0 1.0 0
cell 19.334890289219764 15.20608800634372 0.0 1.0 1.0 1 0 0 0.0 1.0 0
cell 31.223516247744648 38.02178250330881 0.0 1.0 1.0 1 0 0 0.0 1.0 0
cell 12.721525640618545 32.83557394235431 0.0 1.0 1.0 1 0 0 0.0 1.0 0
cell 19.642000373573733 4.136412375371843 0.0 1.0 1.0 1 0 0 0.0 1.0 0
cell 38.57386510195612 24.48234672712536 0.0 1.0 1.0 1 0 0 0.0 1.0 0
cell 22.59455989864162 37.71763914868886 0.0 1.0 1.0 1 0 0 0.0 1.0 0
cell 36.78786586327378 3.128654563532293 0.0 1.0 1.0 1 0 0 0.0 1.0 0
cell 22.58686117467344 21.911356927658275 0.0 1.0 1.0 1 0 0 0.0 1.0 0
cell 30.557872801996712 4.117215726953821 0.0 1.0 1.0 1 0 0 0.0 1.0 0
cell 8.667471628728876 13.124982690496752 0.0 1.0 1.0 1 0 0 0.0 1.0 0
cell 12.64135484883311 18.07091380254456 0.0 1.0 1.0 1 0 0 0.0 1.0 0
cell 1.3918414714445837 7.065820388009229 0.0 1.0 1.0 1 0 0 0.0 1.0 0
cell 19.647312990969695 28.171791027516303 0.0 1.0 1.0 1 0 0 0.0 1.0 0
cell 4.00824095269475 10.217868394084286 0.0 1.0 1.0 1 0 0 0.0 1.0 0
cell 5.336503649144814 11.837136190128318 0.0 1.0 1.0 1 0 0 0.0 1.0 0
cell 9.424865652135031 0.005879716623332093 0.0 1.0 1.0 1 0 0 0.0 1.0 0
cell 1.0826720023024903 23.40658217937495 0.0 1.0 1.0 1 0 0 0.0 1.0 0
cell 9.695943444401538 25.861616830700047 0.0 1.0 1.0 1 0 0 0.0 1.0 0
cell 29.849583932587848 43.46655554223198 0.0 1.0 1.0 1 0 0 0.0 1.0 0
cell 19.91834521861268 34.67537121653161 0.0 1.0 1.0 1 0 0 0.0 1.0 0
cell 33.46492517329836 40.07530391004898 0.0 1.0 1.0 1 0 0 0.0 1.0 0
cell 3.372807515087195 6.722794077729338 0.0 1.0 1.0 1 0 0 0.0 1.0 0
cell 22.900788356288523 2.35645403380995 0.0 1.0 1.0 1 0 0 0.0 1.0 0
cell 31.459965050201273 40.06313254277655 0.0 1.0 1.0 1 0 0 0.0 1.0 0
cell 35.3269704613969 17.846808470997516 0.0 1.0 1.0 1 0 0 0.0 1.0 0
cell 40.58542690805271 29.55506188379363 0.0 1.0 1.0 1 0 0 0.0 1.0 0
cell 26.424668438201685 4.350477056229463 0.0 1.0 1.0 1 0 0 0.0 1.0 0
cell 31.914090019230667 22.166268444620133 0.0 1.0 1.0 1 0 0 0.0 1.0 0
cell 4.727233427318611 8.300436127210768 0.0 1.0 1.0 1 0 0 0.0 1.0 0
cell 14.880244017333773 1.3371666122759793 0.0 1.0 1.0 1 0 0 0.0 1.0 0
cell 26.176167512556248 37.18246604524679 0.0 1.0 1.0 1 0 0 0.0 1.0 0
cell 36.63260516749465 19.418143738953795 0.0 1.0 1.0 1 0 0 0.0 1.0 0
cell 19.167611417568732 31.121437856862983 0.0 1.0 1.0 1 0 0 0.0 1.0 0
cell 27.872211043360313 35.79199027356999 0.0 1.0 1.0 1 0 0 0.0 1.0 0
cell 6.7117209814117675 34.7787956845892 0.0 1.0 1.0 1 0 0 0.0 1.0 0
cell 40.88052718051039 40.45651258801618 0.0 1.0 1.0 1 0 0 0.0 1.0 0
cell 41.9482805984945 25.707097122012165 0.0 1.0 1.0 1 0 0 0.0 1.0 0
cell 5.764903376555549 27.009835326812485 0.0 1.0 1.0 1 0 0 0.0 1.0 0
cell 12.719969495758086 12.557172060189897 0.0 1.0 1.0 1 0 0 0.0 1.0 0
cell 43.409503451314656 16.369273431487954 0.0 1.0 1.0 1 0 0 0.0 1.0 0
cell 15.427794898589276 30.359085449544963 0.0 1.0 1.0 1 0 0 0.0 1.0 0
cell 32.60353326172706 41.92677640124003 0.0 1.0 1.0 1 0 0 0.0 1.0 0
cell 15.32089959170137 15.819262891063715 0.0 1.0 1.0 1 0 0 0.0 1.0 0
cell 14.90167695746815 26.91764467269603 0.0 1.0 1.0 1 0 0 0.0 1.0 0
cell 3.767523292764829 21.113863315673086 0.0 1.0 1.0 1 0 0 0.0 1.0 0
cell 1.7717502431614618 26.8602869822685 0.0 1.0 1.0 1 0 0 0.0 1.0 0
cell 6.77594088432214 2.377283577967639 0.0 1.0 1.0 1 0 0 0.0 1.0 0
cell 22.586070273945094 41.7975661671082 0.0 1.0 1.0 1 0 0 0.0 1.0 0
cell 24.22580732683258 36.482464505215766 0.0 1.0 1.0 1 0 0 0.0 1.0 0
cell 1.2211809587013733 18.01249848328416 0.0 1.0 1.0 1 0 0 0.0 1.0 0
cell 14.169006206471106 3.2560951436221317 0.0 1.0 1.0 1 0 0 0.0 1.0 0
cell 35.34742774154009 34.27546009813717 0.0 1.0 1.0 1 0 0 0.0 1.0 0
cell 25.968754254177956 17.6876623531406 0.0 1.0 1.0 1 0 0 0.0 1.0 0
cell 13.24257924889016 16.12675089839066 0.0 1.0 1.0 1 0 0 0.0 1.0 0
cell 15.90554190764547 19.376243282995027 0.0 1.0 1.0 1 0 0 0.0 1.0 0
cell 30.55834533492983 26.007501350233852 0.0 1.0 1.0 1 0 0 0.0 1.0 0
cell 37.879962610485876 21.016089577786744 0.0 1.0 1.0 1 0 0 0.0 1.0 0
cell 1.88977284590233 32.25662953837318 0.0 1.0 1.0 1 0 0 0.0 1.0 0
cell 11.866881036610812 20.023792283632467 0.0 1.0 1.0 1 0 0 0.0 1.0 0
cell 7.432740022322047 32.64302088061566 0.0 1.0 1.0 1 0 0 0.0 1.0 0
cell 30.696531339152443 15.095628089992282 0.0 1.0 1.0 1 0 0 0.0 1.0 0
cell 25.925573879653555 23.132879282239923 0.0 1.0 1.0 1 0 0 0.0 1.0 0
cell 14.016027828930667 14.160038835700385 0.0 1.0 1.0 1 0 0 0.0 1.0 0
cell 34.14207890538381 5.372902244372512 0.0 1.0 1.0 1 0 0 0.0 1.0 0
cell 11.196235574866213 21.933240726438033 0.0 1.0 1.0 1 0 0 0.0 1.0 0
cell 2.6779123368872373 8.658933963292414 0.0 1.0 1.0 1 0 0 0.0 1.0 0
cell 42.71024324311447 18.296985773478962 0.0 1.0 1.0 1 0 0 0.0 1.0 0
cell 5.397379932499122 6.301302702809004 0.0 1.0 1.0 1 0 0 0.0 1.0 0
cell 34.60561679453591 30.735474383152752 0.0 1.0 1.0 1 0 0 0.0 1.0 0
cell 33.184419983454305 29.267376018016627 0.0 1.0 1.0 1 0 0 0.0 1.0 0
cell 5.97357193035888 31.228689665950178 0.0 1.0 1.0 1 0 0 0.0 1.0 0
cell 6.130606120435019 36.73149165910208 0.0 1.0 1.0 1 0 0 0.0 1.0 0
cell 11.414712711487324 43.145706143096525 0.0 1.0 1.0 1 0 0 0.0 1.0 0
cell 20.522009496830993 22.337735964157826 0.0 1.0 1.0 1 0 0 0.0 1.0 0
cell 29.26817905841369 18.928871057030953 0.0 1.0 1.0 1 0 0 0.0 1.0 0
cell 0.4798948275756153 19.90205476976762 0.0 1.0 1.0 1 0 0 0.0 1.0 0
cell 23.252652610905827 19.972190906004894 0.0 1.0 1.0 1 0 0 0.0 1.0 0
cell 25.430062581121202 7.975860011583089 0.0 1.0 1.0 1 0 0 0.0 1.0 0
cell 14.206008023457146 34.25377950052075 0.0 1.0 1.0 1 0 0 0.0 1.0 0
cell 33.502823063341076 7.317710150283566 0.0 1.0 1.0 1 0 0 0.0 1.0 0
cell 0.6487249239673386 9.003590228687727 0.0 1.0 1.0 1 0 0 0.0 1.0 0
cell 1.425016342694589 39.62926912130757 0.0 1.0 1.0 1 0 0 0.0 1.0 0
cell 40.84026762340233 7.876356308086969 0.0 1.0 1.0 1 0 0 0.0 1.0 0
cell 34.79062295933122 41.609910758266295 0.0 1.0 1.0 1 0 0 0.0 1.0 0
cell 6.781266167737339 7.9385439301103515 0.0 1.0 1.0 1 0 0 0.0 1.0 0
cell 41.506565863408454 5.85653119674334 0.0 1.0 1.0 1 0 0 0.0 1.0 0
cell 35.229973745552094 23.313955482909357 0.0 1.0 1.0 1 0 0 0.0 1.0 0
cell 4.051714679089532 37.19098251860318 0.0 1.0 1.0 1 0 0 0.0 1.0 0
cell 31.83545751630718 33.225777533783656 0.0 1.0 1.0 1 0 0 0.0 1.0 0
cell 1.7624133453524022 21.52540437394705 0.0 1.0 1.0 1 0 0 0.0 1.0 0
cell 9.96654617735286 14.794005957013965 0.0 1.0 1.0 1 0 0 0.0 1.0 0
cell 13.441463865585856 43.289373291432625 0.0 1.0 1.0 1 0 0 0.0 1.0 0
cell 39.48652743402851 38.90339742878699 0.0 1.0 1.0 1 0 0 0.0 1.0 0
cell 11.410608119192501 10.941849185042054 0.0 1.0 1.0 1 0 0 0.0 1.0 0
cell 38.86338791365237 2.7030583842709905 0.0 1.0 1.0 1 0 0 0.0 1.0 0
cell 3.1217771216183423 23.01196614842445 0.0 1.0 1.0 1 0 0 0.0 1.0 0
cell 10.147640442903397 41.50607959957324 0.0 1.0 1.0 1 0 0 0.0 1.0 0
cell 8.119908068869863 3.8876169976627124 0.0 1.0 1.0 1 0 0 0.0 1.0 0
cell 9.270033302025277 16.74922413562805 0.0 1.0 1.0 1 0 0 0.0 1.0 0
cell 23.22997436745535 32.47441753258317 0.0 1.0 1.0 1 0 0 0.0 1.0 0
cell 39.2587565862153 22.501064132598895 0.0 1.0 1.0 1 0 0 0.0 1.0 0
cell 16.017840219432017 13.896604578860796 0.0 1.0 1.0 1 0 0 0.0 1.0 0
cell 6.125205230799462 4.355049307031821 0.0 1.0 1.0 1 0 0 0.0 1.0 0
cell 25.27206200575377 19.633042293904612 0.0 1.0 1.0 1 0 0 0.0 1.0 0
cell 17.91725552113573 19.105910618898648 0.0 1.0 1.0 1 0 0 0.0 1.0 0
cell 23.34115335314356 14.55872417463938 0.0 1.0 1.0 1 0 0 0.0 1.0 0
cell 3.439450444521249 39.18379844673334 0.0 1.0 1.0 1 0 0 0.0 1.0 0
cell 22.985036449989753 25.60810823672559 0.0 1.0 1.0 1 0 0 0.0 1.0 0
cell 17.359795970160853 15.563921014757925 0.0 1.0 1.0 1 0 0 0.0 1.0 0
cell 18.5643177456219 33.05331188819619 0.0 1.0 1.0 1 0 0 0.0 1.0 0
cell 16.598969288185305 33.48413259691881 0.0 1.0 1.0 1 0 0 0.0 1.0 0
cell 9.853337661632075 29.85540106124838 0.0 1.0 1.0 1 0 0 0.0 1.0 0
cell 8.450797869208827 24.221996673328356 0.0 1.0 1.0 1 0 0 0.0 1.0 0
cell 37.47844289403162 39.29659975212269 0.0 1.0 1.0 1 0 0 0.0 1.0 0
cell 31.89772607524503 0.4021997131651294 0.0 1.0 1.0 1 0 0 0.0 1.0 0
cell 31.431677124020865 7.675412134160317 0.0 1.0 1.0 1 0 0 0.0 1.0 0
cell 39.34762718976681 33.464329725359676 0.0 1.0 1.0 1 0 0 0.0 1.0 0
cell 18.26718697920611 2.516182451002564 0.0 1.0 1.0 1 0 0 0.0 1.0 0
cell 33.286256284404374 18.236121168580617 0.0 1.0 1.0 1 0 0 0.0 1.0 0
cell 16.637976532208036 38.9703430310469 0.0 1.0 1.0 1 0 0 0.0 1.0 0
cell 6.664988898373622 13.428602341629645 0.0 1.0 1.0 1 0 0 0.0 1.0 0
cell 22.872985290924213 0.3232148794845177 0.0 1.0 1.0 1 0 0 0.0 1.0 0
cell 17.28237109279865 36.99874858016147 0.0 1.0 1.0 1 0 0 0.0 1.0 0
cell 22.362383735653307 7.379033538430131 0.0 1.0 1.0 1 0 0 0.0 1.0 0
cell 4.097116853839838 4.733522892177273 0.0 1.0 1.0 1 0 0 0.0 1.0 0
cell 41.99641086739091 20.214745064718336 0.0 1.0 1.0 1 0 0 0.0 1.0 0
cell 30.1026041241328 6.106076068478168 0.0 1.0 1.0 1 0 0 0.0 1.0 0
cell 12.095350754664409 40.863301087397126 0.0 1.0 1.0 1 0 0 0.0 1.0 0
cell 18.16007954748905 40.518031499433896 0.0 1.0 1.0 1 0 0 0.0 1.0 0
cell 24.20733582594918 29.136093161340014 0.0 1.0 1.0 1 0 0 0.0 1.0 0
cell 38.79410730661233 35.446313654079724 0.0 1.0 1.0 1 0 0 0.0 1.0 0
cell 20.544223925041894 2.10089913239843 0.0 1.0 1.0 1 0 0 0.0 1.0 0
cell 13.43969051409833 30.723107876910007 0.0 1.0 1.0 1 0 0 0.0 1.0 0
cell 20.615512279689487 38.07898813528033 0.0 1.0 1.0 1 0 0 0.0 1.0 0
cell 7.777116302739619 26.42629827388832 0.0 1.0 1.0 1 0 0 0.0 1.0 0
cell 7.211649095032066 16.906961820826545 0.0 1.0 1.0 1 0 0 0.0 1.0 0
cell 15.202384248778204 21.274014199103895 0.0 1.0 1.0 1 0 0 0.0 1.0 0
cell 34.69251631378063 36.21597480745268 0.0 1.0 1.0 1 0 0 0.0 1.0 0
cell 26.794077578844234 10.428037752047988 0.0 1.0 1.0 1 0 0 0.0 1.0 0
cell 13.850198181115656 19.686266604758842 0.0 1.0 1.0 1 0 0 0.0 1.0 0
cell 14.88236698561576 6.80849988155239 0.0 1.0 1.0 1 0 0 0.0 1.0 0
cell 0.07897638308923485 0.08158787365165052 0.0 1.0 1.0 1 0 0 0.0 1.0 0
cell 1.4597388742473834 1.6118736281798365 0.0 1.0 1.0 1 0 0 0.0 1.0 0
cell 19.16359297122608 26.187486708941798 0.0 1.0 1.0 1 0 0 0.0 1.0 0
cell 8.782811689467946 1.985177686388528 0.0 1.0 1.0 1 0 0 0.0 1.0 0
cell 24.968326432484297 5.841298095344312 0.0 1.0 1.0 1 0 0 0.0 1.0 0
cell 34.66323869014972 19.783859455458643 0.0 1.0 1.0 1 0 0 0.0 1.0 0
cell 15.478133595204957 42.84466525845804 0.0 1.0 1.0 1 0 0 0.0 1.0 0
cell 4.7650790739079305 2.7358689986736824 0.0 1.0 1.0 1 0 0 0.0 1.0 0
cell 7.847912644362432 30.43709521808468 0.0 1.0 1.0 1 0 0 0.0 1.0 0
cell 35.25016870813531 28.76935605847654 0.0 1.0 1.0 1 0 0 0.0 1.0 0
cell 14.60741154789092 17.737532862419222 0.0 1.0 1.0 1 0 0 0.0 1.0 0
cell 25.061906431809287 25.13722600943429 0.0 1.0 1.0 1 0 0 0.0 1.0 0
cell 28.112651630243853 1.0831336478077527 0.0 1.0 1.0 1 0 0 0.0 1.0 0
cell 42.56040076202911 29.203662412151232 0.0 1.0 1.0 1 0 0 0.0 1.0 0
cell 3.9230057921080155 31.79407220419586 0.0 1.0 1.0 1 0 0 0.0 1.0 0
cell 2.447105634334434 19.549827327081644 0.0 1.0 1.0 1 0 0 0.0 1.0 0
cell 31.401298531815627 13.111085282998705 0.0 1.0 1.0 1 0 0 0.0 1.0 0
cell 10.808247592653764 7.434784948365832 0.0 1.0 1.0 1 0 0 0.0 1.0 0
cell 34.12558713536341 43.50276746441447 0.0 1.0 1.0 1 0 0 0.0 1.0 0
cell 26.766809501498145 31.605049318691975 0.0 1.0 1.0 1 0 0 0.0 1.0 0
cell 16.2815541556105 2.9059080728187867 0.0 1.0 1.0 1 0 0 0.0 1.0 0
cell 41.422091615556894 11.321981925385217 0.0 1.0 1.0 1 0 0 0.0 1.0 0
cell 36.029600565566035 15.909428750720407 0.0 1.0 1.0 1 0 0 0.0 1.0 0
cell 40.57193734813416 24.07906915095418 0.0 1.0 1.0 1 0 0 0.0 1.0 0
cell 20.971584039758895 5.854409057198105 0.0 1.0 1.0 1 0 0 0.0 1.0 0
cell 4.720353057172307 40.7963656168503 0.0 1.0 1.0 1 0 0 0.0 1.0 0
cell 32.6617345681973 20.15904141770078 0.0 1.0 1.0 1 0 0 0.0 1.0 0
cell 7.429371756063391 5.939085244674625 0.0 1.0 1.0 1 0 0 0.0 1.0 0
cell 29.913780113265865 22.479230767679983 0.0 1.0 1.0 1 0 0 0.0 1.0 0
cell 3.451746106067672 1.1594191314581754 0.0 1.0 1.0 1 0 0 0.0 1.0 0
cell 36.16700489852254 5.051635212965796 0.0 1.0 1.0 1 0 0 0.0 1.0 0
cell 11.965320610261715 14.485198082676094 0.0 1.0 1.0 1 0 0 0.0 1.0 0
cell 26.188231137749774 41.440799478403946 0.0 1.0 1.0 1 0 0 0.0 1.0 0
cell 10.76066274385765 33.4458372596208 0.0 1.0 1.0 1 0 0 0.0 1.0 0
cell 6.476932710203456 24.80376964489923 0.0 1.0 1.0 1 0 0 0.0 1.0 0
cell 9.197451885210995 22.26968240631589 0.0 1.0 1.0 1 0 0 0.0 1.0 0
cell 15.76719850115502 24.972358745995912 0.0 1.0 1.0 1 0 0 0.0 1.0 0
cell 27.362804424553904 13.854945598254652 0.0 1.0 1.0 1 0 0 0.0 1.0 0
cell 33.33860261238332 1.876279178078957 0.0 1.0 1.0 1 0 0 0.0 1.0 0
cell 4.502547660263899 24.555384120756344 0.0 1.0 1.0 1 0 0 0.0 1.0 0
cell 19.507511414400895 42.017421078564624 0.0 1.0 1.0 1 0 0 0.0 1.0 0
cell 2.510927819001869 30.323335017872118 0.0 1.0 1.0 1 0 0 0.0 1.0 0
cell 36.62884740931886 30.40166173706751 0.0 1.0 1.0 1 0 0 0.0 1.0 0
cell 36.77072443496709 41.214251203259444 0.0 1.0 1.0 1 0 0 0.0 1.0 0
cell 39.432277840563636 11.695538743535165 0.0 1.0 1.0 1 0 0 0.0 1.0 0
cell 35.959544776260465 32.333180350997914 0.0 1.0 1.0 1 0 0 0.0 1.0 0
cell 18.311318400594285 8.160601378567403 0.0 1.0 1.0 1 0 0 0.0 1.0 0
cell 21.197138900659912 26.571722977917023 0.0 1.0 1.0 1 0 0 0.0 1.0 0
cell 24.450966379793645 38.533256462965994 0.0 1.0 1.0 1 0 0 0.0 1.0 0
cell 5.4643390693381795 38.798158596833105 0.0 1.0 1.0 1 0 0 0.0 1.0 0
cell 15.498375561477635 10.367251131187375 0.0 1.0 1.0 1 0 0 0.0 1.0 0
cell 11.32228038804237 31.28816239326872 0.0 1.0 1.0 1 0 0 0.0 1.0 0
cell 39.927129192526294 26.067492898582152 0.0 1.0 1.0 1 0 0 0.0 1.0 0
cell 11.247258409980326 16.393917872265213 0.0 1.0 1.0 1 0 0 0.0 1.0 0
cell 34.80804217693146 8.901025948211839 0.0 1.0 1.0 1 0 0 0.0 1.0 0
cell 7.358648452815115 11.464759185740302 0.0 1.0 1.0 1 0 0 0.0 1.0 0
cell 17.24406101783405 21.058815864476486 0.0 1.0 1.0 1 0 0 0.0 1.0 0
cell 35.47162560571765 1.567265226648241 0.0 1.0 1.0 1 0 0 0.0 1.0 0
cell 18.78779362127859 11.673932328295631 0.0 1.0 1.0 1 0 0 0.0 1.0 0
cell 0.6487176205539904 36.13556415263436 0.0 1.0 1.0 1 0 0 0.0 1.0 0
cell 19.843757993497057 24.274925748492816 0.0 1.0 1.0 1 0 0 0.0 1.0 0
cell 9.373990992929173 11.20421817406777 0.0 1.0 1.0 1 0 0 0.0 1.0 0
cell 31.28928969889579 18.592565141695257 0.0 1.0 1.0 1 0 0 0.0 1.0 0
cell 13.491214053923274 10.693452040159967 0.0 1.0 1.0 1 0 0 0.0 1.0 0
cell 30.62068269680143 2.0243835091785556 0.0 1.0 1.0 1 0 0 0.0 1.0 0
cell 8.472979250367167 28.329019439189278 0.0 1.0 1.0 1 0 0 0.0 1.0 0
cell 13.202704332568855 21.662446785770996 0.0 1.0 1.0 1 0 0 0.0 1.0 0
cell 41.3880406066884 33.085738032478474 0.0 1.0 1.0 1 0 0 0.0 1.0 0
cell 35.491031410403004 6.977229360573967 0.0 1.0 1.0 1 0 0 0.0 1.0 0
cell 41.547793447313495 0.42914672243637636 0.0 1.0 1.0 1 0 0 0.0 1.0 0
cell 42.78791731256003 34.61029682899267 0.0 1.0 1.0 1 0 0 0.0 1.0 0
cell 9.355365554400356 31.862137136469002 0.0 1.0 1.0 1 0 0 0.0 1.0 0
cell 13.712140134944807 25.178882778910758 0.0 1.0 1.0 1 0 0 0.0 1.0 0
cell 1.9210919614470046 16.011512362006997 0.0 1.0 1.0 1 0 0 0.0 1.0 0
cell 20.8858359700222 43.49076944696003 0.0 1.0 1.0 1 0 0 0.0 1.0 0
cell 24.05645802894487 12.63886061664584 0.0 1.0 1.0 1 0 0 0.0 1.0 0
cell 16.927696016814206 6.456510346279025 0.0 1.0 1.0 1 0 0 0.0 1.0 0
cell 21.248645929717387 20.284903066849797 0.0 1.0 1.0 1 0 0 0.0 1.0 0
cell 16.085518166354912 40.94159978280368 0.0 1.0 1.0 1 0 0 0.0 1.0 0
cell 6.523988464071674 28.910170907600598 0.0 1.0 1.0 1 0 0 0.0 1.0 0
cell 42.263592142023185 41.97590913618722 0.0 1.0 1.0 1 0 0 0.0 1.0 0
cell 21.633415786979757 3.903201283866828 0.0 1.0 1.0 1 0 0 0.0 1.0 0
cell 39.311700753118956 17.1566896015188 0.0 1.0 1.0 1 0 0 0.0 1.0 0
cell 29.753239679033015 36.57983297192822 0.0 1.0 1.0 1 0 0 0.0 1.0 0
cell 16.18658901880228 8.426191878499274 0.0 1.0 1.0 1 0 0 0.0 1.0 0
cell 26.288885383220435 0.008164491426211817 0.0 1.0 1.0 1 0 0 0.0 1.0 0
cell 43.391014729635245 32.70911354941709 0.0 1.0 1.0 1 0 0 0.0 1.0 0
cell 6.753717786931358 40.44968785494427 0.0 1.0 1.0 1 0 0 0.0 1.0 0
cell 28.074612713891007 42.52740782391321 0.0 1.0 1.0 1 0 0 0.0 1.0 0
cell 2.135336504568147 5.078214563013808 0.0 1.0 1.0 1 0 0 0.0 1.0 0
cell 16.773229758512624 11.993924996488548 0.0 1.0 1.0 1 0 0 0.0 1.0 0
cell 18.542281417166617 22.707882589694634 0.0 1.0 1.0 1 0 0 0.0 1.0 0
cell 0.7264092993798813 41.567693167329644 0.0 1.0 1.0 1 0 0 0.0 1.0 0
cell 28.779078220585575 9.999004461332813 0.0 1.0 1.0 1 0 0 0.0 1.0 0
cell 33.23884031577377 23.74763318045368 0.0 1.0 1.0 1 0 0 0.0 1.0 0
cell 34.74661320253473 14.329352642390996 0.0 1.0 1.0 1 0 0 0.0 1.0 0
cell 10.462222092889371 27.804031737166213 0.0 1.0 1.0 1 0 0 0.0 1.0 0
cell 40.06759670492987 15.17897514360811 0.0 1.0 1.0 1 0 0 0.0 1.0 0
cell 21.108283933553242 31.888568343888334 0.0 1.0 1.0 1 0 0 0.0 1.0 0
cell 21.657466449136255 9.389420838059516 0.0 1.0 1.0 1 0 0 0.0 1.0 0
cell 12.20236961081635 34.97622927601249 0.0 1.0 1.0 1 0 0 0.0 1.0 0
cell 38.14359426137662 37.37713521208771 0.0 1.0 1.0 1 0 0 0.0 1.0 0
cell 37.9437361376958 31.943345851329873 0.0 1.0 1.0 1 0 0 0.0 1.0 0
cell 12.482051865239171 23.580928362594708 0.0 1.0 1.0 1 0 0 0.0 1.0 0
cell 13.557737278541946 5.181789515937795 0.0 1.0 1.0 1 0 0 0.0 1.0 0
cell 19.233114084533554 36.570242335209194 0.0 1.0 1.0 1 0 0 0.0 1.0 0
cell 20.23303783835808 40.112513564601514 0.0 1.0 1.0 1 0 0 0.0 1.0 0
cell 36.13966819472003 37.719941554072015 0.0 1.0 1.0 1 0 0 0.0 1.0 0
cell 32.04397598488227 11.145115018338899 0.0 1.0 1.0 1 0 0 0.0 1.0 0
cell 12.058354083970508 29.15957815220647 0.0 1.0 1.0 1 0 0 0.0 1.0 0
cell 5.918594301905874 15.305281377380807 0.0 1.0 1.0 1 0 0 0.0 1.0 0
cell 27.90992719180437 28.432500960813822 0.0 1.0 1.0 1 0 0 0.0 1.0 0
cell 26.62312489604088 15.757308299607974 0.0 1.0 1.0 1 0 0 0.0 1.0 0
cell 27.27120854693565 19.25541581873499 0.0 1.0 1.0 1 0 0 0.0 1.0 0
cell 17.134254276043812 31.420835435012663 0.0 1.0 1.0 1 0 0 0.0 1.0 0
cell 4.095611912839205 42.76818575644394 0.0 1.0 1.0 1 0 0 0.0 1.0 0
cell 24.660789329185956 1.3233819086604872 0.0 1.0 1.0 1 0 0 0.0 1.0 0
cell 3.2938599732769864 12.158637440297682 0.0 1.0 1.0 1 0 0 0.0 1.0 0
cell 29.417202507220463 34.201139419139125 0.0 1.0 1.0 1 0 0 0.0 1.0 0
cell 2.069032549642711 37.629226376934305 0.0 1.0 1.0 1 0 0 0.0 1.0 0
cell 42.84621806630979 7.363360756905353 0.0 1.0 1.0 1 0 0 0.0 1.0 0
cell 20.641215475082035 16.789693488433407 0.0 1.0 1.0 1 0 0 0.0 1.0 0
