500
 Lattice="46.7082601366494 0.0 0.0 0.0 46.7082601366494 0.0 0.0 0.0 1.0"Properties=species:S:1:pos:R:3:aspherical_shape:R:3:orientation:R:4:Color:R:1
cell 2.08217430905411 27.687800420582402 0.0 2.23606797749979 0.4472135954999579 1 0 0 -0.0671715798986158 0.9977414388777905 6.148740915174881
cell 40.70919939957011 18.862377509386004 0.0 2.23606797749979 0.4472135954999579 1 0 0 -0.012026959176615306 -0.9999276735109215 0.024054498281829595
cell 0.00838324275564456 12.940014067159247 0.0 2.23606797749979 0.4472135954999579 1 0 0 0.9873716307173738 0.1584211565874777 2.8234098326810075
cell 23.961746881204338 13.489314636039673 0.0 2.23606797749979 0.4472135954999579 1 0 0 0.9992685601943313 0.038240614628274036 3.0650927717373424
cell 22.45316238637994 17.585959508201167 0.0 2.23606797749979 0.4472135954999579 1 0 0 0.026623918037489248 0.9996455206663676 0.05325412871971561
cell 41.19512354322267 27.958478465684077 0.0 2.23606797749979 0.4472135954999579 1 0 0 -0.0751593842434335 0.9971715333683308 6.132724654280013
cell 31.20113582203764 8.55789700570459 0.0 2.23606797749979 0.4472135954999579 1 0 0 0.9961214410428796 0.08798906008508706 2.96538666602347
cell 22.293629427813805 38.6251273335784 0.0 2.23606797749979 0.4472135954999579 1 0 0 0.097622323976599 -0.9952235336151412 6.087629204250797
cell 38.422934173543425 17.50994268012948 0.0 2.23606797749979 0.4472135954999579 1 0 0 -0.011813418066514878 0.9999302191421088 6.259557921464252
cell 41.127193179852185 10.450161409301424 0.0 2.23606797749979 0.4472135954999579 1 0 0 0.9917589857158116 0.1281175797927226 2.8846512863044924
cell 4.593347508786187 40.79008107079609 0.0 2.23606797749979 0.4472135954999579 1 0 0 0.1573282503388752 -0.9875463643015999 5.967216058965553
cell 24.803481289605486 20.559360088723302 0.0 2.23606797749979 0.4472135954999579 1 0 0 0.003511334354250839 -0.9999938352465242 6.276162624040042
cell 39.762378155995684 34.89588044785157 0.0 2.23606797749979 0.4472135954999579 1 0 0 -0.11106465534155875 0.9938131828134806 6.06059676868619
cell 37.30407496483408 34.022478301147885 0.0 2.23606797749979 0.4472135954999579 1 0 0 -0.0871452680453713 0.9961956144539588 6.108673411398377
cell 32.465261526705696 11.800950093165925 0.0 2.23606797749979 0.4472135954999579 1 0 0 0.9973248050736471 0.07309742255929258 2.995267302239376
cell 22.037422401363827 33.881635272117144 0.0 2.23606797749979 0.4472135954999579 1 0 0 -0.0968511180893591 0.9952988801987276 6.089178959919559
cell 21.614357924036415 35.58042557106739 0.0 2.23606797749979 0.4472135954999579 1 0 0 0.061356450317039145 -0.998115918119981 6.1603952813674745
cell 36.520931728907584 12.799372947406537 0.0 2.23606797749979 0.4472135954999579 1 0 0 0.9960198123553664 0.08913211203365813 2.9630915439859513
cell 37.079894976790605 26.781925864814223 0.0 2.23606797749979 0.4472135954999579 1 0 0 -0.07218997138444969 0.9973909003151735 6.138679665995966
cell 20.963355925653612 23.525945867965707 0.0 2.23606797749979 0.4472135954999579 1 0 0 -0.01360716469463037 0.9999074182487963 6.255970137909132
cell 16.231063414676946 15.437365246940411 0.0 2.23606797749979 0.4472135954999579 1 0 0 0.9988299839880542 0.04835972587208557 3.0448354630806453
cell 10.539763711249451 14.095250621154939 0.0 2.23606797749979 0.4472135954999579 1 0 0 0.9900776930423124 0.14052103664580862 2.85961734674034
cell 45.63540434430508 24.195970914146983 0.0 2.23606797749979 0.4472135954999579 1 0 0 -0.0793061064080108 0.9968503104711365 6.124406357868749
cell 26.755529065794903 9.107614308315641 0.0 2.23606797749979 0.4472135954999579 1 0 0 0.9886523731330455 0.15022145352244892 2.8400081249801965
cell 13.163264873517708 38.431899303905396 0.0 2.23606797749979 0.4472135954999579 1 0 0 -0.16039874019598774 0.9870523006120496 5.960996086397248
cell 15.462502841383724 27.542262472966332 0.0 2.23606797749979 0.4472135954999579 1 0 0 -0.039437921066575905 0.9992220225665298 6.2042890041373004
cell 23.65427808065617 12.65269346892547 0.0 2.23606797749979 0.4472135954999579 1 0 0 0.998670679365446 0.05154487535884301 3.0384571987914195
cell 23.75927151896671 28.512260576998973 0.0 2.23606797749979 0.4472135954999579 1 0 0 0.10026697809339695 -0.9949605686176806 6.082313811454414
cell 34.68546670033463 15.639193317302016 0.0 2.23606797749979 0.4472135954999579 1 0 0 0.9998791240667391 0.0155479019655583 3.1104955966866545
cell 42.61803083295169 20.98791866818096 0.0 2.23606797749979 0.4472135954999579 1 0 0 -0.029315677808218858 0.9995702031546582 6.2245455502615625
cell 17.555255278341374 37.632932144175214 0.0 2.23606797749979 0.4472135954999579 1 0 0 0.11786860979387573 -0.9930291993820016 6.046898796635133
cell 23.431754670087773 42.760637459699026 0.0 2.23606797749979 0.4472135954999579 1 0 0 -0.20968936112289596 0.9777680562545863 5.860670813342352
cell 1.8718127809330423 33.320446591486956 0.0 2.23606797749979 0.4472135954999579 1 0 0 0.10083038256352549 -0.9949036304849295 6.081181262900945
cell 35.289736765250346 16.416553083039563 0.0 2.23606797749979 0.4472135954999579 1 0 0 0.01965396724945208 0.9998068421306975 0.03931046557342219
cell 21.971576343523317 19.984279955574458 0.0 2.23606797749979 0.4472135954999579 1 0 0 0.01958673730293953 0.9998081614599 0.0391759797921763
cell 43.08396455804125 15.536261519713348 0.0 2.23606797749979 0.4472135954999579 1 0 0 0.995690516177267 0.09273831999043146 2.9558491172848966
cell 38.97068057499922 32.32398947414422 0.0 2.23606797749979 0.4472135954999579 1 0 0 0.06849239368427446 -0.9976516386030739 6.146093189054833
cell 3.9551249162448383 17.500457280810636 0.0 2.23606797749979 0.4472135954999579 1 0 0 0.05136928210350661 0.9986797268675129 0.10278380242063155
cell 36.461473686697474 42.92365604273494 0.0 2.23606797749979 0.4472135954999579 1 0 0 0.18407684901680796 -0.9829118544691804 5.912920148364441
cell 1.706438236483153 32.68302842289501 0.0 2.23606797749979 0.4472135954999579 1 0 0 0.09262044954941184 -0.9957014875580256 6.097678530770604
cell 31.213232392586384 26.03780694838379 0.0 2.23606797749979 0.4472135954999579 1 0 0 -0.04183816313035145 0.9991244007158859 6.199484550051552
cell 14.965743021516541 23.151538954428354 0.0 2.23606797749979 0.4472135954999579 1 0 0 -0.03967464164698339 0.9992126514462192 6.203815192143587
cell 34.002940415959166 17.890038412010632 0.0 2.23606797749979 0.4472135954999579 1 0 0 -0.005134209472377841 -0.9999868198596888 0.010268464058061255
cell 6.365336593408007 26.810676741547432 0.0 2.23606797749979 0.4472135954999579 1 0 0 0.06675220676252791 -0.9977695840685528 6.149581548225947
cell 14.833808420445225 17.735005054952207 0.0 2.23606797749979 0.4472135954999579 1 0 0 0.05272774968733722 0.9986089246611556 0.10550442544787361
cell 6.8216126132009895 34.80589354836742 0.0 2.23606797749979 0.4472135954999579 1 0 0 0.11926325201784502 -0.9928626676021856 6.0440896970705875
cell 24.233317394545534 26.40932749252824 0.0 2.23606797749979 0.4472135954999579 1 0 0 0.08060231845087593 -0.9967463399784037 6.121805607391129
cell 10.793071738095264 35.22901242933659 0.0 2.23606797749979 0.4472135954999579 1 0 0 0.10944147747354573 -0.9939932409269226 6.063863037449303
cell 12.6958014998435 15.315941869811367 0.0 2.23606797749979 0.4472135954999579 1 0 0 0.9979504624993198 0.06399120562541108 3.0135227356783996
cell 26.238806071314063 32.77529783258152 0.0 2.23606797749979 0.4472135954999579 1 0 0 0.10985430730363807 -0.9939477004183056 6.063032369262795
cell 41.55720226882779 27.307477234253316 0.0 2.23606797749979 0.4472135954999579 1 0 0 0.06466819051098992 -0.9979068218706766 6.153758609171906
cell 28.064106653493706 10.920705018329999 0.0 2.23606797749979 0.4472135954999579 1 0 0 0.9961524617111591 0.0876371669258976 2.9660931816387044
cell 28.274766368951365 13.623944278079211 0.0 2.23606797749979 0.4472135954999579 1 0 0 0.9991837416205347 0.04039616914001232 3.0607783256555328
cell 10.640507290164003 30.9415387339002 0.0 2.23606797749979 0.4472135954999579 1 0 0 0.09253745343060674 -0.9957092043928178 6.097845238962123
cell 22.20658952182578 18.394105258577454 0.0 2.23606797749979 0.4472135954999579 1 0 0 -0.03662615564222019 -0.9993290372659407 0.07326869887306131
cell 0.3764511742465433 31.57577976494653 0.0 2.23606797749979 0.4472135954999579 1 0 0 0.06353628005541789 -0.9979795294076524 6.1560270957187395
cell 9.237097771838817 11.836723142201004 0.0 2.23606797749979 0.4472135954999579 1 0 0 0.9750831270199922 0.22183979670229076 2.694190899734069
cell 14.900908171698749 10.49709672048831 0.0 2.23606797749979 0.4472135954999579 1 0 0 0.9680625686257647 0.2507087218779729 2.634768075196591
cell 14.709940675785433 12.557930961656147 0.0 2.23606797749979 0.4472135954999579 1 0 0 0.988543262616783 0.1509377949188533 2.8385589181296265
cell 44.908646632701995 18.829350818123995 0.0 2.23606797749979 0.4472135954999579 1 0 0 0.03360544963038163 0.9994351773652655 0.06722355619944738
cell 2.948440638212059 26.174173552816768 0.0 2.23606797749979 0.4472135954999579 1 0 0 -0.04935865352174365 0.9987811188256016 6.184427872348635
cell 22.296190157016227 16.0264862740712 0.0 2.23606797749979 0.4472135954999579 1 0 0 0.9999986514598365 0.0016422784503832206 3.1383080952125737
cell 15.217276137315952 21.808602419596784 0.0 2.23606797749979 0.4472135954999579 1 0 0 -0.014351045542984124 0.9998970184433111 6.254482230791024
cell 30.54679822713937 31.60724224622526 0.0 2.23606797749979 0.4472135954999579 1 0 0 -0.10858945893787356 0.9940866810331883 6.065577291436979
cell 0.280072624505856 41.50440981654196 0.0 2.23606797749979 0.4472135954999579 1 0 0 0.1648099445821769 -0.9863253429608406 5.952054671553024
cell 18.61509089727055 41.89066051065406 0.0 2.23606797749979 0.4472135954999579 1 0 0 0.1774267870117224 -0.9841340026900285 5.9264430393447585
cell 22.72258798448613 40.13200721870217 0.0 2.23606797749979 0.4472135954999579 1 0 0 0.15631267948854924 -0.9877076218350803 5.969272646661041
cell 6.5065953083592705 36.51747416112599 0.0 2.23606797749979 0.4472135954999579 1 0 0 -0.14094509173825515 0.9900174145513274 6.000353364536554
cell 39.92149012985924 42.45997830802216 0.0 2.23606797749979 0.4472135954999579 1 0 0 0.191774071160856 -0.9814390992977562 5.897246405880674
cell 46.58843907866193 17.40838186560203 0.0 2.23606797749979 0.4472135954999579 1 0 0 0.0459864867106359 0.9989420619034982 0.09200542105686653
cell 25.429389702892284 23.538355093969287 0.0 2.23606797749979 0.4472135954999579 1 0 0 -0.013840660753983592 0.9999042134674166 6.255503101805153
cell 22.672441336894487 21.26915009505123 0.0 2.23606797749979 0.4472135954999579 1 0 0 -0.01640410972484945 0.999865443539347 6.250375616131385
cell 32.57833897219153 27.081497013368118 0.0 2.23606797749979 0.4472135954999579 1 0 0 -0.0795023451536314 0.9968346789287945 6.1240126372036885
cell 15.268391753425302 26.23198642275746 0.0 2.23606797749979 0.4472135954999579 1 0 0 0.04652106934822725 -0.9989173089433867 6.190109575303783
cell 32.15268629842185 13.727371881690583 0.0 2.23606797749979 0.4472135954999579 1 0 0 0.9973687495381884 0.072495361538724 2.996474627546852
cell 7.664755438765199 16.724209681707823 0.0 2.23606797749979 0.4472135954999579 1 0 0 0.07027904773351204 0.9975273707771987 0.1406740595210267
cell 41.186588239841065 22.331371062126046 0.0 2.23606797749979 0.4472135954999579 1 0 0 0.055250574625809463 -0.998472520404802 6.172627860779125
cell 37.37976748865622 23.290893852055476 0.0 2.23606797749979 0.4472135954999579 1 0 0 -0.08703199358383054 0.9962055169957774 6.108900824361823
cell 39.963358944296026 35.63924824314541 0.0 2.23606797749979 0.4472135954999579 1 0 0 -0.11659455808261261 0.9931795955543591 6.049464592416063
cell 27.50723129130471 40.92333035422357 0.0 2.23606797749979 0.4472135954999579 1 0 0 0.17045456474034099 -0.9853655369248414 5.940603373999068
cell 3.359500019477761 23.44806284491251 0.0 2.23606797749979 0.4472135954999579 1 0 0 -0.06819322306659083 0.9976721326807672 6.146692932554604
cell 28.66209485007605 25.67655303167416 0.0 2.23606797749979 0.4472135954999579 1 0 0 0.0646930976651139 -0.9979052074793938 6.153708690334347
cell 10.853761133135901 32.322423583339216 0.0 2.23606797749979 0.4472135954999579 1 0 0 -0.05762659907845501 0.9983382067609408 6.167868224226838
cell 37.13033561552692 27.549145852951533 0.0 2.23606797749979 0.4472135954999579 1 0 0 -0.06423666918590415 0.9979346924182467 6.154623450022789
cell 16.003087497183916 20.643984973992374 0.0 2.23606797749979 0.4472135954999579 1 0 0 0.012796780331682469 0.9999181178542285 0.025594259238133663
cell 11.583407665605106 20.54502264616457 0.0 2.23606797749979 0.4472135954999579 1 0 0 -0.011994589886132704 -0.9999280623192168 0.02398975503080436
cell 2.407530799768601 35.466264317868614 0.0 2.23606797749979 0.4472135954999579 1 0 0 0.14311300559698112 -0.9897063542430141 5.995973131240689
cell 13.69853504517985 21.21240372321139 0.0 2.23606797749979 0.4472135954999579 1 0 0 0.00039789739407939865 0.9999999208388287 0.0007957948091574804
cell 39.410235785346615 31.629498643924403 0.0 2.23606797749979 0.4472135954999579 1 0 0 -0.03653877609520022 0.99933223596633 6.210091484456145
cell 5.246656064965108 29.848477117235102 0.0 2.23606797749979 0.4472135954999579 1 0 0 0.0720684677462783 -0.9973996871649317 6.138923307887568
cell 35.73885205894199 30.52523730062835 0.0 2.23606797749979 0.4472135954999579 1 0 0 -0.042574589691818765 0.9990932910957682 6.198010383285551
cell 28.10923008591634 12.747959546429717 0.0 2.23606797749979 0.4472135954999579 1 0 0 0.99921981875304 0.03949371862893945 3.0625846684135665
cell 25.547057164758876 33.73927996520317 0.0 2.23606797749979 0.4472135954999579 1 0 0 0.09565274298435994 -0.9954147641860492 6.091586890288897
cell 32.3425006765455 10.849338262229617 0.0 2.23606797749979 0.4472135954999579 1 0 0 0.9983372352540816 0.05764342725095849 3.0262418582526505
cell 40.09538525231152 30.304861468089694 0.0 2.23606797749979 0.4472135954999579 1 0 0 0.06955211282032064 -0.9975783195329725 6.143968683992992
cell 3.2737098074450786 18.24681715306932 0.0 2.23606797749979 0.4472135954999579 1 0 0 -0.046495146895347166 -0.9989185158536106 0.09302383080854515
cell 45.12602555976115 10.399165352692535 0.0 2.23606797749979 0.4472135954999579 1 0 0 0.9957003280815995 0.09263291347137499 2.956060841707075
cell 36.85072340587715 11.72604064561602 0.0 2.23606797749979 0.4472135954999579 1 0 0 0.9950773814622467 0.09910098335656636 2.9430648209155814
cell 10.892158178982141 27.17272145583707 0.0 2.23606797749979 0.4472135954999579 1 0 0 -0.09359810221734866 0.9956100618521846 6.095714694243517
cell 27.14662927895884 10.121407776043618 0.0 2.23606797749979 0.4472135954999579 1 0 0 0.9938677375131344 0.11057540563128603 2.919988678957506
cell 36.797628639763104 28.95580844684186 0.0 2.23606797749979 0.4472135954999579 1 0 0 0.06616695240169966 -0.997808566013477 6.150754650555264
cell 29.754772263715832 19.712621015610786 0.0 2.23606797749979 0.4472135954999579 1 0 0 -0.019715633178891467 -0.9998056280139432 0.03943382133428219
cell 23.85711333776878 29.04714411109037 0.0 2.23606797749979 0.4472135954999579 1 0 0 0.12326073050251675 -0.9923743206653354 6.036035297307557
cell 0.9532480216859631 19.609294556347443 0.0 2.23606797749979 0.4472135954999579 1 0 0 0.014077147942300545 0.9999009120436938 0.028155225838673574
cell 20.567108009833188 14.40507954294726 0.0 2.23606797749979 0.4472135954999579 1 0 0 0.9970432806963974 0.0768420224757591 2.9877569624121945
cell 9.241617296248432 21.128795183263836 0.0 2.23606797749979 0.4472135954999579 1 0 0 -0.0027826925645101975 0.9999961283035507 6.277619914868061
cell 24.353405892122936 15.239615209914477 0.0 2.23606797749979 0.4472135954999579 1 0 0 0.9994898247005389 0.03193885282983528 3.077704082770298
cell 3.4013429915640794 14.718150369726409 0.0 2.23606797749979 0.4472135954999579 1 0 0 0.9947991354080068 0.10185617404694827 2.9375264090466215
cell 11.395748072699424 16.821683446191667 0.0 2.23606797749979 0.4472135954999579 1 0 0 0.04920886695262066 0.9987885098524308 0.09845749721337503
cell 37.54515927262301 24.669867824244527 0.0 2.23606797749979 0.4472135954999579 1 0 0 -0.04555369563761547 0.998961891572324 6.192046376357143
cell 16.806469725563584 29.059313660131128 0.0 2.23606797749979 0.4472135954999579 1 0 0 0.0483531535788726 -0.9988303021729857 6.18644127665216
cell 13.375422121978348 16.15802848580978 0.0 2.23606797749979 0.4472135954999579 1 0 0 0.9999940534737319 -0.0034486254036787192 3.1484899180687442
cell 36.297500653830696 39.299987509680484 0.0 2.23606797749979 0.4472135954999579 1 0 0 0.15551127019241423 -0.9878341180801268 5.970895308913084
cell 19.385814593301557 22.8441334282489 0.0 2.23606797749979 0.4472135954999579 1 0 0 -0.007608362368462983 0.9999710559921573 6.26796843562996
cell 8.574731526064193 38.30773933603245 0.0 2.23606797749979 0.4472135954999579 1 0 0 -0.13026681925673025 0.9914789739579627 6.0219091325411656
cell 10.983058692047663 27.932717455365434 0.0 2.23606797749979 0.4472135954999579 1 0 0 0.09704320913364307 -0.9952801693799812 6.088792959587187
cell 22.16437380202446 37.861227267102066 0.0 2.23606797749979 0.4472135954999579 1 0 0 0.07272628116736192 -0.9973519378973331 6.137604219558027
cell 9.097560274302241 37.266207575423444 0.0 2.23606797749979 0.4472135954999579 1 0 0 0.13345203019919244 -0.9910552737540494 6.015482593972155
cell 19.85987186337837 27.280989844606474 0.0 2.23606797749979 0.4472135954999579 1 0 0 0.0684819895414312 -0.9976523528306077 6.146114046313452
cell 31.355672997490444 16.509875535295258 0.0 2.23606797749979 0.4472135954999579 1 0 0 -0.009515304025557671 -0.9999547284698949 0.019030895237897916
cell 10.977985818228818 32.98092112032951 0.0 2.23606797749979 0.4472135954999579 1 0 0 0.0490928031583108 -0.9987942213879991 6.184960218451455
cell 11.275740027331615 17.654586714903967 0.0 2.23606797749979 0.4472135954999579 1 0 0 0.06457981237330071 0.9979125451831083 0.12924957148192334
cell 45.552802093550895 27.092086262731538 0.0 2.23606797749979 0.4472135954999579 1 0 0 0.06872107519149086 -0.997635912457308 6.145634745847299
cell 9.721323404098486 42.807310488301745 0.0 2.23606797749979 0.4472135954999579 1 0 0 0.1879238893809817 -0.9821835937338419 5.905089413316811
cell 6.611359393468985 28.86264925317689 0.0 2.23606797749979 0.4472135954999579 1 0 0 0.10765164308167798 -0.9941886761283368 6.067463983405012
cell 45.02790413870847 22.24987997272861 0.0 2.23606797749979 0.4472135954999579 1 0 0 -0.061246348197004356 0.9981226802515467 6.1606159005259515
cell 2.1552119600144772 29.066233511151058 0.0 2.23606797749979 0.4472135954999579 1 0 0 0.10307451306331622 -0.99467363730862 6.0766694913112405
cell 29.490477871753942 18.88483170852788 0.0 2.23606797749979 0.4472135954999579 1 0 0 -0.027881267843450595 -0.999611241885285 0.055769762856844096
cell 13.467614414600213 19.965248447514213 0.0 2.23606797749979 0.4472135954999579 1 0 0 0.030061112843337453 0.999548062623614 0.06013128448461291
cell 37.59585114872956 25.2553034038085 0.0 2.23606797749979 0.4472135954999579 1 0 0 -0.03754814907466269 0.9992948196108429 6.2080713519039925
cell 41.79909012750731 23.64346825842421 0.0 2.23606797749979 0.4472135954999579 1 0 0 0.06574879899762069 -0.997836206714494 6.151592782478688
cell 31.279445147257157 37.763049678355 0.0 2.23606797749979 0.4472135954999579 1 0 0 0.08161665358701005 -0.9966637957993949 6.1197702308664805
cell 14.597138204826676 43.914453310426495 0.0 2.23606797749979 0.4472135954999579 1 0 0 0.2071403154062996 -0.9783112437938034 5.865883371490944
cell 40.61854413736766 28.85271113529004 0.0 2.23606797749979 0.4472135954999579 1 0 0 -0.05968823027304108 0.998217068160464 6.1637378493000945
cell 42.886365614214476 43.27264615849135 0.0 2.23606797749979 0.4472135954999579 1 0 0 0.18605705174404236 -0.9825389424833576 5.908890127240958
cell 45.97521804848779 32.411653408983895 0.0 2.23606797749979 0.4472135954999579 1 0 0 0.07010511274586097 -0.9975396098235348 6.142859977779206
cell 26.049707997188158 35.28924801147573 0.0 2.23606797749979 0.4472135954999579 1 0 0 0.07031700133671794 -0.9975246960967994 6.1424351521945235
cell 1.8733452103079105 21.571771903707415 0.0 2.23606797749979 0.4472135954999579 1 0 0 0.028212072833741962 -0.9996019602553927 6.226753673969109
cell 32.59491165714379 22.746207284702933 0.0 2.23606797749979 0.4472135954999579 1 0 0 -0.054906890029628445 0.998491478895676 6.173316274977694
cell 30.018440109679183 26.795857008488134 0.0 2.23606797749979 0.4472135954999579 1 0 0 0.05606961996802421 -0.9984268614759126 6.170987226696672
cell 2.0591348830700262 34.04245090955789 0.0 2.23606797749979 0.4472135954999579 1 0 0 -0.12475040530729452 0.9921881557324023 6.0330327724836526
cell 44.211419666327544 11.69100197567159 0.0 2.23606797749979 0.4472135954999579 1 0 0 0.9923996885882105 0.12305632080483662 2.8948545993278323
cell 29.59363581417797 32.5728557728731 0.0 2.23606797749979 0.4472135954999579 1 0 0 0.10359972302664817 -0.9946190714986325 6.075613417564419
cell 18.728550350916557 34.001068769281005 0.0 2.23606797749979 0.4472135954999579 1 0 0 -0.10743168309123702 0.9942124689764176 6.067906469550396
cell 27.109085914174738 21.15836244493344 0.0 2.23606797749979 0.4472135954999579 1 0 0 0.011824009351851546 -0.9999300939579963 6.259536737414011
cell 30.46969475884716 15.726257952390633 0.0 2.23606797749979 0.4472135954999579 1 0 0 0.9992119201485307 0.039693055224892186 3.0621856823658344
cell 44.014090578929356 33.48180224753373 0.0 2.23606797749979 0.4472135954999579 1 0 0 -0.09486183163647928 0.9954904484215669 6.093175938931225
cell 8.936293820372827 15.97470545882513 0.0 2.23606797749979 0.4472135954999579 1 0 0 0.9999165830058704 0.01291615383402827 3.1157596276132833
cell 16.546587098475033 23.63928790567408 0.0 2.23606797749979 0.4472135954999579 1 0 0 -0.052179248680303346 0.9986377351207789 6.178779396009973
cell 11.679371891003187 23.13757222618732 0.0 2.23606797749979 0.4472135954999579 1 0 0 -0.07371183795515558 0.9972795821359589 6.135627800961027
cell 38.154873815306516 21.178643904645238 0.0 2.23606797749979 0.4472135954999579 1 0 0 -0.03285820975978039 0.9994600232382396 6.217457056658131
cell 45.571601758712696 22.83285172073993 0.0 2.23606797749979 0.4472135954999579 1 0 0 -0.058194564839225235 0.9983052602401599 6.166730383135351
cell 13.952962180980307 41.88020017153594 0.0 2.23606797749979 0.4472135954999579 1 0 0 0.1923195619497948 -0.9813323525143961 5.896134731315832
cell 11.650553433368824 11.531370599726309 0.0 2.23606797749979 0.4472135954999579 1 0 0 0.9613979706753669 0.27516166517392354 2.584076944196973
cell 5.707807163875076 44.78588361524028 0.0 2.23606797749979 0.4472135954999579 1 0 0 0.1675515823240353 -0.985863310637287 5.946494075773768
cell 32.58839262550822 42.61359175288723 0.0 2.23606797749979 0.4472135954999579 1 0 0 0.18622083447943028 -0.9825079138642012 5.908556735221364
cell 44.70793413778474 36.20950187638882 0.0 2.23606797749979 0.4472135954999579 1 0 0 -0.14428065674301616 0.9895368068393434 5.993613338298554
cell 19.51683673861566 30.046859872782438 0.0 2.23606797749979 0.4472135954999579 1 0 0 -0.10163118628719575 0.9948221459003902 6.079571385419463
cell 44.960944124274796 27.808623431107762 0.0 2.23606797749979 0.4472135954999579 1 0 0 -0.05938372201469965 0.9982352295725095 6.16434794803639
cell 36.50711961293978 40.078388990821615 0.0 2.23606797749979 0.4472135954999579 1 0 0 0.17367799135440434 -0.9848024955893946 5.934058909395789
cell 6.414666817624153 25.346028874444283 0.0 2.23606797749979 0.4472135954999579 1 0 0 -0.06674626152624533 0.9977699817955389 6.14959346527612
cell 44.27434025673321 21.554272048586405 0.0 2.23606797749979 0.4472135954999579 1 0 0 -0.03888714399154973 0.9992436089523817 6.205391404003268
cell 33.00071918161955 24.001247082004433 0.0 2.23606797749979 0.4472135954999579 1 0 0 0.03673556663300495 -0.9993250212739357 6.209697638965217
cell 15.310539873776278 31.903111446622376 0.0 2.23606797749979 0.4472135954999579 1 0 0 -0.062491889126984106 0.9980454718064407 6.158120037104722
cell 31.087979716259756 37.0468330148076 0.0 2.23606797749979 0.4472135954999579 1 0 0 0.07119696311023742 -0.9974622762008994 6.140670806404459
cell 27.27286801716925 16.549740165888696 0.0 2.23606797749979 0.4472135954999579 1 0 0 0.0064158595654580505 0.9999794181612122 0.012831807165099038
cell 18.17099153344205 21.290344703390215 0.0 2.23606797749979 0.4472135954999579 1 0 0 -0.004779586388211497 0.9999885777117444 6.273626098007122
cell 41.12765644020179 23.107069994819863 0.0 2.23606797749979 0.4472135954999579 1 0 0 0.06465780593585861 -0.9979074947767257 6.153779421879871
cell 38.95634823191587 15.801092776481301 0.0 2.23606797749979 0.4472135954999579 1 0 0 0.9992081842741929 0.039786988821353494 3.0619976666504516
cell 36.08157498126487 38.548086861838335 0.0 2.23606797749979 0.4472135954999579 1 0 0 0.13117581039221096 -0.9913591209889314 6.020075415357458
cell 35.4901659426363 21.97288975409312 0.0 2.23606797749979 0.4472135954999579 1 0 0 -0.04816037189983466 0.9988396160437719 6.18682728973006
cell 15.161670175660769 25.687726789281964 0.0 2.23606797749979 0.4472135954999579 1 0 0 -0.039108184639330815 0.9992349823210834 6.204948986160325
cell 29.256674779827247 21.66820329778605 0.0 2.23606797749979 0.4472135954999579 1 0 0 -0.022802517742296642 0.9997399887893913 6.237576318677029
cell 35.50817267626207 13.86691632485371 0.0 2.23606797749979 0.4472135954999579 1 0 0 0.9964316372960341 0.08440374515117556 2.9725840874693916
cell 14.986786801159955 30.001638291310055 0.0 2.23606797749979 0.4472135954999579 1 0 0 -0.08137911182340694 0.9966832195631837 6.120246900027741
cell 32.147691602332294 40.90443085807508 0.0 2.23606797749979 0.4472135954999579 1 0 0 0.16371733076918188 -0.9865072912076293 5.954269991154616
cell 0.4600572531835083 42.48413516290037 0.0 2.23606797749979 0.4472135954999579 1 0 0 -0.17198781933085086 0.985099076236405 5.937490901395757
cell 8.992546657565441 39.98625614001468 0.0 2.23606797749979 0.4472135954999579 1 0 0 0.167969800607333 -0.985792141419241 5.945645614595444
cell 41.27698808755806 25.095789255013884 0.0 2.23606797749979 0.4472135954999579 1 0 0 -0.08645055079866203 0.9962561429003125 6.110068109595694
cell 40.29493669277782 37.038956045230286 0.0 2.23606797749979 0.4472135954999579 1 0 0 0.1451933045146202 -0.9894033072130519 5.9917686180861125
cell 18.605286735772392 19.31421165484315 0.0 2.23606797749979 0.4472135954999579 1 0 0 -0.039041376522609444 -0.9992375948287874 0.07810260266363311
cell 18.340280433322345 24.85470131115404 0.0 2.23606797749979 0.4472135954999579 1 0 0 -0.05981063476820725 0.9982097414715126 6.163492602152696
cell 33.62353791193861 31.394072549155787 0.0 2.23606797749979 0.4472135954999579 1 0 0 -0.08725559912441123 0.996185956747755 6.1084519054769775
cell 23.153944212980115 41.848388270183136 0.0 2.23606797749979 0.4472135954999579 1 0 0 0.20259763779862136 -0.9792620676603473 5.875165617886478
cell 22.240133095268533 22.339534826636417 0.0 2.23606797749979 0.4472135954999579 1 0 0 -0.009810889198403927 0.9999518720684194 6.263563213991516
cell 12.98534783147818 37.668780577640476 0.0 2.23606797749979 0.4472135954999579 1 0 0 -0.14914391308420388 0.9888155000756872 5.98378041515715
cell 21.894347544353398 24.096367768451895 0.0 2.23606797749979 0.4472135954999579 1 0 0 0.041977666229801376 -0.9991185492912737 6.199205298523658
cell 31.06305868192994 22.250433236699465 0.0 2.23606797749979 0.4472135954999579 1 0 0 0.04192627270613753 -0.9991207072506157 6.19930817614151
cell 19.68183812088722 21.921100078442038 0.0 2.23606797749979 0.4472135954999579 1 0 0 -0.02680659398787245 0.9996406386891088 6.229565696112044
cell 19.51590717421455 13.512917354395736 0.0 2.23606797749979 0.4472135954999579 1 0 0 0.9988822294765339 0.047268294193772646 3.047020826042064
cell 15.121516458023182 14.162717963137363 0.0 2.23606797749979 0.4472135954999579 1 0 0 0.9943368774937031 0.10627405165924744 2.928642410527837
cell 36.79295447173654 10.722542868913642 0.0 2.23606797749979 0.4472135954999579 1 0 0 0.9941802367853366 0.10772955390909174 2.925714596672052
cell 25.94959642251575 18.233885570200624 0.0 2.23606797749979 0.4472135954999579 1 0 0 0.02653230111028592 0.9996479565315948 0.05307083011311464
cell 30.138287857207768 34.06465076101767 0.0 2.23606797749979 0.4472135954999579 1 0 0 -0.10144430874714605 0.9948412196038189 6.079947082218711
cell 16.129095495091416 28.319419864734392 0.0 2.23606797749979 0.4472135954999579 1 0 0 0.10669982627139958 -0.9942912787878878 6.069378645376296
cell 22.445822758755877 19.229758123065743 0.0 2.23606797749979 0.4472135954999579 1 0 0 0.03597861488108274 0.9993525600463726 0.07197276311350494
cell 28.098090480488825 30.87666645561089 0.0 2.23606797749979 0.4472135954999579 1 0 0 -0.08534899155532179 0.9963511176490393 6.1122794016108
cell 22.027152315848998 37.11304055251772 0.0 2.23606797749979 0.4472135954999579 1 0 0 -0.0499002599041543 0.9987542060294404 6.183343323079544
cell 1.0449964882165663 44.60461967933569 0.0 2.23606797749979 0.4472135954999579 1 0 0 -0.18535761826668098 0.9826711318393877 5.910313758143257
cell 39.176000115604744 13.923559010766255 0.0 2.23606797749979 0.4472135954999579 1 0 0 0.9947902428519331 0.10194298762834021 2.937351873371501
cell 35.83850435737522 44.36481643932389 0.0 2.23606797749979 0.4472135954999579 1 0 0 0.23547455536838843 -0.9718805141446452 5.807771657288902
cell 14.402859118116881 24.95206496938627 0.0 2.23606797749979 0.4472135954999579 1 0 0 -0.07003262102354874 0.9975447017515415 6.1430053184484885
cell 40.566332081658885 19.708522643708996 0.0 2.23606797749979 0.4472135954999579 1 0 0 -0.036813658877860915 -0.9993221475180186 0.0736439584211368
cell 45.20210154728431 38.50633696047982 0.0 2.23606797749979 0.4472135954999579 1 0 0 0.16617636030519445 -0.9860960487070811 5.949283629806669
cell 26.459923990018765 17.407371858674512 0.0 2.23606797749979 0.4472135954999579 1 0 0 0.019236461289772827 0.9998149621590222 0.038475295737372926
cell 29.894289225051565 23.647057245934672 0.0 2.23606797749979 0.4472135954999579 1 0 0 -0.02441911549243665 0.9997018089403295 6.23434222124101
cell 12.394377171629358 29.834661703392104 0.0 2.23606797749979 0.4472135954999579 1 0 0 0.09655614802928969 -0.9953275391938806 6.089771677980642
cell 2.2117291845753813 34.71965949000544 0.0 2.23606797749979 0.4472135954999579 1 0 0 -0.13792696497683737 0.9904424023295237 6.00644916996362
cell 31.576323419903407 20.98204301578425 0.0 2.23606797749979 0.4472135954999579 1 0 0 0.026177089248463892 -0.999657321284888 6.230825147641948
cell 6.51109123012001 28.124729130920308 0.0 2.23606797749979 0.4472135954999579 1 0 0 0.10955216276373586 -0.9939810479248525 6.063640327747882
cell 8.964500931808363 24.49795914290752 0.0 2.23606797749979 0.4472135954999579 1 0 0 -0.053556581168313196 0.9985648164308424 6.176020873057774
cell 14.284456538232574 42.87606369135393 0.0 2.23606797749979 0.4472135954999579 1 0 0 0.2005029818619971 -0.9796930918733926 5.879442704328457
cell 32.42732477541614 29.86317963679458 0.0 2.23606797749979 0.4472135954999579 1 0 0 -0.07593229460330918 0.9971129758639571 6.1311744034154065
cell 8.754620057015323 29.924553665845913 0.0 2.23606797749979 0.4472135954999579 1 0 0 -0.06450436337036308 0.9979174249937638 6.154086948985426
cell 11.638551250775413 22.36824075309718 0.0 2.23606797749979 0.4472135954999579 1 0 0 -0.03245605810463531 0.9994731633677357 6.2182617892073
cell 8.038627295716795 30.765698923145905 0.0 2.23606797749979 0.4472135954999579 1 0 0 0.09126125376835427 -0.9958269847521848 6.100408485353572
cell 7.6300656953143005 13.408809380817972 0.0 2.23606797749979 0.4472135954999579 1 0 0 0.9887257880635605 0.14973749035592687 2.8409871246806193
cell 19.110791901314613 28.232604594486 0.0 2.23606797749979 0.4472135954999579 1 0 0 -0.0801279158958643 0.9967845891135082 6.12275749138577
cell 18.877451340219764 42.857620349294436 0.0 2.23606797749979 0.4472135954999579 1 0 0 0.19660914647251376 -0.9804819445167512 5.887388587110182
cell 40.90164003411317 39.27866264573672 0.0 2.23606797749979 0.4472135954999579 1 0 0 0.1765086906834043 -0.9842990816379086 5.92830867809886
cell 19.24199469566249 9.357181983603647 0.0 2.23606797749979 0.4472135954999579 1 0 0 0.99167918155579 0.1287338373110908 2.883408479730117
cell 35.13740550216608 35.03064889235413 0.0 2.23606797749979 0.4472135954999579 1 0 0 0.058568201501949975 -0.9982834095450184 6.165981833042851
cell 32.671896997871 27.67590720069118 0.0 2.23606797749979 0.4472135954999579 1 0 0 -0.07962552664144248 0.9968248469551072 6.123765490715424
cell 44.48435058804863 29.993648391266724 0.0 2.23606797749979 0.4472135954999579 1 0 0 -0.08489496308098916 0.9963899062332363 6.113190766331122
cell 19.29093231598294 12.655056814096909 0.0 2.23606797749979 0.4472135954999579 1 0 0 0.9955896082380391 0.09381541434342074 2.9536854955327625
cell 42.71364228379058 32.31232448966013 0.0 2.23606797749979 0.4472135954999579 1 0 0 0.06885601556956196 -0.9976266080653042 6.14536422429642
cell 36.17594770531068 31.842993258669082 0.0 1.0 1.0 1 0 0 0.0 1.0 0
cell 12.350574904400295 29.148050642188114 0.0 2.23606797749979 0.4472135954999579 1 0 0 0.0609350384815639 -0.9981417339662991 6.161239685052089
cell 6.44651694899815 19.04124327022265 0.0 2.23606797749979 0.4472135954999579 1 0 0 0.037391801371728844 0.9993006820723066 0.07480104012596352
cell 19.770999333282774 31.429871338797966 0.0 2.23606797749979 0.4472135954999579 1 0 0 -0.09308060723967947 0.9956585762980664 6.096754222423902
cell 27.7212049046886 41.78276098503465 0.0 2.23606797749979 0.4472135954999579 1 0 0 0.18586747882195884 -0.9825748217394789 5.909276003977352
cell 19.809899186833068 26.746808635632103 0.0 2.23606797749979 0.4472135954999579 1 0 0 0.05820670235126263 -0.9983045526298032 6.166706066892971
cell 44.895388185469145 36.925664683043784 0.0 2.23606797749979 0.4472135954999579 1 0 0 0.16555706067488768 -0.9862002127665008 5.950539626934587
cell 8.724146733079015 10.98860415443188 0.0 2.23606797749979 0.4472135954999579 1 0 0 0.9715610981930551 0.23678900413216988 2.663473599934972
cell 35.35801589363422 35.68181876615699 0.0 2.23606797749979 0.4472135954999579 1 0 0 0.06930227121570363 -0.997595707290456 6.144469575844935
cell 5.406915387506927 43.69525571545287 0.0 2.23606797749979 0.4472135954999579 1 0 0 0.18614186910447925 -0.9825228773755301 5.908717476468291
cell 13.577730244162746 40.0448631826127 0.0 2.23606797749979 0.4472135954999579 1 0 0 0.1642771053029886 -0.9864142297601302 5.953135076232078
cell 36.05838962282728 20.70454812025363 0.0 2.23606797749979 0.4472135954999579 1 0 0 0.02603137380902835 -0.9996611263711391 6.231116677866857
cell 6.471604966630963 33.3379411125328 0.0 2.23606797749979 0.4472135954999579 1 0 0 -0.08870623142240895 0.9960578319087873 6.105539346180995
cell 10.31684717702076 25.171186599694646 0.0 2.23606797749979 0.4472135954999579 1 0 0 -0.05680457038509122 0.9983853167907495 6.169514979297786
cell 28.302733340562476 22.98806105754892 0.0 2.23606797749979 0.4472135954999579 1 0 0 -0.02572013847435741 0.9996691825183268 6.231739357032521
cell 40.111800329916804 36.287969987721915 0.0 2.23606797749979 0.4472135954999579 1 0 0 0.13270874523918272 -0.99115507814723 6.01698250526958
cell 39.93049454529757 21.74451466169755 0.0 2.23606797749979 0.4472135954999579 1 0 0 0.04281443881022782 -0.9990830415082448 6.197530247246817
cell 5.141190624760662 19.728612180536636 0.0 2.23606797749979 0.4472135954999579 1 0 0 -0.023930012709868106 -0.9997136362437523 0.04786459440198154
cell 23.722013940231417 43.770919646447574 0.0 2.23606797749979 0.4472135954999579 1 0 0 0.22178251051062867 -0.9750961583513714 5.8359010526575394
cell 4.888233351358581 38.76624317613422 0.0 2.23606797749979 0.4472135954999579 1 0 0 0.16076515328278412 -0.9869926876577977 5.9602536249340785
cell 45.83465549407623 18.156411381620618 0.0 2.23606797749979 0.4472135954999579 1 0 0 -0.04210504929927762 -0.9991131891950508 0.0842350002404384
cell 19.162849617545113 16.869776339374855 0.0 2.23606797749979 0.4472135954999579 1 0 0 0.012481748353915809 0.9999220999448054 0.024964144947287947
cell 44.438737329645676 29.27720164882634 0.0 2.23606797749979 0.4472135954999579 1 0 0 -0.08460560356121788 0.9964145180827315 6.113771574992938
cell 10.82590519922225 26.586509907809013 0.0 2.23606797749979 0.4472135954999579 1 0 0 -0.0779073057599668 0.9969606068994016 6.127212642870721
cell 21.803085636818395 36.34700406225453 0.0 2.23606797749979 0.4472135954999579 1 0 0 0.04849935428063519 -0.9988232139044233 6.186148531788599
cell 1.4422841643545217 24.453102276913718 0.0 2.23606797749979 0.4472135954999579 1 0 0 -0.08107069885749651 0.9967083534247905 6.120865770835923
cell 24.785278153548603 21.771764996908658 0.0 2.23606797749979 0.4472135954999579 1 0 0 -0.010571178662927078 0.9999441235297483 6.262042556058164
cell 26.777159431354058 15.673220355737422 0.0 2.23606797749979 0.4472135954999579 1 0 0 0.9964715022335691 0.08393178918844914 2.9735313607102074
cell 8.768449332630958 39.13704270241207 0.0 2.23606797749979 0.4472135954999579 1 0 0 -0.149792862828365 0.9887174005982107 5.982467770051433
cell 31.485904646957763 38.5568468417322 0.0 2.23606797749979 0.4472135954999579 1 0 0 0.11198839583868508 -0.9937095144947934 6.058737689679214
cell 0.7514064183517095 43.48700413166602 0.0 2.23606797749979 0.4472135954999579 1 0 0 -0.17019692871916794 0.9854100696941159 5.9411262869453
cell 1.078319183647338 30.71177212218425 0.0 2.23606797749979 0.4472135954999579 1 0 0 0.06946292602414517 -0.997584533715396 6.144147490040771
cell 28.239204093920247 43.599689848361635 0.0 2.23606797749979 0.4472135954999579 1 0 0 -0.2038583306850336 0.9790003988815895 5.872590492776774
cell 7.313345346783018 18.334373249878045 0.0 2.23606797749979 0.4472135954999579 1 0 0 0.04797197990263295 0.9988486818053179 0.0959807974460938
cell 42.35858487963605 13.960874432756546 0.0 2.23606797749979 0.4472135954999579 1 0 0 0.9952968684948823 0.09687178931082564 2.947544768571074
cell 0.3625539387875044 13.766120851753964 0.0 2.23606797749979 0.4472135954999579 1 0 0 0.9877362048401054 0.1561319622885248 2.828045920357218
cell 33.51291352363306 32.919316537209205 0.0 2.23606797749979 0.4472135954999579 1 0 0 0.10354175838960299 -0.9946251073995614 6.075729973666769
cell 26.863192754457675 38.456217544947016 0.0 2.23606797749979 0.4472135954999579 1 0 0 0.09879722650791381 -0.9951075861605839 6.085267984284587
cell 19.448467091694148 33.05440210108851 0.0 2.23606797749979 0.4472135954999579 1 0 0 0.1057747073288522 -0.9943901202694522 6.071239413775403
cell 7.796311408413805 24.013220089717905 0.0 2.23606797749979 0.4472135954999579 1 0 0 -0.11158676530582672 0.9937546949869381 6.059546017246523
cell 39.12775583250366 16.670302516293386 0.0 2.23606797749979 0.4472135954999579 1 0 0 -0.0165756803242026 0.9998626139734348 6.250032428269841
cell 28.56654685847502 24.45095371527876 0.0 2.23606797749979 0.4472135954999579 1 0 0 -0.06805779771011228 0.9976813800862726 6.146964413984644
cell 44.19115006062822 34.08723171682514 0.0 2.23606797749979 0.4472135954999579 1 0 0 -0.1134363285165681 0.9935452679031194 6.055823252266385
cell 2.623228456025156 26.98215021883946 0.0 2.23606797749979 0.4472135954999579 1 0 0 -0.0584368902637719 0.9982911047666907 6.166244906095317
cell 30.701787853844518 35.566188127404814 0.0 2.23606797749979 0.4472135954999579 1 0 0 -0.07436399290800293 0.9972311650559155 6.134319901406163
cell 41.48774574569478 26.542319341982502 0.0 2.23606797749979 0.4472135954999579 1 0 0 0.05726887404119649 -0.9983587912499462 6.168584857814784
cell 29.10782302574156 20.43650451333679 0.0 2.23606797749979 0.4472135954999579 1 0 0 0.0018439884794150554 -0.9999982998517987 6.279497328130719
cell 3.555842244761679 25.382887949570268 0.0 2.23606797749979 0.4472135954999579 1 0 0 -0.09103626836620714 0.9958475776151469 6.100860337087668
cell 21.468664187187986 34.823974795307024 0.0 2.23606797749979 0.4472135954999579 1 0 0 -0.08737961437787256 0.9961750865139994 6.108202923990975
cell 17.392224540947442 36.88943123267758 0.0 2.23606797749979 0.4472135954999579 1 0 0 0.10950388337623983 -0.9939863678771067 6.063737470964823
cell 15.388838944170672 11.368294211847108 0.0 2.23606797749979 0.4472135954999579 1 0 0 0.9821860557609637 0.18791102114756586 2.7635229630099265
cell 40.49267829790693 37.73051935137245 0.0 2.23606797749979 0.4472135954999579 1 0 0 0.15320128546658726 -0.9881950041016121 5.975571320309164
cell 26.496045773350556 36.85675566924822 0.0 2.23606797749979 0.4472135954999579 1 0 0 -0.04592857328025722 0.9989447262769047 6.191295835496238
cell 32.47045877749788 44.9101821784389 0.0 2.23606797749979 0.4472135954999579 1 0 0 -0.18737940047106416 0.9822876158636555 5.906198086008606
cell 11.232810896132863 34.37738042432692 0.0 2.23606797749979 0.4472135954999579 1 0 0 0.08910955351932046 -0.9960218308207844 6.104729494850355
cell 43.40563577323938 45.40984074479548 0.0 2.23606797749979 0.4472135954999579 1 0 0 -0.17066530147999018 0.9853290591831462 5.940175632959411
cell 5.739075242792636 23.799708990218495 0.0 2.23606797749979 0.4472135954999579 1 0 0 -0.07595635731123351 0.9971111431450399 6.131126138613684
cell 32.79954068638992 28.403599305194977 0.0 2.23606797749979 0.4472135954999579 1 0 0 0.07405221947154422 -0.9972543651402777 6.134945172292713
cell 23.05716137514027 27.36969863323624 0.0 2.23606797749979 0.4472135954999579 1 0 0 0.07301265899482222 -0.9973310140703064 6.137029937163504
cell 28.018245643280547 11.85224806379687 0.0 2.23606797749979 0.4472135954999579 1 0 0 0.9987992015891546 0.04899137582133483 3.043570663922206
cell 7.591609463877287 17.54448741158742 0.0 2.23606797749979 0.4472135954999579 1 0 0 0.06757012804430543 0.9977145272050899 0.13524330342578295
cell 27.249032501190413 40.0828497549276 0.0 2.23606797749979 0.4472135954999579 1 0 0 0.1629042729663847 -0.9866418792293856 5.955918235025807
cell 0.7035073598742224 40.34253752546386 0.0 2.23606797749979 0.4472135954999579 1 0 0 0.1675918433374417 -0.9858564672642557 5.946412398825853
cell 28.14420397982928 27.706040536615628 0.0 2.23606797749979 0.4472135954999579 1 0 0 0.08063877995210927 -0.996743390832282 6.121732446239274
cell 33.72198294502843 21.4646684684035 0.0 2.23606797749979 0.4472135954999579 1 0 0 0.03818645642372517 -0.9992706312835372 6.206793820908802
cell 25.765514133372342 34.55903984919434 0.0 2.23606797749979 0.4472135954999579 1 0 0 0.07540422073068533 -0.9971530491835233 6.132233587804348
cell 15.233781884903951 16.93360841692937 0.0 2.23606797749979 0.4472135954999579 1 0 0 0.024737481318926564 0.9996939816853935 0.049480010003920334
cell 18.667923265243015 18.515166061637224 0.0 2.23606797749979 0.4472135954999579 1 0 0 0.04872199657319422 0.9988123783023124 0.09748258701450013
cell 30.313862877533136 34.807187499570006 0.0 2.23606797749979 0.4472135954999579 1 0 0 0.11548531474599191 -0.9933091875534119 6.051698168020949
cell 21.217241874223017 28.39821982660119 0.0 2.23606797749979 0.4472135954999579 1 0 0 -0.10154721480661602 0.9948307208590912 6.079740201763124
cell 5.796924169213612 37.56292297376948 0.0 2.23606797749979 0.4472135954999579 1 0 0 0.1575925984244928 -0.9875042141286368 5.966680684151508
cell 6.342276203632099 32.59041628214228 0.0 2.23606797749979 0.4472135954999579 1 0 0 0.08935210207212688 -0.9960001013329729 6.104242454928369
cell 40.115312335747795 30.82811998589298 0.0 2.23606797749979 0.4472135954999579 1 0 0 -0.037641484208206295 0.999291308211276 6.207884549579736
cell 43.36928358213007 31.52264350405611 0.0 2.23606797749979 0.4472135954999579 1 0 0 0.06628883242997093 -0.9978004763954922 6.15051035415145
cell 31.90358892594638 40.12025837342877 0.0 2.23606797749979 0.4472135954999579 1 0 0 0.1467607336838104 -0.9891720209592413 5.988599815121726
cell 10.502228494611822 19.171079656608057 0.0 2.23606797749979 0.4472135954999579 1 0 0 0.043487260632166125 0.999053981605954 0.08700195814590726
cell 41.719375014276515 18.1023399617217 0.0 2.23606797749979 0.4472135954999579 1 0 0 0.022180087512312385 0.9997539915989064 0.04436381304119702
cell 18.886519084045663 11.772899419495902 0.0 2.23606797749979 0.4472135954999579 1 0 0 0.9870384012285299 0.16048425000674557 2.819230168609159
cell 15.088271398127175 30.566405328449278 0.0 2.23606797749979 0.4472135954999579 1 0 0 -0.0839424803168049 0.9964706016728556 6.115102556319189
cell 14.375595709609113 35.107851545338335 0.0 2.23606797749979 0.4472135954999579 1 0 0 0.08692259746217393 -0.9962150681707383 6.109120448917724
cell 20.31493357531573 15.281180213467463 0.0 2.23606797749979 0.4472135954999579 1 0 0 0.9991291571584475 0.04172442109664647 3.058119579346414
cell 36.89081680482009 41.75233887426011 0.0 2.23606797749979 0.4472135954999579 1 0 0 -0.17619442105858185 0.9843553860206339 5.928947225141656
cell 33.2683722304511 20.207308851642786 0.0 2.23606797749979 0.4472135954999579 1 0 0 0.0017100761009612858 -0.9999985378187954 6.279765153310702
cell 23.785118174209497 31.9335152102645 0.0 2.23606797749979 0.4472135954999579 1 0 0 0.09460510304597908 -0.9955148790840144 6.093691715731077
cell 2.2950184627319743 18.94337345885377 0.0 2.23606797749979 0.4472135954999579 1 0 0 -0.03790728599137553 -0.9992812605411792 0.07583274084780989
cell 27.393145275328674 31.785303802702224 0.0 2.23606797749979 0.4472135954999579 1 0 0 0.1037457061715955 -0.9946038550352381 6.075319869480415
cell 24.20410247644977 25.851487304429487 0.0 2.23606797749979 0.4472135954999579 1 0 0 0.0751024396613855 -0.9971758237928294 6.132838866243798
cell 36.11122165536546 9.6545875961083 0.0 2.23606797749979 0.4472135954999579 1 0 0 0.9988646771126758 0.04763776670447343 3.0462810476341593
cell 17.839815712619234 24.177964870676504 0.0 2.23606797749979 0.4472135954999579 1 0 0 0.05525552840247232 -0.9984722462747593 6.1726179380677
cell 13.395656451436922 36.047697409570226 0.0 2.23606797749979 0.4472135954999579 1 0 0 -0.09479101074851205 0.9954971945120064 6.093318221859375
cell 11.191553247506093 12.95126886120502 0.0 2.23606797749979 0.4472135954999579 1 0 0 0.9841267447407382 0.17746703999897515 2.784768581578766
cell 26.720437441682478 22.367978488145653 0.0 2.23606797749979 0.4472135954999579 1 0 0 -0.01815934663191434 0.999835105469848 6.246864617532792
cell 7.177772841960912 22.35615900705841 0.0 2.23606797749979 0.4472135954999579 1 0 0 -0.01726339907723165 0.9998509764221367 6.248656793820549
cell 17.008291917907123 14.547568223378896 0.0 2.23606797749979 0.4472135954999579 1 0 0 0.9968384573658686 0.07945495526671323 2.9825150641685694
cell 3.402094135906413 24.67995940322249 0.0 2.23606797749979 0.4472135954999579 1 0 0 -0.08295851790698751 0.9965530012531576 6.117077369519451
cell 12.845877323219034 28.286960187320652 0.0 2.23606797749979 0.4472135954999579 1 0 0 0.057099208395309756 -0.998368509319394 6.168924745280498
cell 4.438731658255828 39.8733236621031 0.0 2.23606797749979 0.4472135954999579 1 0 0 0.14860934942459048 -0.9888959810129678 5.984861591358445
cell 35.55128010273693 8.610082504730581 0.0 2.23606797749979 0.4472135954999579 1 0 0 0.9978042240698097 0.06623239712138641 3.009030819775209
cell 10.772736110016469 14.856146613123896 0.0 2.23606797749979 0.4472135954999579 1 0 0 0.993652025092946 0.11249734676287848 2.9161206610012873
cell 28.21884844516252 28.27215152521478 0.0 2.23606797749979 0.4472135954999579 1 0 0 -0.1105459185172794 0.9938710177378003 6.061640670554221
cell 37.45804899620719 23.945948254541946 0.0 2.23606797749979 0.4472135954999579 1 0 0 -0.055196966082810134 0.9984754853952365 6.172735241728114
cell 43.07486680625465 44.33920965187021 0.0 2.23606797749979 0.4472135954999579 1 0 0 -0.1785160148236615 0.9839370063431288 5.924229241782115
cell 34.54928116632883 33.43260886283063 0.0 2.23606797749979 0.4472135954999579 1 0 0 0.11542882654515764 -0.9933157534250667 6.051811905042274
cell 4.2102853035205845 11.497021565065172 0.0 2.23606797749979 0.4472135954999579 1 0 0 0.9766837389536568 0.21468319464621635 2.7088577538708227
cell 44.366108032184705 34.835298706136676 0.0 2.23606797749979 0.4472135954999579 1 0 0 0.12037687032241658 -0.9927282654842563 6.041846298051683
cell 45.85259695004143 25.602004818224383 0.0 2.23606797749979 0.4472135954999579 1 0 0 -0.08438495161680498 0.9964332290427841 6.1142144627024075
cell 10.729819393727132 31.602299536894492 0.0 2.23606797749979 0.4472135954999579 1 0 0 0.07411720440666891 -0.9972495374834426 6.1348148442747705
cell 31.86246339765757 30.645831519141886 0.0 2.23606797749979 0.4472135954999579 1 0 0 0.07784887593563405 -0.9969651711647495 6.127329858516276
cell 24.113514692966778 25.112160228211437 0.0 2.23606797749979 0.4472135954999579 1 0 0 -0.07485158556666584 0.99719468517344 6.133341990597611
cell 12.037654090960837 23.82159243411486 0.0 2.23606797749979 0.4472135954999579 1 0 0 -0.03602775102079537 0.9993507898412767 6.211114208032962
cell 0.7054610306952547 14.574565049547102 0.0 2.23606797749979 0.4472135954999579 1 0 0 0.9931296186037546 0.11701948834258763 2.9070162205917405
cell 20.43510195562178 20.660051653979508 0.0 2.23606797749979 0.4472135954999579 1 0 0 0.003604099777788204 0.9999935052113047 0.007208215160861278
cell 44.095347617578604 40.73705978777441 0.0 2.23606797749979 0.4472135954999579 1 0 0 -0.18250738681808745 0.9832044821688075 5.916113167691151
cell 35.88960952380891 37.81004363051035 0.0 2.23606797749979 0.4472135954999579 1 0 0 0.11042673175491353 -0.9938842673641275 6.061880512476647
cell 18.61472954532304 17.690201726795024 0.0 2.23606797749979 0.4472135954999579 1 0 0 0.03542457614471952 0.9993723527319369 0.0708639787707857
cell 43.19188967903742 16.582248469227903 0.0 2.23606797749979 0.4472135954999579 1 0 0 0.026741956194394054 0.9996423699398186 0.05349028911927041
cell 28.616011692227573 44.65747786470164 0.0 2.23606797749979 0.4472135954999579 1 0 0 -0.2046855970203766 0.9788277715575974 5.870900321394832
cell 31.615787919827415 9.726126617769854 0.0 2.23606797749979 0.4472135954999579 1 0 0 0.9999788996583049 0.006496171038832241 3.128600220130405
cell 29.337218161138367 33.42925060596997 0.0 2.23606797749979 0.4472135954999579 1 0 0 -0.10054229841342721 0.9949327847798289 6.08176037412009
cell 19.160639972605797 43.893332739013445 0.0 2.23606797749979 0.4472135954999579 1 0 0 0.21088232651018377 -0.9775114548513752 5.858230312672277
cell 22.476308911605745 39.344486085348144 0.0 2.23606797749979 0.4472135954999579 1 0 0 0.1225437758827495 -0.9924631091342381 6.037480160403791
cell 13.398550966437334 39.2138537455437 0.0 2.23606797749979 0.4472135954999579 1 0 0 0.16313213252189343 -0.9866042303471334 5.955456337134024
cell 17.79136063403738 35.08291798809607 0.0 2.23606797749979 0.4472135954999579 1 0 0 0.11124597663708374 -0.9937929023101651 6.060231864802309
cell 3.654391367890553 31.660814186561037 0.0 2.23606797749979 0.4472135954999579 1 0 0 0.07445559080106666 -0.9972243303281685 6.13413619634338
cell 14.666050268595884 19.308664995495214 0.0 2.23606797749979 0.4472135954999579 1 0 0 -0.04170715756418913 -0.9991298779477651 0.08343851709707639
cell 15.47173793386263 32.64421439108776 0.0 2.23606797749979 0.4472135954999579 1 0 0 0.06658285863720534 -0.9977808992638103 6.149920999673215
cell 1.5890121083853554 39.10675040464207 0.0 2.23606797749979 0.4472135954999579 1 0 0 0.16854286298985685 -0.9856943255062304 5.944482913504672
cell 7.790453687562525 22.949628619295396 0.0 2.23606797749979 0.4472135954999579 1 0 0 0.026255302139985077 -0.9996552701354293 6.230668668076287
cell 40.8235999088251 11.633975072486617 0.0 2.23606797749979 0.4472135954999579 1 0 0 0.9931386984375015 0.11694240319860667 2.9071714567061786
cell 4.848579249834221 41.73136848260951 0.0 2.23606797749979 0.4472135954999579 1 0 0 -0.16083990313921345 0.9869805092088538 5.960102154070112
cell 19.402889399952624 29.494237279908816 0.0 2.23606797749979 0.4472135954999579 1 0 0 0.08370167171492243 -0.9964908580374069 6.115585874447671
cell 34.68861010917802 17.161076686525966 0.0 2.23606797749979 0.4472135954999579 1 0 0 -0.013464076331285997 -0.9999093552160342 0.026928966324267556
cell 2.0867951035485355 28.475108605722994 0.0 2.23606797749979 0.4472135954999579 1 0 0 0.08900613725476368 -0.9960310775929565 6.104937152516529
cell 13.789120636431996 40.95533976792812 0.0 2.23606797749979 0.4472135954999579 1 0 0 0.18419218434116166 -0.9828902478037065 5.912685464875014
cell 6.252216943082034 31.890052899545772 0.0 2.23606797749979 0.4472135954999579 1 0 0 0.09450798060341742 -0.9955241039785345 6.093886834848906
cell 38.37602645911485 14.980659882497433 0.0 2.23606797749979 0.4472135954999579 1 0 0 0.9987596016912029 0.04979214827289271 3.041967161872909
cell 16.092219109659567 22.485641482936764 0.0 2.23606797749979 0.4472135954999579 1 0 0 -0.022452010729977837 0.99974792183539 6.238277512231371
cell 5.109775559249824 42.68674013589598 0.0 2.23606797749979 0.4472135954999579 1 0 0 0.17807806122997502 -0.9840163637402446 5.925119412439844
cell 23.861375343278045 22.976874308838713 0.0 2.23606797749979 0.4472135954999579 1 0 0 -0.006723982754173559 0.99997739377244 6.2697372403344
cell 43.51531280364619 12.833207853091348 0.0 2.23606797749979 0.4472135954999579 1 0 0 0.9942125770964465 0.10743068250384742 2.926315828784554
cell 38.74889835234837 45.15135892857355 0.0 2.23606797749979 0.4472135954999579 1 0 0 -0.18120924042771847 0.9834445643673106 5.9187534887064706
cell 22.743514236525606 10.990398733306355 0.0 2.23606797749979 0.4472135954999579 1 0 0 0.9878950699354387 0.15512359845379636 2.830087523484361
cell 37.570765694585795 18.301647748469797 0.0 2.23606797749979 0.4472135954999579 1 0 0 -6.470479356981657e-05 -0.9999999979066448 0.00012940958723017815
cell 24.26568320958819 31.10887760456799 0.0 2.23606797749979 0.4472135954999579 1 0 0 -0.1078383693549192 0.9941684394984946 6.067088344097113
cell 26.287083483327674 36.08877971249813 0.0 2.23606797749979 0.4472135954999579 1 0 0 -0.04912298883571246 0.99879273724224 6.18489977416938
cell 4.591268201459432 12.455582187559694 0.0 2.23606797749979 0.4472135954999579 1 0 0 0.9744096617425053 0.22477947215628113 2.6881592319221252
cell 17.92824461575744 39.24942603956147 0.0 2.23606797749979 0.4472135954999579 1 0 0 -0.15407084274997754 0.9880598035616628 5.973811309962517
cell 22.265913614840876 24.8179578671799 0.0 2.23606797749979 0.4472135954999579 1 0 0 0.04351804368503449 -0.9990526411925587 6.196121724588788
cell 13.41147120762836 24.449019427262332 0.0 2.23606797749979 0.4472135954999579 1 0 0 -0.052697757577888305 0.9986105078288843 6.177740949461795
cell 12.771818296272217 36.91916394811998 0.0 2.23606797749979 0.4472135954999579 1 0 0 0.12076998727429267 -0.992680517676139 6.041054285948034
cell 15.571056826174997 33.30950062453682 0.0 2.23606797749979 0.4472135954999579 1 0 0 -0.08725051286141124 0.9961864022387681 6.108462116947694
cell 23.99879080612465 29.800878075648022 0.0 2.23606797749979 0.4472135954999579 1 0 0 0.1322388092144377 -0.9912178859047831 6.017930734537157
cell 2.768239395204484 15.719506715336685 0.0 2.23606797749979 0.4472135954999579 1 0 0 0.9974008400538427 0.07205251043432846 2.9973626521075443
cell 38.30546915954185 33.219364486571564 0.0 2.23606797749979 0.4472135954999579 1 0 0 0.07518112301019349 -0.9971698946232413 6.132681053387099
cell 24.137242094363447 30.33237059468761 0.0 2.23606797749979 0.4472135954999579 1 0 0 0.13206672780255854 -0.9912408281580843 6.018277942597988
cell 15.051810586595225 18.55378340725722 0.0 2.23606797749979 0.4472135954999579 1 0 0 0.0532783188978742 0.9985797017441405 0.10660711387561833
cell 22.80397632560796 9.733285388666204 0.0 2.23606797749979 0.4472135954999579 1 0 0 0.9794520285265613 0.20167727639772423 2.7354524858357476
cell 33.122218844760155 32.24257402354923 0.0 2.23606797749979 0.4472135954999579 1 0 0 0.1054641775431537 -0.9944231027360266 6.071863966708947
cell 41.03395495785141 40.11048337850216 0.0 2.23606797749979 0.4472135954999579 1 0 0 0.172399637180436 -0.9850270885107952 5.936654776581101
cell 27.946540893619726 14.553162870760083 0.0 2.23606797749979 0.4472135954999579 1 0 0 0.9988719567756122 0.047484881459886275 3.0465871645500635
cell 17.186007586292405 36.04009416667242 0.0 2.23606797749979 0.4472135954999579 1 0 0 0.10875008596587647 -0.9940691217427561 6.0652541235495745
cell 37.15242514746946 19.92543248620443 0.0 2.23606797749979 0.4472135954999579 1 0 0 -0.019286529760666193 -0.9998139975864465 0.03857545126000428
cell 30.94901205405133 36.26896937172573 0.0 2.23606797749979 0.4472135954999579 1 0 0 0.07219667473735387 -0.9973904151117899 6.138666224215952
cell 27.128791013723628 26.637056632855902 0.0 2.23606797749979 0.4472135954999579 1 0 0 -0.05407158613060033 0.9985370616924146 6.174989368442987
cell 28.002935777341385 42.68065305412627 0.0 2.23606797749979 0.4472135954999579 1 0 0 0.20097810368257762 -0.979595733882174 5.878472716024493
cell 44.55459197532563 30.636202613019698 0.0 2.23606797749979 0.4472135954999579 1 0 0 -0.08272636711815008 0.9965722995264483 6.117543272566684
cell 2.728732309910564 36.97990404955568 0.0 2.23606797749979 0.4472135954999579 1 0 0 -0.153815521425721 0.9880995827185303 5.974328113059693
cell 25.6122980522506 27.46448326327068 0.0 2.23606797749979 0.4472135954999579 1 0 0 -0.08205533238726369 0.9966277752635714 6.118889920530472
cell 34.2442580228223 23.277937617973514 0.0 2.23606797749979 0.4472135954999579 1 0 0 -0.052253907208369914 0.9986338313823837 6.178629874974809
cell 40.61790995551942 41.198327185587964 0.0 2.23606797749979 0.4472135954999579 1 0 0 0.17860140315614478 -0.98392151048275 5.924055675782935
cell 34.37946716962155 26.064042780492922 0.0 2.23606797749979 0.4472135954999579 1 0 0 -0.0776452417863894 0.9969810511880018 6.12773836331195
cell 45.06492395069154 37.70059164082174 0.0 2.23606797749979 0.4472135954999579 1 0 0 -0.16776773221046393 0.9858265506816897 5.9460555689075445
cell 11.279881807794244 18.46338496856799 0.0 2.23606797749979 0.4472135954999579 1 0 0 -0.05780038409489573 -0.9983281602752085 0.11566523328746836
cell 15.130948574908757 34.18709907805952 0.0 2.23606797749979 0.4472135954999579 1 0 0 0.09978752881975142 -0.9950087683493283 6.083277543418443
cell 36.268145975553296 29.666367493997853 0.0 2.23606797749979 0.4472135954999579 1 0 0 -0.05736189269432044 0.9983534510715758 6.168398514182316
cell 31.697135968420667 39.29530346222228 0.0 2.23606797749979 0.4472135954999579 1 0 0 0.12377303105000409 -0.9923105546071224 6.035002789744282
cell 4.734445294626408 30.738244974043816 0.0 2.23606797749979 0.4472135954999579 1 0 0 -0.06492173547502801 0.9978903588385402 6.153250451398912
cell 18.79649380024381 10.759378938659077 0.0 2.23606797749979 0.4472135954999579 1 0 0 0.9784142411447305 0.20665326691146457 2.7252863577873288
cell 22.929579543371556 40.963760894755396 0.0 2.23606797749979 0.4472135954999579 1 0 0 0.1800331508117845 -0.9836605433831233 5.921145001943188
cell 32.92452592544925 29.045577008524717 0.0 2.23606797749979 0.4472135954999579 1 0 0 0.0711428013469042 -0.9974661406867478 6.1407794053153
cell 32.78344710607949 43.60230282891369 0.0 2.23606797749979 0.4472135954999579 1 0 0 0.20689398325273797 -0.9783633679230922 5.866386944544502
cell 18.316678423538516 40.98354579268737 0.0 2.23606797749979 0.4472135954999579 1 0 0 0.1533878486056788 -0.9881660629166139 5.975193731129432
cell 19.633685147363092 25.50606538987361 0.0 2.23606797749979 0.4472135954999579 1 0 0 -0.027035695165533568 0.9996344687869243 6.229107327624782
cell 6.385820264908778 15.530897672445649 0.0 2.23606797749979 0.4472135954999579 1 0 0 0.9952618564139131 0.09723084473319879 2.9468232517145534
cell 4.7911270593899715 20.98152931311384 0.0 2.23606797749979 0.4472135954999579 1 0 0 0.0022872398972846324 0.9999973842634051 0.004574483783118172
cell 28.648497760060028 25.14379447491319 0.0 2.23606797749979 0.4472135954999579 1 0 0 -0.06891830906381514 0.9976223066249995 6.145239340641505
cell 3.3659281193717643 22.866567960610464 0.0 2.23606797749979 0.4472135954999579 1 0 0 -0.03181258961378091 0.9994938514778694 6.21954939118142
cell 2.2291315584345224 29.81469384053008 0.0 2.23606797749979 0.4472135954999579 1 0 0 0.09320492907787653 -0.9956469460584851 6.096504493114884
cell 2.735554119661255 20.311803939119937 0.0 2.23606797749979 0.4472135954999579 1 0 0 0.006480762554328309 0.9999789996378496 0.012961615841659224
cell 30.39249303219806 17.27940391645109 0.0 2.23606797749979 0.4472135954999579 1 0 0 0.020083166953107003 0.9997983128637163 0.04016903446836957
cell 27.078830341138964 39.29547425055403 0.0 2.23606797749979 0.4472135954999579 1 0 0 0.13531306543057534 -0.9908028937804839 6.011726452962961
cell 36.93012248019369 19.098417653346615 0.0 2.23606797749979 0.4472135954999579 1 0 0 -0.02105963944225518 -0.9997782212003631 0.04212239288179731
cell 2.7017677346252995 22.12228085828551 0.0 2.23606797749979 0.4472135954999579 1 0 0 0.034961972074081825 -0.9993886433758846 6.213247110057089
cell 15.361490471186455 26.995944959523705 0.0 2.23606797749979 0.4472135954999579 1 0 0 0.05506163909546725 -0.9984829572406935 6.173006307934093
cell 43.70620621891341 19.518320970717763 0.0 2.23606797749979 0.4472135954999579 1 0 0 0.029092644145846485 0.9995767194450875 0.058193499248963824
cell 28.483039153851134 29.47405278677561 0.0 2.23606797749979 0.4472135954999579 1 0 0 0.11609608409751897 -0.9932379872201937 6.05046835714097
cell 6.978691924297225 26.007448144678342 0.0 2.23606797749979 0.4472135954999579 1 0 0 -0.062431608733643444 0.998049244391743 6.158240833763985
cell 10.661120876139732 25.851671931823457 0.0 2.23606797749979 0.4472135954999579 1 0 0 -0.07439546306587198 0.9972288178122484 6.134256786260936
cell 35.528784572211464 36.41355143903993 0.0 2.23606797749979 0.4472135954999579 1 0 0 -0.08222077288790167 0.9966141402296659 6.11855791767829
cell 26.65384879289076 37.67386898795901 0.0 2.23606797749979 0.4472135954999579 1 0 0 -0.07636764991636306 0.9970797270260046 6.130301157203029
cell 9.029176845778176 29.017295617599014 0.0 2.23606797749979 0.4472135954999579 1 0 0 0.07842039086512598 -0.9969203791158855 6.1261833234731595
cell 46.00733314206406 15.707855417704879 0.0 2.23606797749979 0.4472135954999579 1 0 0 0.9977753931157514 0.0666653200150404 3.0081630560776165
cell 23.09274233340248 16.79655557193786 0.0 2.23606797749979 0.4472135954999579 1 0 0 0.01737620963076065 0.9998490222722968 0.03475416831424639
cell 1.1286686300503346 11.56778126652718 0.0 2.23606797749979 0.4472135954999579 1 0 0 0.9888994700911218 0.1485861300845358 2.843315897812049
cell 19.639133313335222 30.82331680326431 0.0 2.23606797749979 0.4472135954999579 1 0 0 0.09727339835151345 -0.9952576982737424 6.088330392719036
cell 37.06509575586879 22.495265981456853 0.0 2.23606797749979 0.4472135954999579 1 0 0 0.042185396786461105 -0.999109799920894 6.198789469059537
cell 45.92220592720346 26.25422956355349 0.0 2.23606797749979 0.4472135954999579 1 0 0 -0.07744520556135086 0.9969966098917088 6.128139644085094
cell 40.68910844860464 38.500492088637486 0.0 2.23606797749979 0.4472135954999579 1 0 0 0.16930078303070484 -0.9855644295860064 5.9429449723256305
cell 40.10533847801321 29.490269624083087 0.0 2.23606797749979 0.4472135954999579 1 0 0 -0.0635595301935359 0.9979780489176989 6.155980501265291
cell 33.14299789498993 25.331678719818182 0.0 2.23606797749979 0.4472135954999579 1 0 0 0.008266881519807886 -0.9999658287511316 6.266651355810953
cell 2.583091075472913 36.189048568297714 0.0 2.23606797749979 0.4472135954999579 1 0 0 -0.15696267721772597 0.9876045352065997 5.967956403649223
cell 44.40847795762591 25.12240161261536 0.0 2.23606797749979 0.4472135954999579 1 0 0 -0.06801760486489694 0.9976841210666043 6.147044986381404
cell 9.256799323365676 19.855210471157402 0.0 2.23606797749979 0.4472135954999579 1 0 0 0.026356315561978948 0.999652611975779 0.05271873588451381
cell 33.051966315407235 24.709062375417812 0.0 2.23606797749979 0.4472135954999579 1 0 0 -0.02673830208295516 0.9996424676861826 6.229702328897411
cell 33.23556611494479 18.635292044761183 0.0 2.23606797749979 0.4472135954999579 1 0 0 -0.006047940653808722 -0.9999817110396809 0.012095955048521567
cell 6.933420402876794 35.57286670054996 0.0 2.23606797749979 0.4472135954999579 1 0 0 0.12610795968088592 -0.992016523302472 6.030296050458732
cell 34.00884028607756 34.31527049479913 0.0 2.23606797749979 0.4472135954999579 1 0 0 0.12275106621743254 -0.9924374921084368 6.037062425966511
cell 0.38461867262887306 16.65210887748866 0.0 2.23606797749979 0.4472135954999579 1 0 0 -0.04387363610883338 -0.999037088427947 0.08777544735797793
cell 34.784058808610595 14.80350307334751 0.0 2.23606797749979 0.4472135954999579 1 0 0 0.9980918761814751 0.06174630920583816 3.0180214287763443
cell 18.090122747019837 40.16262830795633 0.0 2.23606797749979 0.4472135954999579 1 0 0 0.14965309546157535 -0.988738565556522 5.9827504916269305
cell 39.5988789470782 34.28527573084308 0.0 2.23606797749979 0.4472135954999579 1 0 0 -0.09876987178224368 0.9951103016390289 6.085322962638135
cell 44.52482708238959 35.49088130385061 0.0 2.23606797749979 0.4472135954999579 1 0 0 0.13605915738686694 -0.9907007144900905 6.010220340295956
cell 9.998803714631922 43.956894824804124 0.0 2.23606797749979 0.4472135954999579 1 0 0 0.2025130799584473 -0.9792795578616678 5.875338313404448
cell 5.015850685781678 13.349930604360534 0.0 2.23606797749979 0.4472135954999579 1 0 0 0.9862373848998336 0.16533547902957035 2.8093963292983557
cell 25.977623929694936 19.05356498224444 0.0 2.23606797749979 0.4472135954999579 1 0 0 -0.037041357501694634 -0.9993137334363176 0.07409966648685984
cell 0.3471266832887042 20.897505478084806 0.0 2.23606797749979 0.4472135954999579 1 0 0 -0.013104548390062434 0.9999141317190654 6.2569754601969985
cell 26.111323797391428 24.290167215970037 0.0 2.23606797749979 0.4472135954999579 1 0 0 -0.05223810788818599 0.9986346579626917 6.178661516830209
cell 11.124570845198777 33.68710511299989 0.0 2.23606797749979 0.4472135954999579 1 0 0 0.07090085303696447 -0.9974833678005016 6.1412645269842425
cell 23.67008304236812 11.732519437311304 0.0 2.23606797749979 0.4472135954999579 1 0 0 0.9952219183811104 0.09763878928900342 2.9460034619624165
cell 37.230367640558704 28.10095710517244 0.0 2.23606797749979 0.4472135954999579 1 0 0 -0.06202263511958092 0.9980747430592678 6.15906036924557
cell 32.51538369053988 12.764244663231304 0.0 2.23606797749979 0.4472135954999579 1 0 0 0.9979737667256212 0.06362673123361984 3.0142531730014266
cell 6.987297495261224 14.504648480934067 0.0 2.23606797749979 0.4472135954999579 1 0 0 0.9911394137044569 0.1328256850220824 2.8751538831428314
cell 10.743389026077516 21.820915576178248 0.0 2.23606797749979 0.4472135954999579 1 0 0 -0.017828578502770226 0.9998410582630474 6.24752626091711
cell 6.645162356883592 34.06368604802436 0.0 2.23606797749979 0.4472135954999579 1 0 0 0.10207736863950152 -0.9947764627350384 6.0786743555504446
cell 44.76398859600992 39.544552570701626 0.0 2.23606797749979 0.4472135954999579 1 0 0 0.1708426239966553 -0.9852983293530633 5.939815701869002
cell 42.765886728161995 14.777660232985141 0.0 2.23606797749979 0.4472135954999579 1 0 0 0.9955475512824652 0.09426066589775059 2.9527910286804326
cell 36.97428854544864 26.219562746659726 0.0 2.23606797749979 0.4472135954999579 1 0 0 -0.08630458381766923 0.9962687984736142 6.110361138762258
cell 39.87168281847419 12.856694805467848 0.0 2.23606797749979 0.4472135954999579 1 0 0 0.9933245267773794 0.11535330295442478 2.910371314393012
cell 9.463000617477686 41.84407455108766 0.0 2.23606797749979 0.4472135954999579 1 0 0 0.18257553103575014 -0.9831918304517251 5.915974550226913
cell 19.748876788666635 26.02576030245242 0.0 2.23606797749979 0.4472135954999579 1 0 0 -0.0411274792300978 0.9991539072896517 6.200907142425082
cell 25.958325584241813 19.856384304284738 0.0 2.23606797749979 0.4472135954999579 1 0 0 -0.021723750816055844 -0.9997640114799502 0.04345091965863013
cell 31.143097845942528 14.78345714637647 0.0 2.23606797749979 0.4472135954999579 1 0 0 0.9963720116307061 0.08510472630224544 2.9711770625022584
cell 44.98150988267675 20.279402528464104 0.0 2.23606797749979 0.4472135954999579 1 0 0 -0.005032267762299347 0.999987338060422 6.2731207291759254
cell 40.501525428255114 20.46113296905035 0.0 2.23606797749979 0.4472135954999579 1 0 0 0.01739718308238505 -0.9998486575581317 6.248389185620437
cell 6.447212346320948 27.50553934446253 0.0 2.23606797749979 0.4472135954999579 1 0 0 0.09645174625616619 -0.9953376616224949 6.089981460666319
cell 4.058873240315928 16.63437875777716 0.0 2.23606797749979 0.4472135954999579 1 0 0 0.04569194121307758 0.9989555778452717 0.09141571017365756
cell 36.72953615176238 40.89870101090127 0.0 2.23606797749979 0.4472135954999579 1 0 0 0.17561070337358123 -0.984459689809916 5.930133151996978
cell 17.745402337929992 20.010476491770486 0.0 2.23606797749979 0.4472135954999579 1 0 0 0.024611535480185732 0.9996970902835056 0.049228041611463276
cell 42.455047940256584 17.33550828920147 0.0 2.23606797749979 0.4472135954999579 1 0 0 0.027411276973523236 0.999624240349683 0.05482942168053795
cell 41.95973884769951 24.38303233213346 0.0 2.23606797749979 0.4472135954999579 1 0 0 -0.0676461252197074 0.9977093773954215 6.147789660835208
cell 28.64529535052062 30.20729845590238 0.0 2.23606797749979 0.4472135954999579 1 0 0 -0.09582522733561856 0.9953981745040911 6.091240329650326
cell 17.737009376404938 38.45188784745599 0.0 2.23606797749979 0.4472135954999579 1 0 0 0.12768973191566035 -0.9918141622115036 6.027106722032417
cell 41.612455777050236 33.194206427971764 0.0 2.23606797749979 0.4472135954999579 1 0 0 0.07651601111352788 -0.9970683527438199 6.13000356406359
cell 46.272098583934394 23.50441537741498 0.0 2.23606797749979 0.4472135954999579 1 0 0 0.049482212426428966 -0.9987750050203428 6.184180452207488
cell 2.2701604087731733 37.96982091460381 0.0 2.23606797749979 0.4472135954999579 1 0 0 0.15989295735935716 -0.9871343587308056 5.9620208787048465
cell 14.896815345528312 13.401109472520277 0.0 2.23606797749979 0.4472135954999579 1 0 0 0.9938738547561918 0.11052040912007222 2.9200993503071695
cell 29.852718149734432 18.084815497913507 0.0 2.23606797749979 0.4472135954999579 1 0 0 -0.016966224804733074 -0.9998560632490435 0.033934077745389146
cell 41.40031580790597 25.97468511797204 0.0 2.23606797749979 0.4472135954999579 1 0 0 -0.04395645331858161 0.9990334479944359 6.195244065455111
cell 24.288185512561807 14.386128948148015 0.0 2.23606797749979 0.4472135954999579 1 0 0 0.9983860459768416 0.056791752911209886 3.027948002105642
cell 15.210069449468044 31.295166288491526 0.0 2.23606797749979 0.4472135954999579 1 0 0 -0.0709097484426908 0.9974827354775592 6.141246691281246
cell 10.039084174912919 36.20889957649967 0.0 2.23606797749979 0.4472135954999579 1 0 0 0.12610477900392103 -0.9920169276339856 6.0303024630057855
cell 39.164014913939894 43.82454808400514 0.0 2.23606797749979 0.4472135954999579 1 0 0 0.1987534488814809 -0.9800495225026726 5.883013647783792
cell 9.237198565833818 40.915754989548134 0.0 2.23606797749979 0.4472135954999579 1 0 0 0.1798049693735933 -0.9837022786334091 5.9216089355595285
cell 6.308666415782902 21.598529139401634 0.0 2.23606797749979 0.4472135954999579 1 0 0 -0.015356739835845977 0.9998820783180455 6.252470620189219
cell 35.709969397607566 37.08584440281971 0.0 2.23606797749979 0.4472135954999579 1 0 0 0.0987979157375083 -0.9951075177315888 6.085266599048201
cell 32.34166400465889 41.74600116061881 0.0 2.23606797749979 0.4472135954999579 1 0 0 0.17563100978586194 -0.9844560672785752 5.930091897997752
cell 17.836722879664666 16.145361650658074 0.0 2.23606797749979 0.4472135954999579 1 0 0 0.9998928043566818 0.014641714234691587 3.112308178723558
cell 43.29287917691987 42.045297575064865 0.0 2.23606797749979 0.4472135954999579 1 0 0 0.18196761196782751 -0.9833045246487612 5.917211102833747
cell 33.41953999289182 19.440612435822377 0.0 2.23606797749979 0.4472135954999579 1 0 0 -0.014119322944332347 -0.9999003173914857 0.028239584226707137
cell 7.182817984427559 20.425456412871043 0.0 2.23606797749979 0.4472135954999579 1 0 0 0.015492303314693697 0.9998799870674507 0.03098584620672888
cell 19.91597859184037 32.19461513648402 0.0 2.23606797749979 0.4472135954999579 1 0 0 -0.10265094863809036 0.9947174386446134 6.077521137674684
cell 44.47524288608209 28.647561554920692 0.0 2.23606797749979 0.4472135954999579 1 0 0 -0.06587976733913253 0.9978275683981385 6.151330276653895
cell 28.357530088564193 28.953876233229533 0.0 2.23606797749979 0.4472135954999579 1 0 0 0.10658398769306619 -0.9943037028833013 6.069611651250836
cell 23.043304443425196 32.88135248313977 0.0 2.23606797749979 0.4472135954999579 1 0 0 0.09855889257227708 -0.995131219837327 6.085746989987379
