500
 Lattice="46.7082601366494 0.0 0.0 0.0 46.7082601366494 0.0 0.0 0.0 1.0"Properties=species:S:1:pos:R:3:aspherical_shape:R:3:orientation:R:4:Color:R:1
cell 14.577628534752618 20.576836983227977 0.0 2.23606797749979 0.4472135954999579 1 0 0 0.15425298330721535 -0.9880313846942433 5.9734426213963125
cell 38.67913642407095 42.440552989779306 0.0 2.23606797749979 0.4472135954999579 1 0 0 0.1661809160822367 -0.9860952809592329 5.949274389776103
cell 6.36759053156485 42.61895126666252 0.0 2.23606797749979 0.4472135954999579 1 0 0 -0.2739056560169174 0.9617565656661472 5.7282819910285845
cell 31.779135946627388 5.245714579456837 0.0 2.23606797749979 0.4472135954999579 1 0 0 0.16800969769491467 -0.9857853424962574 5.945564670097139
cell 34.681855878034746 44.47343448813135 0.0 2.23606797749979 0.4472135954999579 1 0 0 -0.22854236144996384 0.9735339691160623 5.822024999469419
cell 40.64495036647269 29.09047960261179 0.0 2.23606797749979 0.4472135954999579 1 0 0 0.1708900385067491 -0.9852901068919558 5.9397194575001375
cell 30.75243763890478 46.61966000549788 0.0 2.23606797749979 0.4472135954999579 1 0 0 0.1976924543127913 -0.9802640937562617 5.885178596200796
cell 21.74536225173487 32.73979692080736 0.0 2.23606797749979 0.4472135954999579 1 0 0 -0.475935958578373 0.8794799391299868 5.29112941943697
cell 11.500454971929946 32.43773607808478 0.0 2.23606797749979 0.4472135954999579 1 0 0 -0.3074009574808101 0.9515800814119015 5.658264243970597
cell 28.032153286441535 17.556654440031288 0.0 2.23606797749979 0.4472135954999579 1 0 0 0.3461875964499531 -0.9381653095612758 5.5761765849304785
cell 3.2492601492676374 9.956764496309669 0.0 2.23606797749979 0.4472135954999579 1 0 0 0.23891183374597183 -0.9710412636423527 5.800695150492032
cell 35.72213484131209 3.1697871501720924 0.0 2.23606797749979 0.4472135954999579 1 0 0 0.17669822378110556 -0.9842650749227072 5.927923558626916
cell 45.98153988817928 11.350354419718533 0.0 2.23606797749979 0.4472135954999579 1 0 0 0.23428232043986072 -0.9721686038590809 5.810224753289447
cell 45.25516220269528 36.49146578815156 0.0 2.23606797749979 0.4472135954999579 1 0 0 0.9762337146514003 0.2167204060025922 2.704685103124815
cell 41.21069212073211 38.333526078497954 0.0 2.23606797749979 0.4472135954999579 1 0 0 0.9825324734741067 0.18609121034818865 2.7672279421239834
cell 24.74567571555498 23.76300838445311 0.0 2.23606797749979 0.4472135954999579 1 0 0 0.42294987089721403 -0.9061530812771261 5.409788838286143
cell 30.59605464435842 40.22839387944556 0.0 2.23606797749979 0.4472135954999579 1 0 0 0.9746001342550916 0.22395217862293157 2.6898571063717314
cell 6.489488363991861 14.10570114367882 0.0 2.23606797749979 0.4472135954999579 1 0 0 0.14693309231457932 -0.989146433235684 5.988251319903543
cell 10.594008423268788 6.499467350374831 0.0 2.23606797749979 0.4472135954999579 1 0 0 0.23352289027444126 -0.9723513046825573 5.811786948921329
cell 20.324732641999844 1.0808086173980913 0.0 2.23606797749979 0.4472135954999579 1 0 0 0.2163272778937298 -0.976320904641035 5.8470831182643765
cell 9.567571206373476 5.880652506827734 0.0 2.23606797749979 0.4472135954999579 1 0 0 0.1493176575968471 -0.9887892784257881 5.983428991022086
cell 11.806281107445276 27.2590768922534 0.0 2.23606797749979 0.4472135954999579 1 0 0 0.9757634260045258 0.21882809799454542 2.7003660575095405
cell 7.174249571408837 11.783370696327074 0.0 2.23606797749979 0.4472135954999579 1 0 0 -0.17843222827825211 0.9839522040788656 5.924399549226081
cell 2.004573177858784 7.897005561537708 0.0 2.23606797749979 0.4472135954999579 1 0 0 -0.18758713298471993 0.9822479664211949 5.905775120876786
cell 11.464022981767558 46.18572941101867 0.0 2.23606797749979 0.4472135954999579 1 0 0 0.9957468945769639 0.09213100422948213 2.9570689713236775
cell 45.882007606174156 24.305312504914234 0.0 2.23606797749979 0.4472135954999579 1 0 0 -0.25227312288911985 0.9676560708577046 5.773128026184586
cell 30.11688732808321 39.09977491952225 0.0 2.23606797749979 0.4472135954999579 1 0 0 -0.0769382450035609 0.9970358601654065 6.129156599534877
cell 23.057302336739486 7.292838573596235 0.0 2.23606797749979 0.4472135954999579 1 0 0 0.17772084282497205 -0.9840809428220737 5.925845430203069
cell 28.37644739734452 43.82166887914759 0.0 2.23606797749979 0.4472135954999579 1 0 0 -0.18793608498737557 0.982181260236428 5.905064579627959
cell 2.0309185781767094 2.8898884447435162 0.0 2.23606797749979 0.4472135954999579 1 0 0 -0.33404725193176366 0.9425563290736723 5.601996835301854
cell 39.457065932416 5.536563836918367 0.0 2.23606797749979 0.4472135954999579 1 0 0 0.26015992945705907 -0.9655655395181095 5.756809642876807
cell 43.72954444076884 7.9344966708825755 0.0 2.23606797749979 0.4472135954999579 1 0 0 0.19604670180527248 -0.9805945598009784 5.888535803244956
cell 31.886513519447316 2.4490694859697197 0.0 2.23606797749979 0.4472135954999579 1 0 0 0.17641080754320762 -0.9843166294348346 5.928507565346514
cell 19.409367252229526 30.942204175056826 0.0 2.23606797749979 0.4472135954999579 1 0 0 0.42811081946695356 -0.9037262451955976 5.398382697543127
cell 3.0593132725185694 17.763050785470085 0.0 2.23606797749979 0.4472135954999579 1 0 0 0.18872972174249134 -0.982029068882893 5.903448384661134
cell 27.210205607080134 16.045584179741432 0.0 2.23606797749979 0.4472135954999579 1 0 0 -0.3114540279196693 0.9502612211874237 5.64973973817219
cell 16.589306126066905 41.10692356581238 0.0 2.23606797749979 0.4472135954999579 1 0 0 -0.19220736886377207 0.9813543332326331 5.89636338337062
cell 41.30187683250015 30.78562767461067 0.0 2.23606797749979 0.4472135954999579 1 0 0 0.2271075278849691 -0.97386968880748 5.824972171309252
cell 44.61396768352497 27.054143898675303 0.0 2.23606797749979 0.4472135954999579 1 0 0 0.18741730486603592 -0.9822803845322126 5.906120909967951
cell 1.4965394002057242 44.55910219148794 0.0 2.23606797749979 0.4472135954999579 1 0 0 0.26516791266159256 -0.9642022495797725 5.746429177433208
cell 42.41743125726865 35.00735074548898 0.0 2.23606797749979 0.4472135954999579 1 0 0 0.9644714062493426 0.2641872565575707 2.6068703692615802
cell 23.55754316290513 18.68898691774486 0.0 2.23606797749979 0.4472135954999579 1 0 0 -0.26398582962603373 0.964526558346972 5.748880704848974
cell 19.858053992243647 11.766973677190466 0.0 2.23606797749979 0.4472135954999579 1 0 0 0.18931859375328522 -0.9819157143356443 5.902249018980025
cell 23.46481483316709 13.12140514320144 0.0 2.23606797749979 0.4472135954999579 1 0 0 0.12532318424120564 -0.9921159707875107 6.031878153269092
cell 39.89761303694361 27.407626442963892 0.0 2.23606797749979 0.4472135954999579 1 0 0 0.13245540872953737 -0.9911889651818624 6.017493691022867
cell 6.572141268275508 32.9084222030612 0.0 2.23606797749979 0.4472135954999579 1 0 0 0.23245024017783714 -0.9726082900331797 5.813992958734114
cell 11.414604547662515 42.37955047445706 0.0 2.23606797749979 0.4472135954999579 1 0 0 0.33130405754323466 -0.9435240439201267 5.607814598942241
cell 43.315414292256435 42.25799864683512 0.0 2.23606797749979 0.4472135954999579 1 0 0 0.1531950062538463 -0.9881959775565189 5.9755840287515705
cell 15.440640151753708 12.68421592183056 0.0 2.23606797749979 0.4472135954999579 1 0 0 0.21678395436879735 -0.9762196049702275 5.846147564887651
cell 27.148067859101428 42.42189105966243 0.0 2.23606797749979 0.4472135954999579 1 0 0 0.976232677755826 0.21672507672553612 2.704675534257536
cell 45.68137139362592 30.378179744922548 0.0 2.23606797749979 0.4472135954999579 1 0 0 0.23619209374494907 -0.9717063830460193 5.806294927136011
cell 39.23942392211162 44.01536556790723 0.0 2.23606797749979 0.4472135954999579 1 0 0 0.17745684148259763 -0.9841285837790813 5.92638196117139
cell 28.731539350213804 4.216160255807309 0.0 2.23606797749979 0.4472135954999579 1 0 0 -0.13330403677031596 0.9910751907805675 6.015781249244851
cell 24.036230196660046 19.50799902147819 0.0 2.23606797749979 0.4472135954999579 1 0 0 -0.299586841758157 0.9540690353666096 5.67466615523223
cell 19.306414788523632 10.091746044102536 0.0 2.23606797749979 0.4472135954999579 1 0 0 0.1817881408216997 -0.9833377201432831 5.917576133425569
cell 13.684859341610144 4.285612865362395 0.0 2.23606797749979 0.4472135954999579 1 0 0 -0.1425359865026053 0.9897896203495615 5.99713912316073
cell 43.593106405849085 43.0615947191303 0.0 2.23606797749979 0.4472135954999579 1 0 0 0.19386709141755276 -0.9810278033090083 5.892980307002103
cell 20.940607616044957 22.89883146491115 0.0 2.23606797749979 0.4472135954999579 1 0 0 0.3675038536530437 -0.9300219984227052 5.530538051529871
cell 5.503751068544402 42.06354950734679 0.0 2.23606797749979 0.4472135954999579 1 0 0 -0.2838545566931345 0.9588673477830727 5.707562033055641
cell 10.291963925992778 21.81925537409608 0.0 2.23606797749979 0.4472135954999579 1 0 0 0.19516140981828187 -0.9807711374820023 5.890341263446685
cell 18.96868877990915 27.68466435238892 0.0 2.23606797749979 0.4472135954999579 1 0 0 -0.37827795983571805 0.9256920573833001 5.507314678097971
cell 20.270779526771577 7.0924130055338495 0.0 2.23606797749979 0.4472135954999579 1 0 0 0.12512459762629166 -0.9921410358758772 6.032278477649622
cell 39.57134748726347 9.643132952604823 0.0 2.23606797749979 0.4472135954999579 1 0 0 0.21349342339179628 -0.976944501068741 5.852886431025295
cell 11.351161277080708 26.598429404282292 0.0 2.23606797749979 0.4472135954999579 1 0 0 0.9786072774405583 0.2057372026162941 2.727158721927559
cell 29.490651185096546 38.025641537133765 0.0 2.23606797749979 0.4472135954999579 1 0 0 -0.15387151468083232 0.9880908647335155 5.97421477731279
cell 31.070832909057252 0.7508250823738694 0.0 2.23606797749979 0.4472135954999579 1 0 0 0.1895361807105914 -0.9818737374029525 5.901805820843436
cell 11.439094479794562 14.670208219526316 0.0 2.23606797749979 0.4472135954999579 1 0 0 0.2059492777990026 -0.9785626678828849 5.868317943188422
cell 14.860746895618917 7.854946862852717 0.0 2.23606797749979 0.4472135954999579 1 0 0 0.19991234379630685 -0.9798137857765971 5.880648391441964
cell 35.50359349762072 15.986272910299348 0.0 2.23606797749979 0.4472135954999579 1 0 0 -0.2897659468433889 0.9570975373753473 5.69522073924852
cell 6.7692784665322 14.959036399712891 0.0 2.23606797749979 0.4472135954999579 1 0 0 0.15623326978450172 -0.987720185787677 5.969433441611276
cell 40.71926047151081 10.264741815753702 0.0 2.23606797749979 0.4472135954999579 1 0 0 -0.22661290474413162 0.9739849030675102 5.825987900372949
cell 10.688354429225503 16.89358493448023 0.0 2.23606797749979 0.4472135954999579 1 0 0 0.21542722379678045 -0.9765198980293294 5.848926697181793
cell 11.138129414815571 13.882833534706295 0.0 2.23606797749979 0.4472135954999579 1 0 0 0.20155634219202617 -0.9794769220977955 5.877292078867639
cell 28.101839598124602 32.78918657371436 0.0 2.23606797749979 0.4472135954999579 1 0 0 -0.10567698614413291 0.9944005101564926 6.0714359577114925
cell 17.96000078585121 2.9872182850673243 0.0 2.23606797749979 0.4472135954999579 1 0 0 0.20180997058404446 -0.9794246963257905 5.876774179677163
cell 38.65494188871947 37.41801393623934 0.0 2.23606797749979 0.4472135954999579 1 0 0 0.9735097911519933 0.22864532912614308 2.6802208094402618
cell 23.205080399116046 12.326382088992053 0.0 2.23606797749979 0.4472135954999579 1 0 0 0.1382702407141002 -0.9903945378145342 6.0057559766434245
cell 19.610777343280994 4.162916308063747 0.0 2.23606797749979 0.4472135954999579 1 0 0 -0.23870048393694415 0.9710932390704142 5.8011304443563825
cell 5.844176429646711 22.87583055070557 0.0 2.23606797749979 0.4472135954999579 1 0 0 0.17340001493163623 -0.9848514785599443 5.9346234276808705
cell 28.03173343543865 12.942001573022177 0.0 2.23606797749979 0.4472135954999579 1 0 0 -0.21041824965205627 0.9776114566704734 5.859179770829975
cell 20.595292339072408 38.97684373101411 0.0 2.23606797749979 0.4472135954999579 1 0 0 -0.11747402260308988 0.993075955812771 6.047693492091336
cell 1.1384467912254606 43.799334188576026 0.0 2.23606797749979 0.4472135954999579 1 0 0 0.25148627748558533 -0.967860864089691 5.774754145483221
cell 20.024361368318193 31.650511801391325 0.0 2.23606797749979 0.4472135954999579 1 0 0 0.4335159272053147 -0.9011459043125681 5.3864038067801445
cell 34.25746823792789 14.295489384078055 0.0 2.23606797749979 0.4472135954999579 1 0 0 0.2830901921897802 -0.9590932921702421 5.709156152240289
cell 28.388386919681835 33.929298563559236 0.0 2.23606797749979 0.4472135954999579 1 0 0 -0.058409617857532695 0.9982927008356502 6.166299544235045
cell 10.616684293257768 22.58938171558238 0.0 2.23606797749979 0.4472135954999579 1 0 0 0.19477525570168513 -0.9808478983850366 5.891128682623494
cell 19.07508225374696 13.99276226215827 0.0 2.23606797749979 0.4472135954999579 1 0 0 -0.16102241691329416 0.9869507491518517 5.959732305783274
cell 38.36078201144152 41.60312711874374 0.0 2.23606797749979 0.4472135954999579 1 0 0 0.15513518067245782 -0.9878932511753099 5.971656728775493
cell 29.241068770754982 36.981715020785124 0.0 2.23606797749979 0.4472135954999579 1 0 0 -0.11449129531073131 0.9934242514143043 6.0536994820026235
cell 44.42490246032407 22.253799444647072 0.0 2.23606797749979 0.4472135954999579 1 0 0 0.141420547076512 -0.9899496092552287 5.99939283272284
cell 42.31953165141418 39.84738718749653 0.0 2.23606797749979 0.4472135954999579 1 0 0 0.1257525372786151 -0.9920616409114862 6.0310125996449075
cell 18.999329643464435 36.41839051751674 0.0 2.23606797749979 0.4472135954999579 1 0 0 0.4219267677549631 -0.9066299149332375 5.4120463683617475
cell 41.30666050600733 46.6604333973251 0.0 2.23606797749979 0.4472135954999579 1 0 0 0.22472229952449815 -0.9744228487142642 5.829869232962682
cell 7.014261810914721 33.71832480371861 0.0 2.23606797749979 0.4472135954999579 1 0 0 0.23332389387664812 -0.972399074735388 5.8121962485398395
cell 12.513441777467767 34.82687447216642 0.0 2.23606797749979 0.4472135954999579 1 0 0 0.3429005794549754 -0.9393717009839301 5.583179405366645
cell 12.171888795279536 1.5728636156340299 0.0 2.23606797749979 0.4472135954999579 1 0 0 0.9948113619645185 0.10173669006951155 2.9377666248626335
cell 24.758456258838716 37.47694193162291 0.0 2.23606797749979 0.4472135954999579 1 0 0 0.06601864127102003 -0.9978183897908117 6.151051922808428
cell 25.719153316722238 28.993664633108928 0.0 2.23606797749979 0.4472135954999579 1 0 0 0.4114230329914265 -0.911444506223026 5.435155692772357
cell 40.98311023086836 29.953472105348236 0.0 2.23606797749979 0.4472135954999579 1 0 0 0.19900811414627728 -0.9799978420914723 5.882493935315688
cell 33.44475996819229 35.466599846359486 0.0 2.23606797749979 0.4472135954999579 1 0 0 0.14220769152427273 -0.9898368413386811 5.997802470477361
cell 27.417922298925667 6.3349613624273795 0.0 2.23606797749979 0.4472135954999579 1 0 0 0.15653189923772798 -0.9876729036077834 5.968828742824884
cell 0.1028749499575785 33.72525791221156 0.0 2.23606797749979 0.4472135954999579 1 0 0 0.9555603879123831 0.2947954291584861 2.5431097997567216
cell 20.02575723788907 45.115772751455104 0.0 2.23606797749979 0.4472135954999579 1 0 0 0.9926954225470283 0.12064741213211763 2.8997085883921807
cell 4.996809412725447 41.33083738511044 0.0 2.23606797749979 0.4472135954999579 1 0 0 -0.2884122683772026 0.957506325540211 5.698048850623084
cell 37.276665155450765 32.80943412079062 0.0 2.23606797749979 0.4472135954999579 1 0 0 -0.14186148542115598 0.9898865182201964 5.998501974472029
cell 20.937192015198143 40.01951983487209 0.0 2.23606797749979 0.4472135954999579 1 0 0 -0.11868768257399682 0.9929316361186273 6.045249070781454
cell 32.36016475827212 19.031311576132765 0.0 2.23606797749979 0.4472135954999579 1 0 0 0.3233754193521294 -0.9462707530928104 5.624596509197334
cell 20.638715786684056 32.51780980949136 0.0 2.23606797749979 0.4472135954999579 1 0 0 0.4605041877874675 -0.8876575313882066 5.326059081211578
cell 19.476695105209657 22.86715305153459 0.0 2.23606797749979 0.4472135954999579 1 0 0 0.9639918583665148 0.2659317525288647 2.603251953443229
cell 38.29763300117244 12.350254511021735 0.0 2.23606797749979 0.4472135954999579 1 0 0 -0.23260330863303136 0.9725716944333548 5.813678194123948
cell 8.86835535468509 39.09356776174677 0.0 2.23606797749979 0.4472135954999579 1 0 0 0.26320835778587187 -0.9647390115423261 5.750492658765965
cell 26.405456117049148 14.5784120318956 0.0 2.23606797749979 0.4472135954999579 1 0 0 -0.23638663535051643 0.9716590753076214 5.805894505065975
cell 32.86485317445179 33.55731825177953 0.0 2.23606797749979 0.4472135954999579 1 0 0 -0.08395362018196542 0.9964696631901757 6.115080197665783
cell 24.278812790819934 45.62488842483294 0.0 2.23606797749979 0.4472135954999579 1 0 0 -0.24085489057831166 0.9705611375305059 5.7966921554761415
cell 3.8013223756280516 45.17132018188206 0.0 2.23606797749979 0.4472135954999579 1 0 0 0.29926282249399866 -0.9541707200878287 5.675345355547847
cell 42.71955610238468 40.633115517067445 0.0 2.23606797749979 0.4472135954999579 1 0 0 -0.13409907225688258 0.9909679302681007 6.0141767726610995
cell 39.88848859593419 45.51029888113876 0.0 2.23606797749979 0.4472135954999579 1 0 0 0.20809418930412907 -0.9781087916882545 5.863933128077063
cell 22.904038767698104 11.430318903494822 0.0 2.23606797749979 0.4472135954999579 1 0 0 0.15187533968789044 -0.9883996566140075 5.97825461315854
cell 44.24974856271606 26.191705028766233 0.0 2.23606797749979 0.4472135954999579 1 0 0 0.16598260181205624 -0.9861286812052981 5.949676604277735
cell 7.78540458483972 29.24050292703045 0.0 2.23606797749979 0.4472135954999579 1 0 0 0.9660772819351587 0.25825314195334764 2.6191655182038316
cell 44.30463742807371 0.10494769145508555 0.0 2.23606797749979 0.4472135954999579 1 0 0 0.26897909053377217 -0.9631460163732313 5.738519505949257
cell 5.3712490479043264 27.81492416048843 0.0 2.23606797749979 0.4472135954999579 1 0 0 -0.23699992727357336 0.9715096677194319 5.804632047742299
cell 7.494719086032779 34.42268953025387 0.0 2.23606797749979 0.4472135954999579 1 0 0 0.230452990542374 -0.9730834594987608 5.818098951236665
cell 23.740769111976643 13.919941340485902 0.0 2.23606797749979 0.4472135954999579 1 0 0 0.14899750321187022 -0.9888375721202288 5.984076543682673
cell 6.935070117898665 19.759198701800855 0.0 2.23606797749979 0.4472135954999579 1 0 0 0.22943634878366292 -0.97332366757252 5.82018821951383
cell 14.746323527461524 5.876634830789021 0.0 2.23606797749979 0.4472135954999579 1 0 0 0.25784888697919184 -0.9661852573309075 5.761595024881738
cell 5.933136179585402 5.418969129039419 0.0 2.23606797749979 0.4472135954999579 1 0 0 -0.005188837786706485 -0.9999865378905974 0.010377722142131951
cell 43.7915253662191 14.780887897350695 0.0 2.23606797749979 0.4472135954999579 1 0 0 0.22282228261839473 -0.9748590823132994 5.833768138039736
cell 40.77742076156937 34.08538779544489 0.0 2.23606797749979 0.4472135954999579 1 0 0 -0.2457664641484833 0.9693290695630418 5.786564648141642
cell 8.565577624391826 2.94743356386241 0.0 2.23606797749979 0.4472135954999579 1 0 0 0.9929254764958152 0.11873920214300915 2.9035526442289967
cell 28.711672762940637 21.388373426529707 0.0 2.23606797749979 0.4472135954999579 1 0 0 0.397252397058958 -0.9177093946511128 5.466143467918753
cell 11.515768433132587 40.99561729153899 0.0 2.23606797749979 0.4472135954999579 1 0 0 0.292766946938527 -0.956183828968203 5.688946706193289
cell 15.78818231521037 22.70725094823714 0.0 2.23606797749979 0.4472135954999579 1 0 0 0.13794743788002733 -0.9904395510995793 6.006407828977796
cell 22.093581860962747 40.7473316263203 0.0 2.23606797749979 0.4472135954999579 1 0 0 -0.1065160157217664 0.9943109867615667 6.069748373506036
cell 0.3616255899903039 39.579566379834034 0.0 2.23606797749979 0.4472135954999579 1 0 0 0.15121775030434578 -0.9885004764758045 5.97958515959998
cell 8.594290695983334 45.57552323539645 0.0 2.23606797749979 0.4472135954999579 1 0 0 -0.31994278557456723 0.9474368654210087 5.63184711110539
cell 2.919576664219957 28.228504088034143 0.0 2.23606797749979 0.4472135954999579 1 0 0 0.24516935140103815 -0.9694802675318329 5.787796564487704
cell 27.59030276583944 11.384579479448865 0.0 2.23606797749979 0.4472135954999579 1 0 0 0.15553735735585572 -0.9878300109162289 5.970842491912346
cell 3.4980136064398413 30.79345121817832 0.0 2.23606797749979 0.4472135954999579 1 0 0 0.9629152044823559 0.2698042048906999 2.595213273792972
cell 43.59473136788443 36.32589725676768 0.0 2.23606797749979 0.4472135954999579 1 0 0 0.9691563425290034 0.24644671581460573 2.643568317982593
cell 15.708110741887015 44.79977653347186 0.0 2.23606797749979 0.4472135954999579 1 0 0 0.9876900989641576 0.15642336273131516 2.827455869611988
cell 35.45924764502814 7.347011194797703 0.0 2.23606797749979 0.4472135954999579 1 0 0 0.26274246099341647 -0.964866000640049 5.7514584456093045
cell 46.11278679327444 16.100207126317397 0.0 2.23606797749979 0.4472135954999579 1 0 0 0.2509340920593857 -0.9680041742897247 5.775895103970051
cell 18.56294150065811 18.57160998154483 0.0 2.23606797749979 0.4472135954999579 1 0 0 -0.15225613021272966 0.9883410700829164 5.97748407099287
cell 18.834466687484547 13.151252203062429 0.0 2.23606797749979 0.4472135954999579 1 0 0 0.16912426864711416 -0.9855947350481225 5.943303166400033
cell 42.53889480827373 12.352277979743844 0.0 2.23606797749979 0.4472135954999579 1 0 0 0.26267944014027417 -0.9648831596248284 5.751589075754232
cell 38.72707775005807 4.821670943381456 0.0 2.23606797749979 0.4472135954999579 1 0 0 -0.249094193929387 0.9684792628397724 5.779695596225393
cell 22.857969418488086 2.984457284928286 0.0 2.23606797749979 0.4472135954999579 1 0 0 -0.3027566738365941 0.953067886589094 5.66801780372056
cell 11.700664466974517 2.9163307641445044 0.0 2.23606797749979 0.4472135954999579 1 0 0 0.10760691784470082 -0.9941935179993701 6.067553956524066
cell 24.430847362809512 44.34896725600861 0.0 2.23606797749979 0.4472135954999579 1 0 0 0.9886429952246025 0.15028315938030606 2.8398832961684275
cell 34.38517373418617 43.598096038385755 0.0 2.23606797749979 0.4472135954999579 1 0 0 0.1956762002062787 -0.9806685600511685 5.88929144197764
cell 45.836325377980266 8.042887462019522 0.0 2.23606797749979 0.4472135954999579 1 0 0 0.18161276553563632 -0.983370125331504 5.917932821453233
cell 6.778496850955484 7.677534962602126 0.0 2.23606797749979 0.4472135954999579 1 0 0 -0.20352774510674948 0.9790691788488503 5.873265822354237
cell 37.079682958634784 21.9309063153401 0.0 2.23606797749979 0.4472135954999579 1 0 0 0.1917545884887367 -0.9814429060284227 5.897286108057505
cell 35.97693621235201 8.118003784994782 0.0 2.23606797749979 0.4472135954999579 1 0 0 -0.22365982535550663 0.9746672675954314 5.8320496843535405
cell 16.58551447038859 34.520870046453865 0.0 2.23606797749979 0.4472135954999579 1 0 0 0.3595042551588895 -0.9331434458445561 5.5477121556608076
cell 28.27401120493026 8.674008848506597 0.0 2.23606797749979 0.4472135954999579 1 0 0 0.15305202188482814 -0.988218133104714 5.975873410147903
cell 31.016036808921825 17.375046800499355 0.0 2.23606797749979 0.4472135954999579 1 0 0 0.33370201416538947 -0.9426786121165379 5.602729344030548
cell 19.739063816154832 44.22367159381281 0.0 2.23606797749979 0.4472135954999579 1 0 0 0.9892725143892084 0.14608179994117507 2.8483798231433233
cell 35.425033312435794 39.64605359266207 0.0 2.23606797749979 0.4472135954999579 1 0 0 0.9790778585616656 0.20348598692367773 2.7317584701892454
cell 24.105063047086183 35.27855085567675 0.0 2.23606797749979 0.4472135954999579 1 0 0 0.13467533008594243 -0.9908897796759448 6.013013706695408
cell 7.513136017125036 1.0498019571484423 0.0 2.23606797749979 0.4472135954999579 1 0 0 0.9846052902452604 0.1747925124856508 2.7902025884837007
cell 11.300983973167524 24.048763221002663 0.0 2.23606797749979 0.4472135954999579 1 0 0 0.18672691267012756 -0.982411858684881 5.907526508569717
cell 9.602264034427487 9.903896320739406 0.0 2.23606797749979 0.4472135954999579 1 0 0 0.18504712315505104 -0.9827296485870564 5.910945680369276
cell 13.820373344775293 28.100095781593186 0.0 2.23606797749979 0.4472135954999579 1 0 0 0.3333672960427568 -0.942797033262802 5.603439442026111
cell 18.903588150349933 19.34706751231374 0.0 2.23606797749979 0.4472135954999579 1 0 0 -0.14829640989525447 0.9889429583207409 5.98549448318902
cell 26.76912860002257 1.9387614151527466 0.0 2.23606797749979 0.4472135954999579 1 0 0 0.1692909703784976 -0.9855661151583422 5.942964885065014
cell 37.09692291925618 40.07400565265252 0.0 2.23606797749979 0.4472135954999579 1 0 0 0.9840323428233511 0.17798974205719553 2.783706264921065
cell 2.4435461587500598 34.39273574548549 0.0 2.23606797749979 0.4472135954999579 1 0 0 0.966063525486158 0.2583045967946666 2.6190589942049405
cell 10.099954728809374 30.56113044334535 0.0 2.23606797749979 0.4472135954999579 1 0 0 -0.2458631662649765 0.9693045462980975 5.786365121803871
cell 36.94196006431824 18.34595903017048 0.0 2.23606797749979 0.4472135954999579 1 0 0 -0.2123167573407274 0.9772008977443271 5.855294984471882
cell 0.6434291206007433 1.4289542704271696 0.0 2.23606797749979 0.4472135954999579 1 0 0 -0.2804496839310977 0.9598687278909275 5.714660183199875
cell 11.933771661903831 33.1167111330919 0.0 2.23606797749979 0.4472135954999579 1 0 0 0.3220629189900613 -0.9467182665458617 5.627369901199361
cell 5.258525152790069 40.0577955120164 0.0 2.23606797749979 0.4472135954999579 1 0 0 0.24056652243196736 -0.9706326536259687 5.7972863633198655
cell 15.275540378023459 22.02673861630694 0.0 2.23606797749979 0.4472135954999579 1 0 0 -0.13919556770413832 0.990264910986713 6.00388725171289
cell 37.76072896152385 34.64715432325297 0.0 2.23606797749979 0.4472135954999579 1 0 0 0.20877712501123435 -0.9779632467900026 5.862536583029801
cell 34.540310483783536 10.826700082133586 0.0 2.23606797749979 0.4472135954999579 1 0 0 -0.2248975635134154 0.9743824125699977 5.82950949668338
cell 1.562248688168175 42.59647466240347 0.0 2.23606797749979 0.4472135954999579 1 0 0 0.2341826009449597 -0.9721926297882811 5.810429899314965
cell 34.97709123602519 45.28638026055531 0.0 2.23606797749979 0.4472135954999579 1 0 0 0.2209964585267331 -0.9752746102091666 5.837513160373686
cell 4.641142129439863 38.33664198053312 0.0 2.23606797749979 0.4472135954999579 1 0 0 0.21830407335604618 -0.9758807978212083 5.843032727806905
cell 15.766991570039478 30.81689648171799 0.0 2.23606797749979 0.4472135954999579 1 0 0 0.35914989419077326 -0.9332798902273403 5.548471599581187
cell 37.145782739059726 8.616784588103947 0.0 2.23606797749979 0.4472135954999579 1 0 0 -0.22800257239491126 0.9736605296412623 5.82313385437132
cell 29.848283641254778 44.101882322000066 0.0 2.23606797749979 0.4472135954999579 1 0 0 -0.24454590386850128 0.9696377163152936 5.78908260796984
cell 31.4106771029999 1.63681330959532 0.0 2.23606797749979 0.4472135954999579 1 0 0 0.1898720998150453 -0.9818088335882019 5.901121557294654
cell 11.976149012565475 25.486658016077794 0.0 2.23606797749979 0.4472135954999579 1 0 0 -0.18756469707152112 0.9822522509073056 5.90582080356595
cell 10.833498122318622 13.095559385891105 0.0 2.23606797749979 0.4472135954999579 1 0 0 -0.18592904984217662 0.9825631727399442 5.909150677368491
cell 27.167602495652087 25.657534247885156 0.0 2.23606797749979 0.4472135954999579 1 0 0 0.4609507121592247 -0.8874257382789298 5.325052876331009
cell 31.854070039536964 10.026463317531675 0.0 2.23606797749979 0.4472135954999579 1 0 0 0.24899007221103825 -0.9685060371212675 5.779910614312006
cell 35.260479352728524 26.284260290322244 0.0 2.23606797749979 0.4472135954999579 1 0 0 0.2118129764741769 -0.977310218404141 5.85632599596367
cell 7.460036291389163 12.728498463675141 0.0 2.23606797749979 0.4472135954999579 1 0 0 0.20095873009823237 -0.9795997084510111 5.878512270188261
cell 38.72646869222417 8.994157538288079 0.0 2.23606797749979 0.4472135954999579 1 0 0 0.21399220510144995 -0.9768353679898261 5.851865268494722
cell 45.259246874213616 28.69878710608526 0.0 2.23606797749979 0.4472135954999579 1 0 0 -0.23340446028973402 0.9723797395651855 5.81203054041417
cell 4.981574508846818 39.16517298036386 0.0 2.23606797749979 0.4472135954999579 1 0 0 0.21263000513403432 -0.9771327857137435 5.8546538497602905
cell 19.35286962983841 14.840201258878661 0.0 2.23606797749979 0.4472135954999579 1 0 0 0.14420082700706657 -0.9895484432257362 5.993774685033676
cell 12.253071898297467 36.24158122834328 0.0 2.23606797749979 0.4472135954999579 1 0 0 0.29932115473045806 -0.9541524230073648 5.675223086451751
cell 27.575228549153174 3.6399199663463513 0.0 2.23606797749979 0.4472135954999579 1 0 0 -0.1635905429287527 0.9865283241064475 5.954527032313469
cell 14.849132692734315 10.986486773065284 0.0 2.23606797749979 0.4472135954999579 1 0 0 0.18717737588098537 -0.9823261321772461 5.9066094128448725
cell 5.393557767940676 11.46572657041215 0.0 2.23606797749979 0.4472135954999579 1 0 0 -0.17255735301843558 0.9849994720400976 5.936334545695241
cell 31.426504945437475 9.231536672384202 0.0 2.23606797749979 0.4472135954999579 1 0 0 0.2373420967435234 -0.9714261315784067 5.803927609712929
cell 10.957256338217745 17.721884955869665 0.0 2.23606797749979 0.4472135954999579 1 0 0 0.20688549279624663 -0.9783651633569411 5.866404300976639
cell 6.491122663470056 24.428469494317547 0.0 2.23606797749979 0.4472135954999579 1 0 0 -0.20440442195559666 0.9788865267665086 5.871474818016913
cell 18.80360504687203 8.342201367313377 0.0 2.23606797749979 0.4472135954999579 1 0 0 0.1441770823317426 -0.9895519031007448 5.993822675880359
cell 32.57477294289204 32.55825085087946 0.0 2.23606797749979 0.4472135954999579 1 0 0 -0.09246044194751306 0.9957163585453794 6.097999925101517
cell 16.20934668182691 31.508364476921308 0.0 2.23606797749979 0.4472135954999579 1 0 0 0.3470111168326645 -0.9378610157131743 5.5744207026835815
cell 46.67305195035845 0.7568346843539061 0.0 2.23606797749979 0.4472135954999579 1 0 0 0.27942888670320803 -0.9601663904114774 5.7167868049933634
cell 31.234834941693972 14.15022468516015 0.0 2.23606797749979 0.4472135954999579 1 0 0 -0.32260898958581774 0.9465323237155812 5.626216180538351
cell 14.259230355860048 19.80090712790673 0.0 2.23606797749979 0.4472135954999579 1 0 0 0.16770886201022714 -0.9858365673899678 5.946175001481355
cell 2.994313861629984 35.13813472704142 0.0 2.23606797749979 0.4472135954999579 1 0 0 0.2131401053154268 -0.9770216453621325 5.853609714943318
cell 40.08731428353225 6.278665220115162 0.0 2.23606797749979 0.4472135954999579 1 0 0 0.23010189338476952 -0.9731665420989072 5.818820538193136
cell 11.503707739977 19.31988684692366 0.0 2.23606797749979 0.4472135954999579 1 0 0 0.21488952050688076 -0.9766383639691423 5.850027894738135
cell 6.759166520961304 25.234808734096582 0.0 2.23606797749979 0.4472135954999579 1 0 0 -0.2193345928407271 0.9756496996275827 5.840920499706462
cell 46.20934093254398 22.652940795889258 0.0 2.23606797749979 0.4472135954999579 1 0 0 0.1666724759266619 -0.9860123152215069 5.948277365404416
cell 21.980643751579233 1.138651028106078 0.0 2.23606797749979 0.4472135954999579 1 0 0 0.26681476382651825 -0.9637478310243812 5.7430123861356535
cell 41.049453853760376 19.806555061307606 0.0 2.23606797749979 0.4472135954999579 1 0 0 0.13441471263376967 -0.9909251662096291 6.013539724427208
cell 33.0718768167239 10.444821460218698 0.0 2.23606797749979 0.4472135954999579 1 0 0 -0.21929108460843938 0.9756594796399276 5.841009687484068
cell 14.968261082371304 21.302329031604287 0.0 2.23606797749979 0.4472135954999579 1 0 0 0.14684196949938555 -0.9891599648153687 5.988435563992768
cell 27.129041250385498 5.5337647622579 0.0 2.23606797749979 0.4472135954999579 1 0 0 0.15061437607079714 -0.9885925903630901 5.980805889620102
cell 35.31284698790406 46.17682929644467 0.0 2.23606797749979 0.4472135954999579 1 0 0 0.2274832754665327 -0.9737819876045242 5.824200477722657
cell 33.01922477921965 3.0423042142276704 0.0 2.23606797749979 0.4472135954999579 1 0 0 0.15394729724965017 -0.9880790604347042 5.974061384494054
cell 31.268882657737443 41.028119657000374 0.0 2.23606797749979 0.4472135954999579 1 0 0 0.9798446470588572 0.19976102630419088 2.7393646028855456
cell 7.911309154698212 27.360142901528775 0.0 2.23606797749979 0.4472135954999579 1 0 0 0.2344143020702057 -0.9721367882067514 5.809953228804289
cell 2.8841505206962625 8.95003634281228 0.0 2.23606797749979 0.4472135954999579 1 0 0 0.23360404265741774 -0.972331811293918 5.811620027365292
cell 42.20024648452439 11.243236832198466 0.0 2.23606797749979 0.4472135954999579 1 0 0 0.19251432382413694 -0.9812941633998112 5.895737790028993
cell 17.400009438847366 25.554288019562403 0.0 2.23606797749979 0.4472135954999579 1 0 0 -0.35351590392005255 0.9354285144657437 5.560531208637912
cell 1.8819522962853752 25.00866595100768 0.0 2.23606797749979 0.4472135954999579 1 0 0 -0.17450230963674274 0.9846567645283519 5.932384707241126
cell 29.521084207252244 24.068054298795698 0.0 2.23606797749979 0.4472135954999579 1 0 0 0.4529839083001296 -0.8915186923565539 5.342966309627524
cell 17.249800947767103 35.1593675762431 0.0 2.23606797749979 0.4472135954999579 1 0 0 0.3626005038191257 -0.9319446735885754 5.541071727718341
cell 32.178671170592544 31.406363736740005 0.0 2.23606797749979 0.4472135954999579 1 0 0 0.04544491320582431 -0.9989668462284997 6.192264166771037
cell 42.84279141548456 35.76008578291274 0.0 2.23606797749979 0.4472135954999579 1 0 0 0.9668631788537887 0.2552951103659188 2.6252868226895063
cell 26.16333857908345 25.1018949535231 0.0 2.23606797749979 0.4472135954999579 1 0 0 -0.4218861300440429 0.906648825773497 5.412136013069979
cell 4.357877315291569 4.392777770371204 0.0 2.23606797749979 0.4472135954999579 1 0 0 0.9863833576922536 0.16446237158619484 2.8111667808960865
cell 11.629324232736145 8.212779359762411 0.0 2.23606797749979 0.4472135954999579 1 0 0 0.18426462574554867 -0.9828766696279105 5.9125380589873435
cell 36.59272493748554 11.991579615658813 0.0 2.23606797749979 0.4472135954999579 1 0 0 -0.245911975490691 0.9692921645769482 5.786264411376725
cell 20.03651091039993 0.27004237671319187 0.0 2.23606797749979 0.4472135954999579 1 0 0 -0.17550203581099058 0.9844790680487817 5.930353915719662
cell 33.657681050569956 36.38244288618136 0.0 2.23606797749979 0.4472135954999579 1 0 0 -0.15640143547234703 0.9876935713986343 5.9690929242147
cell 19.04358609353908 9.273907684691224 0.0 2.23606797749979 0.4472135954999579 1 0 0 0.1887183688814527 -0.9820312506467012 5.903471505867597
cell 44.41919002182847 44.67505701244434 0.0 2.23606797749979 0.4472135954999579 1 0 0 0.1970450112275324 -0.9803944428393817 5.886499464775596
cell 15.62437681727468 45.815360278941775 0.0 2.23606797749979 0.4472135954999579 1 0 0 0.9914938132564423 0.13015382543052323 2.8805444070940345
cell 3.857383591737805 3.305082564913523 0.0 2.23606797749979 0.4472135954999579 1 0 0 0.974824782096341 0.2229722947157814 2.691867717432266
cell 42.771997847040154 2.8959023575624188 0.0 2.23606797749979 0.4472135954999579 1 0 0 -0.26612813265897844 0.9639376624074013 5.74443716448428
cell 32.82319885655572 37.663039938783946 0.0 2.23606797749979 0.4472135954999579 1 0 0 -0.1550815703217902 0.9879016684602409 5.9717652630168185
cell 37.249045733801374 1.66096595063491 0.0 2.23606797749979 0.4472135954999579 1 0 0 0.20360858947670557 -0.9790523695345956 5.873100675568581
cell 44.03599887020494 43.86202062785965 0.0 2.23606797749979 0.4472135954999579 1 0 0 0.18367826291205194 -0.982986416861195 5.913731148821804
cell 16.00023769165113 33.840560175373724 0.0 2.23606797749979 0.4472135954999579 1 0 0 0.3521950725355978 -0.9359266161840067 5.563354470013557
cell 43.8105483680648 24.334433750075945 0.0 2.23606797749979 0.4472135954999579 1 0 0 0.1866873354577607 -0.982419380295239 5.907607079789425
cell 45.582263208010716 29.500146148761505 0.0 2.23606797749979 0.4472135954999579 1 0 0 -0.23302517893620062 0.9724707018629156 5.8128106134535065
cell 44.533328445823365 9.516519614416117 0.0 2.23606797749979 0.4472135954999579 1 0 0 0.16648241297416388 -0.986044424034891 5.948662877541316
cell 27.84299095783166 12.177630112810563 0.0 2.23606797749979 0.4472135954999579 1 0 0 -0.1801824717822184 0.9836332023993751 5.92084139508129
cell 7.964929128007324 35.2063133848351 0.0 2.23606797749979 0.4472135954999579 1 0 0 -0.24701847227342635 0.9690107710215107 5.783980977467156
cell 26.847612950533538 15.299265282381604 0.0 2.23606797749979 0.4472135954999579 1 0 0 0.2852695509560603 -0.9584473294330407 5.704610000146603
cell 20.70713310816611 45.87764603867145 0.0 2.23606797749979 0.4472135954999579 1 0 0 0.9932670697408913 0.11584700327735423 2.9093772493549217
cell 36.64183930055464 4.757822893766939 0.0 2.23606797749979 0.4472135954999579 1 0 0 0.20194181662235366 -0.9793975202639956 5.8765049443438215
cell 7.061438490841055 15.798729541924581 0.0 2.23606797749979 0.4472135954999579 1 0 0 0.16827288348235825 -0.9857404509730402 5.945030696285075
cell 6.190579309388505 23.65839629614194 0.0 2.23606797749979 0.4472135954999579 1 0 0 0.19084505056139214 -0.9816201743425099 5.899139411441091
cell 43.96176940919593 46.05078275190415 0.0 2.23606797749979 0.4472135954999579 1 0 0 0.26865147747841267 -0.9632374492557201 5.73919977144789
cell 17.879447656064137 36.07764449071906 0.0 2.23606797749979 0.4472135954999579 1 0 0 0.41542983330863964 -0.9096252270012941 5.426354725344512
cell 36.646555931540526 31.03060963395814 0.0 2.23606797749979 0.4472135954999579 1 0 0 0.10820532039522908 -0.9941285674590414 6.066350122322681
cell 15.732934582384724 13.493829394380484 0.0 2.23606797749979 0.4472135954999579 1 0 0 0.21591437809945316 -0.9764123008903187 5.84792890669457
cell 45.352632251426485 0.502599443242113 0.0 2.23606797749979 0.4472135954999579 1 0 0 0.2667682073938693 -0.9637607190189179 5.743109000872099
cell 1.1667801953671306 41.888628378157584 0.0 2.23606797749979 0.4472135954999579 1 0 0 0.20472442695779097 -0.9788196509096065 5.870820981393229
cell 46.317657613529065 33.016047524250496 0.0 2.23606797749979 0.4472135954999579 1 0 0 0.9616173435270954 0.27439403169145676 2.5856736729094782
cell 45.21015642532022 4.763746651538911 0.0 2.23606797749979 0.4472135954999579 1 0 0 -0.28912188785063614 0.9572922928581866 5.696566460915617
cell 3.3685614770707573 18.65192558989898 0.0 2.23606797749979 0.4472135954999579 1 0 0 0.205792405418164 -0.9785956702705189 5.868638555736614
cell 8.76357814148169 36.761361230053616 0.0 2.23606797749979 0.4472135954999579 1 0 0 0.30549546073602213 -0.9521935325708138 5.6622678630868135
cell 25.868074394910913 40.55911013960274 0.0 2.23606797749979 0.4472135954999579 1 0 0 -0.13651976458831788 0.9906373473056375 6.009290449123854
cell 6.241514967903883 32.0556420343579 0.0 2.23606797749979 0.4472135954999579 1 0 0 0.9630561296828005 0.2693007446710552 2.5962588972646117
cell 3.962252564871702 31.50237520244247 0.0 2.23606797749979 0.4472135954999579 1 0 0 0.9574597639139757 0.28856680419929426 2.556133401089055
cell 36.96826468335316 31.924742882487063 0.0 2.23606797749979 0.4472135954999579 1 0 0 0.13426901054201673 -0.9909449191595201 6.013833794341409
cell 6.629702731570511 18.92625923479573 0.0 2.23606797749979 0.4472135954999579 1 0 0 0.23083302481631873 -0.9729933785253365 5.817317822225337
cell 10.871306176042186 23.348128257061376 0.0 2.23606797749979 0.4472135954999579 1 0 0 0.19593274668832206 -0.9806173355469349 5.888768221000717
cell 9.041286989429821 37.66690994971209 0.0 2.23606797749979 0.4472135954999579 1 0 0 0.3151887130168974 -0.949029017041498 5.641874315166059
cell 5.694318429045588 6.906278237006967 0.0 2.23606797749979 0.4472135954999579 1 0 0 0.20666847147379336 -0.978411029628492 5.86684793131585
cell 19.120027442696085 6.430168396345568 0.0 2.23606797749979 0.4472135954999579 1 0 0 0.19675966384796942 -0.9804517503082107 5.887081555055897
cell 35.9017720455129 29.051338580199836 0.0 2.23606797749979 0.4472135954999579 1 0 0 0.07132113313054243 -0.9974534054124912 6.140421833435247
cell 15.85616691446766 39.9050599796757 0.0 2.23606797749979 0.4472135954999579 1 0 0 -0.37130186163497697 0.9285122118455957 5.522363862055149
cell 41.943569836349965 23.926920895524137 0.0 2.23606797749979 0.4472135954999579 1 0 0 0.1468519783242143 -0.9891584789417035 5.988415326957906
cell 23.948698513245528 14.743002261906286 0.0 2.23606797749979 0.4472135954999579 1 0 0 0.18443872081266832 -0.9828440152257054 5.91218379692355
cell 24.49433767190603 36.40615823221895 0.0 2.23606797749979 0.4472135954999579 1 0 0 -0.08963631932047786 0.9959745630580519 6.103671730307211
cell 12.5521718249052 27.79642477014603 0.0 2.23606797749979 0.4472135954999579 1 0 0 0.9744069859490121 0.2247910712945728 2.688135424370388
cell 36.80949601458706 27.34146055186012 0.0 2.23606797749979 0.4472135954999579 1 0 0 0.15000199112358265 -0.988685694575865 5.9820447338076885
cell 30.819233678217927 45.62681463911081 0.0 2.23606797749979 0.4472135954999579 1 0 0 0.2115184078851341 -0.9773740139402818 5.8569287912017725
cell 9.43889903792774 39.84878012525265 0.0 2.23606797749979 0.4472135954999579 1 0 0 0.251024539179074 -0.9679807233255906 5.775708228298171
cell 36.2763745308838 30.07645299438715 0.0 2.23606797749979 0.4472135954999579 1 0 0 -0.08824303482575754 0.996098974402012 6.106469386601181
cell 34.54368067395526 38.96831626765434 0.0 2.23606797749979 0.4472135954999579 1 0 0 0.9762987476919205 0.21642725164633916 2.7052856654400728
cell 23.169644710885308 17.86257401613788 0.0 2.23606797749979 0.4472135954999579 1 0 0 0.249504925245099 -0.9683735293152315 5.7788473514620975
cell 39.019405933936454 36.14951447034115 0.0 2.23606797749979 0.4472135954999579 1 0 0 -0.24312418537239222 0.9699951703421057 5.792014540607766
cell 27.89038389008762 20.577379037144592 0.0 2.23606797749979 0.4472135954999579 1 0 0 0.4287399917346724 -0.9034279271128124 5.396990072050651
cell 43.45237598556281 3.6018535127607056 0.0 2.23606797749979 0.4472135954999579 1 0 0 0.27667463664865166 -0.9609636545860288 5.7225214467990355
cell 2.7859616340049644 27.345814735570585 0.0 2.23606797749979 0.4472135954999579 1 0 0 0.23840377507702978 -0.9711661238063347 5.801741503545031
cell 40.263240053343715 46.22644694665965 0.0 2.23606797749979 0.4472135954999579 1 0 0 0.22579901813109401 -0.9741739081965981 5.827658989117833
cell 7.5485720775667975 21.33886278377278 0.0 2.23606797749979 0.4472135954999579 1 0 0 0.20966495009135627 -0.9777732910563619 5.860720745360557
cell 30.836899827141327 13.355197091621775 0.0 2.23606797749979 0.4472135954999579 1 0 0 0.29971563922323385 -0.9540285821740396 5.674396153396481
cell 13.08775490661636 44.75596719954167 0.0 2.23606797749979 0.4472135954999579 1 0 0 -0.1542178474567522 0.9880368695174315 5.973513744142978
cell 41.60816300419674 31.637298743105074 0.0 2.23606797749979 0.4472135954999579 1 0 0 -0.2369233530304331 0.9715283448200659 5.804789685920464
cell 29.78042093490561 22.04244762399106 0.0 2.23606797749979 0.4472135954999579 1 0 0 0.3177399512124119 -0.9481778964959762 5.6364953833489695
cell 39.477688170051756 44.795190578879186 0.0 2.23606797749979 0.4472135954999579 1 0 0 -0.1986941697570403 0.9800615424066799 5.883134618733823
cell 1.6310587105843228 29.91596289031242 0.0 2.23606797749979 0.4472135954999579 1 0 0 -0.24022281310625526 0.9707177757017316 5.797994549367945
cell 7.668494589859211 42.97710945724447 0.0 2.23606797749979 0.4472135954999579 1 0 0 0.295349226293477 -0.9553893627876775 5.683543245221268
cell 14.747417682385128 14.978391985615515 0.0 2.23606797749979 0.4472135954999579 1 0 0 0.21608682361503792 -0.9763741519827138 5.847575677052111
cell 34.89088083410044 6.548457021079225 0.0 2.23606797749979 0.4472135954999579 1 0 0 0.2560016078097754 -0.9666763557669185 5.765417913379209
cell 41.20707635107816 16.9491362506163 0.0 2.23606797749979 0.4472135954999579 1 0 0 0.16873108066949427 -0.9856621238619777 5.944101008590163
cell 41.77162662797387 32.537024499834 0.0 2.23606797749979 0.4472135954999579 1 0 0 -0.24862383097017496 0.968600119075831 5.780666878980987
cell 24.193362520208172 29.019909197652588 0.0 2.23606797749979 0.4472135954999579 1 0 0 -0.48275412712210325 0.875755932178924 5.275591600589815
cell 14.80417063651708 39.40804378174768 0.0 2.23606797749979 0.4472135954999579 1 0 0 0.3703771122575786 -0.9288814750632811 5.524355360804193
cell 3.339844597504226 22.714801323738374 0.0 2.23606797749979 0.4472135954999579 1 0 0 -0.18949775311299202 0.9818811545014638 5.901884094558252
cell 26.259973447116387 0.08261967842768722 0.0 2.23606797749979 0.4472135954999579 1 0 0 0.299062958855792 -0.9542333816422578 5.675764268161365
cell 17.298082274479114 43.13254854828653 0.0 2.23606797749979 0.4472135954999579 1 0 0 -0.15817509747693584 0.9874110788005985 5.965500888668355
cell 33.66964297478809 42.03065463720636 0.0 2.23606797749979 0.4472135954999579 1 0 0 -0.15908392473064054 0.9872650631377047 5.9636599241269135
cell 37.588816835400436 33.71670179189414 0.0 2.23606797749979 0.4472135954999579 1 0 0 0.1918694168676294 -0.9814204638537327 5.897052106281277
cell 22.45506343062443 25.08597366886977 0.0 2.23606797749979 0.4472135954999579 1 0 0 0.41256920584954704 -0.910926259575754 5.432639908984558
cell 46.67835382917167 5.301607713995511 0.0 2.23606797749979 0.4472135954999579 1 0 0 0.9866809490548435 0.16266746685257447 2.8148055963819303
cell 11.706254155550857 15.477421843775847 0.0 2.23606797749979 0.4472135954999579 1 0 0 0.20816316756400735 -0.978094113912214 5.86379208287229
cell 35.60424231167128 17.70901342746835 0.0 2.23606797749979 0.4472135954999579 1 0 0 -0.30713409270363806 0.9516662487968737 5.658825106264011
cell 8.512052895845654 29.737233431162352 0.0 2.23606797749979 0.4472135954999579 1 0 0 0.9643786279100088 0.2645257303749651 2.606168450900016
cell 38.766230561643454 24.002602205728365 0.0 2.23606797749979 0.4472135954999579 1 0 0 0.16476280669305998 -0.9863332183043545 5.952150254012216
cell 9.251317154447257 25.76842744166374 0.0 2.23606797749979 0.4472135954999579 1 0 0 0.21869477301820758 -0.9757933163608545 5.842231980071198
cell 9.98450445700217 21.034932927327038 0.0 2.23606797749979 0.4472135954999579 1 0 0 0.21987956372502082 -0.9755270254872975 5.839803284924002
cell 46.26979999197009 12.477532180802537 0.0 2.23606797749979 0.4472135954999579 1 0 0 0.2585245689195169 -0.9660046828380171 5.76019623504491
cell 27.152134787613857 19.477153301341882 0.0 2.23606797749979 0.4472135954999579 1 0 0 -0.30090660898745 0.9536536125174978 5.671898945815885
cell 15.433301195163162 24.832553645730155 0.0 2.23606797749979 0.4472135954999579 1 0 0 0.9730581390357328 0.23055987954610954 2.676286603450502
cell 41.71016920571659 25.98148257936065 0.0 2.23606797749979 0.4472135954999579 1 0 0 0.13324587079942846 -0.9910830126255328 6.015898628313325
cell 32.37264545157759 6.856381783830751 0.0 2.23606797749979 0.4472135954999579 1 0 0 0.20380706680769703 -0.9790110722148361 5.87269521918534
cell 2.204998311838003 25.774744022992117 0.0 2.23606797749979 0.4472135954999579 1 0 0 0.20778861694045778 -0.9781737528016031 5.864557930178471
cell 7.922620986629628 2.0874879855408524 0.0 2.23606797749979 0.4472135954999579 1 0 0 0.9867516080842212 0.16223829370159015 2.815675498203841
cell 23.350174415315763 8.179958610400307 0.0 2.23606797749979 0.4472135954999579 1 0 0 0.19501877131221396 -0.9807995100100093 5.890632129352532
cell 7.0558853640723 8.70319459343809 0.0 2.23606797749979 0.4472135954999579 1 0 0 0.2228384682533802 -0.9748553826422087 5.833734931874883
cell 38.86651421299047 13.355471296801271 0.0 2.23606797749979 0.4472135954999579 1 0 0 0.2210241265355874 -0.9752683402475345 5.837456421281946
cell 42.262864554030706 13.801153402721885 0.0 2.23606797749979 0.4472135954999579 1 0 0 -0.2235105078321656 0.9747015198965309 5.83235607588706
cell 0.8670841215223014 34.289892173436684 0.0 2.23606797749979 0.4472135954999579 1 0 0 0.9598974940947143 0.28035120978994904 2.573272709053151
cell 39.87495039350491 1.500127455687481 0.0 2.23606797749979 0.4472135954999579 1 0 0 0.2050646692235369 -0.9787484260198028 5.870125746798163
cell 2.6024781836439805 20.849963468163583 0.0 2.23606797749979 0.4472135954999579 1 0 0 0.15291117496389559 -0.9882399367416603 5.976158459292821
cell 18.44872119435656 26.949424775655327 0.0 2.23606797749979 0.4472135954999579 1 0 0 -0.38218005317559 0.9240878783723457 5.498876728315036
cell 15.587068242870023 17.534200070262763 0.0 2.23606797749979 0.4472135954999579 1 0 0 0.15162648156074024 -0.9884378635450538 5.978758161119964
cell 4.480678554924106 45.89530627132751 0.0 2.23606797749979 0.4472135954999579 1 0 0 0.2965639228856907 -0.9550130049599587 5.680999914142901
cell 30.16285904302951 44.95322680793089 0.0 2.23606797749979 0.4472135954999579 1 0 0 -0.24738231849922407 0.9689179472452497 5.783229977251115
cell 12.322602711120965 42.95291091739422 0.0 2.23606797749979 0.4472135954999579 1 0 0 0.3012996750239931 -0.9535294991925715 5.671074555061658
cell 30.43439186815678 16.603966927656955 0.0 2.23606797749979 0.4472135954999579 1 0 0 -0.3195826771782187 0.9475583952704986 5.632607236261339
cell 42.81088231986187 7.239677695402089 0.0 2.23606797749979 0.4472135954999579 1 0 0 0.21609288157777792 -0.9763728112413887 5.847563267942577
cell 14.322287079510346 28.78363432429608 0.0 2.23606797749979 0.4472135954999579 1 0 0 -0.34523105103266116 0.938517725673247 5.578215384912144
cell 36.127985060178965 1.126408072762706 0.0 2.23606797749979 0.4472135954999579 1 0 0 0.20693102861586646 -0.978355533227047 5.866311214989066
cell 45.789037394840555 19.831082832274785 0.0 2.23606797749979 0.4472135954999579 1 0 0 0.1800342395722602 -0.9836603441135756 5.921142788251497
cell 43.0127057336118 41.453790389546285 0.0 2.23606797749979 0.4472135954999579 1 0 0 0.1411298094637466 -0.9899910993946999 5.999980199020034
cell 41.823074291818216 21.995720234096588 0.0 2.23606797749979 0.4472135954999579 1 0 0 0.1688327443508814 -0.9856447151154162 5.943894721716325
cell 24.593095149827136 20.42397474165582 0.0 2.23606797749979 0.4472135954999579 1 0 0 -0.38178346772742494 0.9242517967361612 5.499734980610152
cell 2.795824285146989 13.474227250586315 0.0 2.23606797749979 0.4472135954999579 1 0 0 0.21307809559485452 -0.9770351709010633 5.853736650291432
cell 11.606342853686497 11.070341227425956 0.0 2.23606797749979 0.4472135954999579 1 0 0 0.10238424220092816 -0.9947449255708428 6.078057375887302
cell 15.316377400526898 30.116777216466527 0.0 2.23606797749979 0.4472135954999579 1 0 0 0.36337160666889706 -0.931644285908986 5.539416635694244
cell 23.724005371409 42.291546891598806 0.0 2.23606797749979 0.4472135954999579 1 0 0 0.9772069065700093 0.21228909946550037 2.713758937031868
cell 28.981696829830522 36.020414274944976 0.0 2.23606797749979 0.4472135954999579 1 0 0 -0.08602766524155328 0.9962927485498865 6.110917043446349
cell 16.257471140562938 46.61157318925847 0.0 2.23606797749979 0.4472135954999579 1 0 0 0.9928086174704155 0.11971235974819897 2.9015923464625675
cell 4.699343088267863 32.01964464990059 0.0 2.23606797749979 0.4472135954999579 1 0 0 0.956991199691855 0.29011694833694934 2.552894574232995
cell 4.263085307148116 37.543810230973016 0.0 2.23606797749979 0.4472135954999579 1 0 0 0.18497997134128355 -0.9827422908385381 5.911082343350608
cell 13.129831724921177 24.19343610521894 0.0 2.23606797749979 0.4472135954999579 1 0 0 0.18196934937107578 -0.9833042031281405 5.917207569028117
cell 0.10224275584228389 31.75651908338044 0.0 2.23606797749979 0.4472135954999579 1 0 0 0.25693373079941867 -0.9664290237660973 5.763489155790987
cell 17.967615375091988 26.226439133758095 0.0 2.23606797749979 0.4472135954999579 1 0 0 0.3786950056749049 -0.9255215246966889 5.506413548512128
cell 39.49656484767511 25.5572721392361 0.0 2.23606797749979 0.4472135954999579 1 0 0 0.13633875418395808 -0.9906622755044053 6.009655886843162
cell 15.930107797737058 25.50504915689612 0.0 2.23606797749979 0.4472135954999579 1 0 0 0.9653766456514054 0.2608599854919126 2.6137668039638937
cell 18.71651741588362 30.329223420160442 0.0 2.23606797749979 0.4472135954999579 1 0 0 0.39524740435503997 -0.9185747053727331 5.470510966187925
cell 21.931470336121457 24.345806090864432 0.0 2.23606797749979 0.4472135954999579 1 0 0 0.41129026081508285 -0.9115044275035975 5.4354470277047895
cell 15.830971429000753 8.503179408396004 0.0 2.23606797749979 0.4472135954999579 1 0 0 0.1761922973056746 -0.9843557661588359 5.928951540153343
cell 1.2037963383429828 13.044573431522036 0.0 2.23606797749979 0.4472135954999579 1 0 0 0.18621402827514094 -0.982509203862002 5.908570589969453
cell 31.418376098061767 4.417007702480767 0.0 2.23606797749979 0.4472135954999579 1 0 0 0.16200776425580157 -0.9867894832844727 5.9577353920162945
cell 33.03128975906372 20.678549303520114 0.0 2.23606797749979 0.4472135954999579 1 0 0 -0.3251695263485808 0.9456557402851419 5.620803324916785
cell 15.372028829874703 33.26789420903446 0.0 2.23606797749979 0.4472135954999579 1 0 0 0.3362724577072884 -0.9417647446084929 5.597273214105391
cell 25.472942899291166 24.339295410783055 0.0 2.23606797749979 0.4472135954999579 1 0 0 0.44361418291772076 -0.8962178623048321 5.363930560912325
cell 21.44678964076708 23.613993579897556 0.0 2.23606797749979 0.4472135954999579 1 0 0 0.3872698014579448 -0.9219664315357279 5.487848373713781
cell 15.300430420138778 16.691163909204402 0.0 2.23606797749979 0.4472135954999579 1 0 0 0.1666219932954378 -0.9860208473203065 5.948379762528708
cell 10.583321497539451 12.304491261749824 0.0 2.23606797749979 0.4472135954999579 1 0 0 0.1624767077658268 -0.9867123792846516 5.956784912039369
cell 45.763777587555005 37.223284817567304 0.0 2.23606797749979 0.4472135954999579 1 0 0 0.175257114722425 -0.9845226984377612 5.9308514695390055
cell 41.90897173125015 39.02554014787365 0.0 2.23606797749979 0.4472135954999579 1 0 0 0.14049632980307805 -0.9900811993527928 6.001259909138612
cell 41.42544801939547 20.947518704277762 0.0 2.23606797749979 0.4472135954999579 1 0 0 0.20338270843699405 -0.979099317693988 5.873562092404024
cell 15.709013613804952 6.321241920330437 0.0 2.23606797749979 0.4472135954999579 1 0 0 0.26983556908420653 -0.9629064158354136 5.736740782837345
cell 40.317723390998204 28.249638888867615 0.0 2.23606797749979 0.4472135954999579 1 0 0 0.15272334668906518 -0.9882689812880355 5.976538580571408
cell 17.77184582813367 41.878317489632636 0.0 2.23606797749979 0.4472135954999579 1 0 0 -0.14889739165069985 0.9888526516926666 5.984279025466482
cell 44.10630080983874 4.294831134940433 0.0 2.23606797749979 0.4472135954999579 1 0 0 0.26170216137642377 -0.9651486821888678 5.7536144903803645
cell 19.275801138623155 20.083951931584284 0.0 2.23606797749979 0.4472135954999579 1 0 0 0.15122864581877796 -0.9884988096522012 5.979563115050933
cell 41.23295005350153 6.815793254983795 0.0 2.23606797749979 0.4472135954999579 1 0 0 0.25038346342514084 -0.9681467457174202 5.777032677727778
cell 14.968748489494807 15.845350250288181 0.0 2.23606797749979 0.4472135954999579 1 0 0 0.19603081996320568 -0.9805977348661138 5.888568195462914
cell 3.356552688242274 11.120185257117877 0.0 2.23606797749979 0.4472135954999579 1 0 0 -0.23353196089119863 0.9723491262104943 5.811768291823067
cell 7.25564628226041 20.546184989688008 0.0 2.23606797749979 0.4472135954999579 1 0 0 -0.21699738071388258 0.9761721860221763 5.845710303585447
cell 14.19227479512936 5.158539957233783 0.0 2.23606797749979 0.4472135954999579 1 0 0 0.21754805068000532 -0.97604961228686 5.844582009757369
cell 11.808545486980638 3.8016610183690793 0.0 2.23606797749979 0.4472135954999579 1 0 0 0.07301278489759411 -0.997331004853202 6.137029684684095
cell 20.153072826493595 37.90460981899338 0.0 2.23606797749979 0.4472135954999579 1 0 0 -0.16668708965620482 0.9860098448504174 5.948247723284082
cell 11.213667186184146 18.518199626806652 0.0 2.23606797749979 0.4472135954999579 1 0 0 0.20547898127740274 -0.9786615289532948 5.869279093195271
cell 39.50518846764495 38.08097632046161 0.0 2.23606797749979 0.4472135954999579 1 0 0 0.9737603621731231 0.22757582705653973 2.682417735142095
cell 36.968071254320655 36.04944523914166 0.0 2.23606797749979 0.4472135954999579 1 0 0 0.17770795885622295 -0.9840832695250717 5.925871614946534
cell 11.86114700369785 0.5599890848475018 0.0 2.23606797749979 0.4472135954999579 1 0 0 0.9968339757602102 0.07951116129256736 2.982402295340741
cell 18.74414537840539 5.598351922194682 0.0 2.23606797749979 0.4472135954999579 1 0 0 0.23143058098383407 -0.9728514204057498 5.816089448515246
cell 9.223945224873598 4.741554040108088 0.0 2.23606797749979 0.4472135954999579 1 0 0 -0.01678414994434249 -0.9998591362340227 0.03356987616321483
cell 7.429772279618036 9.726871162263027 0.0 2.23606797749979 0.4472135954999579 1 0 0 -0.1962151478820595 0.9805608679432509 5.888192238275061
cell 2.9947096517706138 21.882184250499076 0.0 2.23606797749979 0.4472135954999579 1 0 0 0.2308899321439269 -0.9729798760686538 5.817200847693528
cell 19.5791197283971 10.941886071527282 0.0 2.23606797749979 0.4472135954999579 1 0 0 0.183224162433184 -0.9830711603442847 5.91465502913143
cell 36.07620799640745 4.019844777281413 0.0 2.23606797749979 0.4472135954999579 1 0 0 0.2033016420447808 -0.9791161536518003 5.873727684788219
cell 19.60883451033524 15.649518367230762 0.0 2.23606797749979 0.4472135954999579 1 0 0 -0.15145142025556593 0.9884647021024938 5.979112374438836
cell 34.8947216134064 37.83053047991692 0.0 2.23606797749979 0.4472135954999579 1 0 0 -0.1923802286783881 0.9813204612223527 5.896011089012619
cell 35.66274036195065 0.30701793106941677 0.0 2.23606797749979 0.4472135954999579 1 0 0 0.19972656018655902 -0.9798516730383455 5.881027606390833
cell 1.3313830492767438 2.1060833066518847 0.0 2.23606797749979 0.4472135954999579 1 0 0 0.2707079647202145 -0.9626615177917102 5.734928547473258
cell 46.14527629073194 20.8102220776072 0.0 2.23606797749979 0.4472135954999579 1 0 0 0.14903123298249768 -0.9888324891485496 5.984008322453491
cell 10.255069566482678 40.51854377110349 0.0 2.23606797749979 0.4472135954999579 1 0 0 0.2527495430939613 -0.9675317402885519 5.772143273815907
cell 27.60906745048409 16.8011364333247 0.0 2.23606797749979 0.4472135954999579 1 0 0 0.32878746241655427 -0.9444039414136743 5.613146568499718
cell 7.345947977658155 28.583644239502192 0.0 2.23606797749979 0.4472135954999579 1 0 0 0.9697877504154585 0.2439502390737183 2.6487184930091847
cell 32.66310939273766 14.120700778976461 0.0 2.23606797749979 0.4472135954999579 1 0 0 0.30531981139018033 -0.9522498688751103 5.662636788401602
cell 15.152871544755033 11.841032282910742 0.0 2.23606797749979 0.4472135954999579 1 0 0 0.20588426506888857 -0.978576348271837 5.868450816182222
cell 18.105502488290007 17.805364777845323 0.0 2.23606797749979 0.4472135954999579 1 0 0 0.14603634329664514 -0.9892792257176658 5.990064375557091
cell 45.41928494221022 18.865529615932147 0.0 2.23606797749979 0.4472135954999579 1 0 0 0.1811366314350993 -0.9834579405100886 5.918901150306182
cell 46.66547972404327 38.8110758032089 0.0 2.23606797749979 0.4472135954999579 1 0 0 0.14357330068212093 -0.989639685608475 5.995042934968637
cell 20.072953365579533 21.62490284156818 0.0 2.23606797749979 0.4472135954999579 1 0 0 -0.2150804185530918 0.9765963411538192 5.849636957499302
cell 16.10399718359455 23.63481565907867 0.0 2.23606797749979 0.4472135954999579 1 0 0 0.21058921934507047 -0.9775746420072657 5.858829994012937
cell 14.824739169763163 29.428483623966297 0.0 2.23606797749979 0.4472135954999579 1 0 0 -0.35721681157781576 0.934021493075068 5.552612509965947
cell 26.65122108275546 9.937662951690132 0.0 2.23606797749979 0.4472135954999579 1 0 0 0.13007370341183921 -0.991504327615734 6.022298678623833
cell 25.598114662183143 39.499924914223165 0.0 2.23606797749979 0.4472135954999579 1 0 0 -0.045187094663858285 0.9989785415492365 6.192780334113972
cell 7.389908791469617 16.617462710830154 0.0 2.23606797749979 0.4472135954999579 1 0 0 0.19381635524994476 -0.9810378282398835 5.893083741192644
cell 22.312000830597807 16.35496185249153 0.0 2.23606797749979 0.4472135954999579 1 0 0 -0.2103641756659806 0.9776230938333916 5.859290394869527
cell 18.58810215270664 3.66880690314099 0.0 2.23606797749979 0.4472135954999579 1 0 0 0.22798273945638772 -0.9736651737173108 5.823174593192748
cell 32.07455399035245 6.046776615930658 0.0 2.23606797749979 0.4472135954999579 1 0 0 0.1861999307712166 -0.9825118756436454 5.908599286870613
cell 33.180831460389435 34.51171910030852 0.0 2.23606797749979 0.4472135954999579 1 0 0 -0.1048755929434052 0.994485349316303 6.073047700594655
cell 13.420890911326435 37.75155388984146 0.0 2.23606797749979 0.4472135954999579 1 0 0 0.27240091070933287 -0.9621838409808835 5.7314104559136
cell 28.635371463482226 42.80815748660596 0.0 2.23606797749979 0.4472135954999579 1 0 0 0.9871998587087365 0.15948805273577915 2.8212485616402976
cell 13.615190833807345 43.524528798324845 0.0 2.23606797749979 0.4472135954999579 1 0 0 -0.19857905989043606 0.9800848723314888 5.883369519281265
cell 45.371626170581784 15.23197813516924 0.0 2.23606797749979 0.4472135954999579 1 0 0 0.22858591513060103 -0.9735237436261663 5.821935523579013
cell 38.963947410458495 43.23776112405031 0.0 2.23606797749979 0.4472135954999579 1 0 0 0.16917849031138124 -0.9855854292835106 5.943193137565054
cell 15.085188486047544 9.804637849597995 0.0 2.23606797749979 0.4472135954999579 1 0 0 0.11284222593032602 -0.9936129186192626 6.057019136061788
cell 3.145672305934787 6.489383113560969 0.0 2.23606797749979 0.4472135954999579 1 0 0 0.08133850043415669 -0.9966865346472393 6.120328392965334
cell 19.85664249082952 16.46580004995219 0.0 2.23606797749979 0.4472135954999579 1 0 0 0.16264083223443254 -0.9866853397563435 5.9564522381609235
cell 23.631158984155896 9.036267490888434 0.0 2.23606797749979 0.4472135954999579 1 0 0 0.19896852869613324 -0.9800058798744505 5.882574721795214
cell 15.90733988128632 1.789220747735288 0.0 2.23606797749979 0.4472135954999579 1 0 0 0.08455129152795707 -0.9964191282291576 6.11388058967833
cell 10.579262217931884 31.178750502593836 0.0 2.23606797749979 0.4472135954999579 1 0 0 0.2736797710305609 -0.9618208684202375 5.728751709546416
cell 2.5006149676534823 26.55939850557821 0.0 2.23606797749979 0.4472135954999579 1 0 0 0.22849120490851876 -0.9735459769725584 5.822130093338905
cell 37.94969059971482 40.775731484207384 0.0 2.23606797749979 0.4472135954999579 1 0 0 -0.14642242924944276 0.989222155136394 5.989283813154389
cell 2.5104168463619185 44.930320064676216 0.0 2.23606797749979 0.4472135954999579 1 0 0 0.28444233948224396 -0.958693149818996 5.706335927758968
cell 3.458725585937928 14.245488080061392 0.0 2.23606797749979 0.4472135954999579 1 0 0 0.24475434162191176 -0.9695851237809007 5.788652667174388
cell 22.617097873104484 27.814433859419406 0.0 2.23606797749979 0.4472135954999579 1 0 0 0.45354663289649416 -0.8912325464143759 5.341703711536579
cell 8.200131577433773 43.940098212527474 0.0 2.23606797749979 0.4472135954999579 1 0 0 0.3093654593887687 -0.9509432225623021 5.654133937223423
cell 44.57810676365377 31.93343671609998 0.0 2.23606797749979 0.4472135954999579 1 0 0 0.2295137459453126 -0.9733054199079293 5.820029181180114
cell 12.845327091165135 36.99966474820467 0.0 2.23606797749979 0.4472135954999579 1 0 0 -0.274408372385172 0.9616132513463616 5.727236500239741
cell 19.861475205120758 43.19634016602132 0.0 2.23606797749979 0.4472135954999579 1 0 0 0.9885289054585514 0.15103179490729166 2.8383687379432168
cell 27.211514171359227 10.665961703534066 0.0 2.23606797749979 0.4472135954999579 1 0 0 0.15445218498376267 -0.9880002644502387 5.973039385595998
cell 21.562360245503065 41.83145996642465 0.0 2.23606797749979 0.4472135954999579 1 0 0 -0.10983127519999303 0.9939502457306117 6.0630787139027476
cell 44.97444794453898 27.85685516372368 0.0 2.23606797749979 0.4472135954999579 1 0 0 -0.22389035391201106 0.974614338815695 5.831576630989323
cell 3.335343448262981 35.998628544698235 0.0 2.23606797749979 0.4472135954999579 1 0 0 0.1952006030897235 -0.9807633376882561 5.890261339750349
cell 11.036734061367124 31.7919606092089 0.0 2.23606797749979 0.4472135954999579 1 0 0 -0.29059249221912026 0.9568469070158928 5.693493321659634
cell 26.823598295466592 0.8585536377275441 0.0 2.23606797749979 0.4472135954999579 1 0 0 0.23628595976401906 -0.9716835622868158 5.806101726550153
cell 19.45066203846458 28.433587772444618 0.0 2.23606797749979 0.4472135954999579 1 0 0 0.3720726948766666 -0.9282035928217554 5.520703224071748
cell 3.8204789964384123 36.76511538215152 0.0 2.23606797749979 0.4472135954999579 1 0 0 0.19879101363971224 -0.9800419036429492 5.882936988587745
cell 3.723023942707119 19.459685988638217 0.0 2.23606797749979 0.4472135954999579 1 0 0 0.2099764065058591 -0.9777064532419156 5.860083650728864
cell 34.07292923340313 42.80129300210225 0.0 2.23606797749979 0.4472135954999579 1 0 0 -0.1873514801377885 0.9822929414844535 5.9062549334270935
cell 37.750055704083124 19.261060357439572 0.0 2.23606797749979 0.4472135954999579 1 0 0 0.22413601356757457 -0.9745578727925992 5.831072499742634
cell 38.76011503924145 14.759567995012441 0.0 2.23606797749979 0.4472135954999579 1 0 0 0.28977996833527064 -0.9570932921881803 5.695191439156461
cell 8.4263368282611 35.913249059657325 0.0 2.23606797749979 0.4472135954999579 1 0 0 0.2754403519118957 -0.9613181640532187 5.7250898206038805
cell 42.0192197293791 17.8942627156324 0.0 2.23606797749979 0.4472135954999579 1 0 0 0.24403159576789607 -0.9697672814995225 5.790143362354053
cell 21.896358743868387 27.212535495700603 0.0 2.23606797749979 0.4472135954999579 1 0 0 0.44133716857496386 -0.8973413529054782 5.369008760951923
cell 40.218342504350176 2.2652996502649168 0.0 2.23606797749979 0.4472135954999579 1 0 0 0.22726402045705685 -0.9738331813024725 5.824650782304486
cell 14.222981110224632 38.37441391091799 0.0 2.23606797749979 0.4472135954999579 1 0 0 0.29070599147730647 -0.9568124301654929 5.693256081403026
cell 27.738220025023352 7.146388947767195 0.0 2.23606797749979 0.4472135954999579 1 0 0 0.15840995508537262 -0.9873734279034707 5.965025175786201
cell 39.68615442408663 16.03251239217809 0.0 2.23606797749979 0.4472135954999579 1 0 0 -0.23243655344842487 0.972611561015505 5.814021103068349
cell 22.76215415703678 17.109719514726773 0.0 2.23606797749979 0.4472135954999579 1 0 0 0.23657225888611752 -0.9716138977626451 5.805512420742035
cell 19.62711072786831 20.852776625258112 0.0 2.23606797749979 0.4472135954999579 1 0 0 0.1650110616923705 -0.9862917162377248 5.951646853708078
cell 5.256414285059124 46.62159638954024 0.0 2.23606797749979 0.4472135954999579 1 0 0 0.24942616909867404 -0.9683938177047392 5.779010006303429
cell 16.11007488419047 2.673769848187403 0.0 2.23606797749979 0.4472135954999579 1 0 0 0.12990148744266983 -0.991526905111597 6.022646057860013
cell 27.245775736776363 41.21241787848679 0.0 2.23606797749979 0.4472135954999579 1 0 0 0.9705594372973814 0.24086174182088474 2.655085383767852
cell 10.056268090599184 29.74942318220916 0.0 2.23606797749979 0.4472135954999579 1 0 0 0.9702637307605368 0.24205018647099694 2.652636022030767
cell 46.252797197693994 38.01411848698342 0.0 2.23606797749979 0.4472135954999579 1 0 0 0.15981220808372137 -0.9871474348583424 5.96218448103528
cell 22.684675336275642 1.815023294261979 0.0 2.23606797749979 0.4472135954999579 1 0 0 0.2658924900557445 -0.964002688653904 5.744926064676511
cell 6.901969213300895 26.070258676448812 0.0 2.23606797749979 0.4472135954999579 1 0 0 0.23423216211632128 -0.9721806901138869 5.81032794117587
cell 23.273523452774285 28.523373412798797 0.0 2.23606797749979 0.4472135954999579 1 0 0 0.4630963849517933 -0.8863079251843461 5.320214107602333
cell 0.6278395477868581 6.129860619135643 0.0 2.23606797749979 0.4472135954999579 1 0 0 -0.11919869061509948 0.9928704206268035 6.044219747585645
cell 27.142521141137316 2.8010680748056545 0.0 2.23606797749979 0.4472135954999579 1 0 0 0.186811025310188 -0.9823958676737989 5.907355270155127
cell 25.39404148629496 21.726033571449932 0.0 2.23606797749979 0.4472135954999579 1 0 0 0.33719507678754856 -0.9414347986930584 5.59531353009904
cell 1.5501512028908602 24.219755811768636 0.0 2.23606797749979 0.4472135954999579 1 0 0 0.17899790474942162 -0.9838494549956904 5.923249684445799
cell 34.84147451707461 15.130087393298364 0.0 2.23606797749979 0.4472135954999579 1 0 0 0.3015847232265084 -0.9534393817733723 5.670476646614934
cell 16.52985522879276 0.7585373015253931 0.0 2.23606797749979 0.4472135954999579 1 0 0 0.9907369778578513 0.1357948478591561 2.869161257914915
cell 35.34253292357591 11.510574783688147 0.0 2.23606797749979 0.4472135954999579 1 0 0 0.23228709647060006 -0.9726472663886215 5.814328428706306
cell 31.616228035838812 18.18665539189522 0.0 2.23606797749979 0.4472135954999579 1 0 0 0.3023432261472977 -0.9531991258928242 5.668885358328821
cell 32.85577421502897 41.4017272629049 0.0 2.23606797749979 0.4472135954999579 1 0 0 0.9835857225514008 0.18044147636571478 2.7787221003968736
cell 23.592763473972997 43.45353137693962 0.0 2.23606797749979 0.4472135954999579 1 0 0 0.9797482694899583 0.20023318514030583 2.738400813267834
cell 30.424751641178883 12.598963474983874 0.0 2.23606797749979 0.4472135954999579 1 0 0 -0.2621155892729105 0.9650364852481562 5.752757727211443
cell 27.97949698823343 7.935732225708531 0.0 2.23606797749979 0.4472135954999579 1 0 0 0.17239350510640125 -0.9850281617279423 5.93666722714366
cell 4.894311604671402 1.4119302239979 0.0 2.23606797749979 0.4472135954999579 1 0 0 0.3280754736489469 -0.944651514363905 5.6146541764033735
cell 0.6559876431174728 40.353976664931764 0.0 2.23606797749979 0.4472135954999579 1 0 0 0.16336453613738985 -0.9865657749651644 5.954985209732338
cell 25.850406705374752 45.889971285361625 0.0 2.23606797749979 0.4472135954999579 1 0 0 0.26259089570345423 -0.9649072605663498 5.751772607470073
cell 12.393120422511203 33.826219848530194 0.0 2.23606797749979 0.4472135954999579 1 0 0 -0.3276455750207187 0.9448007076465081 5.615564278528851
cell 23.33746802044907 5.068206458436348 0.0 2.23606797749979 0.4472135954999579 1 0 0 0.2157337893068101 -0.9764522170343641 5.848298801872593
cell 23.950466377245533 9.922741319039849 0.0 2.23606797749979 0.4472135954999579 1 0 0 0.18810435522186944 -0.98214904752108 5.904721928021114
cell 28.72308283221126 35.00185926196085 0.0 2.23606797749979 0.4472135954999579 1 0 0 -0.07672849381552929 0.9970520238366704 6.12957734565934
cell 24.48822880124515 5.598213734440498 0.0 2.23606797749979 0.4472135954999579 1 0 0 0.19307900002069353 -0.9811832141608462 5.894586844418247
cell 46.27280935092075 9.94217026632898 0.0 2.23606797749979 0.4472135954999579 1 0 0 0.24590467032519603 -0.969294017887378 5.786279484558533
cell 0.9143372919410396 41.12535833632463 0.0 2.23606797749979 0.4472135954999579 1 0 0 -0.18203688730422518 0.9832917022229918 5.917070198797783
cell 10.84220750079237 7.459427880177456 0.0 2.23606797749979 0.4472135954999579 1 0 0 0.22973778393768648 -0.9732525626122959 5.81956880343972
cell 2.7077462580483913 16.866456388648434 0.0 2.23606797749979 0.4472135954999579 1 0 0 0.1571065317485852 -0.9875816612725911 5.96766508016618
cell 22.952043671207402 4.136908181978731 0.0 2.23606797749979 0.4472135954999579 1 0 0 0.23695414368995504 -0.9715208354884419 5.804726299651437
cell 3.988919236077081 29.5086651406685 0.0 2.23606797749979 0.4472135954999579 1 0 0 -0.25508672464403537 0.9669181779811454 5.767310519262189
cell 13.972040444658582 19.032471679670497 0.0 2.23606797749979 0.4472135954999579 1 0 0 0.20218218934983576 -0.9793479270972636 5.876014073564059
cell 2.3738123955803214 15.913670564364908 0.0 2.23606797749979 0.4472135954999579 1 0 0 -0.16026384689321718 0.9870742116877471 5.961269408905649
cell 30.88299920785189 8.523041289590868 0.0 2.23606797749979 0.4472135954999579 1 0 0 0.21852220547169518 -0.9758319761699686 5.842585669986415
cell 11.590978727560925 10.011181577489895 0.0 2.23606797749979 0.4472135954999579 1 0 0 0.18482091017988966 -0.9827722173323161 5.911406047216207
cell 41.079381156682324 2.8037524565003413 0.0 2.23606797749979 0.4472135954999579 1 0 0 0.23256578507434625 -0.9725806679205344 5.8137553573516865
cell 45.04897598822021 17.86539196799592 0.0 2.23606797749979 0.4472135954999579 1 0 0 0.14814713552662778 -0.9889653311594169 5.985796366484899
cell 42.855702414094345 33.80692526292591 0.0 2.23606797749979 0.4472135954999579 1 0 0 -0.25056254877151707 0.9681004127429763 5.7766627139138444
cell 7.686306768802957 17.435166411085024 0.0 2.23606797749979 0.4472135954999579 1 0 0 0.21085083118497258 -0.9775182489286869 5.858294752256285
cell 25.066345925945708 38.50595383476861 0.0 2.23606797749979 0.4472135954999579 1 0 0 -0.06835623183890788 0.9976609772707287 6.146366152487373
