500
 Lattice="46.7082601366494 0.0 0.0 0.0 46.7082601366494 0.0 0.0 0.0 1.0"Properties=species:S:1:pos:R:3:aspherical_shape:R:3:orientation:R:4:Color:R:1
cell 31.815057955809525 32.09950720930831 0.0 2.23606797749979 0.4472135954999579 1 0 0 0.4095775770102111 0.9122752920091854 0.8439819413971503
cell 23.332921240287813 26.807974797389736 0.0 2.23606797749979 0.4472135954999579 1 0 0 0.3731827945500087 0.9277578357803539 0.7648745887361411
cell 28.063587566012924 14.386366089575601 0.0 2.23606797749979 0.4472135954999579 1 0 0 0.5211248024406764 0.8534804861747959 1.0963366436895385
cell 17.77294847414288 46.55505388073713 0.0 2.23606797749979 0.4472135954999579 1 0 0 0.4296843005969006 0.9029791812774823 0.8882862560772563
cell 25.415700579138644 17.17943041709418 0.0 2.23606797749979 0.4472135954999579 1 0 0 -0.4392145523345679 -0.8983821998556879 0.9094483902739317
cell 9.726625367093423 31.764394985030766 0.0 2.23606797749979 0.4472135954999579 1 0 0 -0.4154052309007178 -0.9096364626268679 0.8567764886651679
cell 33.85596781048563 6.745447432350215 0.0 2.23606797749979 0.4472135954999579 1 0 0 0.9158453451475475 -0.4015311990014843 3.9679689164870777
cell 1.252121918805396 44.601746868951665 0.0 2.23606797749979 0.4472135954999579 1 0 0 0.37783755513343376 0.9258719036296487 0.7749192070335474
cell 6.522045554958834 27.452995909328276 0.0 2.23606797749979 0.4472135954999579 1 0 0 0.9759911538757943 -0.21781016403326034 3.5807330573188527
cell 44.89420844047245 29.019225541628128 0.0 2.23606797749979 0.4472135954999579 1 0 0 0.48847462029873934 0.8725781027071459 1.0206815322535565
cell 26.23656443597312 26.43426047192249 0.0 2.23606797749979 0.4472135954999579 1 0 0 0.44217063767748427 0.8969309489452836 0.9160346121225967
cell 10.980095374493661 14.479822555005962 0.0 2.23606797749979 0.4472135954999579 1 0 0 -0.35462489213267867 -0.9350086555106781 0.7250257111261078
cell 24.045938194777598 41.678347994312965 0.0 2.23606797749979 0.4472135954999579 1 0 0 0.9194844701634376 -0.3931263271879186 3.9496510904716553
cell 26.49839615791946 16.10501205159746 0.0 2.23606797749979 0.4472135954999579 1 0 0 0.4613965973007277 0.887193992314708 0.9591374577271436
cell 40.151861717314176 16.462757205234926 0.0 2.23606797749979 0.4472135954999579 1 0 0 0.5530890090812379 0.8331221687324941 1.1721348893306502
cell 10.997953469898908 0.2551028193325189 0.0 2.23606797749979 0.4472135954999579 1 0 0 0.35198602904920223 0.9360052539137663 0.7193841467947271
cell 39.15741608232721 34.45126987071127 0.0 2.23606797749979 0.4472135954999579 1 0 0 -0.45908037210759756 -0.8883947388101473 0.953919528960852
cell 44.53174399186232 14.59098872730789 0.0 2.23606797749979 0.4472135954999579 1 0 0 0.9164809538086289 -0.40007831896520685 3.964797254905573
cell 37.7043448368137 42.358879277266944 0.0 2.23606797749979 0.4472135954999579 1 0 0 0.26557276967554855 0.9640908173024251 0.537595954387063
cell 39.68651395827478 34.07535050992094 0.0 2.23606797749979 0.4472135954999579 1 0 0 -0.4681320604194372 -0.8836585166270127 0.9743514421893327
cell 1.1875792794694928 37.715302078396256 0.0 2.23606797749979 0.4472135954999579 1 0 0 0.41687400222145915 0.9089642821760726 0.8600070405179349
cell 7.882240051867941 11.298963204277772 0.0 2.23606797749979 0.4472135954999579 1 0 0 0.2954484990294254 0.9553586679468918 0.5998498815855264
cell 20.856894635382186 29.70954375596266 0.0 2.23606797749979 0.4472135954999579 1 0 0 0.3302676998859747 0.9438873059915721 0.673174350663985
cell 6.240629923342963 39.532538682336146 0.0 2.23606797749979 0.4472135954999579 1 0 0 -0.4267654753726234 -0.9043623328235088 0.8818263310129302
cell 20.251903291309436 23.512811267639258 0.0 2.23606797749979 0.4472135954999579 1 0 0 -0.3776796222365823 -0.9259363384959208 0.7745780639435109
cell 7.2501875993012295 12.107607256556403 0.0 2.23606797749979 0.4472135954999579 1 0 0 0.32633072180993716 0.9452556585405905 0.6648383539703521
cell 38.04210987901031 44.436256805550364 0.0 2.23606797749979 0.4472135954999579 1 0 0 0.2152870388897948 0.9765508132637359 0.4339715033284154
cell 22.964435860668566 33.06566275181633 0.0 2.23606797749979 0.4472135954999579 1 0 0 0.2831632613990645 0.9590717217152454 0.5741815280849237
cell 16.583917447978887 29.09079426965676 0.0 2.23606797749979 0.4472135954999579 1 0 0 -0.4864666691977925 -0.8736991357209903 1.0160821475239725
cell 0.38954483602219253 27.28232633071644 0.0 2.23606797749979 0.4472135954999579 1 0 0 -0.5216827739797472 -0.8531395450527399 1.0976444251733604
cell 11.083073462269386 35.054951677966564 0.0 2.23606797749979 0.4472135954999579 1 0 0 0.47347835058817794 0.8808054561163313 0.9864713242393696
cell 18.773703132783705 16.692489483437058 0.0 2.23606797749979 0.4472135954999579 1 0 0 0.3861622373427799 0.9224308789553928 0.7929349260984448
cell 39.24238384628215 27.352091610817265 0.0 2.23606797749979 0.4472135954999579 1 0 0 0.4663483942231452 0.8846011390482684 0.9703165922494911
cell 5.546623402474348 40.05726441928879 0.0 2.23606797749979 0.4472135954999579 1 0 0 0.42175409066894154 0.9067102552657129 0.8707580349183117
cell 0.7017532686593322 4.571692332734478 0.0 2.23606797749979 0.4472135954999579 1 0 0 0.2210384378512121 0.975265096777433 0.44575823441400614
cell 20.22253537735583 30.56360623939745 0.0 2.23606797749979 0.4472135954999579 1 0 0 0.27041927856049935 0.9627426518975978 0.547657018286638
cell 19.919668973573565 24.40182560144098 0.0 2.23606797749979 0.4472135954999579 1 0 0 0.3596403051788141 0.9330910196175342 0.7357647547920041
cell 23.22587052547936 34.63337443028666 0.0 2.23606797749979 0.4472135954999579 1 0 0 0.3682699504683929 0.9297189056817159 0.7542950051191708
cell 31.996755569041433 11.2927873946361 0.0 2.23606797749979 0.4472135954999579 1 0 0 0.6328923252150812 0.7742398237522066 1.3705664609588533
cell 5.9281339038706555 46.092975812711565 0.0 2.23606797749979 0.4472135954999579 1 0 0 0.38616242128364275 0.9224308019512111 0.7929353249161226
cell 7.464337431148033 44.1951848726626 0.0 2.23606797749979 0.4472135954999579 1 0 0 0.38648745861847394 0.922294662421199 0.7936401177706585
cell 13.276849811607661 31.470158511246158 0.0 2.23606797749979 0.4472135954999579 1 0 0 0.9587679818149145 -0.2841900016653573 3.717915633155381
cell 11.426501907744214 21.2427695223773 0.0 2.23606797749979 0.4472135954999579 1 0 0 0.3369257364081045 0.9415312252633242 0.6872996151314078
cell 24.267560843869234 18.273815935768777 0.0 2.23606797749979 0.4472135954999579 1 0 0 -0.42313127208508733 -0.9060683895731358 0.8737968640773328
cell 43.231786962028416 2.9146090890386556 0.0 2.23606797749979 0.4472135954999579 1 0 0 0.20452624692091925 0.9788610801949597 0.41195939758116856
cell 22.975758179365638 27.648570446707843 0.0 2.23606797749979 0.4472135954999579 1 0 0 0.35394202405728864 0.9352673647712881 0.7235652463869131
cell 34.43439195919578 35.25898414206726 0.0 2.23606797749979 0.4472135954999579 1 0 0 -0.36796865723166194 -0.9298381941473085 0.7536469083565125
cell 16.06408989281628 13.416169318106906 0.0 2.23606797749979 0.4472135954999579 1 0 0 0.35847566431567157 0.9335390715408959 0.7332690472224467
cell 43.77541025343423 43.64763603905885 0.0 2.23606797749979 0.4472135954999579 1 0 0 0.3402486415246216 0.940335504987794 0.6943626055326821
cell 1.9688770113789513 2.3726894577545057 0.0 2.23606797749979 0.4472135954999579 1 0 0 0.31063724439270657 0.9505285384437996 0.6317267392997934
cell 44.707565743352426 1.6391172515576304 0.0 2.23606797749979 0.4472135954999579 1 0 0 0.2251517919436985 0.9743236990777456 0.4541976509673201
cell 23.575098618165967 46.662278434105126 0.0 2.23606797749979 0.4472135954999579 1 0 0 0.3973213897753343 0.9176795264290235 0.8171922002345787
cell 38.022116050735335 29.697400429181215 0.0 2.23606797749979 0.4472135954999579 1 0 0 0.44635165450196596 0.8948576426020831 0.9253683231548405
cell 34.0162068608912 42.51394252781384 0.0 2.23606797749979 0.4472135954999579 1 0 0 0.2243592855775585 0.9745064961174592 0.45257102115748193
cell 29.165259396764274 11.2948639387837 0.0 2.23606797749979 0.4472135954999579 1 0 0 0.5579463194173946 0.8298770418854727 1.1838181096049565
cell 27.016130433456947 15.515346813917109 0.0 2.23606797749979 0.4472135954999579 1 0 0 0.4694499536754357 0.8829590822875832 0.9773354337726458
cell 45.64793454793186 33.869901337628164 0.0 2.23606797749979 0.4472135954999579 1 0 0 0.4255656394754624 0.9049275587017122 0.8791737196721018
cell 9.198467889605292 29.608635645777245 0.0 2.23606797749979 0.4472135954999579 1 0 0 0.9828459301956731 -0.18442851595618812 3.512573397892371
cell 44.44383874915268 43.13725724146069 0.0 2.23606797749979 0.4472135954999579 1 0 0 0.3406352984595399 0.9401955080957259 0.6951850475488562
cell 10.607302166463393 36.071642911274914 0.0 2.23606797749979 0.4472135954999579 1 0 0 0.4461848973139993 0.8949408010639005 0.9249956394304262
cell 31.39248594933926 6.940383537840873 0.0 2.23606797749979 0.4472135954999579 1 0 0 0.5437887047567831 0.8392221664010908 1.1498901679467044
cell 13.068417090471593 34.1411946219041 0.0 2.23606797749979 0.4472135954999579 1 0 0 0.37207740710099385 0.9282017039011516 0.7624922365464988
cell 25.952566450888337 30.795856180620618 0.0 2.23606797749979 0.4472135954999579 1 0 0 -0.350269160586347 -0.9366490885823441 0.715716907320016
cell 14.502702262679533 17.043902016761844 0.0 2.23606797749979 0.4472135954999579 1 0 0 0.36700087173660856 0.9302205975705813 0.7515657151984622
cell 2.6946400778930992 13.27864395760701 0.0 2.23606797749979 0.4472135954999579 1 0 0 0.3416682714272715 0.939820617085995 0.6973828433016608
cell 18.52964809518356 46.21080176337056 0.0 2.23606797749979 0.4472135954999579 1 0 0 0.45779324720519826 0.8890586835599326 0.9510229699597098
cell 19.7995374894683 31.799877962767194 0.0 2.23606797749979 0.4472135954999579 1 0 0 0.3746417856047187 0.9271696352226533 0.7680207834561935
cell 34.46611353551261 14.842081307023363 0.0 2.23606797749979 0.4472135954999579 1 0 0 0.6153235870886277 0.7882746242093449 1.3255928024318187
cell 30.371314922764345 7.105142100781857 0.0 2.23606797749979 0.4472135954999579 1 0 0 0.5828493010792445 0.8125802681775113 1.2444615698189168
cell 45.04415879976984 0.7422800949499657 0.0 2.23606797749979 0.4472135954999579 1 0 0 0.29717541390833013 0.9548229015730679 0.6034661124946286
cell 17.88178376280376 40.57445616274083 0.0 2.23606797749979 0.4472135954999579 1 0 0 0.33947115795804955 0.9406164643012693 0.6927092224905048
cell 2.322450910348488 43.48662956350197 0.0 2.23606797749979 0.4472135954999579 1 0 0 -0.36381281444761165 -0.9314720801203371 0.7447159183208312
cell 29.997731986909507 18.639276790978965 0.0 2.23606797749979 0.4472135954999579 1 0 0 0.49203204590715294 0.8705770877989044 1.0288447082899401
cell 6.914964891531481 38.97113566403931 0.0 2.23606797749979 0.4472135954999579 1 0 0 0.4292272157924902 0.9031965440716805 0.8872739851487135
cell 20.44886980770983 3.44095791678534 0.0 2.23606797749979 0.4472135954999579 1 0 0 0.4521067358210023 0.891963844236569 0.9382516726348827
cell 44.265595543106805 34.68867915259395 0.0 2.23606797749979 0.4472135954999579 1 0 0 -0.42280518061339756 -0.9062206018660535 0.8730771301503246
cell 13.343988752374536 44.70708157804772 0.0 2.23606797749979 0.4472135954999579 1 0 0 0.39191005844062793 0.9200035359133484 0.8054136388379977
cell 23.780175123059795 26.109540486635513 0.0 2.23606797749979 0.4472135954999579 1 0 0 0.40183886231033866 0.9157103956694674 0.8270481797799742
cell 8.470985753816487 18.018761913889186 0.0 2.23606797749979 0.4472135954999579 1 0 0 0.34266196014239564 0.9394587702881757 0.6994978851186306
cell 17.298074697845063 20.225719601512573 0.0 2.23606797749979 0.4472135954999579 1 0 0 0.3725084320098934 0.928028807786445 0.7634210541657306
cell 32.15225543609666 36.23865542009724 0.0 2.23606797749979 0.4472135954999579 1 0 0 0.344951101849466 0.9386206567793186 0.7043733776892981
cell 46.63670175256769 7.244814197871772 0.0 2.23606797749979 0.4472135954999579 1 0 0 0.2015115632983586 0.9794861356124709 0.40580179444139297
cell 36.12439548000843 31.16977622932951 0.0 2.23606797749979 0.4472135954999579 1 0 0 -0.4590797053469193 -0.8883950833602051 0.9539180279151571
cell 19.92276190543351 34.35025210210214 0.0 2.23606797749979 0.4472135954999579 1 0 0 0.9431064415837923 -0.3324909620473268 3.8194798150629494
cell 37.28031576662222 43.10716899909111 0.0 2.23606797749979 0.4472135954999579 1 0 0 0.24276065948720985 0.9700862138002658 0.4904212601152372
cell 16.62092297166576 0.9401257371209067 0.0 2.23606797749979 0.4472135954999579 1 0 0 0.40186250899442394 0.9157000184911577 0.827099826715912
cell 25.073504414922052 31.222823541328797 0.0 2.23606797749979 0.4472135954999579 1 0 0 0.35071236966862246 0.9364832266311124 0.7166633627741331
cell 28.22418890765206 29.744892306786554 0.0 2.23606797749979 0.4472135954999579 1 0 0 -0.41990674644040704 -0.9075672560718746 0.8666851329977217
cell 11.518811515306773 6.4626179231701855 0.0 2.23606797749979 0.4472135954999579 1 0 0 -0.3217528138552535 -0.946823704168958 0.6551603264798365
cell 5.737576409814935 28.95368813148511 0.0 2.23606797749979 0.4472135954999579 1 0 0 0.46818135815843714 0.8836323986098072 0.9744630202856427
cell 4.862318990925411 43.83051383712409 0.0 2.23606797749979 0.4472135954999579 1 0 0 -0.3931179201253005 -0.9194880645643846 0.8080401504475425
cell 35.0900036182633 19.513001357456236 0.0 2.23606797749979 0.4472135954999579 1 0 0 0.5331738914265788 0.8460056746269725 1.1246955380046233
cell 26.581515712477703 37.5351399802485 0.0 2.23606797749979 0.4472135954999579 1 0 0 0.28340572257651925 0.9590001024039992 0.5746871633236346
cell 42.656129925878645 33.91432533992147 0.0 2.23606797749979 0.4472135954999579 1 0 0 -0.4286136637984862 -0.9034878677687035 0.8859155808443511
cell 30.46378628064791 28.48413303563271 0.0 2.23606797749979 0.4472135954999579 1 0 0 -0.4322687961921886 -0.9017448019470675 0.8940145421808943
cell 21.49058035842381 8.494824441754892 0.0 2.23606797749979 0.4472135954999579 1 0 0 0.4293857088241816 0.9031212061830656 0.8876249600118289
cell 12.487831947488466 10.941137805328875 0.0 2.23606797749979 0.4472135954999579 1 0 0 0.32414383031669447 0.946007810362907 0.6602131062361607
cell 13.8889379031143 17.816509235652834 0.0 2.23606797749979 0.4472135954999579 1 0 0 -0.37695205234259627 -0.9262327732458534 0.7730067822458508
cell 25.50872008924945 21.93839694261354 0.0 2.23606797749979 0.4472135954999579 1 0 0 -0.44434573766031443 -0.8958553819803233 0.9208876141297573
cell 2.7534233066424374 10.691712203968722 0.0 2.23606797749979 0.4472135954999579 1 0 0 0.2638114552346762 0.9645742667555269 0.5339430361778984
cell 29.92012716364771 1.8596987555877913 0.0 2.23606797749979 0.4472135954999579 1 0 0 0.4122201442726603 0.9110842730811608 0.8497790764502093
cell 43.24608806041192 36.81630342384827 0.0 2.23606797749979 0.4472135954999579 1 0 0 0.4275458171702091 0.9039936804094695 0.8835524109295829
cell 38.0586730233622 37.806043287221186 0.0 2.23606797749979 0.4472135954999579 1 0 0 -0.35479705756565827 -0.9349433394290538 0.7253939888850214
cell 36.525074941667384 44.82393935888154 0.0 2.23606797749979 0.4472135954999579 1 0 0 0.2577477686121834 0.9662122374382558 0.5213809705652676
cell 9.970543592748477 1.3745643215853727 0.0 2.23606797749979 0.4472135954999579 1 0 0 0.3602623537946538 0.9328510258547908 0.737098233705361
cell 11.133142179186601 11.123660604220708 0.0 2.23606797749979 0.4472135954999579 1 0 0 0.29227317905702277 0.9563348727322984 0.5932058939699538
cell 16.600780591899465 36.88612114184521 0.0 2.23606797749979 0.4472135954999579 1 0 0 0.3503660272025982 0.93661285864666 0.7159237478343563
cell 30.935470687411577 15.379016071296792 0.0 2.23606797749979 0.4472135954999579 1 0 0 0.5599524816245384 0.8285247240260976 1.1886568917862081
cell 10.758553364313691 22.276731012138967 0.0 2.23606797749979 0.4472135954999579 1 0 0 0.3453232810050983 0.9384837939974637 0.705166469731888
cell 3.909960947035601 35.80329411776181 0.0 2.23606797749979 0.4472135954999579 1 0 0 0.45162714076742155 0.8922067729636688 0.9371764502600585
cell 18.410557211270604 12.02742297025062 0.0 2.23606797749979 0.4472135954999579 1 0 0 0.3644756169467558 0.9312129319609355 0.7461392453286102
cell 14.819740169685659 31.17947095976489 0.0 2.23606797749979 0.4472135954999579 1 0 0 0.9551463082323516 -0.2961343105249872 3.742878409930225
cell 11.517790877638559 40.77222786940071 0.0 2.23606797749979 0.4472135954999579 1 0 0 0.40424455212262833 0.9146509400198393 0.8323054770800148
cell 41.44334635826996 26.03880013398498 0.0 2.23606797749979 0.4472135954999579 1 0 0 0.5053450728995237 0.8629173525292994 1.0595636190759952
cell 29.12882710141377 43.94667709237531 0.0 2.23606797749979 0.4472135954999579 1 0 0 0.9132550500176191 -0.40738828360338986 3.980777540001117
cell 1.419286124378673 3.9752055679270164 0.0 2.23606797749979 0.4472135954999579 1 0 0 -0.25571951343701316 -0.96675101781562 0.517183778662587
cell 3.491652525560007 41.365191789094986 0.0 2.23606797749979 0.4472135954999579 1 0 0 0.3984551319770034 0.9171878258029752 0.8196637512292768
cell 13.737636361184443 25.64596621394772 0.0 2.23606797749979 0.4472135954999579 1 0 0 0.3627287765249775 0.9318947551524759 0.7423888664922443
cell 41.56491821592988 38.26414140250677 0.0 2.23606797749979 0.4472135954999579 1 0 0 0.4081611068212207 0.9129099138899063 0.840877664855701
cell 13.494874481991529 4.1805135917019385 0.0 2.23606797749979 0.4472135954999579 1 0 0 0.3429095736199175 0.939368417778566 0.7000250511670271
cell 28.942632024911468 19.86098054928565 0.0 2.23606797749979 0.4472135954999579 1 0 0 -0.48057508094797663 -0.8769535857568779 1.0026207318232325
cell 13.992630315657314 44.144682051040576 0.0 2.23606797749979 0.4472135954999579 1 0 0 0.40092387976218113 0.9161113702145827 0.8250502070751966
cell 36.73328069740006 23.6589983601875 0.0 2.23606797749979 0.4472135954999579 1 0 0 0.508391180063777 0.8611262439580856 1.0666309670265186
cell 14.48645285393014 3.0124866554576046 0.0 2.23606797749979 0.4472135954999579 1 0 0 0.31714437973921245 0.9483772679687289 0.6454338117706435
cell 33.29317675812007 31.324498434585564 0.0 2.23606797749979 0.4472135954999579 1 0 0 0.42776383021102227 0.9038905384852725 0.8840347715530739
cell 22.26842741286479 14.154870995436058 0.0 2.23606797749979 0.4472135954999579 1 0 0 -0.40077102740948656 -0.916178248808137 0.824716521066712
cell 41.35710195861556 43.93675420744231 0.0 2.23606797749979 0.4472135954999579 1 0 0 0.29475630962515886 0.9555724556181794 0.5984009766711481
cell 19.980168853791135 45.20751650227184 0.0 2.23606797749979 0.4472135954999579 1 0 0 0.4883093195591289 0.8726706185220747 1.0203026733846619
cell 4.256795275617061 41.051004042196304 0.0 2.23606797749979 0.4472135954999579 1 0 0 0.41078959793974784 0.9117301718296374 0.8466398736790013
cell 41.5754781119773 10.760671876526022 0.0 2.23606797749979 0.4472135954999579 1 0 0 0.9354100090157618 -0.35356486679693216 3.8643514386156377
cell 39.76228160847364 21.908531882874822 0.0 2.23606797749979 0.4472135954999579 1 0 0 -0.5361262578038681 -0.8441378061034942 1.131682787094526
cell 8.954381459216945 2.6055236815276737 0.0 2.23606797749979 0.4472135954999579 1 0 0 0.36222429581487275 0.9320909609697005 0.7413062815916762
cell 4.495985078231734 25.114065433027076 0.0 2.23606797749979 0.4472135954999579 1 0 0 0.9535272438008974 -0.3013068126170798 3.7537183766164017
cell 35.841538614133015 19.093919870086207 0.0 2.23606797749979 0.4472135954999579 1 0 0 0.539485933159949 0.841994612763371 1.139652910608707
cell 34.616262340187276 23.290567762495066 0.0 2.23606797749979 0.4472135954999579 1 0 0 0.49004629291197577 0.8716964097684641 1.024285717665099
cell 39.72243647395142 30.542264896651155 0.0 2.23606797749979 0.4472135954999579 1 0 0 0.4378587026399157 0.8990438012257744 0.9064310767674576
cell 25.40724796455078 10.849016663496563 0.0 2.23606797749979 0.4472135954999579 1 0 0 0.5068706156951917 0.8620221452751532 1.0631012327716998
cell 36.07992826368856 33.786233415788914 0.0 2.23606797749979 0.4472135954999579 1 0 0 -0.4362369750419769 -0.8998318185117848 0.9028249860721465
cell 33.709698406104934 40.42186640916352 0.0 2.23606797749979 0.4472135954999579 1 0 0 0.2699253512096249 0.9628812516475542 0.5466310082975998
cell 46.63662708726308 39.73096731869942 0.0 2.23606797749979 0.4472135954999579 1 0 0 -0.3993067053695636 -0.9168174055104454 0.8215210487261908
cell 31.887092361460017 23.134383073181155 0.0 2.23606797749979 0.4472135954999579 1 0 0 0.48017064983478835 0.8771750948569146 1.0016984936533837
cell 39.29361353951684 41.51559370756486 0.0 2.23606797749979 0.4472135954999579 1 0 0 -0.335052298750883 -0.9421995314697142 0.6833214732810351
cell 1.6977865729714199 31.935004517027 0.0 2.23606797749979 0.4472135954999579 1 0 0 0.476085641872809 0.8793989206284912 0.9923962938899614
cell 12.307318515549673 40.25869115684929 0.0 2.23606797749979 0.4472135954999579 1 0 0 0.4053165546281318 0.9141764001243855 0.8346501541508221
cell 2.521415403361521 36.77280729052326 0.0 2.23606797749979 0.4472135954999579 1 0 0 0.4317403895238908 0.9019979135528857 0.8928427416826497
cell 46.032151987781596 40.234396288373084 0.0 2.23606797749979 0.4472135954999579 1 0 0 -0.3728223187958898 -0.9279027527751257 0.7640975592474346
cell 4.843823617232362 0.5719057654973206 0.0 2.23606797749979 0.4472135954999579 1 0 0 0.37338878758052435 0.9276749502434277 0.7653186749487401
cell 16.42012022808483 21.93322044992688 0.0 2.23606797749979 0.4472135954999579 1 0 0 0.3574017929052466 0.9339507259101603 0.730968908729531
cell 19.330175539949952 15.926690134456305 0.0 2.23606797749979 0.4472135954999579 1 0 0 -0.3880205105578483 -0.9216507382877891 0.7969657077486669
cell 4.874169039849692 40.53384174741834 0.0 2.23606797749979 0.4472135954999579 1 0 0 0.4288360010786098 0.9033823576863268 0.8864077850455584
cell 7.302034520528074 8.818980305719535 0.0 2.23606797749979 0.4472135954999579 1 0 0 0.264835558531777 0.964293589596634 0.5360667756502514
cell 21.8581233652209 2.553778889039179 0.0 2.23606797749979 0.4472135954999579 1 0 0 0.4820742997805381 0.8761303381866786 1.0060414886885514
cell 31.10516148820943 11.54040798023473 0.0 2.23606797749979 0.4472135954999579 1 0 0 0.6052043481046676 0.7960701583624424 1.3000450769689689
cell 23.82988566497542 6.496233696006931 0.0 2.23606797749979 0.4472135954999579 1 0 0 0.4970282179606063 0.8677343778777605 1.0403412861927899
cell 22.019475031719725 7.9682689232685915 0.0 2.23606797749979 0.4472135954999579 1 0 0 0.4541376678103257 0.8909315230003921 0.942808151154493
cell 5.4575164560213185 14.700751242698257 0.0 2.23606797749979 0.4472135954999579 1 0 0 -0.39084398167789164 -0.9204569419512093 0.8030966607635941
cell 41.71454722018085 3.403033344968862 0.0 2.23606797749979 0.4472135954999579 1 0 0 0.16987507125101714 0.9854656057760016 0.3414057929012876
cell 2.930750287704864 25.433172571028848 0.0 2.23606797749979 0.4472135954999579 1 0 0 0.4631237460411533 0.8862936284622661 0.9630329417985698
cell 4.011258381103022 9.088549881505415 0.0 2.23606797749979 0.4472135954999579 1 0 0 0.24829597829589226 0.968684214366109 0.5018414957205047
cell 33.639369709250374 20.19246321435186 0.0 2.23606797749979 0.4472135954999579 1 0 0 0.5136380082681807 0.8580069909169133 1.0788390072341385
cell 46.30909851594055 33.40021716326448 0.0 2.23606797749979 0.4472135954999579 1 0 0 0.4488085106197958 0.8936279543497062 0.9308631497871538
cell 35.48382310846819 31.648428695294683 0.0 2.23606797749979 0.4472135954999579 1 0 0 -0.4443968506087416 -0.895830028057238 0.9210017255650058
cell 17.24649320778818 0.4259718445723488 0.0 2.23606797749979 0.4472135954999579 1 0 0 0.4088225176932837 0.9126139101651501 0.8423269164828916
cell 21.413775176342714 43.35446637502942 0.0 2.23606797749979 0.4472135954999579 1 0 0 0.3542315229137484 0.9351577557686225 0.7241843545264881
cell 42.705907192130724 37.31810398191429 0.0 2.23606797749979 0.4472135954999579 1 0 0 -0.4284482810203867 -0.9035663066375792 0.8855494982332592
cell 30.515905614315518 3.766783178532148 0.0 2.23606797749979 0.4472135954999579 1 0 0 0.9138127658031258 -0.4061357273809356 3.9780353187975463
cell 27.406142318333917 44.47661075031483 0.0 2.23606797749979 0.4472135954999579 1 0 0 0.9023303093764087 -0.4310452560702584 4.032894359865676
cell 30.196861611377905 11.571847637583273 0.0 2.23606797749979 0.4472135954999579 1 0 0 0.5742904120118884 0.818651649159284 1.2234742155717833
cell 3.293321685088456 16.097786411433574 0.0 2.23606797749979 0.4472135954999579 1 0 0 0.9331446579362763 -0.35950110898993043 3.8770590619504226
cell 31.005359633903158 1.7346488876776234 0.0 2.23606797749979 0.4472135954999579 1 0 0 0.9070544946150726 -0.4210132347071708 4.010716836222427
cell 8.750256772634417 43.06933244103221 0.0 2.23606797749979 0.4472135954999579 1 0 0 0.39519729123636743 0.9185962665934572 0.8125652316721156
cell 3.2144443812758965 36.31126918589219 0.0 2.23606797749979 0.4472135954999579 1 0 0 0.44475563135108326 0.8956519571694684 0.9218028069948019
cell 29.976867111705392 32.594881144506424 0.0 2.23606797749979 0.4472135954999579 1 0 0 0.3738472256664671 0.9274902974487041 0.7663071326124042
cell 18.625990377139292 25.80432280764483 0.0 2.23606797749979 0.4472135954999579 1 0 0 0.33724046185202156 0.9414185418238984 0.6879681947111446
cell 36.006209871691354 24.01064038515104 0.0 2.23606797749979 0.4472135954999579 1 0 0 0.49081650608418587 0.8712629668219075 1.0260533162274528
cell 27.61080226357736 25.425411125960746 0.0 2.23606797749979 0.4472135954999579 1 0 0 0.44454561740005716 0.8957562135148168 0.9213338709845709
cell 20.639526750791166 33.70817722100264 0.0 2.23606797749979 0.4472135954999579 1 0 0 0.9474567342398531 -0.31988394261599373 3.7928066359169694
cell 1.7709159328078192 44.0520993628598 0.0 2.23606797749979 0.4472135954999579 1 0 0 0.35796181905535274 0.9337362240475534 0.7321683091608181
cell 20.144000721303158 15.541639306714439 0.0 2.23606797749979 0.4472135954999579 1 0 0 -0.384541638617616 -0.923107647118839 0.7894224590635375
cell 5.986934001312289 34.02615650566895 0.0 2.23606797749979 0.4472135954999579 1 0 0 0.45601264636407507 0.8899732953049957 0.9470194438450669
cell 6.909097490223868 44.80756197095511 0.0 2.23606797749979 0.4472135954999579 1 0 0 0.39638123051985297 0.9180860090925943 0.8151436615620872
cell 21.36850999520431 28.681101309360926 0.0 2.23606797749979 0.4472135954999579 1 0 0 0.32164033606029896 0.9468619192992281 0.6549227415429737
cell 18.883255364437613 11.34433010240915 0.0 2.23606797749979 0.4472135954999579 1 0 0 0.3661901151122817 0.930540058027624 0.7498228654223096
cell 42.75809860481711 30.433916910927838 0.0 2.23606797749979 0.4472135954999579 1 0 0 0.4389259494850991 0.8985232389140552 0.9088059461235374
cell 24.857398848780257 17.715467804557278 0.0 2.23606797749979 0.4472135954999579 1 0 0 -0.43084299735037296 -0.9024269009920673 0.8908534272101409
cell 12.120256493945632 45.820622797898864 0.0 2.23606797749979 0.4472135954999579 1 0 0 0.378535210664843 0.9255868918080695 0.7764264628258095
cell 22.56384790785982 7.431569449650487 0.0 2.23606797749979 0.4472135954999579 1 0 0 0.47215813973965504 0.8815138632361877 0.9834747944117541
cell 2.9214789935575176 42.9831053940906 0.0 2.23606797749979 0.4472135954999579 1 0 0 -0.36870504722314384 -0.9295464421706854 0.7552310667680606
cell 1.5172520266994556 6.873289089698017 0.0 2.23606797749979 0.4472135954999579 1 0 0 0.21900841101642698 0.9757229708805978 0.4415961872219717
cell 29.515300039003886 7.335352693288596 0.0 2.23606797749979 0.4472135954999579 1 0 0 0.5824570914486684 0.8128614498308783 1.2434963931075802
cell 1.8303595199301441 37.252551912398374 0.0 2.23606797749979 0.4472135954999579 1 0 0 0.4294675640714908 0.9030822838537471 0.8878062358153687
cell 23.582906238700954 42.63209130677693 0.0 2.23606797749979 0.4472135954999579 1 0 0 0.3802481902719258 0.9248844867306 0.7801292579895823
cell 10.902439397544727 3.1267906652975572 0.0 2.23606797749979 0.4472135954999579 1 0 0 0.32702851169054603 0.9450144721333459 0.6663149468394655
cell 19.959721465931196 10.142766249423385 0.0 2.23606797749979 0.4472135954999579 1 0 0 0.3779799886701649 0.9258137653788163 0.7752268910834574
cell 34.886138510357476 34.71413207186441 0.0 2.23606797749979 0.4472135954999579 1 0 0 0.40014682958937325 0.9164510433021358 0.8233541117705975
cell 26.56960198659255 3.4155880483057266 0.0 2.23606797749979 0.4472135954999579 1 0 0 0.4545748528912171 0.8907085399382496 0.9437896851494022
cell 22.93539547325979 37.59797259224749 0.0 2.23606797749979 0.4472135954999579 1 0 0 0.947234624136501 -0.320541053278643 3.7941939027842575
cell 3.82167184050019 1.7313599276524383 0.0 2.23606797749979 0.4472135954999579 1 0 0 -0.38229052432204547 -0.9240421824860462 0.7845476770723305
cell 30.895204989745075 0.16207668930677607 0.0 2.23606797749979 0.4472135954999579 1 0 0 0.9389494152084373 -0.3440552218463389 3.844057436870809
cell 19.486869304294405 37.89107012578621 0.0 2.23606797749979 0.4472135954999579 1 0 0 0.9264446612351103 -0.3764309892516314 3.9134744411279234
cell 6.480905328835029 19.251401691714523 0.0 2.23606797749979 0.4472135954999579 1 0 0 0.9078942077432265 -0.4191993649163832 4.006719215387135
cell 28.923483846504514 40.212983823059574 0.0 2.23606797749979 0.4472135954999579 1 0 0 0.3376085949938503 0.9412865857889819 0.6887503312905543
cell 6.802132982779601 33.48918275477891 0.0 2.23606797749979 0.4472135954999579 1 0 0 0.45611196876901355 0.8899223965861599 0.9472426533405174
cell 30.14931351241706 37.75253071475734 0.0 2.23606797749979 0.4472135954999579 1 0 0 0.26667165146522165 0.9637874404166156 0.5398759358459883
cell 40.30007520426616 33.55067644986627 0.0 2.23606797749979 0.4472135954999579 1 0 0 0.46147761189663683 0.8871518549370097 0.9593200931383367
cell 33.17637667962847 27.825473756268792 0.0 2.23606797749979 0.4472135954999579 1 0 0 0.42993418359244756 0.9028602315855404 0.8888397560001667
cell 4.799834865595755 29.49122696783219 0.0 2.23606797749979 0.4472135954999579 1 0 0 0.48411022583480884 0.8750070223959179 1.0106920093907465
cell 21.023591174651767 9.04840644205045 0.0 2.23606797749979 0.4472135954999579 1 0 0 0.40562887367832917 0.9140378640069842 0.8353334855377097
cell 32.79332227470386 15.673832567101705 0.0 2.23606797749979 0.4472135954999579 1 0 0 0.5936407757100127 0.8047301593791638 1.2711511015215378
cell 33.963518764404455 5.2850036229399295 0.0 2.23606797749979 0.4472135954999579 1 0 0 0.938336026802987 -0.34572460254309934 3.847614445771789
cell 30.261155278285006 40.06598344721711 0.0 2.23606797749979 0.4472135954999579 1 0 0 0.3128576501450318 0.949800026713902 0.6364004673751981
cell 30.817161310761357 37.16432908584369 0.0 2.23606797749979 0.4472135954999579 1 0 0 0.2885281636158373 0.9574714088684176 0.5853785381983113
cell 29.682821259516317 38.53640888830529 0.0 2.23606797749979 0.4472135954999579 1 0 0 0.2676571105497622 0.9635142298752792 0.5419211973924294
cell 16.35404195225279 16.507156485387643 0.0 2.23606797749979 0.4472135954999579 1 0 0 0.43208329679240765 0.9018337012071594 0.8936031391866746
cell 10.786805801813086 29.03448212607068 0.0 2.23606797749979 0.4472135954999579 1 0 0 0.9809575234723624 -0.19422239094133717 3.5325220211008146
cell 21.149787168024176 3.0002061401036024 0.0 2.23606797749979 0.4472135954999579 1 0 0 0.4689699111098923 0.8832141430443581 0.9762482413119351
cell 26.372021180044204 21.703475080072558 0.0 2.23606797749979 0.4472135954999579 1 0 0 0.435020550472653 0.900420524347635 0.9001221996788435
cell 9.877615508318023 36.71752688348672 0.0 2.23606797749979 0.4472135954999579 1 0 0 -0.4276532539809899 -0.9039428601186421 0.8837901113316624
cell 10.758268821700035 41.339566719120974 0.0 2.23606797749979 0.4472135954999579 1 0 0 -0.40552740398785714 -0.914082887168811 0.8351114658701304
cell 40.615812296356154 46.52207963546546 0.0 2.23606797749979 0.4472135954999579 1 0 0 0.23493471056377865 0.9720111531110708 0.4743027962359774
cell 1.9581567645661433 3.3022842853912993 0.0 2.23606797749979 0.4472135954999579 1 0 0 0.28444499249382416 0.958692362671774 0.5768549140646703
cell 7.902872014612345 3.827042789869808 0.0 2.23606797749979 0.4472135954999579 1 0 0 0.36880836231407227 0.9295054555446203 0.7554533630707059
cell 33.8190202944029 3.540209270415169 0.0 2.23606797749979 0.4472135954999579 1 0 0 0.9213230898087934 -0.38879784488237323 3.9402454917069507
cell 13.361158100849064 18.652361362977114 0.0 2.23606797749979 0.4472135954999579 1 0 0 0.37103111506030495 0.9286204346540662 0.760238295453864
cell 41.036511384271265 11.886375225428175 0.0 2.23606797749979 0.4472135954999579 1 0 0 0.9141381335560418 -0.4054028524550317 3.9764316107616406
cell 8.426594061304755 3.213455202211847 0.0 2.23606797749979 0.4472135954999579 1 0 0 0.37571144912552434 0.9267366977712701 0.7703286959608773
cell 13.6187067615629 38.751360353316905 0.0 2.23606797749979 0.4472135954999579 1 0 0 0.45249425860962444 0.8917673160221372 0.9391206887538118
cell 32.524987411750956 31.664304142243747 0.0 2.23606797749979 0.4472135954999579 1 0 0 0.4113778101069862 0.9114649183328892 0.8479303820837322
cell 42.442050627283024 9.963325038544374 0.0 2.23606797749979 0.4472135954999579 1 0 0 0.9374726242540725 -0.34805901622308605 3.852592378832368
cell 35.70574361880052 45.659700406640304 0.0 2.23606797749979 0.4472135954999579 1 0 0 0.23997983762676164 0.9707778723954482 0.4846901633787602
cell 31.175656847598464 32.63805611388852 0.0 2.23606797749979 0.4472135954999579 1 0 0 -0.3917521011626183 -0.9200708077287713 0.8050702673254992
cell 14.831549041657183 16.088282500044457 0.0 2.23606797749979 0.4472135954999579 1 0 0 0.3977883381864777 0.9174772138875387 0.8182099844724212
cell 24.221521228706454 23.003445786931074 0.0 2.23606797749979 0.4472135954999579 1 0 0 0.4525661734548774 0.8917308218539998 0.9392819781741633
cell 24.024037004767575 31.460658709888783 0.0 2.23606797749979 0.4472135954999579 1 0 0 0.3272362248567765 0.9449425660544059 0.6667545614152409
cell 21.99447717152655 19.38328033828145 0.0 2.23606797749979 0.4472135954999579 1 0 0 0.4211374576647656 0.9069968256568806 0.8693980954067927
cell 20.218426954053236 43.631214695516235 0.0 2.23606797749979 0.4472135954999579 1 0 0 0.3467927674889039 0.9379417766670738 0.7082989919195416
cell 29.41030653386717 24.972858257605424 0.0 2.23606797749979 0.4472135954999579 1 0 0 0.4236514461359063 0.9058252878932864 0.8749452185155586
cell 19.183460470892292 34.9752944484889 0.0 2.23606797749979 0.4472135954999579 1 0 0 0.9337508711038495 -0.3579236101639599 3.873679122524809
cell 37.36473996435459 9.267629566387926 0.0 2.23606797749979 0.4472135954999579 1 0 0 0.9148074374935472 -0.403890272606917 3.973123519963957
cell 27.20274589626901 21.476705089143607 0.0 2.23606797749979 0.4472135954999579 1 0 0 -0.4462253807280607 -0.8949206163644333 0.9250861121645952
cell 7.644942258114608 32.892527133993134 0.0 2.23606797749979 0.4472135954999579 1 0 0 0.4718587501737317 0.8816741574325992 0.9827955938737821
cell 14.284538768743998 5.907317551596836 0.0 2.23606797749979 0.4472135954999579 1 0 0 0.3651555498925597 0.930946520688843 0.7475997709879354
cell 8.447594207285219 32.13935686787188 0.0 2.23606797749979 0.4472135954999579 1 0 0 -0.5147033674401335 -0.8573683243191266 1.0813232659861747
cell 14.178758754792117 10.002262221169852 0.0 2.23606797749979 0.4472135954999579 1 0 0 0.3153303447052026 0.948981967008909 0.6416094764569422
cell 1.758238902491173 40.67120678548256 0.0 2.23606797749979 0.4472135954999579 1 0 0 0.4126043857189699 0.910910325380864 0.8506226386450426
cell 34.14787440537386 39.72379736758532 0.0 2.23606797749979 0.4472135954999579 1 0 0 0.2632912789910005 0.9647163844401541 0.5328645543415851
cell 39.8685438022853 0.5715920171601924 0.0 2.23606797749979 0.4472135954999579 1 0 0 0.21384001579192366 0.9768686951919945 0.43100844736029015
cell 13.155893243414132 13.503791908924605 0.0 2.23606797749979 0.4472135954999579 1 0 0 0.29994787966818076 0.9539555909383636 0.6092760350624634
cell 40.21886968878588 41.21489091285571 0.0 2.23606797749979 0.4472135954999579 1 0 0 -0.33716553763231105 -0.9414453782525647 0.6878090239524468
cell 3.38649414247139 2.451974918245457 0.0 2.23606797749979 0.4472135954999579 1 0 0 0.3509702810905178 0.9363865984684119 0.717214199606055
cell 44.18791482232223 29.517706412993576 0.0 2.23606797749979 0.4472135954999579 1 0 0 0.48339756211954843 0.8754009349645894 1.009063443494698
cell 8.581283681942693 27.132515065232425 0.0 2.23606797749979 0.4472135954999579 1 0 0 0.9852932522722426 -0.17087190239119732 3.485021689570462
cell 41.477820722921074 20.74692909738378 0.0 2.23606797749979 0.4472135954999579 1 0 0 0.559642195384213 0.8287343441329909 1.1879079775273302
cell 24.855156021526767 11.328173915028911 0.0 2.23606797749979 0.4472135954999579 1 0 0 0.4941328525261547 0.8693864066422741 1.0336742477713754
cell 45.93731695059772 8.066621063876777 0.0 2.23606797749979 0.4472135954999579 1 0 0 0.19510158958753396 0.9807830390766439 0.3927220583573369
cell 26.423690420499966 40.43802007300131 0.0 2.23606797749979 0.4472135954999579 1 0 0 0.9193462221184895 -0.39344951884131335 3.9503541277908023
cell 29.628205884578133 28.760605312073228 0.0 2.23606797749979 0.4472135954999579 1 0 0 0.43446142399022614 0.9006904413084359 0.8988804628283608
cell 38.939365777259844 22.37288576576531 0.0 2.23606797749979 0.4472135954999579 1 0 0 0.5495999998693001 0.8354279383308085 1.1637707314620949
cell 15.906322961521843 8.133556979819527 0.0 2.23606797749979 0.4472135954999579 1 0 0 0.29681682538328896 0.9549344334400065 0.6027150463476313
cell 24.812437639945355 22.36747783319333 0.0 2.23606797749979 0.4472135954999579 1 0 0 0.44805481853926976 0.8940060847576721 0.9291766926726004
cell 12.465336835237066 5.265997237703108 0.0 2.23606797749979 0.4472135954999579 1 0 0 -0.3398658852645401 -0.9404739124682568 0.6935485809935766
cell 40.58240695153976 21.334188049234992 0.0 2.23606797749979 0.4472135954999579 1 0 0 0.5499282330670111 0.8352119123167456 1.1645566176442312
cell 27.477134614644775 14.912646008988863 0.0 2.23606797749979 0.4472135954999579 1 0 0 0.49515669405188617 0.8688036880306199 1.0360303569459954
cell 5.539021690631371 8.851257725868107 0.0 2.23606797749979 0.4472135954999579 1 0 0 0.25528203164376345 0.9668666321265992 0.5162787770232027
cell 9.071272360525596 37.25516835020334 0.0 2.23606797749979 0.4472135954999579 1 0 0 0.42586694960763744 0.904785798535701 0.8798397038804535
cell 42.16175718349249 37.80895327241581 0.0 2.23606797749979 0.4472135954999579 1 0 0 0.4199940034043866 0.9075268795492264 0.8668774248732775
cell 37.451261478366305 23.262146486229632 0.0 2.23606797749979 0.4472135954999579 1 0 0 0.5228238805336436 0.8524407251790252 1.1003205968049217
cell 22.313473339891885 0.03539090458077254 0.0 2.23606797749979 0.4472135954999579 1 0 0 0.41925624846775134 0.9078679409037127 0.8652518723759149
cell 21.75184729891163 14.764647598875596 0.0 2.23606797749979 0.4472135954999579 1 0 0 0.4001330100205087 0.9164570771683349 0.823323952989129
cell 12.73472218032627 19.392220257585986 0.0 2.23606797749979 0.4472135954999579 1 0 0 0.34052874676174805 0.940234105225328 0.6949583936035599
cell 38.04658059699084 35.32293511299204 0.0 2.23606797749979 0.4472135954999579 1 0 0 -0.4408446387219986 -0.8975834248191477 0.9130789406974138
cell 42.19561364125894 25.51849753684264 0.0 2.23606797749979 0.4472135954999579 1 0 0 0.5248347558939958 0.8512041347442397 1.105041943310427
cell 20.73807295068654 22.80813007226539 0.0 2.23606797749979 0.4472135954999579 1 0 0 0.4096726753873483 0.9122325904290924 0.8441904324164909
cell 45.51672848433532 37.302619922725604 0.0 2.23606797749979 0.4472135954999579 1 0 0 0.4279892740074763 0.9037838133837944 0.8845336308637723
cell 16.267978933145137 42.36259382348458 0.0 2.23606797749979 0.4472135954999579 1 0 0 0.4331398783858962 0.9013267142118062 0.8959469827261131
cell 22.218502745926322 23.258841169068862 0.0 2.23606797749979 0.4472135954999579 1 0 0 0.4285173236862344 0.9035335651212892 0.8857023235793134
cell 14.353728565772633 24.45303172724129 0.0 2.23606797749979 0.4472135954999579 1 0 0 0.3458835503062464 0.938277448107726 0.7063605892009706
cell 33.323942851832896 46.1796507356538 0.0 2.23606797749979 0.4472135954999579 1 0 0 0.9005380191174831 -0.4347772718576256 4.041174521866939
cell 16.16823259576951 34.894284432972704 0.0 2.23606797749979 0.4472135954999579 1 0 0 0.9152817349231669 -0.4028142819166639 3.970771742613458
cell 33.00979902657722 35.96601232572544 0.0 2.23606797749979 0.4472135954999579 1 0 0 -0.3457526689775894 -0.9383256854071903 0.7060816142251598
cell 9.457919250020142 42.51353268562134 0.0 2.23606797749979 0.4472135954999579 1 0 0 -0.3974458781665907 -0.9176256175196873 0.8174635194568367
cell 26.842486755725442 29.38246642424618 0.0 2.23606797749979 0.4472135954999579 1 0 0 0.40276472261302204 0.9153035443056339 0.8290707973112991
cell 15.001677087051242 38.964978158046215 0.0 2.23606797749979 0.4472135954999579 1 0 0 0.5105938179863685 0.8598220473063617 1.0717505554093452
cell 29.517103663459675 19.274520712737424 0.0 2.23606797749979 0.4472135954999579 1 0 0 0.48539578841154385 0.8742945319469496 1.0136316108382122
cell 33.61761476172004 15.282167833549856 0.0 2.23606797749979 0.4472135954999579 1 0 0 0.6051342646102851 0.7961234337680115 1.299869009197603
cell 29.02978727150709 29.39569620566574 0.0 2.23606797749979 0.4472135954999579 1 0 0 -0.4321153161021215 -0.9018183595325411 0.8936741491345632
cell 44.027602401950226 5.274144181383621 0.0 2.23606797749979 0.4472135954999579 1 0 0 0.17030791616209992 0.9853908938550848 0.342284283860329
cell 12.924791838096128 28.807278764561875 0.0 2.23606797749979 0.4472135954999579 1 0 0 0.9682672122882169 -0.24991719750270297 3.646782129659033
cell 7.561346439768741 38.345152368624234 0.0 2.23606797749979 0.4472135954999579 1 0 0 0.427298289508567 0.9041107077029078 0.8830048149794305
cell 17.605709263394203 12.388602637706114 0.0 2.23606797749979 0.4472135954999579 1 0 0 0.3618688099618922 0.932229030001085 0.740543567357223
cell 28.555151510839362 33.660401843621166 0.0 2.23606797749979 0.4472135954999579 1 0 0 0.3137523721042545 0.9495048441155808 0.6382847818036613
cell 5.225761828694141 34.56687821945083 0.0 2.23606797749979 0.4472135954999579 1 0 0 0.46530007420952313 0.8851530042544127 0.9679471786335334
cell 38.30297206631337 17.689857523735483 0.0 2.23606797749979 0.4472135954999579 1 0 0 0.5632703957640195 0.8262726313123562 1.1966769908820492
cell 15.01533925574754 2.467507493346473 0.0 2.23606797749979 0.4472135954999579 1 0 0 0.33441603821465093 0.9424255479266345 0.6819710497532684
cell 29.456010341680894 33.246801365571365 0.0 2.23606797749979 0.4472135954999579 1 0 0 -0.3483694788741828 -0.9373572991068723 0.711662105641758
cell 13.943251569622776 3.5841698208899575 0.0 2.23606797749979 0.4472135954999579 1 0 0 -0.33600401804373914 -0.9418605522360848 0.6853420441113123
cell 43.46489908670485 29.99021878955024 0.0 2.23606797749979 0.4472135954999579 1 0 0 0.46488732371317393 0.8853698528020946 0.967014684625389
cell 41.954524592353906 46.209060069759886 0.0 2.23606797749979 0.4472135954999579 1 0 0 0.25922429383581963 0.9658171490946517 0.524437911513414
cell 22.510009143582565 43.03192649168451 0.0 2.23606797749979 0.4472135954999579 1 0 0 0.36810778199234157 0.9297831257001166 0.75394616231523
cell 30.126488437003868 24.641727944125833 0.0 2.23606797749979 0.4472135954999579 1 0 0 0.44473583333098643 0.8956617880379809 0.9217585980556386
cell 26.360982719034382 30.05497471973824 0.0 2.23606797749979 0.4472135954999579 1 0 0 -0.37346803512097176 -0.927643049207442 0.7654895298435296
cell 25.202845111748164 26.470033574195206 0.0 2.23606797749979 0.4472135954999579 1 0 0 0.425284243391744 0.9050598390839756 0.8785518455490101
cell 45.93281593383413 4.94381486021916 0.0 2.23606797749979 0.4472135954999579 1 0 0 0.1954504971989445 0.9807135683494368 0.3934335714059136
cell 32.3268768788419 19.449972856104548 0.0 2.23606797749979 0.4472135954999579 1 0 0 0.5217332669506172 0.8531086672617012 1.097762797097189
cell 46.66786098464365 12.041491655686906 0.0 2.23606797749979 0.4472135954999579 1 0 0 0.35696645433363083 0.9341172038242717 0.7300367401358615
cell 38.202700307691664 22.817986512214198 0.0 2.23606797749979 0.4472135954999579 1 0 0 0.5435246347008876 0.8393932162421058 1.1492609111045533
cell 6.85880339773805 5.040519770384622 0.0 2.23606797749979 0.4472135954999579 1 0 0 0.35772200371246166 0.9338281255455639 0.7316546661548886
cell 42.054908620728185 30.857648366697887 0.0 2.23606797749979 0.4472135954999579 1 0 0 0.4291770505218466 0.9032203824678495 0.8871629027736678
cell 20.44602832312234 37.485261538116916 0.0 2.23606797749979 0.4472135954999579 1 0 0 0.9159464985937532 -0.4013004008393756 3.967464933107796
cell 26.240319737560043 7.817078847294851 0.0 2.23606797749979 0.4472135954999579 1 0 0 0.509506647733934 0.8604667198183372 1.0692226772333615
cell 23.321918177534826 23.265997493049245 0.0 2.23606797749979 0.4472135954999579 1 0 0 0.4347449378079406 0.9005536291917156 0.8995100583840469
cell 30.85960480848994 42.909079078927086 0.0 2.23606797749979 0.4472135954999579 1 0 0 0.9519840746762639 -0.3061475486800075 3.7638799025075214
cell 40.93809474053492 33.13620475305733 0.0 2.23606797749979 0.4472135954999579 1 0 0 0.4288326121399696 0.9033839664091955 0.886400282274237
cell 2.163890196253861 11.596519850941691 0.0 2.23606797749979 0.4472135954999579 1 0 0 -0.2992420930361853 -0.954177221356349 0.607796501572424
cell 17.03516197032011 34.23127232963011 0.0 2.23606797749979 0.4472135954999579 1 0 0 0.9197200359124467 -0.3925749043701186 3.9484518267694275
cell 3.321104622801971 6.760524390382875 0.0 2.23606797749979 0.4472135954999579 1 0 0 0.23453140365097314 0.9721085436830109 0.47347299772576196
cell 36.72628639833903 30.683939528569862 0.0 2.23606797749979 0.4472135954999579 1 0 0 -0.4697318785924575 -0.8828091312588473 0.977974079122502
cell 23.074538669480017 39.2107349131257 0.0 2.23606797749979 0.4472135954999579 1 0 0 0.9097241722382658 -0.4152131144911032 3.9979467600065624
cell 37.41783056891236 18.14403660331989 0.0 2.23606797749979 0.4472135954999579 1 0 0 0.5622308371101944 0.8269803418475979 1.1941618077039302
cell 3.9268109255557864 30.096334628271837 0.0 2.23606797749979 0.4472135954999579 1 0 0 0.48525866667675943 0.8743706459020074 1.0133179504846115
cell 43.005809007285336 24.978030009509745 0.0 2.23606797749979 0.4472135954999579 1 0 0 0.5386775170978104 0.8425120370495238 1.1377332601278625
cell 12.410456391202421 35.355011020830936 0.0 2.23606797749979 0.4472135954999579 1 0 0 0.49110079490166436 0.8711027547005883 1.0267059663833737
cell 15.519472940763043 37.456170488115546 0.0 2.23606797749979 0.4472135954999579 1 0 0 0.35617339173515333 0.9344198815414176 0.7283390215150907
cell 12.01568909070811 5.857209182128651 0.0 2.23606797749979 0.4472135954999579 1 0 0 0.32290587482379507 0.9464310836000049 0.6575964715426651
cell 35.844347374103364 34.68172632400144 0.0 2.23606797749979 0.4472135954999579 1 0 0 -0.4178779651159953 -0.9085031680024649 0.8622166268130194
cell 8.085551947480498 43.589375406938736 0.0 2.23606797749979 0.4472135954999579 1 0 0 -0.38894212620906066 -0.921262189856924 0.7989660530939293
cell 37.799486231861444 7.564958911610039 0.0 2.23606797749979 0.4472135954999579 1 0 0 0.9341261993337572 -0.3569429138087346 3.8715789923168122
cell 45.049560905091575 46.44579087352237 0.0 2.23606797749979 0.4472135954999579 1 0 0 0.31004139579401646 0.9507230579375353 0.6304731470233867
cell 14.781913225127191 9.390769404087001 0.0 2.23606797749979 0.4472135954999579 1 0 0 0.29303918418887576 0.9561004322402109 0.5948080503177215
cell 42.5349355939281 20.201574555708433 0.0 2.23606797749979 0.4472135954999579 1 0 0 0.5466143254202406 0.8373844871057592 1.1566314461883038
cell 36.58742957933158 38.62644057814387 0.0 2.23606797749979 0.4472135954999579 1 0 0 -0.33295690767710723 -0.9429420436220343 0.6788753558360394
cell 18.124602717029088 5.6498188273545065 0.0 2.23606797749979 0.4472135954999579 1 0 0 -0.3557769452410812 -0.9345708989878321 0.7274905497253821
cell 40.99423679836498 38.68942129417599 0.0 2.23606797749979 0.4472135954999579 1 0 0 0.38722297569694375 0.9219860991861016 0.7952353565321024
cell 10.377352023182672 15.337151459838108 0.0 2.23606797749979 0.4472135954999579 1 0 0 -0.36395776077141834 -0.9314154542277334 0.7450271476802888
cell 46.14128584602794 13.000022184594407 0.0 2.23606797749979 0.4472135954999579 1 0 0 0.9471603859117282 -0.32076035191330293 3.79465695010547
cell 26.916706092895524 35.13312898974704 0.0 2.23606797749979 0.4472135954999579 1 0 0 0.28031408933378377 0.959908334853371 0.5682426024313085
cell 19.283990936288475 19.915389957242812 0.0 2.23606797749979 0.4472135954999579 1 0 0 0.4428364020507558 0.8966024319723549 0.9175194227199932
cell 21.02879311311037 15.198866220285224 0.0 2.23606797749979 0.4472135954999579 1 0 0 -0.38442041919556313 -0.9231581345064926 0.7891598329062743
cell 24.520521377076935 3.9282338092220916 0.0 2.23606797749979 0.4472135954999579 1 0 0 0.5013526629593658 0.8652430336868091 1.050322803537239
cell 28.65811558052636 13.993335415614045 0.0 2.23606797749979 0.4472135954999579 1 0 0 0.5371363677589714 0.8434954193300038 1.1340769325030373
cell 34.927609735295775 26.460450351670552 0.0 2.23606797749979 0.4472135954999579 1 0 0 0.452315211292643 0.8918581443443188 0.9387191530718908
cell 39.9562355552595 26.927900864975328 0.0 2.23606797749979 0.4472135954999579 1 0 0 0.5021396537205992 0.8647865448544841 1.0521424041191247
cell 33.46577724096462 35.431878785673 0.0 2.23606797749979 0.4472135954999579 1 0 0 -0.34234174780334203 -0.9395755039968597 0.6988162321220122
cell 27.365889330977055 40.04776257068469 0.0 2.23606797749979 0.4472135954999579 1 0 0 0.92469738802217 -0.38070295583955777 3.922705410746783
cell 9.701012530013868 16.147519662274778 0.0 2.23606797749979 0.4472135954999579 1 0 0 0.3434395716757784 0.9391747763899742 0.7011535810692273
cell 0.9810126305304239 32.44629810206199 0.0 2.23606797749979 0.4472135954999579 1 0 0 -0.4661196353587393 -0.8847216994812752 0.9697994252110069
cell 26.632532530222562 9.999837739068562 0.0 2.23606797749979 0.4472135954999579 1 0 0 0.5035453659878416 0.863968786700174 1.0553949452549822
cell 40.71963532240483 26.491042399509066 0.0 2.23606797749979 0.4472135954999579 1 0 0 -0.5077095986502466 -0.8615282719901916 1.0650483365648578
cell 9.390821122981784 11.077816311292107 0.0 2.23606797749979 0.4472135954999579 1 0 0 0.2831952808720992 0.9590622674736885 0.5742483002149463
cell 0.47828905413014566 38.070349447246905 0.0 2.23606797749979 0.4472135954999579 1 0 0 0.42480526748201075 0.9052847533895273 0.8774935367595159
cell 32.39800885833659 22.64764428012456 0.0 2.23606797749979 0.4472135954999579 1 0 0 0.48433671806476264 0.8748816740189811 1.011209738842118
cell 3.3886172606337537 9.85919812113882 0.0 2.23606797749979 0.4472135954999579 1 0 0 0.2528387190453931 0.9675084403515479 0.511226372587766
cell 15.475629725170071 1.912196985334292 0.0 2.23606797749979 0.4472135954999579 1 0 0 0.35382067229890224 0.935313280058587 0.7233057510081887
cell 12.969590917533672 10.25003744383735 0.0 2.23606797749979 0.4472135954999579 1 0 0 0.2980486175021236 0.9545506909562597 0.6052954109333089
cell 25.711723876776 41.119793596888414 0.0 2.23606797749979 0.4472135954999579 1 0 0 0.9037149552150641 -0.42813465138976403 4.0264480050201295
cell 8.703328899022337 8.652942815713958 0.0 2.23606797749979 0.4472135954999579 1 0 0 0.28341159115989595 0.9589983680884009 0.5746994022976838
cell 1.9480265464796633 26.05078073304732 0.0 2.23606797749979 0.4472135954999579 1 0 0 0.5003035839582143 0.8658500585427976 1.0478987192925922
cell 6.040433521030424 13.777119420693928 0.0 2.23606797749979 0.4472135954999579 1 0 0 0.37236035662751427 0.9280882311570546 0.7631019463100119
cell 32.47871087789922 28.246375909501598 0.0 2.23606797749979 0.4472135954999579 1 0 0 0.4023823964620909 0.9154716855356176 0.828235465613248
cell 4.597884027282533 15.789424803879255 0.0 2.23606797749979 0.4472135954999579 1 0 0 0.3122650863950917 0.9499950083124995 0.6351528301937155
cell 25.74812469131717 46.176833399811635 0.0 2.23606797749979 0.4472135954999579 1 0 0 0.42174127974409703 0.906716214126455 0.8707297769766515
cell 5.380754215406359 46.69447960240075 0.0 2.23606797749979 0.4472135954999579 1 0 0 0.3796666142119275 0.9251233766654323 0.778871801624456
cell 37.11720403247928 38.06347044964515 0.0 2.23606797749979 0.4472135954999579 1 0 0 -0.3215524472647772 -0.9468917697699314 0.6547371022046251
cell 36.60114835284926 18.617144683979806 0.0 2.23606797749979 0.4472135954999579 1 0 0 0.5508722349215989 0.8345895882363276 1.1668179684783402
cell 38.565638154749806 34.946727714269414 0.0 2.23606797749979 0.4472135954999579 1 0 0 -0.4357207159014437 -0.9000819172355 0.901677688585333
cell 26.901623009327622 25.908354974887402 0.0 2.23606797749979 0.4472135954999579 1 0 0 0.45026384261182956 0.8928955549426986 0.9341216161046569
cell 44.020272356808974 2.2609358170165783 0.0 2.23606797749979 0.4472135954999579 1 0 0 0.22842890918753123 0.9735605956731171 0.4609272378544843
cell 25.301866938431907 3.347036165969953 0.0 2.23606797749979 0.4472135954999579 1 0 0 0.47462683633792013 0.8801871200079318 0.9890800475298167
cell 13.14657500994151 39.725593976013094 0.0 2.23606797749979 0.4472135954999579 1 0 0 0.41210265570676935 0.9111374216655949 0.8495211746459078
cell 39.16849064181441 17.07805349981086 0.0 2.23606797749979 0.4472135954999579 1 0 0 0.555736100995717 0.8313587589302697 1.1784962471301388
cell 40.74052217095615 40.63576883034301 0.0 2.23606797749979 0.4472135954999579 1 0 0 -0.32840888108714256 -0.9445356567240281 0.6692370585738114
cell 17.624344876806223 6.179910414539059 0.0 2.23606797749979 0.4472135954999579 1 0 0 0.35215638751426476 0.9359411726881679 0.7197481710257013
cell 25.944083723968035 16.585311048751148 0.0 2.23606797749979 0.4472135954999579 1 0 0 -0.44842803347605564 -0.893818940721664 0.9300117071198661
cell 38.91849620299175 6.920641048731599 0.0 2.23606797749979 0.4472135954999579 1 0 0 0.9383399953222601 -0.34571383133832073 3.8475914877233
cell 17.08280747395669 6.755448408406944 0.0 2.23606797749979 0.4472135954999579 1 0 0 0.37017536081149177 0.9289618949386901 0.7583955686478602
cell 21.537206434919742 20.146275407116242 0.0 2.23606797749979 0.4472135954999579 1 0 0 0.43245484815196034 0.9016555907384287 0.894427211402585
cell 33.05922306636563 10.852672547473672 0.0 2.23606797749979 0.4472135954999579 1 0 0 0.6753852406446034 0.7374651020349582 1.4829739244884537
cell 7.751681886613884 0.24367684754439217 0.0 2.23606797749979 0.4472135954999579 1 0 0 0.3990722844650774 0.916919468531356 0.8210096974924829
cell 9.193132304613579 7.884834646420617 0.0 2.23606797749979 0.4472135954999579 1 0 0 0.3177461795856396 0.9481758093089754 0.6467030614076601
cell 22.587364227619638 18.812512056704847 0.0 2.23606797749979 0.4472135954999579 1 0 0 0.41486009430185466 0.9098852137252568 0.8555780713236495
cell 12.644936444921035 32.42612456907134 0.0 2.23606797749979 0.4472135954999579 1 0 0 0.9413809980226403 -0.3373452483167618 3.829783466720827
cell 23.162707228527843 6.970406550937897 0.0 2.23606797749979 0.4472135954999579 1 0 0 0.4803390278335265 0.8770829027748418 1.0020824234936885
cell 16.683253737691658 12.772555840460148 0.0 2.23606797749979 0.4472135954999579 1 0 0 0.343474920325081 0.93916184926118 0.7012288575640062
cell 15.709625876680652 22.64168185062401 0.0 2.23606797749979 0.4472135954999579 1 0 0 0.34796126012565787 0.937508912731908 0.7107911768480201
cell 4.321898471813276 1.1423762146746774 0.0 2.23606797749979 0.4472135954999579 1 0 0 0.3810138135508344 0.9245693450917838 0.781785148441129
cell 4.593042199450036 35.20128993057001 0.0 2.23606797749979 0.4472135954999579 1 0 0 0.46516015533252086 0.8852265415649403 0.9676310455714647
cell 27.664306852080973 7.078064309472886 0.0 2.23606797749979 0.4472135954999579 1 0 0 0.554991556238535 0.8318559806264116 1.176705631186833
cell 27.7646889913584 20.932017828747295 0.0 2.23606797749979 0.4472135954999579 1 0 0 0.4526127505367766 0.8917071817875718 0.9393864440020608
cell 0.5871004080314657 46.16273049498921 0.0 2.23606797749979 0.4472135954999579 1 0 0 0.35247655634193453 0.9358206437289845 0.7204323795008161
cell 15.534467831712071 43.09777030971394 0.0 2.23606797749979 0.4472135954999579 1 0 0 0.4133756357373012 0.9105605876485002 0.8523163247022242
cell 6.639516034241806 12.90125775514944 0.0 2.23606797749979 0.4472135954999579 1 0 0 0.33117275108082556 0.9435701399162426 0.6750923830465375
cell 26.13927944655753 35.87651496076019 0.0 2.23606797749979 0.4472135954999579 1 0 0 0.29680127024639763 0.954939268215589 0.6026824679904813
cell 7.367511703409134 4.439776209919542 0.0 2.23606797749979 0.4472135954999579 1 0 0 0.36607652618694564 0.930584750022747 0.7495787357976789
cell 7.797027102550322 18.942156828977133 0.0 2.23606797749979 0.4472135954999579 1 0 0 0.3702679963746147 0.9289249759053356 0.7585950114976912
cell 23.34475870419352 18.418097485933284 0.0 2.23606797749979 0.4472135954999579 1 0 0 -0.414792718646758 -0.9099159304889829 0.8554299767798472
cell 4.732198529026602 6.53915021370073 0.0 2.23606797749979 0.4472135954999579 1 0 0 0.2514683297206056 0.9678655274094272 0.5083940742958777
cell 17.4314230285873 42.0458572194567 0.0 2.23606797749979 0.4472135954999579 1 0 0 0.4888347853646957 0.8723763824275917 1.021507147050756
cell 6.520523248157514 25.02936653899429 0.0 2.23606797749979 0.4472135954999579 1 0 0 0.969065312928888 -0.24680441502946504 3.640355190031333
cell 15.159045441333616 23.619775867455555 0.0 2.23606797749979 0.4472135954999579 1 0 0 0.3480224111421111 0.9374862139481472 0.710921632688809
cell 19.81293004819002 3.9396354654438692 0.0 2.23606797749979 0.4472135954999579 1 0 0 0.41250292881501527 0.9109562743178371 0.8503998848959667
cell 23.30384043673459 12.968397248451447 0.0 2.23606797749979 0.4472135954999579 1 0 0 -0.4195098058206961 -0.9077508043622334 0.8658104860208944
cell 44.75870870750602 23.76003552943718 0.0 2.23606797749979 0.4472135954999579 1 0 0 0.5830920950574411 0.8124060614505065 1.2450592215577974
cell 28.67696243289671 2.9747329013956474 0.0 2.23606797749979 0.4472135954999579 1 0 0 0.45681472303753257 0.8895618634002598 0.9488223340329223
cell 15.343052411171874 8.741748590978187 0.0 2.23606797749979 0.4472135954999579 1 0 0 0.30403127068075014 0.9526620525917091 0.6178427968002241
cell 8.241022156351823 37.74184576996477 0.0 2.23606797749979 0.4472135954999579 1 0 0 0.4265029484328997 0.9044861718003451 0.8812457916538641
cell 18.653481983330785 5.039858771702189 0.0 2.23606797749979 0.4472135954999579 1 0 0 0.3707933131294719 0.9287154133201782 0.7597261599027347
cell 36.27475005841736 13.832441372280968 0.0 2.23606797749979 0.4472135954999579 1 0 0 0.6123507875852755 0.7905861831221773 1.3180613063645874
cell 31.075262923119936 27.905517976433234 0.0 2.23606797749979 0.4472135954999579 1 0 0 0.43450658367280187 0.9006686564686208 0.8989807419623147
cell 16.93115086459301 21.109096809938446 0.0 2.23606797749979 0.4472135954999579 1 0 0 0.3695752834921676 0.9292007909121063 0.7571038038243975
cell 28.364457602502853 25.04704231769987 0.0 2.23606797749979 0.4472135954999579 1 0 0 -0.44497941821946047 -0.8955407960339219 0.9223025563753477
cell 30.703907853084367 24.08631198526527 0.0 2.23606797749979 0.4472135954999579 1 0 0 0.46088190275035357 0.8874614761876786 0.9579773575385085
cell 10.467268898726429 0.7897297753480674 0.0 2.23606797749979 0.4472135954999579 1 0 0 -0.35268896187814275 -0.9357406137222632 0.7208863438783126
cell 44.88909799860252 41.34750419454327 0.0 2.23606797749979 0.4472135954999579 1 0 0 0.3631680656057436 0.9317236479365447 0.7433317399300723
cell 46.390026421700775 27.95012577034338 0.0 2.23606797749979 0.4472135954999579 1 0 0 -0.5095640388029983 -0.8604327343603196 1.0693560750769224
cell 30.55840214661775 35.97304509642773 0.0 2.23606797749979 0.4472135954999579 1 0 0 0.323981928323588 0.9460632696176982 0.6598708315839569
cell 35.3095273606575 25.659503101637252 0.0 2.23606797749979 0.4472135954999579 1 0 0 0.46769729819038636 0.883888701854149 0.9733675652875168
cell 12.105404968688836 20.342789915215032 0.0 2.23606797749979 0.4472135954999579 1 0 0 0.35283789056049214 0.9356844676411072 0.7212046653190543
cell 14.724561877272517 43.61095358607786 0.0 2.23606797749979 0.4472135954999579 1 0 0 0.41039943423733777 0.9119058637697606 0.8457840807711172
cell 34.35504747110719 26.890252647068934 0.0 2.23606797749979 0.4472135954999579 1 0 0 0.45775883720541877 0.8890764010816747 0.9509455630178584
cell 24.18350824606215 32.67420292449792 0.0 2.23606797749979 0.4472135954999579 1 0 0 0.2865677489994363 0.9580599799769303 0.5812848147681158
cell 45.309785758668035 13.823296427279509 0.0 2.23606797749979 0.4472135954999579 1 0 0 0.9251804508166294 -0.37952751339888174 3.9201637460859047
cell 23.725913694002084 36.80262437554779 0.0 2.23606797749979 0.4472135954999579 1 0 0 0.9537883620390795 -0.30047921798156013 3.751982754926845
cell 35.73150600604235 38.94901355998796 0.0 2.23606797749979 0.4472135954999579 1 0 0 0.3364352603865175 0.9417065973904272 0.6862578433390251
cell 19.196190455063924 45.74198341605287 0.0 2.23606797749979 0.4472135954999579 1 0 0 0.4613390520607819 0.8872239170827504 0.9590077357724208
cell 34.33681678367203 19.88027830582356 0.0 2.23606797749979 0.4472135954999579 1 0 0 0.5140749686077942 0.8577452574342195 1.0798577098599664
cell 1.1210091542886742 26.61885935752274 0.0 2.23606797749979 0.4472135954999579 1 0 0 0.5114193460120284 0.8593312821750579 1.0736713333831331
cell 32.517792526095185 42.84080649739213 0.0 2.23606797749979 0.4472135954999579 1 0 0 0.3002039280944167 0.9538750450434702 0.6098128718652058
cell 30.202393551814524 15.610872252028873 0.0 2.23606797749979 0.4472135954999579 1 0 0 0.5520378004993244 0.8338190851856704 1.1696124046537766
cell 37.03209634536009 27.000317707143576 0.0 2.23606797749979 0.4472135954999579 1 0 0 0.4822275490937386 0.8760459981616524 1.006391337752554
cell 22.533986079014625 1.9780168484889524 0.0 2.23606797749979 0.4472135954999579 1 0 0 0.4979355035783435 0.8672140648514538 1.042433072928778
cell 5.628127037072991 5.104257875713455 0.0 2.23606797749979 0.4472135954999579 1 0 0 0.31778400234398774 0.9481631335662848 0.646782841994322
cell 9.064829824513069 17.0791753743632 0.0 2.23606797749979 0.4472135954999579 1 0 0 0.3453253624174135 0.9384830281210641 0.7051709054252432
cell 31.271529541317474 23.64661535717788 0.0 2.23606797749979 0.4472135954999579 1 0 0 0.4727259207787494 0.8812095118777846 0.9847632121577812
cell 11.659372150267206 13.757470879627338 0.0 2.23606797749979 0.4472135954999579 1 0 0 0.3485549275108122 0.9372883561145591 0.7120578041792557
cell 16.660872857203973 7.443624329866318 0.0 2.23606797749979 0.4472135954999579 1 0 0 0.3932778227738343 0.919419683340678 0.8083879713718118
cell 32.868601986262014 21.901118238489104 0.0 2.23606797749979 0.4472135954999579 1 0 0 0.49097840395209696 0.8711717436032068 1.0264249751859815
cell 44.3594356261924 41.91088553268504 0.0 2.23606797749979 0.4472135954999579 1 0 0 0.3727532259982451 0.9279305106029768 0.7639486389775455
cell 24.345931011013278 11.91245087272982 0.0 2.23606797749979 0.4472135954999579 1 0 0 0.45834581876568836 0.8887739366228123 0.9522662175780142
cell 14.834433101167702 13.619961568407295 0.0 2.23606797749979 0.4472135954999579 1 0 0 0.31388624188357833 0.9494605980008879 0.6385667664593755
cell 22.30592044165071 28.218523643692386 0.0 2.23606797749979 0.4472135954999579 1 0 0 0.3359166642954768 0.9418917106804794 0.6851565552868644
cell 43.83391016761636 24.40179438737676 0.0 2.23606797749979 0.4472135954999579 1 0 0 0.5330623747548793 0.8460759449486132 1.1244319179280315
cell 19.451149029471246 10.797548093580609 0.0 2.23606797749979 0.4472135954999579 1 0 0 0.3632659864788263 0.9316854743246592 0.743541937190186
cell 19.371877263086034 25.13146410388812 0.0 2.23606797749979 0.4472135954999579 1 0 0 0.34449232814979097 0.9387891327907119 0.7033959167362511
cell 20.41588376523219 19.997011597934208 0.0 2.23606797749979 0.4472135954999579 1 0 0 0.4533052008946083 0.8913553695591332 0.9409398394732362
cell 35.30658133708493 14.328002695498743 0.0 2.23606797749979 0.4472135954999579 1 0 0 0.6068493169769335 0.7948169012323715 1.3041810545070558
cell 20.48274249550649 9.581575877015132 0.0 2.23606797749979 0.4472135954999579 1 0 0 0.3893608120437662 0.9210853152909446 0.7998750799226417
cell 5.425145456349219 5.960122201177765 0.0 2.23606797749979 0.4472135954999579 1 0 0 0.2803968605348437 0.9598841599913 0.5684150610719813
cell 33.76557922402864 30.6431612268194 0.0 2.23606797749979 0.4472135954999579 1 0 0 -0.42550632491654494 -0.9049554505366636 0.8790426293008604
cell 46.58480703811387 46.599776560869216 0.0 2.23606797749979 0.4472135954999579 1 0 0 0.3395946681330863 0.9405718799621744 0.6929718440939948
cell 24.673177770764955 46.44085293486998 0.0 2.23606797749979 0.4472135954999579 1 0 0 0.4121175726020444 0.9111306746853597 0.8495539182258555
cell 16.714321748144993 31.16024981485037 0.0 2.23606797749979 0.4472135954999579 1 0 0 0.9446090697816161 -0.32819766191475214 3.810382485080265
cell 27.627445605436282 3.261325802973017 0.0 2.23606797749979 0.4472135954999579 1 0 0 0.4554543926653427 0.8902591174494333 0.9457651049701333
cell 5.340054515765162 19.64574793976838 0.0 2.23606797749979 0.4472135954999579 1 0 0 0.8894145620353682 -0.45710145136439273 4.0910596916677555
cell 17.9195265066731 26.662335722336216 0.0 2.23606797749979 0.4472135954999579 1 0 0 0.3361562149835064 0.9418062428801174 0.6856652370238391
cell 16.055955608610283 1.4181830365888062 0.0 2.23606797749979 0.4472135954999579 1 0 0 -0.38669598922548976 -0.9222072499806754 0.7940923387300955
cell 45.62251642230177 28.49816101778132 0.0 2.23606797749979 0.4472135954999579 1 0 0 0.49074603647210685 0.8713026613564988 1.0258915556351376
cell 34.11744515304028 38.68776296531966 0.0 2.23606797749979 0.4472135954999579 1 0 0 0.313375901542228 0.9496291614796777 0.637491850802508
cell 43.942614615885375 36.48380551539237 0.0 2.23606797749979 0.4472135954999579 1 0 0 -0.4288254965906418 -0.903387344096534 0.8863845292029184
cell 32.015062612351166 16.008196823168376 0.0 2.23606797749979 0.4472135954999579 1 0 0 -0.5951464335206905 -0.8036172737488925 1.2748957087869135
cell 31.69031123612795 45.6993143089137 0.0 2.23606797749979 0.4472135954999579 1 0 0 0.4874172099585571 0.8731692066468079 1.0182587068991602
cell 22.790724149102314 13.577235339148135 0.0 2.23606797749979 0.4472135954999579 1 0 0 0.4098067321545796 0.9121723753111496 0.8444843512985536
cell 17.641987890569233 16.73477787093258 0.0 2.23606797749979 0.4472135954999579 1 0 0 0.40992444872536726 0.912119480296964 0.8447424603730691
cell 26.77530554945368 45.82091452501475 0.0 2.23606797749979 0.4472135954999579 1 0 0 0.4491615656495656 0.893450551481855 0.9316533893295678
cell 45.445521180146756 40.79712937141932 0.0 2.23606797749979 0.4472135954999579 1 0 0 0.3591573243566828 0.9332770308761212 0.7347296303186244
cell 10.411653438354085 7.679571198119683 0.0 2.23606797749979 0.4472135954999579 1 0 0 0.313992413716729 0.9494254916149779 0.6387904172273086
cell 20.085888149630524 39.711462094566116 0.0 2.23606797749979 0.4472135954999579 1 0 0 0.35082075411375835 0.936442629573779 0.7168948389848028
cell 41.71951784471126 40.40170976959888 0.0 2.23606797749979 0.4472135954999579 1 0 0 -0.3456232906825737 -0.9383733483735294 0.7058058570739449
cell 19.07867578875234 40.16078020218831 0.0 2.23606797749979 0.4472135954999579 1 0 0 -0.3620836324892431 -0.9321456125967631 0.7410044672675564
cell 41.34124213470305 44.91811042457754 0.0 2.23606797749979 0.4472135954999579 1 0 0 -0.2507980784333772 -0.9680394226756086 0.5070091896497217
cell 12.790536334229175 45.32538271477243 0.0 2.23606797749979 0.4472135954999579 1 0 0 -0.3870123156143112 -0.9220745455562954 0.794778408259134
cell 0.29573827732519264 32.93422869314361 0.0 2.23606797749979 0.4472135954999579 1 0 0 0.4593576617303774 0.88825139381236 0.9545438280048465
cell 38.53259326484006 27.72782558110423 0.0 2.23606797749979 0.4472135954999579 1 0 0 0.4619657509816088 0.8868977646380659 0.9604207141520146
cell 3.100937002515931 30.620665503236328 0.0 2.23606797749979 0.4472135954999579 1 0 0 -0.49784881835485606 -0.8672638318658709 1.0422331621116285
cell 37.36699795775144 30.2185469811144 0.0 2.23606797749979 0.4472135954999579 1 0 0 0.4719272222978633 0.881637508760955 0.9829509200714361
cell 11.543034288258216 46.37333309641543 0.0 2.23606797749979 0.4472135954999579 1 0 0 0.3636811004843914 0.9315235140083485 0.7444331179461743
cell 23.879456505673993 12.491596721074568 0.0 2.23606797749979 0.4472135954999579 1 0 0 0.4429474029542778 0.8965475995261271 0.9177670336871301
cell 17.799689253905644 19.44174628153713 0.0 2.23606797749979 0.4472135954999579 1 0 0 -0.4148807719394302 -0.9098757855196183 0.8556235226495836
cell 28.413073901668746 11.606389849889819 0.0 2.23606797749979 0.4472135954999579 1 0 0 0.5308240704678052 0.8474820388727955 1.119145289409414
cell 38.74080711901848 37.34286458714077 0.0 2.23606797749979 0.4472135954999579 1 0 0 -0.39229067125272016 -0.9198413065567833 0.8062411277607087
cell 28.346317158481867 20.29740739351223 0.0 2.23606797749979 0.4472135954999579 1 0 0 -0.4659779030481449 -0.8847963572884179 0.9694790389685517
cell 19.235143111568757 4.497085439639489 0.0 2.23606797749979 0.4472135954999579 1 0 0 0.38597335852055215 0.9225099275955599 0.7925254195800846
cell 41.33613656594167 31.231249895873354 0.0 2.23606797749979 0.4472135954999579 1 0 0 0.42292967594006076 0.906162507064398 0.8733518961771184
cell 17.348084283179784 27.699567225779962 0.0 2.23606797749979 0.4472135954999579 1 0 0 0.33066780493457754 0.94374721338913 0.6740221949654172
cell 26.91981120926891 7.412026652371264 0.0 2.23606797749979 0.4472135954999579 1 0 0 0.5309821711683234 0.8473829912745319 1.1195184181181839
cell 2.3977572412958312 31.310294599664427 0.0 2.23606797749979 0.4472135954999579 1 0 0 0.49985148494466713 0.8661111320140223 1.0468545873438078
cell 39.03055093180653 1.3949271147063593 0.0 2.23606797749979 0.4472135954999579 1 0 0 0.18233824755605124 0.9832358636045515 0.36672808783798483
cell 37.70728131294839 41.33457291044017 0.0 2.23606797749979 0.4472135954999579 1 0 0 0.3053864567969351 0.9522284977908473 0.6206884949686184
cell 44.970262006504356 34.30494420314499 0.0 2.23606797749979 0.4472135954999579 1 0 0 0.4229721672154818 0.9061426740646522 0.8734456801067915
cell 24.500333366062993 5.998518010187969 0.0 2.23606797749979 0.4472135954999579 1 0 0 0.5301716218173376 0.847890353418161 1.1176059258543045
cell 0.7519924946370877 45.17767226427065 0.0 2.23606797749979 0.4472135954999579 1 0 0 0.3795635463829242 0.9251656685465678 0.7786489870773702
cell 26.046626224248392 10.40337200409915 0.0 2.23606797749979 0.4472135954999579 1 0 0 0.5029380023689533 0.8643224894523611 1.0539892479578516
cell 42.9358994612748 44.035497599429256 0.0 2.23606797749979 0.4472135954999579 1 0 0 0.3258177158769657 0.9454326078683328 0.6637530223913786
cell 10.970915928034177 7.04507865561413 0.0 2.23606797749979 0.4472135954999579 1 0 0 0.3088306833843548 0.9511170322312351 0.6279267452467725
cell 33.7040783953943 27.378766056399176 0.0 2.23606797749979 0.4472135954999579 1 0 0 0.45746372239483923 0.8892282849148792 0.9502817514445229
cell 30.593619736226753 18.062686759645548 0.0 2.23606797749979 0.4472135954999579 1 0 0 0.5054256809670229 0.8628701414575782 1.059750451041626
cell 2.091893167995961 16.5616428008813 0.0 2.23606797749979 0.4472135954999579 1 0 0 0.9039358781842953 -0.4276680115828009 4.025415416672921
cell 27.489800061210925 34.22021559237459 0.0 2.23606797749979 0.4472135954999579 1 0 0 0.34476668675388794 0.9386884103389934 0.7039804427203792
cell 33.24820917611102 41.12773898367449 0.0 2.23606797749979 0.4472135954999579 1 0 0 0.2613492665327199 0.9652443011397733 0.5288395774239851
cell 28.639090072925534 7.377579839978638 0.0 2.23606797749979 0.4472135954999579 1 0 0 0.5876297259070308 0.8091299680709075 1.2562526059109917
cell 10.041277715683984 41.87839020539503 0.0 2.23606797749979 0.4472135954999579 1 0 0 -0.40393595039558716 -0.9147872692478912 0.831630730652285
