500
 Lattice="46.7082601366494 0.0 0.0 0.0 46.7082601366494 0.0 0.0 0.0 1.0"Properties=species:S:1:pos:R:3:aspherical_shape:R:3:orientation:R:4:Color:R:1
cell 44.09680160826074 10.06445854560221 0.0 2.23606797749979 0.4472135954999579 1 0 0 0.6603961724526408 0.7509173692290663 1.4426924463449098
cell 28.329896906636495 28.416722009989083 0.0 2.23606797749979 0.4472135954999579 1 0 0 0.6893856129546531 0.7243945586841036 1.521281142802319
cell 43.04558294685112 44.71183447249622 0.0 2.23606797749979 0.4472135954999579 1 0 0 0.6403637875777785 0.7680717541734248 1.3899436193097823
cell 44.52338846026425 19.630862249906652 0.0 2.23606797749979 0.4472135954999579 1 0 0 -0.6528086221981659 -0.757522872779253 1.4225723618976502
cell 2.9687679457099194 27.984295178868347 0.0 2.23606797749979 0.4472135954999579 1 0 0 -0.7542713977893631 -0.6565627605011424 1.709087377777804
cell 23.969897650996366 17.09571076479867 0.0 2.23606797749979 0.4472135954999579 1 0 0 0.6991631614438246 -0.7149621484245697 4.7347325868229415
cell 5.159835834413697 2.013481115760125 0.0 2.23606797749979 0.4472135954999579 1 0 0 0.7855562638571368 0.6187902361178756 1.807189137252066
cell 10.061410912263097 21.402943505480472 0.0 2.23606797749979 0.4472135954999579 1 0 0 0.8211774686245873 0.5706729054575089 1.9269425298624647
cell 41.453377805552165 45.25142763035589 0.0 2.23606797749979 0.4472135954999579 1 0 0 0.6448484867365896 0.7643104272175871 1.4016500628050732
cell 20.833301383898284 16.313480586971476 0.0 2.23606797749979 0.4472135954999579 1 0 0 0.7212669564584033 -0.6926571861471097 4.671925894890427
cell 35.06507083102593 31.8812297735449 0.0 2.23606797749979 0.4472135954999579 1 0 0 0.7910684167207224 -0.6117276845680352 4.458078134271411
cell 45.8284138008113 27.82072766844959 0.0 2.23606797749979 0.4472135954999579 1 0 0 0.6603764358707338 0.7509347261557868 1.4426398803646336
cell 34.227436992429574 39.4246000117226 0.0 2.23606797749979 0.4472135954999579 1 0 0 0.7102790901451287 -0.7039201759451196 4.703396087378002
cell 45.65096206124842 9.933402074140037 0.0 2.23606797749979 0.4472135954999579 1 0 0 0.6752422166870024 0.7375960607294642 1.4825860789922447
cell 10.35048879807775 39.47054210867118 0.0 2.23606797749979 0.4472135954999579 1 0 0 0.8393157374007624 0.5436442705955932 1.9920466760495283
cell 13.509500183262075 15.82944542402571 0.0 2.23606797749979 0.4472135954999579 1 0 0 0.7743171123303263 0.6327977635488489 1.7712704501429797
cell 3.1815514721767624 13.957748885230068 0.0 2.23606797749979 0.4472135954999579 1 0 0 0.7815768282094432 0.6238089944895525 1.794379143666667
cell 35.45397770209835 28.279957158145013 0.0 2.23606797749979 0.4472135954999579 1 0 0 0.7294536528923405 -0.684030239303805 4.648139522521138
cell 1.2581774860923658 34.44820037207496 0.0 2.23606797749979 0.4472135954999579 1 0 0 0.7155269110594421 0.6985851698610079 1.594756140075223
cell 5.766032798148557 39.86906893107553 0.0 2.23606797749979 0.4472135954999579 1 0 0 0.7972164447974305 0.6036935813345587 1.8453404066473549
cell 44.17806408057552 1.8965091254193438 0.0 2.23606797749979 0.4472135954999579 1 0 0 0.6287280517201755 0.7776252548497588 1.3598328899616432
cell 5.687003585482473 44.620076590087116 0.0 2.23606797749979 0.4472135954999579 1 0 0 0.7927500049791065 0.6095469051727083 1.8306148194597711
cell 39.559784008677475 41.03381567106671 0.0 2.23606797749979 0.4472135954999579 1 0 0 0.6193573344793166 0.7851092231190995 1.3358477406910365
cell 0.40494804373507076 7.20487723223649 0.0 2.23606797749979 0.4472135954999579 1 0 0 -0.6887929401888967 -0.7249581267534939 1.5196454533288701
cell 29.990605398682526 17.243560855286102 0.0 2.23606797749979 0.4472135954999579 1 0 0 0.7243302767378529 0.6894531530139415 1.6201250293864846
cell 9.172387800225856 27.4468393153964 0.0 2.23606797749979 0.4472135954999579 1 0 0 0.8095242233076217 0.5870864773423007 1.886682517360656
cell 8.093064204050936 3.272708726863146 0.0 2.23606797749979 0.4472135954999579 1 0 0 0.8141188685589623 0.5806982588713996 1.9024204231588873
cell 33.18703730801477 10.70662467752423 0.0 2.23606797749979 0.4472135954999579 1 0 0 0.751002024156773 -0.6602999013421325 4.584028705055456
cell 13.769009894535449 20.54305681532397 0.0 2.23606797749979 0.4472135954999579 1 0 0 0.8437690187143438 0.5367064775627673 2.0085348623125383
cell 41.321320505966504 33.206944799924564 0.0 2.23606797749979 0.4472135954999579 1 0 0 0.5567232159984324 0.8306980563167118 1.180871893684692
cell 1.9672434043862814 5.1967539901171556 0.0 2.23606797749979 0.4472135954999579 1 0 0 0.7399875990354071 0.6726205120822688 1.666103842724979
cell 20.921709901131525 40.52683243062094 0.0 2.23606797749979 0.4472135954999579 1 0 0 0.7722847449788803 -0.6352765324430817 4.518325729389072
cell 0.1315368450083223 43.081424909424605 0.0 2.23606797749979 0.4472135954999579 1 0 0 -0.6806179498778434 -0.7326385236281815 1.4972115252767786
cell 43.58247157073168 34.76609028399126 0.0 2.23606797749979 0.4472135954999579 1 0 0 0.606626474618336 0.7949869937880301 1.3036203756514158
cell 6.493281594696399 7.457469622225849 0.0 2.23606797749979 0.4472135954999579 1 0 0 0.7954234035908955 0.6060541304371049 1.839411765903161
cell 37.731442777040996 1.530502454083778 0.0 2.23606797749979 0.4472135954999579 1 0 0 0.6944063518352059 0.7195830866070437 1.5351891660021304
cell 26.501416880936105 33.45732010037186 0.0 2.23606797749979 0.4472135954999579 1 0 0 0.6669800021069389 0.7450756181686714 1.4602962378165274
cell 41.73371105082311 3.0036222295337964 0.0 2.23606797749979 0.4472135954999579 1 0 0 0.644502192537291 0.7646024612925495 1.4007440747766402
cell 45.57371176985876 17.12376757244077 0.0 2.23606797749979 0.4472135954999579 1 0 0 0.6729527510731301 0.7396854701987229 1.476386952466999
cell 34.55151497374892 34.94305319835183 0.0 2.23606797749979 0.4472135954999579 1 0 0 0.7334395620302445 -0.6797546681332046 4.63644882916642
cell 21.639123136072854 7.72011803071365 0.0 2.23606797749979 0.4472135954999579 1 0 0 0.6361584399262397 -0.7715584484085525 4.904167265158328
cell 27.35389012959522 30.846204583733012 0.0 2.23606797749979 0.4472135954999579 1 0 0 0.7148205337430231 0.6993079468584206 1.592734877511305
cell 1.1384235065547643 20.47567997531047 0.0 2.23606797749979 0.4472135954999579 1 0 0 -0.7365987742129726 -0.6763299829431978 1.6560550893989863
cell 44.4132701649558 27.433049008689384 0.0 2.23606797749979 0.4472135954999579 1 0 0 -0.6288071323385928 -0.7775613096856836 1.3600362883709467
cell 1.6430169059238877 2.193832498130274 0.0 2.23606797749979 0.4472135954999579 1 0 0 0.7367154104626505 0.6762029310694005 1.6564000310952076
cell 13.905401822925024 43.559449537568106 0.0 2.23606797749979 0.4472135954999579 1 0 0 0.7632632924807864 0.6460875686401879 1.736698016422469
cell 4.4182069810137845 1.8209602387471668 0.0 2.23606797749979 0.4472135954999579 1 0 0 0.776535563921772 0.6300734226776237 1.7782971345227405
cell 34.25455044189805 15.038496737396267 0.0 2.23606797749979 0.4472135954999579 1 0 0 0.7781095189395842 -0.6281286305651166 4.499884352506547
cell 34.09885191232437 10.585122995704957 0.0 2.23606797749979 0.4472135954999579 1 0 0 0.762822807324319 -0.6466075816334395 4.547850288488875
cell 43.14185070837861 7.283195580967879 0.0 2.23606797749979 0.4472135954999579 1 0 0 0.6574754522022459 0.7534759649460971 1.4349266140605104
cell 42.92990219798528 19.9452065602067 0.0 2.23606797749979 0.4472135954999579 1 0 0 0.6535518459831732 0.7568817507457731 1.424535440229008
cell 3.8611698243332304 6.081659186602801 0.0 2.23606797749979 0.4472135954999579 1 0 0 0.7749272229401524 0.6320504719927542 1.7731998849806594
cell 44.94589633704527 27.042519820369332 0.0 2.23606797749979 0.4472135954999579 1 0 0 -0.661705707023715 -0.7497636676261696 1.4461829528723325
cell 2.589828347479539 23.87998618521012 0.0 2.23606797749979 0.4472135954999579 1 0 0 0.7335022934660491 0.6796869761000618 1.646921058016365
cell 32.04248844137629 23.103381162079927 0.0 2.23606797749979 0.4472135954999579 1 0 0 0.6585572567867733 -0.7525306236516092 4.845385387234095
cell 42.739533175670076 34.720214550909525 0.0 2.23606797749979 0.4472135954999579 1 0 0 0.5854001637358869 0.8107445024778132 1.2507470909991343
cell 19.80084094146407 40.613673278612076 0.0 2.23606797749979 0.4472135954999579 1 0 0 0.7594539616453803 -0.6505610502797853 4.558238569617543
cell 46.49121771127043 35.510068569515504 0.0 2.23606797749979 0.4472135954999579 1 0 0 0.656469897157683 0.7543522215290289 1.4322590557683605
cell 26.110012550306426 19.85286646145966 0.0 2.23606797749979 0.4472135954999579 1 0 0 0.694882377376396 0.7191234119479966 1.5365126479612294
cell 1.4335916214210385 45.65056723055679 0.0 2.23606797749979 0.4472135954999579 1 0 0 0.7468235908907559 0.6650221981926895 1.6865455714226945
cell 4.504449785900593 43.011327792948066 0.0 2.23606797749979 0.4472135954999579 1 0 0 0.7744613161163436 0.6326212688799997 1.7717262794981499
cell 29.47837737461138 8.271843995556333 0.0 2.23606797749979 0.4472135954999579 1 0 0 0.6812231047521001 0.7320758714449679 1.498864147362994
cell 35.86105945481154 43.69412367466851 0.0 2.23606797749979 0.4472135954999579 1 0 0 -0.7339729471880393 0.6791787046102842 4.634878818035331
cell 2.787662222958394 9.471287955014995 0.0 2.23606797749979 0.4472135954999579 1 0 0 0.7569932529279545 0.6534226924599068 1.7173984661660422
cell 17.394381879975978 5.834035578929713 0.0 2.23606797749979 0.4472135954999579 1 0 0 0.6442695595486551 -0.7647984928325774 4.883049661438418
cell 43.69316797111053 19.453736438199858 0.0 2.23606797749979 0.4472135954999579 1 0 0 -0.6460631911035294 -0.7632839269243945 1.4048307608945265
cell 2.3263544883450415 41.01070230478435 0.0 2.23606797749979 0.4472135954999579 1 0 0 -0.7482916943547364 -0.6633698366369379 1.6909662629889501
cell 19.91570855958285 45.81539119564821 0.0 2.23606797749979 0.4472135954999579 1 0 0 0.7053307805127419 -0.7088783323401036 4.717405981553807
cell 8.961106435087872 3.590106031769368 0.0 2.23606797749979 0.4472135954999579 1 0 0 0.8152634815794315 0.5790901964314229 1.9063680832467853
cell 3.2031584133947306 43.05394888437741 0.0 2.23606797749979 0.4472135954999579 1 0 0 0.7585032408820309 0.6516692670146842 1.7220264535483465
cell 5.2487040454062255 11.709132155430428 0.0 2.23606797749979 0.4472135954999579 1 0 0 0.7794413604093152 0.6264751915944285 1.7875472065843312
cell 43.88490430113734 38.90806517821636 0.0 2.23606797749979 0.4472135954999579 1 0 0 0.6214100807321865 0.783485489057977 1.3410823498991633
cell 12.398840214280309 35.51142183611949 0.0 2.23606797749979 0.4472135954999579 1 0 0 0.8518949132856266 0.523712761652869 2.0391858924905364
cell 9.928343156305903 42.409403043960516 0.0 2.23606797749979 0.4472135954999579 1 0 0 0.840988908244778 0.541052359951656 1.9982167681097809
cell 11.456768227894736 17.21699904901503 0.0 2.23606797749979 0.4472135954999579 1 0 0 0.8019611128671683 0.5973762411151392 1.861141797375707
cell 19.337798975116403 19.977921426689235 0.0 2.23606797749979 0.4472135954999579 1 0 0 0.7307517129377823 -0.6826433432170104 4.644340342755868
cell 23.548933107692903 8.178573169917447 0.0 2.23606797749979 0.4472135954999579 1 0 0 0.6639328795861953 -0.7477921712644381 4.831053538609996
cell 7.674447501584817 31.345440277383464 0.0 2.23606797749979 0.4472135954999579 1 0 0 0.8067411823805305 0.5909049539911335 1.8772324121215607
cell 37.655100256772734 6.010649140318547 0.0 2.23606797749979 0.4472135954999579 1 0 0 0.6986791795589508 0.7154351151927276 1.5470993009151661
cell 12.661165286296349 20.229353037114016 0.0 2.23606797749979 0.4472135954999579 1 0 0 0.7896546733648133 0.6135515437460084 1.8204919221281883
cell 34.98941670877213 10.470628108814498 0.0 2.23606797749979 0.4472135954999579 1 0 0 0.7656774665407543 -0.6432247019757031 4.538997495480765
cell 15.853976487945449 22.4068055829683 0.0 2.23606797749979 0.4472135954999579 1 0 0 0.7579543679537846 -0.6523075778340911 4.562842542718202
cell 31.708672144194903 18.726783101915498 0.0 2.23606797749979 0.4472135954999579 1 0 0 0.6825252744420655 -0.7308619909037433 4.780760736972722
cell 27.289323105599077 12.978926839298282 0.0 2.23606797749979 0.4472135954999579 1 0 0 0.7579525723658014 0.6523096642270944 1.7203372591287083
cell 23.781160470633104 21.801460580465125 0.0 2.23606797749979 0.4472135954999579 1 0 0 0.7101893209892828 -0.7040107444867454 4.703651125901332
cell 42.68605453737235 11.799127447849626 0.0 2.23606797749979 0.4472135954999579 1 0 0 0.6643202602146169 0.7474480529564471 1.453168071936713
cell 32.56316999216981 30.87068435290417 0.0 2.23606797749979 0.4472135954999579 1 0 0 0.7256566819456908 -0.688056959813336 4.659208676892175
cell 10.994738390081187 12.932079951757204 0.0 2.23606797749979 0.4472135954999579 1 0 0 0.7891942354557379 0.6141436792180096 1.818991752122229
cell 29.206354032034795 3.0589625239181397 0.0 2.23606797749979 0.4472135954999579 1 0 0 0.6999474204180365 0.7141943773582486 1.550647746251545
cell 8.567288953347186 14.87926408961487 0.0 2.23606797749979 0.4472135954999579 1 0 0 0.7917008582727798 0.6109089547634278 1.8271762798703048
cell 37.98885798891418 36.86279930602206 0.0 2.23606797749979 0.4472135954999579 1 0 0 -0.5628220101090653 -0.8265781178671446 1.1955918701736552
cell 40.80888036813069 22.860395363774956 0.0 2.23606797749979 0.4472135954999579 1 0 0 0.6343977017625775 0.7730068279118625 1.3744582155692147
cell 18.175567040865374 19.53887956551972 0.0 2.23606797749979 0.4472135954999579 1 0 0 0.6817057284334073 -0.7316264756151718 4.783002247771979
cell 17.102430268433764 22.29666571761966 0.0 2.23606797749979 0.4472135954999579 1 0 0 0.7497084008748137 -0.6617683232504632 4.587942641855521
cell 30.28047146393568 6.519304686540452 0.0 2.23606797749979 0.4472135954999579 1 0 0 0.7301815416165588 -0.6832531860756053 4.646010077690772
cell 15.17593395464525 0.2964560308711105 0.0 2.23606797749979 0.4472135954999579 1 0 0 0.7197408351916695 0.6942428466736967 1.6068578819274764
cell 1.9551400259445788 32.328726068723256 0.0 2.23606797749979 0.4472135954999579 1 0 0 0.7322766940092725 0.6810072271355497 1.643318193765386
cell 31.272542975901487 7.719939905019666 0.0 2.23606797749979 0.4472135954999579 1 0 0 0.7244844027218 -0.6892911940630292 4.66261312895472
cell 46.535332682735735 10.518870311972268 0.0 2.23606797749979 0.4472135954999579 1 0 0 0.6674732558936981 0.7446337708341368 1.4616206673257324
cell 5.036517363988063 44.1541656618724 0.0 2.23606797749979 0.4472135954999579 1 0 0 0.7863814187039528 0.6177412600087179 1.809858393075854
cell 8.999412910795943 36.32030925653597 0.0 2.23606797749979 0.4472135954999579 1 0 0 0.8304452030888599 0.5571003183150249 1.959812705026681
cell 3.2277488615239016 32.87697965244688 0.0 2.23606797749979 0.4472135954999579 1 0 0 0.7547307036562226 0.6560347284699058 1.7104870630643358
cell 24.418877505735693 43.63177048099015 0.0 2.23606797749979 0.4472135954999579 1 0 0 0.5440630242409493 -0.8390443526142061 5.132641322979945
cell 30.323581967433512 35.506921540059366 0.0 2.23606797749979 0.4472135954999579 1 0 0 0.647255844589622 -0.7622728328128814 4.875227417161864
cell 32.206199400609975 39.65970360610828 0.0 2.23606797749979 0.4472135954999579 1 0 0 0.7291767227942568 -0.6843254393452194 4.648949049162855
cell 10.100395030426974 6.95685530999377 0.0 2.23606797749979 0.4472135954999579 1 0 0 0.7815336924412598 0.623863035913437 1.7942408516568598
cell 26.078909932041242 15.292291658464988 0.0 2.23606797749979 0.4472135954999579 1 0 0 0.7106294561765734 0.7035664687960815 1.580784940863711
cell 39.50777626594593 1.2775394076996973 0.0 2.23606797749979 0.4472135954999579 1 0 0 0.6535137526278035 0.7569146419024578 1.424434783745622
cell 43.26926768346765 24.31027803772805 0.0 2.23606797749979 0.4472135954999579 1 0 0 0.6522514570002662 0.7580026628192211 1.4211018088526222
cell 7.400356223970434 29.895781338933332 0.0 2.23606797749979 0.4472135954999579 1 0 0 -0.8106897178314247 -0.5854760297419571 1.8906584048137614
cell 22.75524464708202 15.20450917753562 0.0 2.23606797749979 0.4472135954999579 1 0 0 0.7516646530175514 -0.6595454869863064 4.582020503758652
cell 0.78830903501646 31.722960634311363 0.0 2.23606797749979 0.4472135954999579 1 0 0 0.723677841932015 0.6901379435276845 1.618233353631737
cell 42.23818429298829 20.914653718895995 0.0 2.23606797749979 0.4472135954999579 1 0 0 0.6572345819742269 0.7536860780571466 1.4342873457692564
cell 44.573194944499136 38.54823013802297 0.0 2.23606797749979 0.4472135954999579 1 0 0 0.6400225864402126 0.7683560950798664 1.38905532212844
cell 18.578515946202337 30.52556160537799 0.0 2.23606797749979 0.4472135954999579 1 0 0 0.6754474172799395 -0.737408154613074 4.800042753597022
cell 12.10941659376763 32.32865842556686 0.0 2.23606797749979 0.4472135954999579 1 0 0 0.869518925831253 0.4938996230219902 2.1084549031156783
cell 43.8526099466186 41.77738807694033 0.0 2.23606797749979 0.4472135954999579 1 0 0 0.6293885531214505 0.777090759950012 1.361532239181051
cell 21.695953785701477 37.27105505497441 0.0 2.23606797749979 0.4472135954999579 1 0 0 0.7356656251085639 0.6773448811599788 1.6532977095248544
cell 24.503798812091805 36.511946953216345 0.0 2.23606797749979 0.4472135954999579 1 0 0 0.6681590474594128 -0.7440184724172715 4.819721921998668
cell 39.9990179519872 23.344701288863156 0.0 2.23606797749979 0.4472135954999579 1 0 0 0.627024694799638 0.7789993787618966 1.3554558392484914
cell 4.979709421036712 15.80259512000007 0.0 2.23606797749979 0.4472135954999579 1 0 0 0.7563082743250845 0.6542154035082121 1.7153031508266374
cell 37.52469467089011 19.400518083746828 0.0 2.23606797749979 0.4472135954999579 1 0 0 0.6502421728453374 0.759727001398117 1.4158063124847298
cell 6.533073603086268 44.477136883246416 0.0 2.23606797749979 0.4472135954999579 1 0 0 0.7969282296215489 0.6040739994671712 1.844385868125235
cell 20.050470790430737 10.962727621953597 0.0 2.23606797749979 0.4472135954999579 1 0 0 0.7197509965607229 -0.6942323119459697 4.676298151789088
cell 24.527988530272665 9.248748810427829 0.0 2.23606797749979 0.4472135954999579 1 0 0 0.6737497658045029 -0.7389595747254227 4.804642287150814
cell 39.85082167028703 45.470355196547175 0.0 2.23606797749979 0.4472135954999579 1 0 0 0.626060951969157 0.7797741239740344 1.3529827597254178
cell 28.38937147941217 32.89134127148518 0.0 2.23606797749979 0.4472135954999579 1 0 0 0.6950561932869629 0.7189554145935867 1.536996114949304
cell 45.86039613819001 31.364736268325995 0.0 2.23606797749979 0.4472135954999579 1 0 0 0.6624644961801539 0.7490933128127463 1.4482079335116318
cell 45.42620541117422 13.366971691936572 0.0 2.23606797749979 0.4472135954999579 1 0 0 0.660411463057038 0.7509039215924116 1.4427331718413188
cell 35.470908740916876 19.35223920747665 0.0 2.23606797749979 0.4472135954999579 1 0 0 0.7823829991896909 -0.6227975935879523 4.486219394357118
cell 34.49277127167474 23.914957411848725 0.0 2.23606797749979 0.4472135954999579 1 0 0 0.7329936112315187 -0.680235522369846 4.637760458576269
cell 38.54166259819852 5.865173060366326 0.0 2.23606797749979 0.4472135954999579 1 0 0 0.7015709100024484 0.7125996479358774 1.5551991779367793
cell 11.830611608221368 24.552932130872392 0.0 2.23606797749979 0.4472135954999579 1 0 0 0.8280126860841935 0.5607093647190483 1.9511081350027157
cell 28.17413909500311 1.8079272343707216 0.0 2.23606797749979 0.4472135954999579 1 0 0 0.7295688372905593 0.6839073852902171 1.6353825965009643
cell 42.798199013963924 40.648620044815694 0.0 2.23606797749979 0.4472135954999579 1 0 0 0.6226542716266175 0.7824970658252506 1.3442603945810876
cell 2.6293629115609174 32.42620376898737 0.0 2.23606797749979 0.4472135954999579 1 0 0 0.7433012691861404 0.6689568171610727 1.6759837455523232
cell 23.526245087111775 12.65833636023355 0.0 2.23606797749979 0.4472135954999579 1 0 0 0.7331757784625557 -0.6800391737803239 4.63722478080335
cell 17.8083122514253 13.060589785517607 0.0 2.23606797749979 0.4472135954999579 1 0 0 0.6653141025189928 -0.7465635572336404 4.827356366609722
cell 8.797174944905569 11.27926611454836 0.0 2.23606797749979 0.4472135954999579 1 0 0 0.802440691973553 0.5967318793771667 1.8627482819891832
cell 9.946995346168949 32.2715000637023 0.0 2.23606797749979 0.4472135954999579 1 0 0 0.8281618504546667 0.5604890270571783 1.9516402954863097
cell 19.757824323049793 15.503683599568634 0.0 2.23606797749979 0.4472135954999579 1 0 0 0.6886124124282365 -0.7251296059669363 4.764037831333469
cell 4.947182277200559 31.215041654480657 0.0 2.23606797749979 0.4472135954999579 1 0 0 -0.7782896415044694 -0.6279054339045367 1.7838745778533198
cell 36.25263149146159 14.775739334610329 0.0 2.23606797749979 0.4472135954999579 1 0 0 0.7685813480455586 -0.639752070286976 4.529943936261968
cell 41.64981514030883 36.31599819066237 0.0 2.23606797749979 0.4472135954999579 1 0 0 0.5978235107045046 0.8016277502986914 1.2815665276633974
cell 37.32648096718917 39.266658284729 0.0 2.23606797749979 0.4472135954999579 1 0 0 0.6714520499770282 0.7410480042356543 1.4723330140420314
cell 24.240182477873034 31.92527617583423 0.0 2.23606797749979 0.4472135954999579 1 0 0 0.7291909847894935 -0.6843102422890721 4.648907366791344
cell 29.228034678351204 35.84942324314426 0.0 2.23606797749979 0.4472135954999579 1 0 0 0.7248179556041269 0.6889404409917115 1.621540238650504
cell 1.1520205581855607 6.608336724508819 0.0 2.23606797749979 0.4472135954999579 1 0 0 -0.7283543420633594 -0.6852006657888263 1.6318343158296669
cell 36.747299164923675 43.926131321433836 0.0 2.23606797749979 0.4472135954999579 1 0 0 0.6640208461567627 0.7477140602324239 1.4523670509605644
cell 6.115188179915528 26.90809894433475 0.0 2.23606797749979 0.4472135954999579 1 0 0 0.7877491494633125 0.6159961668061156 1.814292821891303
cell 38.47525237462788 10.330150670373188 0.0 2.23606797749979 0.4472135954999579 1 0 0 0.7073074492533474 0.7069060561564906 1.571363982363936
cell 5.429277642246359 8.33777311516465 0.0 2.23606797749979 0.4472135954999579 1 0 0 0.7929273849588883 0.6093161430507639 1.831196935650062
cell 7.323171785378471 36.13052714839255 0.0 2.23606797749979 0.4472135954999579 1 0 0 -0.8112059380314537 -0.5847605716038909 1.8924229032611741
cell 11.960208794092924 38.40352031690887 0.0 2.23606797749979 0.4472135954999579 1 0 0 0.858411997992509 0.512960857865889 2.0643317001328185
cell 40.3130205246064 5.308548498867029 0.0 2.23606797749979 0.4472135954999579 1 0 0 0.6861603359466146 0.7274503373933021 1.512395147580353
cell 32.74292993770961 26.415922835845507 0.0 2.23606797749979 0.4472135954999579 1 0 0 0.7158011615099584 -0.6983041580722503 4.687643849494704
cell 7.335931701145569 27.795593455675927 0.0 2.23606797749979 0.4472135954999579 1 0 0 0.8083356545724144 0.58872189491048 1.8826391090692356
cell 20.644416511399026 6.4155529445926245 0.0 2.23606797749979 0.4472135954999579 1 0 0 0.6843401768609748 -0.7291628914953706 4.775788488880266
cell 16.73309993238416 10.339550032245969 0.0 2.23606797749979 0.4472135954999579 1 0 0 0.6354558257983934 -0.7721372245002062 4.905987867733456
cell 27.654489012030698 35.28247780206765 0.0 2.23606797749979 0.4472135954999579 1 0 0 0.678856215051121 0.7342712300549886 1.4924075924505638
cell 2.3676352859482304 21.098149108027883 0.0 2.23606797749979 0.4472135954999579 1 0 0 0.7505962729749975 0.6607611028170794 1.6979280406338162
cell 38.22473232657554 23.84453936613305 0.0 2.23606797749979 0.4472135954999579 1 0 0 0.536260463707323 0.8440525546815238 1.1320007747013494
cell 44.45112412534745 16.124781673813075 0.0 2.23606797749979 0.4472135954999579 1 0 0 -0.6308339274113606 -0.7759178796926633 1.3652550101578314
cell 11.880126420133553 19.099340741741983 0.0 2.23606797749979 0.4472135954999579 1 0 0 0.7918003286233549 0.6107800255345186 1.8275019612899113
cell 45.21012268138002 31.472902147038475 0.0 2.23606797749979 0.4472135954999579 1 0 0 0.6555626814742856 0.7551407621485178 1.4298550284983416
cell 46.53438248782565 24.599849698712784 0.0 2.23606797749979 0.4472135954999579 1 0 0 0.6615992707450533 0.7498575897792951 1.4458990511125849
cell 18.889292584650896 42.824940918287325 0.0 2.23606797749979 0.4472135954999579 1 0 0 0.7080736067633208 -0.7061386318600493 4.709652511779824
cell 8.114590641332557 36.33509194546098 0.0 2.23606797749979 0.4472135954999579 1 0 0 -0.8223691098731664 -0.5689543453796763 1.931125093287143
cell 46.23624249201243 20.721661053584036 0.0 2.23606797749979 0.4472135954999579 1 0 0 0.6848377184165916 0.7286956150780359 1.50876194813615
cell 24.644512383415908 4.752545639044508 0.0 2.23606797749979 0.4472135954999579 1 0 0 0.7050948141310862 -0.7091130397090784 4.718071617139831
cell 40.38396720656242 27.18075508246146 0.0 2.23606797749979 0.4472135954999579 1 0 0 0.5735486223119591 0.8191715191851177 1.2216625678590252
cell 1.5313008851870964 30.011759812378962 0.0 2.23606797749979 0.4472135954999579 1 0 0 -0.7283966731902497 -0.6851556658784751 1.6319578782225967
cell 11.294941739908982 14.958212011053378 0.0 2.23606797749979 0.4472135954999579 1 0 0 0.8221538682394163 0.5692653308774077 1.9303686782095466
cell 3.3646765001627728 23.59408705263296 0.0 2.23606797749979 0.4472135954999579 1 0 0 0.748828501547754 0.6627638156008107 1.692585427581575
cell 32.20444021868255 10.817015819202808 0.0 2.23606797749979 0.4472135954999579 1 0 0 0.7456698484071912 -0.6663155987791345 4.6001061503584095
cell 46.675526411357296 32.18904868878803 0.0 2.23606797749979 0.4472135954999579 1 0 0 0.6714642637769246 0.7410369373185878 1.47236597787441
cell 0.434687635106517 29.03131148060276 0.0 2.23606797749979 0.4472135954999579 1 0 0 0.7143960909029438 0.6997415417871037 1.591521359818036
cell 44.542130956076754 5.615846834122864 0.0 2.23606797749979 0.4472135954999579 1 0 0 0.6364293953956217 0.771334962695432 1.3797205026439985
cell 11.084807616646312 35.96646170640625 0.0 2.23606797749979 0.4472135954999579 1 0 0 0.8477000714624024 0.5304758136264441 2.0232691209328566
cell 44.835092049650726 23.436637159142307 0.0 2.23606797749979 0.4472135954999579 1 0 0 0.6431683027395088 0.7657248424539846 1.3972575279269335
cell 31.31675022259957 36.48126477391816 0.0 2.23606797749979 0.4472135954999579 1 0 0 0.6937506070514057 -0.7202153117060246 4.74981790938953
cell 8.812677927037212 25.70773362476994 0.0 2.23606797749979 0.4472135954999579 1 0 0 0.7976998396758017 0.6030546955137653 1.8469427121547746
cell 29.252260596825334 40.3403178650859 0.0 2.23606797749979 0.4472135954999579 1 0 0 0.7184767653251959 0.6955509598065719 1.603219732118465
cell 28.370411377604977 23.94570614338323 0.0 2.23606797749979 0.4472135954999579 1 0 0 0.6677300427957487 0.7444035128530679 1.4623104738263972
cell 9.362453428992197 45.70513277559315 0.0 2.23606797749979 0.4472135954999579 1 0 0 0.8151827545372241 0.579203830015914 1.906089304144991
cell 19.18682105332967 26.260588477283722 0.0 2.23606797749979 0.4472135954999579 1 0 0 0.7688523463731202 -0.6394263596979309 4.529096522587206
cell 46.27172628357922 6.898676400814307 0.0 2.23606797749979 0.4472135954999579 1 0 0 0.6471542601070179 0.7623590778795372 1.407691374587365
cell 26.92016341515142 5.493906074491148 0.0 2.23606797749979 0.4472135954999579 1 0 0 0.7603492032437595 0.6495145026299105 1.7277011665792614
cell 4.2551351808503295 12.630309536395886 0.0 2.23606797749979 0.4472135954999579 1 0 0 0.7801501432908872 0.6255923224618475 1.7898115662866736
cell 31.975889233593406 14.25645734456194 0.0 2.23606797749979 0.4472135954999579 1 0 0 0.7475174880141608 -0.6642421283786499 4.594551672317574
cell 5.131483858335765 27.85666594762339 0.0 2.23606797749979 0.4472135954999579 1 0 0 0.7819772457697364 0.6233069766161593 1.7956634429806388
cell 37.63029218911617 10.461263505560455 0.0 2.23606797749979 0.4472135954999579 1 0 0 0.7028613675870589 0.7113268573262571 1.558824244895078
cell 45.686941651049835 35.808397500676136 0.0 2.23606797749979 0.4472135954999579 1 0 0 0.6849925481071831 0.7285500731162055 1.509186940822732
cell 25.54883484604762 33.89509573552451 0.0 2.23606797749979 0.4472135954999579 1 0 0 0.6450517462348337 0.7641388909611863 1.402181999309944
cell 13.425767036915161 9.074405253444125 0.0 2.23606797749979 0.4472135954999579 1 0 0 0.737375373862402 0.6754832033598488 1.658353038766141
cell 45.41300022727286 6.183772261906459 0.0 2.23606797749979 0.4472135954999579 1 0 0 0.6442042788686009 0.7648534807970648 1.399964938466207
cell 3.3067410998525735 5.036600535381606 0.0 2.23606797749979 0.4472135954999579 1 0 0 0.7632312103210233 0.6461254673760398 1.7365987072254176
cell 41.03767541512685 30.58941927208102 0.0 2.23606797749979 0.4472135954999579 1 0 0 0.5421649969910297 0.8402720488256864 1.1460230340318502
cell 1.0757533829130939 27.261809570617533 0.0 2.23606797749979 0.4472135954999579 1 0 0 0.724242928095957 0.6895449086919535 1.6198716609613804
cell 28.307997744645334 44.02446193366051 0.0 2.23606797749979 0.4472135954999579 1 0 0 0.72017227025739 0.69379528764061 1.6081011764484578
cell 13.740571229490445 1.3212467338310228 0.0 2.23606797749979 0.4472135954999579 1 0 0 0.7900029147193041 0.6131030865482606 1.8216275028745035
cell 25.913718998731415 45.09465391728737 0.0 2.23606797749979 0.4472135954999579 1 0 0 0.6258732649100688 0.7799247760334396 1.352501417953153
cell 44.708690218561046 13.883186188484485 0.0 2.23606797749979 0.4472135954999579 1 0 0 0.6541594274169826 0.7563566906701398 1.4261414829636647
cell 3.2817181128527695 20.02824760191716 0.0 2.23606797749979 0.4472135954999579 1 0 0 0.7464247505183371 0.6654698278762443 1.6853464951331494
cell 22.456582264542455 40.593012448626304 0.0 2.23606797749979 0.4472135954999579 1 0 0 0.7161958713469717 -0.6978993293201764 4.6865130406117235
cell 7.2903472869881245 7.627006613002256 0.0 2.23606797749979 0.4472135954999579 1 0 0 0.7928389114913335 0.6094312598031361 1.8309065605741692
cell 42.89413944321454 30.705030481106185 0.0 2.23606797749979 0.4472135954999579 1 0 0 0.6026056504661654 0.798039115599135 1.2935243311733589
cell 42.27954548584823 45.09445627640215 0.0 2.23606797749979 0.4472135954999579 1 0 0 0.6514715443418437 0.7586730698481745 1.4190449088234842
cell 1.7477731698668673 36.78559123570837 0.0 2.23606797749979 0.4472135954999579 1 0 0 0.7219022029666313 0.6919950934449786 1.6130945198407736
cell 27.046460003998234 37.88569626150748 0.0 2.23606797749979 0.4472135954999579 1 0 0 0.6425705043475703 0.766226563715008 1.3956966471857075
cell 4.186850084315185 41.064036905184274 0.0 2.23606797749979 0.4472135954999579 1 0 0 -0.7699392095112575 -0.6381172413100746 1.7574917616025374
cell 9.896457122176752 19.20722412386893 0.0 2.23606797749979 0.4472135954999579 1 0 0 0.8069109446164212 0.5906731138779171 1.8778071087559653
cell 2.5060369162277585 0.7544865061724867 0.0 2.23606797749979 0.4472135954999579 1 0 0 0.7460176250572598 0.6659261994424951 1.6841233415709216
cell 6.7151565499613 35.52207868807865 0.0 2.23606797749979 0.4472135954999579 1 0 0 0.8045669010875054 0.593862022421411 1.8698916307008726
cell 39.276267034551616 14.606494681915391 0.0 2.23606797749979 0.4472135954999579 1 0 0 0.6725071136354929 0.7400906580343102 1.475182344781653
cell 46.39234533043802 45.12985230623858 0.0 2.23606797749979 0.4472135954999579 1 0 0 0.6660836991080661 0.7458770044601961 1.4578915929544543
cell 6.046429329194856 1.6855370880594285 0.0 2.23606797749979 0.4472135954999579 1 0 0 0.7922425942387076 0.610206253551963 1.8289508411130042
cell 17.678148061750637 34.90936972057022 0.0 2.23606797749979 0.4472135954999579 1 0 0 0.6912185385798044 -0.7226457859308386 4.756837478706231
cell 40.41220244587226 40.905406006695465 0.0 2.23606797749979 0.4472135954999579 1 0 0 0.6309945700967847 0.7757872469358941 1.3656691163745176
cell 33.882931466449975 1.6505100437495812 0.0 2.23606797749979 0.4472135954999579 1 0 0 0.7238699174040094 -0.6899364772770842 4.664395243075258
cell 44.96635623747731 46.09516403085656 0.0 2.23606797749979 0.4472135954999579 1 0 0 0.6265877749637482 0.7793508582570364 1.354334345981928
cell 14.207590894298278 11.379871137485793 0.0 2.23606797749979 0.4472135954999579 1 0 0 0.7562449417104389 0.6542886122632542 1.715109547707861
cell 14.521694370501873 16.686384083519055 0.0 2.23606797749979 0.4472135954999579 1 0 0 0.8192378023932154 0.5734539415942094 1.9201612385114497
cell 8.473746418032185 43.572661398250375 0.0 2.23606797749979 0.4472135954999579 1 0 0 0.8186384385609038 0.5743092432745317 1.918072432089595
cell 29.459734615758908 26.681924308067583 0.0 2.23606797749979 0.4472135954999579 1 0 0 0.722393196766989 0.6914825155163147 1.6145141128332825
cell 7.386403961576018 19.201482080436126 0.0 2.23606797749979 0.4472135954999579 1 0 0 0.7820122746563951 0.623263028172481 1.7957758438454599
cell 43.46662345090398 29.740693149674875 0.0 2.23606797749979 0.4472135954999579 1 0 0 0.6130217540720934 0.7900660282750891 1.3197592546967494
cell 25.077065780525064 20.628278232401488 0.0 2.23606797749979 0.4472135954999579 1 0 0 0.6652734182010467 0.7465998118370345 1.4557199523137128
cell 22.786606392602927 2.7647660289338116 0.0 2.23606797749979 0.4472135954999579 1 0 0 0.6215994823407147 -0.7833352306348511 4.94161942625425
cell 24.59330769147261 40.35289036236261 0.0 2.23606797749979 0.4472135954999579 1 0 0 0.5961679500684115 -0.8028597482195928 5.005746103786592
cell 12.689001659337253 6.104427437626301 0.0 2.23606797749979 0.4472135954999579 1 0 0 0.7337581065796733 0.6794108043213714 1.647673948983559
cell 8.435059830387143 18.27301905182981 0.0 2.23606797749979 0.4472135954999579 1 0 0 0.7897268017317637 0.6134587016470787 1.8207270574651202
cell 15.976278979001423 3.3456929529170454 0.0 2.23606797749979 0.4472135954999579 1 0 0 0.7409478345249341 0.6715625857005517 1.6689612966768101
cell 44.83070448159408 9.47773388343941 0.0 2.23606797749979 0.4472135954999579 1 0 0 0.6718847386539313 0.7406557216169591 1.4735010982063732
cell 38.36705469439809 14.823697866791726 0.0 2.23606797749979 0.4472135954999579 1 0 0 0.6868209698603562 0.7268266336342385 1.5142122261189257
cell 44.743291100498745 33.13836335880835 0.0 2.23606797749979 0.4472135954999579 1 0 0 0.6443124948215114 0.7647623219124225 1.400247927050761
cell 1.4391583110338044 9.62955483818495 0.0 2.23606797749979 0.4472135954999579 1 0 0 0.7336595532120243 0.679517225668881 1.6473838574840793
cell 30.73425354845216 10.988069840776257 0.0 2.23606797749979 0.4472135954999579 1 0 0 0.7495985426336322 -0.6618927593511917 4.588274624845345
cell 33.203761285463685 39.49021473917972 0.0 2.23606797749979 0.4472135954999579 1 0 0 0.7127328776961075 -0.7014355601557605 4.696411990769845
cell 31.13064071805882 45.441159152533444 0.0 2.23606797749979 0.4472135954999579 1 0 0 0.6970462869384925 -0.7170261319263481 4.7406456881866275
cell 46.23828315274506 13.630014174515786 0.0 2.23606797749979 0.4472135954999579 1 0 0 0.6893005562119903 0.7244754952417928 1.5210463205217848
cell 26.1989367783249 24.509512616177027 0.0 2.23606797749979 0.4472135954999579 1 0 0 0.6954751403939471 0.7185501576744796 1.5381618762603
cell 4.692264481994318 5.95348580721154 0.0 2.23606797749979 0.4472135954999579 1 0 0 0.7845617460407431 0.6200506968381703 1.8039780144152402
cell 30.246615748409333 44.29528455573631 0.0 2.23606797749979 0.4472135954999579 1 0 0 0.6814728998378258 -0.7318433485293315 4.783638621928182
cell 35.78523729677646 5.866118764828391 0.0 2.23606797749979 0.4472135954999579 1 0 0 0.7383303918583585 -0.6744391984888503 4.6220024232747345
cell 31.091068368754346 3.2398695411958096 0.0 2.23606797749979 0.4472135954999579 1 0 0 0.7135183990163554 -0.7006364922448282 4.694170961183058
cell 9.905855574621873 10.635564658753285 0.0 2.23606797749979 0.4472135954999579 1 0 0 0.8035072124274372 0.595295018941944 1.8663271279726141
cell 21.265243067622055 24.449619863954084 0.0 2.23606797749979 0.4472135954999579 1 0 0 0.7579233547775631 -0.6523436121268638 4.562937627677168
cell 31.029631048359906 15.482081063875011 0.0 2.23606797749979 0.4472135954999579 1 0 0 0.7060955172668316 -0.7081166009180165 4.715247225267828
cell 39.901744108278066 36.537644566748085 0.0 2.23606797749979 0.4472135954999579 1 0 0 0.5716579977533209 0.8204920070327706 1.2170503442155234
cell 29.11005029903411 15.178350749099414 0.0 2.23606797749979 0.4472135954999579 1 0 0 0.713193403253194 0.7009673099054813 1.5880868492051006
cell 27.317520465346632 42.356614750333534 0.0 2.23606797749979 0.4472135954999579 1 0 0 -0.6833989949364552 -0.7300450764985974 1.5048168384344978
cell 24.338445644992362 0.3976015289505317 0.0 2.23606797749979 0.4472135954999579 1 0 0 0.6353623446921605 -0.7722141483728981 4.906229991663958
cell 4.588262874486801 24.659446206637377 0.0 2.23606797749979 0.4472135954999579 1 0 0 0.7612014860898871 0.6485154566967138 1.7303275550305453
cell 4.068406945666286 32.19751492881285 0.0 2.23606797749979 0.4472135954999579 1 0 0 0.7659679249947209 0.6428787894146779 1.7450911867412582
cell 11.345176208382135 6.364169880494176 0.0 2.23606797749979 0.4472135954999579 1 0 0 0.8115109177214572 0.5843372574283436 1.8934663734499357
cell 2.324161907985941 7.651440827670299 0.0 2.23606797749979 0.4472135954999579 1 0 0 0.7488168657378831 0.6627769621724138 1.6925503149390497
cell 45.486570832932436 42.08238582287661 0.0 2.23606797749979 0.4472135954999579 1 0 0 0.6554017641645306 0.7552804297279396 1.4294288763494927
cell 29.95852782736472 12.73793325493996 0.0 2.23606797749979 0.4472135954999579 1 0 0 0.667846043825743 0.7442994436020383 1.462622157306991
cell 5.539814601152016 20.341986669420976 0.0 2.23606797749979 0.4472135954999579 1 0 0 0.7608259442023401 0.6489559943698939 1.7291697896654539
cell 3.14426519304661 16.91236199962497 0.0 2.23606797749979 0.4472135954999579 1 0 0 0.7685521728217791 0.6397871190098485 1.753150165508614
cell 30.240586212243482 39.87335457666075 0.0 2.23606797749979 0.4472135954999579 1 0 0 0.6633818929193187 -0.7482810061379225 4.8325266928655175
cell 5.993254277414063 29.90250034810689 0.0 2.23606797749979 0.4472135954999579 1 0 0 0.7897187523747392 0.6134690637250467 1.8207008151475148
cell 12.882622355661274 13.52981813607647 0.0 2.23606797749979 0.4472135954999579 1 0 0 0.7524779992383445 0.6586173856361962 1.703632923664541
cell 43.331492550351726 2.0419279074026138 0.0 2.23606797749979 0.4472135954999579 1 0 0 0.6401002274544982 0.7682914152928559 1.3892574270710387
cell 15.866721133869637 42.47763038678373 0.0 2.23606797749979 0.4472135954999579 1 0 0 0.6917000852514839 0.7221848738813975 1.5276809858245752
cell 23.362073418068963 4.757207871293924 0.0 2.23606797749979 0.4472135954999579 1 0 0 0.5984978165935908 -0.8011244369838587 4.999935909626129
cell 36.773147119562324 1.6766991214912692 0.0 2.23606797749979 0.4472135954999579 1 0 0 0.6733704186064474 0.7393052680359973 1.4775165539213335
cell 28.021220743045017 19.46695311157043 0.0 2.23606797749979 0.4472135954999579 1 0 0 0.7108151218998328 0.7033788897020765 1.581312795683545
cell 4.902488821352922 34.249400711927215 0.0 2.23606797749979 0.4472135954999579 1 0 0 0.7747627456997686 0.6322520762130843 1.7726795119427678
cell 29.238909215799026 45.25827652600481 0.0 2.23606797749979 0.4472135954999579 1 0 0 0.717505845239226 0.6965524833403035 1.6004299396405566
cell 14.714505015781716 6.973640992654537 0.0 2.23606797749979 0.4472135954999579 1 0 0 0.7454357349478987 0.6665775011674832 1.6823765844786709
cell 33.007341933365716 6.240780847355231 0.0 2.23606797749979 0.4472135954999579 1 0 0 0.7489958671817764 -0.6625746682032289 4.590094753895626
cell 19.030177515717348 34.93988973614614 0.0 2.23606797749979 0.4472135954999579 1 0 0 0.6971335941860751 -0.7169412471445653 4.74040214778606
cell 12.288078306376239 10.574118818667355 0.0 2.23606797749979 0.4472135954999579 1 0 0 0.7347729488255968 0.678313138361728 1.6506637822626944
cell 33.59678556790296 19.602644811531764 0.0 2.23606797749979 0.4472135954999579 1 0 0 0.7407043053623362 -0.6718311782119814 4.614949126746344
cell 2.4537675649837833 36.84644007011995 0.0 2.23606797749979 0.4472135954999579 1 0 0 -0.7315279530763159 -0.6818114503790438 1.6411205694739817
cell 34.85485918464312 1.5274273233037148 0.0 2.23606797749979 0.4472135954999579 1 0 0 0.7343530864790915 -0.6787676659790388 4.633759070483128
cell 45.84640454637998 46.53283413262954 0.0 2.23606797749979 0.4472135954999579 1 0 0 0.6538582402672383 0.7566170772819172 1.425345204397187
cell 32.37855999793922 35.259878911010176 0.0 2.23606797749979 0.4472135954999579 1 0 0 0.7322626028965155 -0.6810223787800369 4.639908496105723
cell 26.02754021466349 38.36347336400677 0.0 2.23606797749979 0.4472135954999579 1 0 0 0.6290670978796701 0.7773510058945378 1.360705047724256
cell 35.78807633617302 1.402300196045676 0.0 2.23606797749979 0.4472135954999579 1 0 0 0.7438627145607938 -0.6683324486258669 4.605522208158931
cell 41.836159400680046 11.98303373886859 0.0 2.23606797749979 0.4472135954999579 1 0 0 0.698772873019793 0.7153436041034157 1.547361237885418
cell 22.022009106191295 17.93157567400989 0.0 2.23606797749979 0.4472135954999579 1 0 0 0.7373985893078774 -0.6754578598896843 4.624763529824903
cell 45.127702867150106 2.5757219526237187 0.0 2.23606797749979 0.4472135954999579 1 0 0 0.6221815940153491 0.7828729552542477 1.3430525585026216
cell 45.174209428370666 37.591171970666856 0.0 2.23606797749979 0.4472135954999579 1 0 0 0.6697151224381226 0.742618108301764 1.4676502172032537
cell 1.1311720128948006 38.892130549113986 0.0 2.23606797749979 0.4472135954999579 1 0 0 -0.7102794815493715 -0.7039197810048785 1.5797903318718616
cell 31.664922747564155 27.561645960616413 0.0 2.23606797749979 0.4472135954999579 1 0 0 0.6732400280974338 -0.7394240086495478 4.806021462873817
cell 1.920479361759754 12.078281820155242 0.0 2.23606797749979 0.4472135954999579 1 0 0 0.7357658214683955 0.6772360415386478 1.6535935836449456
cell 18.688299964658277 14.93498027467653 0.0 2.23606797749979 0.4472135954999579 1 0 0 0.6624519870412722 -0.7491043751474624 4.8350107715005155
cell 0.9064772149171603 3.379660892853103 0.0 2.23606797749979 0.4472135954999579 1 0 0 0.7305655806021283 0.6828425385397978 1.6382997157705088
cell 20.077912807291035 24.382774362036987 0.0 2.23606797749979 0.4472135954999579 1 0 0 0.7548382920148394 -0.6559109336702049 4.572370217241942
cell 36.47512160121786 19.20463453543696 0.0 2.23606797749979 0.4472135954999579 1 0 0 0.7766119668770575 -0.6299792479942083 4.5046456337313865
cell 3.0845004188904075 40.053127186277 0.0 2.23606797749979 0.4472135954999579 1 0 0 0.7598428100273419 0.6501068404883561 1.726142579707873
cell 28.135391150870827 14.979000474465906 0.0 2.23606797749979 0.4472135954999579 1 0 0 0.7120414258652248 0.7021374565224516 1.5848027690517343
cell 41.353006885484774 27.066076145658837 0.0 2.23606797749979 0.4472135954999579 1 0 0 0.6044930797416648 0.7966103919385168 1.2982587342762457
cell 3.4932331361433873 28.67449341779075 0.0 2.23606797749979 0.4472135954999579 1 0 0 0.7560075271832444 0.6545629219886168 1.7143839817643522
cell 27.2770904012621 26.373065290816466 0.0 2.23606797749979 0.4472135954999579 1 0 0 0.7417118985981315 0.6707186142324926 1.6712382085212474
cell 5.632436870188898 5.322518910192642 0.0 2.23606797749979 0.4472135954999579 1 0 0 0.8032389331872388 0.5956569618599504 1.8654260698611702
cell 41.0131053334754 13.241097495397836 0.0 2.23606797749979 0.4472135954999579 1 0 0 0.6805896165623275 0.7326648441323931 1.4971341807046286
cell 4.118173937748993 16.014783544477577 0.0 2.23606797749979 0.4472135954999579 1 0 0 0.7637614036225605 0.6454986586635918 1.7382406501438548
cell 46.45968257314369 17.57155283683319 0.0 2.23606797749979 0.4472135954999579 1 0 0 0.673740678210856 0.7389678602780879 1.4785184245217637
cell 15.731763568589397 7.8334718704130495 0.0 2.23606797749979 0.4472135954999579 1 0 0 0.7762689105471987 0.630401918237774 1.7774509351186276
cell 18.898995307940748 9.673730441564702 0.0 2.23606797749979 0.4472135954999579 1 0 0 0.7218745615974219 -0.6920239282846583 4.670170674591146
cell 9.99331715266635 27.852160161966538 0.0 2.23606797749979 0.4472135954999579 1 0 0 -0.8007354873321479 -0.5990180959928904 1.857044067828662
cell 40.20352313967829 9.757966093367358 0.0 2.23606797749979 0.4472135954999579 1 0 0 0.6877260194022263 0.7259703315130506 1.51670410749396
cell 4.800041607652607 20.19005612952002 0.0 2.23606797749979 0.4472135954999579 1 0 0 -0.7530917115018458 -0.6579155523828424 1.7054975552322738
cell 27.515776257216316 8.503384169778446 0.0 2.23606797749979 0.4472135954999579 1 0 0 -0.7160746579412312 -0.6980236989202794 1.5963249310687457
cell 36.3175268959763 39.442093165386545 0.0 2.23606797749979 0.4472135954999579 1 0 0 0.6844284152742005 0.7290800671841512 1.5076388586605447
cell 6.059201950802836 32.269109712836354 0.0 2.23606797749979 0.4472135954999579 1 0 0 0.7898893863595857 0.6132493435108407 1.8212572068434072
cell 7.561451332892008 15.562526179453075 0.0 2.23606797749979 0.4472135954999579 1 0 0 0.7830593974731721 0.6219469270194625 1.799139525819211
cell 33.044734322833584 43.97448341280595 0.0 2.23606797749979 0.4472135954999579 1 0 0 0.7102981283229486 -0.7039009652649413 4.703341994774158
cell 25.01266154485115 16.160004068454484 0.0 2.23606797749979 0.4472135954999579 1 0 0 0.6735148379381791 0.7391737029123184 1.4779072779941411
cell 39.42595559381048 5.716447157257939 0.0 2.23606797749979 0.4472135954999579 1 0 0 -0.6935673356301192 -0.7203918037755133 1.5328585250562536
cell 32.00789645129278 1.8912513842940333 0.0 2.23606797749979 0.4472135954999579 1 0 0 0.7297554521531994 -0.6837082565339397 4.647256899835941
cell 6.03681456420141 11.838024574998268 0.0 2.23606797749979 0.4472135954999579 1 0 0 0.7695283397935095 0.6386126637130248 1.7562045051454036
cell 10.209244343933912 46.00440111460224 0.0 2.23606797749979 0.4472135954999579 1 0 0 0.8309667458674088 0.5563220894971987 1.9616863613739766
cell 25.388469386275172 1.7097854373702643 0.0 2.23606797749979 0.4472135954999579 1 0 0 0.6981561883786784 0.7159454843970701 1.5456377996005632
cell 3.8595389925291546 0.7030679643990444 0.0 2.23606797749979 0.4472135954999579 1 0 0 -0.766945580834425 -0.6417121442193116 1.7481354419211694
cell 39.27615207189775 29.214373975495647 0.0 2.23606797749979 0.4472135954999579 1 0 0 0.49602740793368794 0.8683068642931407 1.0380353273440313
cell 23.06451892335096 31.816630700461886 0.0 2.23606797749979 0.4472135954999579 1 0 0 0.6952000816285632 -0.7188162814681086 4.745788882941919
cell 11.365024445396939 41.68781453422125 0.0 2.23606797749979 0.4472135954999579 1 0 0 0.837204614865215 0.546889781261624 1.9843032410058528
cell 37.347160837902386 14.962169054892406 0.0 2.23606797749979 0.4472135954999579 1 0 0 0.703869833373682 0.7103289784786379 1.5616616844274152
cell 9.908883700213293 3.9407476724720203 0.0 2.23606797749979 0.4472135954999579 1 0 0 0.8121692304264715 0.5834219237811286 1.8957213337049932
cell 16.954119479503845 39.813053823061885 0.0 2.23606797749979 0.4472135954999579 1 0 0 0.709978156792325 -0.7042236980376141 4.704250924312729
cell 46.398690180189696 27.75213469691414 0.0 2.23606797749979 0.4472135954999579 1 0 0 -0.6866848347190563 -0.7269552515573859 1.5138376578503605
cell 11.142870705928724 9.73736478047553 0.0 2.23606797749979 0.4472135954999579 1 0 0 0.8056525788049208 0.5923883205001436 1.8735525018509263
cell 9.069890961992733 32.23176574365745 0.0 2.23606797749979 0.4472135954999579 1 0 0 0.8151174098374584 0.5792957864337294 1.9058636857718172
cell 41.90802235912301 16.4612376674859 0.0 2.23606797749979 0.4472135954999579 1 0 0 0.6778054909212714 0.7352412641282957 1.4895475311582675
cell 5.051814956617841 36.64621162190475 0.0 2.23606797749979 0.4472135954999579 1 0 0 0.7781350051671713 0.6280970575742943 1.7833821064209268
cell 0.6646991973332325 18.03533299442172 0.0 2.23606797749979 0.4472135954999579 1 0 0 0.7287246512677683 0.6848068213990494 1.6329155046519284
cell 40.80163079048581 36.389605170586336 0.0 2.23606797749979 0.4472135954999579 1 0 0 0.5851681718156044 0.8109119623571867 1.2501748565617414
cell 2.8274591861394285 3.230598366971727 0.0 2.23606797749979 0.4472135954999579 1 0 0 -0.7517176299664061 -0.6594851058194486 1.7013254576138408
cell 38.863616619446844 32.35736030073543 0.0 2.23606797749979 0.4472135954999579 1 0 0 0.5360694607103893 0.8441738762208129 1.1315482216726265
cell 28.43018178951164 6.272611900928566 0.0 2.23606797749979 0.4472135954999579 1 0 0 0.6892268147627064 0.7245456492258123 1.5208427584150435
cell 6.271099503523993 34.216165983569205 0.0 2.23606797749979 0.4472135954999579 1 0 0 0.7884693176046145 0.6150740891926059 1.8166327957657147
cell 42.77411958036225 37.44012115039672 0.0 2.23606797749979 0.4472135954999579 1 0 0 -0.6146432685734006 -0.7888052056099825 1.3238672880725222
cell 33.96013327773528 6.12446487899074 0.0 2.23606797749979 0.4472135954999579 1 0 0 0.7507074354631244 -0.660634805577468 4.584920766373011
cell 26.236663547701458 28.96664431405974 0.0 2.23606797749979 0.4472135954999579 1 0 0 0.688286243849489 0.7254392093949442 1.518248053302916
cell 13.082292117967992 24.327388180190216 0.0 2.23606797749979 0.4472135954999579 1 0 0 0.8244948799919029 0.5658694132634646 1.938617948864592
cell 8.35102497639052 31.79830449345661 0.0 2.23606797749979 0.4472135954999579 1 0 0 0.8083656747270217 0.5886806739847393 1.882741096801873
cell 21.33764587062032 12.5781595080803 0.0 2.23606797749979 0.4472135954999579 1 0 0 0.7603473641945594 -0.6495166554926718 4.555489803433549
cell 9.125625374927244 40.014224888783495 0.0 2.23606797749979 0.4472135954999579 1 0 0 0.8324456994491142 0.5541066300529846 1.967013863017857
cell 1.603901506606546 16.52871448012573 0.0 2.23606797749979 0.4472135954999579 1 0 0 0.7368667629806235 0.6760379971676574 1.6568477398257466
cell 11.319655486985479 2.6582860250128726 0.0 2.23606797749979 0.4472135954999579 1 0 0 0.7638960823331059 0.645339271543374 1.7386579874622123
cell 43.989710412026476 23.37879425513798 0.0 2.23606797749979 0.4472135954999579 1 0 0 -0.6471087115441817 -0.7623977409748989 1.4075718838928246
cell 45.40363597403026 20.315754880398035 0.0 2.23606797749979 0.4472135954999579 1 0 0 -0.6619042351144107 -0.7495884094205346 1.4467125898870794
cell 28.682968004460186 10.738401997193275 0.0 2.23606797749979 0.4472135954999579 1 0 0 0.6729280216785519 0.7397079678087768 1.4763200888621173
cell 43.5505304376385 15.673428952065827 0.0 2.23606797749979 0.4472135954999579 1 0 0 0.6567750808758211 0.7540865289478116 1.433068326184883
cell 30.42755298555984 31.420092506457568 0.0 2.23606797749979 0.4472135954999579 1 0 0 0.6434418862605259 -0.7654949634096206 4.885213098010787
cell 38.86093407739491 26.699139304128366 0.0 2.23606797749979 0.4472135954999579 1 0 0 0.49293481611495715 0.870066242915856 1.0309192748847826
cell 21.07203182316353 45.38759841512958 0.0 2.23606797749979 0.4472135954999579 1 0 0 0.7289857269665845 -0.684528896306796 4.649507167938413
cell 2.4352775717301394 13.931448882802961 0.0 2.23606797749979 0.4472135954999579 1 0 0 0.7512230335044966 0.6600484481705127 1.6998261507193666
cell 38.624755421141764 1.3755508341233933 0.0 2.23606797749979 0.4472135954999579 1 0 0 -0.6864387835890018 -0.7271875936681342 1.5131608299073172
cell 9.72907333661147 13.961758072657442 0.0 2.23606797749979 0.4472135954999579 1 0 0 0.8013166923021862 0.5982403853284092 1.8589858537786481
cell 41.16549748810323 17.668414260212295 0.0 2.23606797749979 0.4472135954999579 1 0 0 0.6612118920399154 0.7501991960972734 1.4448660803606137
cell 34.52805073771842 19.449392250692515 0.0 2.23606797749979 0.4472135954999579 1 0 0 0.7764279661270587 -0.6302060087112777 4.505229677220904
cell 26.320401328583884 2.848134881594373 0.0 2.23606797749979 0.4472135954999579 1 0 0 0.7211588674237188 0.6927697221560272 1.6109473379853692
cell 37.594699160712544 43.74363545655265 0.0 2.23606797749979 0.4472135954999579 1 0 0 0.6529612952247554 0.757391277305469 1.4229754818396323
cell 2.2421601244105425 27.889880672594934 0.0 2.23606797749979 0.4472135954999579 1 0 0 -0.7347802961390686 -0.6783051794036241 1.6506854458754452
cell 46.08081932795952 3.549438144916515 0.0 2.23606797749979 0.4472135954999579 1 0 0 -0.638708184950924 -0.7694490590524471 1.3856364204147207
cell 43.5448872903168 11.728955356309088 0.0 2.23606797749979 0.4472135954999579 1 0 0 0.6488715780285311 0.7608979400857673 1.4122009673183973
cell 44.86253378701136 42.99253507445969 0.0 2.23606797749979 0.4472135954999579 1 0 0 0.6384237179811215 0.7696851020509371 1.3848971295231207
cell 33.28657808895724 23.100009022316144 0.0 2.23606797749979 0.4472135954999579 1 0 0 0.7525843863912854 -0.6584958172684564 4.5792292916123145
cell 32.13353816631514 6.359218846375416 0.0 2.23606797749979 0.4472135954999579 1 0 0 0.7434811095359928 -0.6687569362355272 4.606663807273427
cell 6.851260340150829 11.951952954890224 0.0 2.23606797749979 0.4472135954999579 1 0 0 0.7709760046615801 0.6368641929297543 1.7607444989175942
cell 23.39653582808324 36.34969395570378 0.0 2.23606797749979 0.4472135954999579 1 0 0 0.6683998977354498 -0.7438021085660085 4.81907439694891
cell 43.899606372052524 28.75936972537182 0.0 2.23606797749979 0.4472135954999579 1 0 0 0.6216278351142478 0.7833127310411683 1.341638271849714
cell 9.644914438352476 17.068876670946626 0.0 2.23606797749979 0.4472135954999579 1 0 0 0.7919519076213573 0.6105834717832552 1.8279983867932346
cell 7.281135572979508 22.59532225314087 0.0 2.23606797749979 0.4472135954999579 1 0 0 0.7854722785808086 0.6188968408233093 1.8069177107250736
cell 45.970277827886186 40.671684318496744 0.0 2.23606797749979 0.4472135954999579 1 0 0 -0.6664279102049561 -0.745569473959238 1.4588147533782694
cell 0.28680498969410256 21.74320185405017 0.0 2.23606797749979 0.4472135954999579 1 0 0 0.7066660140517856 0.7075472737451268 1.569550037303943
cell 3.9522845738643815 24.249871429138576 0.0 2.23606797749979 0.4472135954999579 1 0 0 0.7552801680476473 0.6554020657229558 1.712162978706496
cell 7.2088564537283935 40.41497363668579 0.0 2.23606797749979 0.4472135954999579 1 0 0 -0.8125667328316675 -0.5828681709402818 1.8970846390836584
cell 7.43980982482358 44.17015124361111 0.0 2.23606797749979 0.4472135954999579 1 0 0 0.8092897560959753 0.5874096446927959 1.8858839886839485
cell 27.13726731486302 21.932095808470304 0.0 2.23606797749979 0.4472135954999579 1 0 0 0.7146501888122356 0.6994820280969597 1.592247756691181
cell 35.61092429425063 23.82409138403115 0.0 2.23606797749979 0.4472135954999579 1 0 0 0.7690514112091411 -0.6391869264285905 4.5284737703083975
cell 8.124899612375906 40.28082946296796 0.0 2.23606797749979 0.4472135954999579 1 0 0 0.8218560667712719 0.5696951864912101 1.929322807147937
cell 42.40050384967539 7.430039222352158 0.0 2.23606797749979 0.4472135954999579 1 0 0 0.6452803296909642 0.763945872502706 1.4027803521235858
cell 46.4018834866634 38.69349019681496 0.0 2.23606797749979 0.4472135954999579 1 0 0 0.6757967390355096 0.7370880324011313 1.4840901904828465
cell 29.56303157103373 22.1947353325016 0.0 2.23606797749979 0.4472135954999579 1 0 0 0.745744735207776 0.6662317839234961 1.683303949729791
cell 35.26623832962259 39.27772520745347 0.0 2.23606797749979 0.4472135954999579 1 0 0 0.686959673404054 -0.7266955394913303 4.768591377786115
cell 0.2894368953105231 14.929347242574472 0.0 2.23606797749979 0.4472135954999579 1 0 0 0.7064829871152652 0.7077300254452201 1.5690327480473294
cell 15.816080767931258 27.003953119152964 0.0 2.23606797749979 0.4472135954999579 1 0 0 0.7527059366613775 -0.6583568735228017 4.578860077134197
cell 0.5611648003842551 0.2463093578950972 0.0 2.23606797749979 0.4472135954999579 1 0 0 0.7045582054187967 0.7096462042292939 1.5636007943486951
cell 4.32322598114524 9.592197985078007 0.0 2.23606797749979 0.4472135954999579 1 0 0 0.7899005426521803 0.6132349734953079 1.8212935914671309
cell 8.915362060668949 8.263918874492177 0.0 2.23606797749979 0.4472135954999579 1 0 0 0.7947343998072445 0.6069573574502732 1.837139722426469
cell 25.08779298451267 29.442182212375457 0.0 2.23606797749979 0.4472135954999579 1 0 0 0.6370652614096097 0.7708098680641715 1.381369805524688
cell 38.48994886493654 43.61192727514052 0.0 2.23606797749979 0.4472135954999579 1 0 0 0.6210606985764682 0.7837624695554829 1.340190641224705
cell 4.016448536410953 38.63117478107804 0.0 2.23606797749979 0.4472135954999579 1 0 0 0.7649118900589313 0.6441349241009009 1.741809062587645
cell 33.9859035313504 43.868887083700464 0.0 2.23606797749979 0.4472135954999579 1 0 0 0.7148510891666021 -0.6992767122658402 4.690363040110918
cell 40.17874622624226 14.143392188962231 0.0 2.23606797749979 0.4472135954999579 1 0 0 0.6713198758874717 0.741167743657554 1.4719763207889902
cell 3.9958439002206285 35.607576751088175 0.0 2.23606797749979 0.4472135954999579 1 0 0 0.7627810735671366 0.6466568130065332 1.73520593833455
cell 21.108940205774523 28.942079955809 0.0 2.23606797749979 0.4472135954999579 1 0 0 0.6818596521647823 -0.7314830242389239 4.782581435164795
cell 42.12402716145277 30.992775835948688 0.0 2.23606797749979 0.4472135954999579 1 0 0 0.5870016970398603 0.80958570125239 1.254700687071728
cell 12.061170797398848 28.33478552903953 0.0 2.23606797749979 0.4472135954999579 1 0 0 0.8431198527626854 0.5377256864586513 2.0061180848019475
cell 36.74148263864066 6.128614100262999 0.0 2.23606797749979 0.4472135954999579 1 0 0 0.6694173114642981 0.7428865748631557 1.466848305305675
cell 11.052738212761 46.3773407905102 0.0 2.23606797749979 0.4472135954999579 1 0 0 0.819308137045611 0.5733534482069941 1.9204065618427533
cell 0.6303206711103981 11.020124367401609 0.0 2.23606797749979 0.4472135954999579 1 0 0 0.70989651730496 0.7043059950889874 1.5787025397252554
cell 22.351463341617094 10.702714429600105 0.0 2.23606797749979 0.4472135954999579 1 0 0 0.7034621801455994 -0.7107326931447577 4.722671083766822
cell 25.060430870845135 25.00965653303049 0.0 2.23606797749979 0.4472135954999579 1 0 0 0.648933866249405 0.7608448181032709 1.41236469596571
cell 30.67596608602444 19.908801782941186 0.0 2.23606797749979 0.4472135954999579 1 0 0 0.6666497454446545 -0.7453711269552755 4.823775398667906
cell 6.532309364462582 16.262004310177204 0.0 2.23606797749979 0.4472135954999579 1 0 0 0.7657728831503766 0.6431111034895601 1.744484519942631
cell 8.252401373660698 46.56698553280937 0.0 2.23606797749979 0.4472135954999579 1 0 0 0.8021378071488621 0.5971389606636088 1.8617334827059293
cell 25.658568490607344 7.229550473859228 0.0 2.23606797749979 0.4472135954999579 1 0 0 0.7060051696459368 0.7082066791786222 1.5676829208986143
cell 33.483515114835875 35.03620737017782 0.0 2.23606797749979 0.4472135954999579 1 0 0 0.7253334727543005 -0.6883976709011924 4.660147928148955
cell 34.917324598919386 43.76590873361281 0.0 2.23606797749979 0.4472135954999579 1 0 0 0.7094861444604375 -0.7047193844493447 4.705647750963865
cell 13.994610236763169 4.60830537886489 0.0 2.23606797749979 0.4472135954999579 1 0 0 0.7681691071589024 0.6402470014039072 1.7519531172570644
cell 33.63866937031952 30.607724765794703 0.0 2.23606797749979 0.4472135954999579 1 0 0 0.7369502244581589 -0.6759470146920313 4.62609063716838
cell 0.7125642976625431 24.755645719638856 0.0 2.23606797749979 0.4472135954999579 1 0 0 0.7220679503695264 0.6918221411960961 1.6135736218434178
cell 41.605208308641785 7.514685495036968 0.0 2.23606797749979 0.4472135954999579 1 0 0 0.6558573968080688 0.7548848091279513 1.4306357181386948
cell 14.726244571332714 22.76896189545938 0.0 2.23606797749979 0.4472135954999579 1 0 0 0.7102335158653119 -0.7039661589462932 4.703525570216699
cell 39.51845321623779 19.028640636173513 0.0 2.23606797749979 0.4472135954999579 1 0 0 0.6355242781872653 0.7720808842566661 1.3773747521934392
cell 1.1106530049869494 14.047075983016947 0.0 2.23606797749979 0.4472135954999579 1 0 0 -0.7216739062090743 -0.6922331782693865 1.6124348114381872
cell 4.31025159738122 28.54405664494913 0.0 2.23606797749979 0.4472135954999579 1 0 0 0.7720564066071622 0.635554014240203 1.764140871839177
cell 23.719864239836454 27.428126921894663 0.0 2.23606797749979 0.4472135954999579 1 0 0 0.7388198315899754 -0.6739030022557849 4.620550448516844
cell 41.19836800395903 40.82870595726615 0.0 2.23606797749979 0.4472135954999579 1 0 0 0.6353930667430226 0.7721888698595032 1.3770348855514172
cell 30.62739501987425 27.036554143441016 0.0 2.23606797749979 0.4472135954999579 1 0 0 0.6294990700700651 -0.777001236022777 4.9213686139283395
cell 1.8730967258460853 25.521923895112096 0.0 2.23606797749979 0.4472135954999579 1 0 0 -0.7310606429250369 -0.6823124917265048 1.6397502830401045
cell 10.971736417893394 28.205358906034153 0.0 2.23606797749979 0.4472135954999579 1 0 0 0.8320091828599429 0.5547618584913082 1.9654392251915238
cell 25.359063464856842 11.714278882982954 0.0 2.23606797749979 0.4472135954999579 1 0 0 0.7233983930569985 0.6904308545557276 1.6174236906244666
cell 34.11607735649254 27.488692869380763 0.0 2.23606797749979 0.4472135954999579 1 0 0 0.7854273289698436 -0.6189538843139262 4.476412846960192
cell 39.00370152324327 36.65308566185931 0.0 2.23606797749979 0.4472135954999579 1 0 0 0.5724867840172838 0.8199139480003665 1.2190712737077662
cell 34.8326955291378 5.999053321169609 0.0 2.23606797749979 0.4472135954999579 1 0 0 0.7413561771056704 -0.6711117780722269 4.613007505357033
cell 27.073018818006872 17.451739018940387 0.0 2.23606797749979 0.4472135954999579 1 0 0 0.722640464555645 0.6912241018561213 1.6152294280936959
cell 41.529457959680975 22.009490162018267 0.0 2.23606797749979 0.4472135954999579 1 0 0 0.644582052706165 0.764535138060447 1.4009529772817781
cell 31.210581647381126 40.96673224846532 0.0 2.23606797749979 0.4472135954999579 1 0 0 0.7015895071366943 -0.7125813381472255 4.727933933389996
cell 38.69124247891428 41.13119956556551 0.0 2.23606797749979 0.4472135954999579 1 0 0 0.6059071534629509 0.7955353677759551 1.3018113571208347
cell 33.242681504386574 15.151273141207517 0.0 2.23606797749979 0.4472135954999579 1 0 0 0.7693912546865708 -0.6387778152157638 4.527410068131508
cell 10.280821154066562 23.220480769436957 0.0 2.23606797749979 0.4472135954999579 1 0 0 0.8037103876784161 0.5950206826134787 1.867009888852741
cell 13.197919272326494 28.430676319694122 0.0 2.23606797749979 0.4472135954999579 1 0 0 0.8381995433895363 0.5453636634958117 1.9879468211801161
cell 32.10508342316406 44.11995483360185 0.0 2.23606797749979 0.4472135954999579 1 0 0 0.7273207928835355 -0.6862976498861593 4.654365355924373
cell 6.434764071639897 19.879306773435072 0.0 2.23606797749979 0.4472135954999579 1 0 0 0.7704788413379906 0.6374655716589466 1.7591839505817368
cell 36.70395715159512 23.684384032312238 0.0 2.23606797749979 0.4472135954999579 1 0 0 0.7562444771157136 -0.6542891492543499 4.568077179623401
cell 19.847623855059158 30.924549886099616 0.0 2.23606797749979 0.4472135954999579 1 0 0 0.7167545150886425 -0.6973255804142316 4.684911453060011
cell 26.214503092692382 42.463813890001624 0.0 2.23606797749979 0.4472135954999579 1 0 0 0.6051557168960605 0.796107127406868 1.2999229016081553
cell 4.099677476923506 19.75543804981856 0.0 2.23606797749979 0.4472135954999579 1 0 0 0.7456509697558015 0.6663367251639615 1.683022491925017
cell 2.310867798237044 44.47934986242554 0.0 2.23606797749979 0.4472135954999579 1 0 0 -0.7506653967200513 -0.6606825729252499 1.698137277686472
cell 43.75302597026221 6.005342956136185 0.0 2.23606797749979 0.4472135954999579 1 0 0 0.634494882300871 0.7729270627517216 1.3747096636777074
cell 45.653372679649515 23.939199026545047 0.0 2.23606797749979 0.4472135954999579 1 0 0 0.6592027371393985 0.7519652594022712 1.4395160570789753
cell 8.400992761264455 21.30550297377427 0.0 2.23606797749979 0.4472135954999579 1 0 0 0.7925649290962398 0.6097875311669404 1.8300076820709477
cell 43.939276424269295 44.98805105308111 0.0 2.23606797749979 0.4472135954999579 1 0 0 0.623107138042158 0.7821364935360777 1.3454181516806583
cell 12.48485040560645 2.0437921110145836 0.0 2.23606797749979 0.4472135954999579 1 0 0 0.7838221938775665 0.6209853205873377 1.8015943541015973
cell 3.121632292897709 36.588430845812674 0.0 2.23606797749979 0.4472135954999579 1 0 0 0.7563898821026366 0.6541210486238457 1.7155526517170645
cell 7.214104720809219 25.620227708776596 0.0 2.23606797749979 0.4472135954999579 1 0 0 0.7937253399668392 0.608276322648289 1.8338183542813116
cell 29.368743655816758 31.14245613407997 0.0 2.23606797749979 0.4472135954999579 1 0 0 0.7144697531697681 0.6996663289065228 1.5917319124904883
cell 2.1384402569235976 18.312214536818622 0.0 2.23606797749979 0.4472135954999579 1 0 0 0.7625329141576176 0.6469494221546931 1.7344385969296319
cell 38.57972567031418 19.18470211993971 0.0 2.23606797749979 0.4472135954999579 1 0 0 0.6210007698123493 0.7838099539381147 1.3400377200245321
cell 32.96496996977652 1.761822741860601 0.0 2.23606797749979 0.4472135954999579 1 0 0 0.7206648756563064 -0.6932835906000375 4.67366357596403
cell 26.478779167297475 10.81735678904268 0.0 2.23606797749979 0.4472135954999579 1 0 0 0.7211103692930705 0.6928202041641189 1.6108073308167046
cell 12.491647351857273 45.060297430506495 0.0 2.23606797749979 0.4472135954999579 1 0 0 0.7835719442757592 0.6213010607941263 1.8007885830582278
cell 36.72783184289739 10.541712545918774 0.0 2.23606797749979 0.4472135954999579 1 0 0 0.6767412374964581 0.7362209569631677 1.4866544817167384
cell 0.386361244154595 39.967365397822086 0.0 2.23606797749979 0.4472135954999579 1 0 0 -0.6826324726325316 -0.7307618677158764 1.5027179375862811
cell 42.54369002362804 2.8538014759841714 0.0 2.23606797749979 0.4472135954999579 1 0 0 0.6574772010240854 0.7534744389383986 1.4349312560761596
cell 35.89125447225929 10.33943287904833 0.0 2.23606797749979 0.4472135954999579 1 0 0 0.7587319112679817 -0.6514030141345951 4.5604569113463445
cell 1.4954763530644464 22.767788507793863 0.0 2.23606797749979 0.4472135954999579 1 0 0 0.7435079099026551 0.6687271401043817 1.676601651489667
cell 7.64366829291183 12.13481770599951 0.0 2.23606797749979 0.4472135954999579 1 0 0 0.7730796688624181 0.634308935449891 1.767364092215927
cell 18.132548015192878 39.36264011596612 0.0 2.23606797749979 0.4472135954999579 1 0 0 0.6740674108823609 -0.7386698353028573 4.803782409644832
cell 41.995889380682556 40.66371936029804 0.0 2.23606797749979 0.4472135954999579 1 0 0 0.6328156309693236 0.7743025101346998 1.370368354019142
cell 27.258991446273868 0.14297061934336314 0.0 2.23606797749979 0.4472135954999579 1 0 0 0.7016646476056796 0.7125073489448355 1.5554622812779353
cell 0.557144644120506 35.99864416623797 0.0 2.23606797749979 0.4472135954999579 1 0 0 0.6962670947696401 0.7177827893876009 1.5403673657244483
cell 32.64474544859581 18.645271126567902 0.0 2.23606797749979 0.4472135954999579 1 0 0 0.6996237874166308 -0.7145114107422001 4.733443648097467
cell 6.882735975333046 4.109451292011883 0.0 2.23606797749979 0.4472135954999579 1 0 0 0.8086259670417535 0.5883230791204684 1.8836256897687238
cell 42.69161652511119 15.705608352250023 0.0 2.23606797749979 0.4472135954999579 1 0 0 0.6640371430158237 0.7476995871975471 1.4524106425356136
cell 15.18101653712685 12.276217081685283 0.0 2.23606797749979 0.4472135954999579 1 0 0 0.7893593781595923 0.6139314066827838 1.8195296433464874
cell 30.917787530494433 23.117036492392145 0.0 2.23606797749979 0.4472135954999579 1 0 0 0.6098150569463826 -0.7925437504147516 4.971530874734067
cell 30.14019214963463 2.046655497404437 0.0 2.23606797749979 0.4472135954999579 1 0 0 0.7033253496968265 -0.7108680978028461 4.723056087627882
cell 40.864474805613476 3.1116609994449917 0.0 2.23606797749979 0.4472135954999579 1 0 0 0.632830726520925 0.774290172720149 1.3704073456836852
cell 40.67803468819876 45.356968729532795 0.0 2.23606797749979 0.4472135954999579 1 0 0 0.6305163684449924 0.7761759524250533 1.3644366087046051
cell 3.441267115007738 10.183948991077166 0.0 2.23606797749979 0.4472135954999579 1 0 0 -0.7720451381771225 -0.6355677026226773 1.7641054120405126
cell 8.568262542833649 23.492282692512948 0.0 2.23606797749979 0.4472135954999579 1 0 0 0.7986386492334562 0.6018108572887004 1.8500594395455758
cell 6.42170899226719 40.35159303595826 0.0 2.23606797749979 0.4472135954999579 1 0 0 0.8036273088296324 0.5951328830633059 1.8667306682511495
cell 1.5908207716210003 41.240168921730096 0.0 2.23606797749979 0.4472135954999579 1 0 0 -0.7272038423834325 -0.6864215698991196 1.6284791663426565
cell 5.360369393551543 24.230087252646115 0.0 2.23606797749979 0.4472135954999579 1 0 0 0.7695028005211608 0.6386434372872632 1.756124523464908
cell 42.0576930607614 26.382603026864206 0.0 2.23606797749979 0.4472135954999579 1 0 0 0.625044934370977 0.7805887713880985 1.350378192652956
cell 9.946988860699863 36.233810499396846 0.0 2.23606797749979 0.4472135954999579 1 0 0 0.8378968038548903 0.5458286783320931 1.986837064392889
cell 41.012392117880374 8.989506323829096 0.0 2.23606797749979 0.4472135954999579 1 0 0 0.6783760802686349 0.7347148383688481 1.4911002015209718
cell 39.349723960345884 10.193473826451887 0.0 2.23606797749979 0.4472135954999579 1 0 0 0.6925685202706281 0.7213520948400667 1.5300873943425197
cell 5.331833164923667 38.60443371241245 0.0 2.23606797749979 0.4472135954999579 1 0 0 -0.7823389998932904 -0.6228528632397592 1.796824623438626
cell 42.67848516593932 25.37957852269285 0.0 2.23606797749979 0.4472135954999579 1 0 0 0.6407792303376277 0.7677251969083192 1.3910256445069895
cell 28.965382661663938 19.664688538918533 0.0 2.23606797749979 0.4472135954999579 1 0 0 0.7274156988636734 0.6861970570081699 1.6290965453419082
cell 39.89719714205383 32.194739857100274 0.0 2.23606797749979 0.4472135954999579 1 0 0 0.5351172352050326 0.8447778078208031 1.1292930348287151
cell 0.06631521839139941 2.8711348165664754 0.0 2.23606797749979 0.4472135954999579 1 0 0 0.6754409563792868 0.7374140725843482 1.4831250303840844
cell 8.155644167911039 7.742283937491488 0.0 2.23606797749979 0.4472135954999579 1 0 0 -0.7965050958404566 -0.6046318154878926 1.8429855811122273
cell 0.9459557804187199 43.37193137506926 0.0 2.23606797749979 0.4472135954999579 1 0 0 0.7109747027143026 0.703217585175676 1.581766602632831
cell 17.28074826757514 17.62824169742776 0.0 2.23606797749979 0.4472135954999579 1 0 0 0.6473699490855467 -0.7621759304917577 4.874928018458652
cell 11.123530211143807 23.55589094059175 0.0 2.23606797749979 0.4472135954999579 1 0 0 0.796689442319328 0.6043888917716127 1.8435954845699127
cell 35.229581606341696 14.907077517979626 0.0 2.23606797749979 0.4472135954999579 1 0 0 0.7752638675268806 -0.6316375034046532 4.508919828206364
cell 38.9814290828221 22.961005299205926 0.0 2.23606797749979 0.4472135954999579 1 0 0 0.6001128904213325 0.7999153197371293 1.2872844585770826
cell 6.290601779327531 23.542332764283678 0.0 2.23606797749979 0.4472135954999579 1 0 0 0.7777032691201557 0.6286315496376416 1.782007948062301
cell 22.213340322169444 45.08662751978034 0.0 2.23606797749979 0.4472135954999579 1 0 0 0.7507020963428777 -0.6606408725975171 4.584936929904467
cell 7.049012549890168 1.0885373491677737 0.0 2.23606797749979 0.4472135954999579 1 0 0 0.7996685234779307 0.6004417145390768 1.8534859208580745
cell 31.489189421763285 32.03047810032385 0.0 2.23606797749979 0.4472135954999579 1 0 0 0.6887352058229855 -0.7250129766148808 4.7636991242409925
cell 10.948874807406034 32.304513856065405 0.0 2.23606797749979 0.4472135954999579 1 0 0 0.8483308679632251 0.5294664658510123 2.025649614431667
cell 40.36428827793022 18.441367368575207 0.0 2.23606797749979 0.4472135954999579 1 0 0 0.6480035646919463 0.761637302228909 1.4099205255436036
cell 3.4468106657853967 45.49039820354549 0.0 2.23606797749979 0.4472135954999579 1 0 0 0.7599539565763808 0.6499769102698221 1.7264845470579098
cell 12.325322615399035 42.07557116039681 0.0 2.23606797749979 0.4472135954999579 1 0 0 0.8443031693016546 0.5358658025169937 2.010526897919173
cell 5.72929864142421 16.160747876034776 0.0 2.23606797749979 0.4472135954999579 1 0 0 0.7624280208358504 0.6470730353247058 1.734114357358885
cell 28.282867383004827 39.54559509764206 0.0 2.23606797749979 0.4472135954999579 1 0 0 0.7172528827249759 0.696812960716656 1.5997037482094432
cell 44.22532714778261 34.119350194830275 0.0 2.23606797749979 0.4472135954999579 1 0 0 0.6280670015599957 0.7781592649011103 1.358133296960155
