step,msd_global,n_round,n_elongated
0,0.0,500,0
100,12.612244446559226,500,0
200,13.442861896780592,500,0
300,12.531953932399079,500,0
400,12.197164274172325,500,0
500,12.935424770773155,500,0
600,13.624756010021217,500,0
700,13.675377887265233,500,0
800,14.403364619078316,500,0
900,13.787110822142152,500,0
1000,14.418173470974324,500,0
1100,14.414361934227996,500,0
1200,14.962236679981386,500,0
1300,15.031115007116115,500,0
1400,15.023268904548535,500,0
1500,15.0046263408756,500,0
1600,14.355673939821973,500,0
1700,15.00775680298193,500,0
1800,15.564888027688966,500,0
1900,15.585235302596818,500,0
2000,15.573315309029603,500,0
2100,14.926770863303263,500,0
2200,14.379370141286914,500,0
2300,15.011168830466634,500,0
2400,14.952428258580627,500,0
2500,14.970158510552785,500,0
2600,14.967689674593196,500,0
2700,13.744775553569418,500,0
2800,14.31276518231558,500,0
2900,14.343243043525472,500,0
3000,14.348949191437905,500,0
3100,13.763242745366467,500,0
3200,13.760661901840571,500,0
3300,13.787048620280064,500,0
3400,13.228580260222676,500,0
3500,13.23866295213521,500,0
3600,13.253310364951075,500,0
3700,11.916289763021803,500,0
3800,12.589397886666898,500,0
3900,12.59271908478005,500,0
4000,12.595685209550478,500,0
4100,12.620622559551776,500,0
4200,12.630256401208893,500,0
4300,13.221937592424402,500,0
4400,12.625905854102271,500,0
4500,13.240118945697759,500,0
4600,13.234844241271595,500,0
4700,13.232958835567839,500,0
4800,13.232061668726214,500,0
4900,13.225440143033193,500,0
5000,13.236831107845907,500,0
5100,13.249350997161283,500,0
5200,13.233778538135788,500,0
5300,13.241275000406628,500,0
5400,13.245054740583775,500,0
5500,13.23040378203129,500,0
5600,13.234799407814608,500,0
5700,13.241458116041041,500,0
5800,13.255805533614014,500,0
5900,13.26006446371071,500,0
6000,13.270299014006989,500,0
6100,13.264510166836544,500,0
6200,13.27194455046065,500,0
6300,13.25273094897585,500,0
6400,13.258077816141434,500,0
6500,13.258473501981976,500,0
6600,13.262708367112738,500,0
6700,13.260952177273413,500,0
6800,13.26410716495123,500,0
6900,13.27233255269193,500,0
7000,13.261363517165899,500,0
7100,13.26053634785366,500,0
7200,13.259788935206634,500,0
7300,13.275837920227266,500,0
7400,13.261040912835782,500,0
7500,13.26739496374015,500,0
7600,13.258021226988182,500,0
7700,13.278251003117399,500,0
7800,12.723005555988548,500,0
7900,13.267820159697292,500,0
8000,13.265521457747319,500,0
8100,13.27856094194108,500,0
8200,13.267722354204434,500,0
8300,13.283012363265215,500,0
8400,12.633778731356573,500,0
8500,13.27358063339204,500,0
8600,13.282137776703111,500,0
8700,13.286666245844193,500,0
8800,13.274233618381851,500,0
8900,13.270871224643454,500,0
9000,13.27020282176573,500,0
9100,13.291331006245384,500,0
9200,13.288623074768651,500,0
9300,12.62906137827085,500,0
9400,12.615661459343675,500,0
9500,13.28836552998612,500,0
9600,13.282221241624827,500,0
9700,13.282218749769827,500,0
9800,13.2674636417823,500,0
9900,13.261832547691036,500,0
10000,13.257481057385306,500,0
10100,13.258847716791973,500,0
10200,13.255407738772071,500,0
10300,13.266823003073895,500,0
10400,13.256008981632752,500,0
10500,13.259838729725493,500,0
10600,13.254670392554246,500,0
10700,13.258634969014908,500,0
10800,13.253749031688848,500,0
10900,13.242593223154453,500,0
11000,13.24738971730072,500,0
11100,13.248222121161215,500,0
11200,13.2657400919969,500,0
11300,13.270232144805586,500,0
11400,13.270204461457002,500,0
11500,13.263919078288898,500,0
11600,13.247362358459085,500,0
11700,13.256845584223765,500,0
11800,13.262650103953714,500,0
11900,13.265731514861328,500,0
12000,13.258858873548615,500,0
12100,13.264059432217195,500,0
12200,13.272414571217478,500,0
12300,13.278266896420957,500,0
12400,13.259986204094231,500,0
12500,13.268624826527306,500,0
12600,13.254388824092901,500,0
12700,13.253655813472797,500,0
12800,13.263622459326657,500,0
12900,13.263688327524763,500,0
13000,13.268692050916322,500,0
13100,13.275718816717898,500,0
13200,13.280819465806955,500,0
13300,13.274149160616966,500,0
13400,13.266443197793237,500,0
13500,13.259578657343722,500,0
13600,13.283281318113819,500,0
13700,13.276140987222327,500,0
13800,13.258003497199217,500,0
13900,13.259835868962385,500,0
14000,13.255952296599347,500,0
14100,13.269623901846876,500,0
14200,13.266672872771258,500,0
14300,13.276812303615708,500,0
14400,13.298256990444985,500,0
14500,13.295568201940478,500,0
14600,13.285248877541138,500,0
14700,13.281422763323254,500,0
14800,13.279808260297054,500,0
14900,13.278501403559515,500,0
15000,13.284694539258968,500,0
15100,13.281049816763929,500,0
15200,13.287034429203034,500,0
15300,13.280886534708133,500,0
15400,13.278326475864532,500,0
15500,13.267425497642956,500,0
15600,13.281393201290728,500,0
15700,12.630017061572367,500,0
15800,12.626989800209278,500,0
15900,12.635025183618103,500,0
16000,12.629824934994671,500,0
16100,12.626822514616633,500,0
16200,13.272514188678608,500,0
16300,13.265992555498554,500,0
16400,13.277401870932422,500,0
16500,12.630267051415956,500,0
16600,12.62482283084024,500,0
16700,13.285189650914928,500,0
16800,12.637007144803835,500,0
16900,12.632784967744039,500,0
17000,12.643499913042033,500,0
17100,13.293376433012286,500,0
17200,12.62856256969244,500,0
17300,12.624782014747613,500,0
17400,13.281829682161998,500,0
17500,12.617100039596009,500,0
17600,13.272365356932774,500,0
17700,13.274558807961265,500,0
17800,13.285839417636883,500,0
17900,12.633240041967856,500,0
18000,13.282514702384786,500,0
18100,13.284934082250546,500,0
18200,13.268912811794682,500,0
18300,13.284057396944677,500,0
18400,13.283094547666071,500,0
18500,13.285717933779853,500,0
18600,13.286518434937006,500,0
18700,13.28471693115775,500,0
18800,13.295107714801997,500,0
18900,13.287663369140574,500,0
19000,13.283442607181811,500,0
19100,13.28537280598798,500,0
19200,13.279977716987966,500,0
19300,13.281870898413676,500,0
19400,13.275568491347945,500,0
19500,13.279435720776624,500,0
19600,13.26509522535418,500,0
19700,13.272348540961017,500,0
19800,13.279325692305544,500,0
19900,13.267835306240297,500,0
20000,13.262316600379254,500,0
20100,13.271828282862986,500,0
20200,13.269520256411448,500,0
20300,13.265685824840105,500,0
20400,13.286348725618945,500,0
20500,13.280178872153348,500,0
20600,13.273757172050647,500,0
20700,13.27949301437663,500,0
20800,13.271669336887342,500,0
20900,13.261248269446671,500,0
21000,13.271692535900867,500,0
21100,13.283254334407815,500,0
21200,13.277189706428238,500,0
21300,13.278300182926596,500,0
21400,13.281971067403648,500,0
21500,13.275525166618692,500,0
21600,13.272553576784809,500,0
21700,13.278000320285482,500,0
21800,13.272616139080604,500,0
21900,13.276924612738021,500,0
22000,13.290913279004608,500,0
22100,13.293457833995923,500,0
22200,13.291260836113535,500,0
22300,13.295792970874544,500,0
22400,13.279668729906284,500,0
22500,13.291827945820485,500,0
22600,13.286592842583017,500,0
22700,13.283849422909993,500,0
22800,13.288667455405811,500,0
22900,13.278008247829835,500,0
23000,13.268026843339022,500,0
23100,13.27971488862441,500,0
23200,13.287537738738331,500,0
23300,13.289355355566098,500,0
23400,13.267634227634145,500,0
23500,13.286313662055985,500,0
23600,13.292897720073682,500,0
23700,13.294071978012866,500,0
23800,13.298894723259323,500,0
23900,13.285478141516222,500,0
24000,13.28205182272726,500,0
24100,13.283243767204088,500,0
24200,13.288572640566446,500,0
24300,13.280987377039153,500,0
24400,13.296455533347219,500,0
24500,13.300906144648867,500,0
24600,13.291977314148985,500,0
24700,13.288085887950384,500,0
24800,13.309422557498827,500,0
24900,13.303293511738152,500,0
25000,13.29071111230801,500,0
25100,13.273373199897353,500,0
25200,13.291203570748806,500,0
25300,13.279286500246842,500,0
25400,13.279663410400827,500,0
25500,13.287833040477652,500,0
25600,13.282555394887568,500,0
25700,13.291201805549386,500,0
25800,13.286218973260471,500,0
25900,13.28379283278569,500,0
26000,13.300214910734212,500,0
26100,13.29330889862819,500,0
26200,13.283660597256581,500,0
26300,13.290027467295689,500,0
26400,13.278095059624258,500,0
26500,13.283974749203084,500,0
26600,13.284185565177872,500,0
26700,13.274711589033576,500,0
26800,13.293051685310848,500,0
26900,13.290696549422908,500,0
27000,13.300065513494811,500,0
27100,13.286845703533794,500,0
27200,13.29879450928545,500,0
27300,13.296008257199558,500,0
27400,13.295962743013293,500,0
27500,13.292835989356718,500,0
27600,13.31193319832352,500,0
27700,13.301397581498362,500,0
27800,13.325727420543528,500,0
27900,13.32363276877668,500,0
28000,13.317841321933786,500,0
28100,13.313928466109912,500,0
28200,13.310467643132698,500,0
28300,12.666833308321225,500,0
28400,13.207667773120452,500,0
28500,12.664559654448523,500,0
28600,12.651936640890472,500,0
28700,13.209908832005048,500,0
28800,12.666553378976774,500,0
28900,12.661285393896593,500,0
29000,12.655887725547425,500,0
29100,12.658817641383772,500,0
29200,12.661014320215736,500,0
29300,13.204767713978567,500,0
29400,13.203507830403847,500,0
29500,13.206416040043838,500,0
29600,12.645983468193338,500,0
29700,12.659948078299058,500,0
29800,12.657973867898349,500,0
29900,13.210502465217905,500,0
30000,13.210434057952448,500,0
30100,13.200676686280012,500,0
30200,13.198097949124744,500,0
30300,13.201075002545712,500,0
30400,13.227881516266832,500,0
30500,13.224146577197725,500,0
30600,13.229969868220262,500,0
30700,13.239193040756517,500,0
30800,12.682498470696297,500,0
30900,13.223851300474612,500,0
31000,13.241569931585149,500,0
31100,12.680053751898253,500,0
31200,13.233101439428703,500,0
31300,13.249514831903511,500,0
31400,12.723974117546522,500,0
31500,12.733879250876624,500,0
31600,13.263723344908623,500,0
31700,13.272184167684895,500,0
31800,13.293172435225861,500,0
31900,12.743665812832871,500,0
32000,12.754897364469171,500,0
32100,12.764359201134019,500,0
32200,12.753822414771209,500,0
32300,12.754098794588286,500,0
32400,13.40823166392625,500,0
32500,12.747140292879896,500,0
32600,12.755875829151789,500,0
32700,12.745907566365288,500,0
32800,12.76398699473281,500,0
32900,13.390010831470944,500,0
33000,13.396088089740582,500,0
33100,12.754562932277215,500,0
33200,13.395329286430005,500,0
33300,13.409639165093369,500,0
33400,12.762462951962014,500,0
33500,13.40519518836843,500,0
33600,13.418143349517406,500,0
33700,13.406711815826341,500,0
33800,13.398887537174655,500,0
33900,13.415516355811146,500,0
34000,13.42351400117773,500,0
34100,13.41698222828564,500,0
34200,13.414962892468314,500,0
34300,13.414382218110378,500,0
34400,13.892142423420667,500,0
34500,13.900676854318531,500,0
34600,13.904285321657634,500,0
34700,13.907592781112678,500,0
34800,14.516617683439703,500,0
34900,14.502374447948148,500,0
35000,14.520133082201545,500,0
35100,14.516492809299644,500,0
35200,14.537622257236238,500,0
35300,14.529456395609687,500,0
35400,13.935640771677464,500,0
35500,14.54328883649276,500,0
35600,14.562739516670467,500,0
35700,15.247879426112993,500,0
35800,15.239502716247218,500,0
35900,14.644600865542783,500,0
36000,15.242854482251209,500,0
36100,15.224217372964075,500,0
36200,15.24875449097369,500,0
36300,14.653696997956953,500,0
36400,15.263645747435975,500,0
36500,14.588873697603107,500,0
36600,15.280810617353055,500,0
36700,15.265727681080985,500,0
36800,14.576076606172489,500,0
36900,14.576887827276478,500,0
37000,14.56861731449217,500,0
37100,14.570705844097825,500,0
37200,14.03307483230907,500,0
37300,13.40400492515541,500,0
37400,13.978923525557512,500,0
37500,13.428324862110163,500,0
37600,14.046255493483718,500,0
37700,14.033606410844586,500,0
37800,14.036757126049464,500,0
37900,14.023546464064733,500,0
38000,14.672357573590066,500,0
38100,14.029314057736508,500,0
38200,13.40581509780867,500,0
38300,14.017661903158276,500,0
38400,14.003612488430102,500,0
38500,13.994025636247367,500,0
38600,13.39936898179652,500,0
38700,13.99014137314829,500,0
38800,13.999662507028983,500,0
38900,14.63872133292102,500,0
39000,14.011998530563272,500,0
39100,14.010615018605169,500,0
39200,14.011017429153691,500,0
39300,14.008796134841443,500,0
39400,14.545009205466082,500,0
39500,13.990457614783594,500,0
39600,14.00579203132117,500,0
39700,14.02045125771149,500,0
39800,14.018920837827896,500,0
39900,14.578289090158407,500,0
40000,13.403384018897086,500,0
40100,14.027636257392572,500,0
40200,14.583284855780615,500,0
40300,14.021203235832894,500,0
40400,14.007337563674612,500,0
40500,13.993429727163617,500,0
40600,14.012641266346545,500,0
40700,14.000778440497387,500,0
40800,14.010704328687968,500,0
40900,14.004084038986065,500,0
41000,14.004924934814127,500,0
41100,13.999099332589823,500,0
41200,13.997951045441576,500,0
41300,14.564855529336567,500,0
41400,14.007584814984586,500,0
41500,13.995242586308532,500,0
41600,14.012707921338388,500,0
41700,14.564548736007858,500,0
41800,14.016748592854585,500,0
41900,14.568211547293567,500,0
42000,14.010088465869401,500,0
42100,14.018293722730789,500,0
42200,14.010004555975465,500,0
42300,14.015950267704454,500,0
42400,14.011970027588488,500,0
42500,14.027898416708412,500,0
42600,14.000204660204385,500,0
42700,14.012271857885365,500,0
42800,14.018923465240555,500,0
42900,14.031266381909077,500,0
43000,14.582043413755475,500,0
43100,14.01480239409369,500,0
43200,14.017618866390057,500,0
43300,13.412414249082206,500,0
43400,14.014413263442224,500,0
43500,14.023957363160482,500,0
43600,14.021895547767876,500,0
43700,14.023399776910209,500,0
43800,14.033260281785571,500,0
43900,14.591886946065816,500,0
44000,14.026646740945386,500,0
44100,14.575814387602273,500,0
44200,14.023056410701576,500,0
44300,13.96149900562067,500,0
44400,14.568576157552899,500,0
44500,14.575793139582416,500,0
44600,14.56456896948814,500,0
44700,13.405171657074785,500,0
44800,14.560575693125129,500,0
44900,14.548045892339424,500,0
45000,13.993253769887502,500,0
45100,13.991729563898899,500,0
45200,13.981064710550525,500,0
45300,14.006556967999357,500,0
45400,13.994073567430359,500,0
45500,14.010084463633593,500,0
45600,14.5610873742255,500,0
45700,14.01045947579232,500,0
45800,14.57019838043373,500,0
45900,13.998922168803947,500,0
46000,14.00176983651332,500,0
46100,14.002348357820662,500,0
46200,14.00256573136742,500,0
46300,14.553004257160412,500,0
46400,14.54593764915753,500,0
46500,14.600324412018795,500,0
46600,15.181198315136518,500,0
46700,14.562902837133457,500,0
46800,15.134026826575274,500,0
46900,15.110080736120713,500,0
47000,13.98531027462838,500,0
47100,15.140814190836002,500,0
47200,15.12062081297595,500,0
47300,15.109171927364805,500,0
47400,15.11962083997257,500,0
47500,15.129244888994823,500,0
47600,15.11501721583802,500,0
47700,14.569270266646454,500,0
47800,14.550958003538286,500,0
47900,13.977463227072217,500,0
48000,13.9941917213285,500,0
48100,14.564881568831098,500,0
48200,14.56160131311808,500,0
48300,15.13557866605238,500,0
48400,13.983343642195692,500,0
48500,13.990901493197711,500,0
48600,15.132454047485604,500,0
48700,14.555757945098488,500,0
48800,14.55720841806483,500,0
48900,14.573610478341719,500,0
49000,14.581850993484702,500,0
49100,14.586075664389941,500,0
49200,14.589334990227563,500,0
49300,14.585768672336279,500,0
49400,14.601298183797303,500,0
49500,14.597928051765402,500,0
49600,14.59991259597905,500,0
49700,14.601394264831688,500,0
49800,14.598280615551273,500,0
49900,15.23686168736795,500,0
50000,14.602030453310993,500,0
