step,msd_global,msd_round,msd_elongated,n_round,n_elongated
0,0.0,0.0,,500,0
100,12.644302862606736,12.644302862606736,,500,0
200,13.543152245867667,13.543152245867667,,500,0
300,15.617499124430505,15.617499124430505,,500,0
400,16.274110894636557,16.274110894636557,,500,0
500,18.300995303543992,18.300995303543992,,500,0
600,17.671396474118758,17.671396474118758,,500,0
700,18.398071906451143,18.398071906451143,,500,0
800,19.073675298835607,19.073675298835607,,500,0
900,17.794681263681422,17.794681263681422,,500,0
1000,18.456618621531938,18.456618621531938,,500,0
1100,17.20493129179062,17.20493129179062,,500,0
1200,17.22304816364975,17.22304816364975,,500,0
1300,17.88533699158666,17.88533699158666,,500,0
1400,17.961075637086687,17.961075637086687,,500,0
1500,19.24912721886095,19.24912721886095,,500,0
1600,18.683834154018438,18.683834154018438,,500,0
1700,19.3521659022596,19.3521659022596,,500,0
1800,20.056963348906823,20.056963348906823,,500,0
1900,20.09679323696476,20.09679323696476,,500,0
2000,20.12003704500832,20.12003704500832,,500,0
2100,19.449505937897133,19.449505937897133,,500,0
2200,18.832411322525207,18.832411322525207,,500,0
2300,18.87034068123206,18.87034068123206,,500,0
2400,18.88533415807155,18.88533415807155,,500,0
2500,18.89856909307137,18.89856909307137,,500,0
2600,18.20974206415926,18.20974206415926,,500,0
2700,18.209590696703067,18.209590696703067,,500,0
2800,18.2141870570022,18.2141870570022,,500,0
2900,18.22141156461914,18.22141156461914,,500,0
3000,18.240795461878324,18.240795461878324,,500,0
3100,18.23830013398648,18.23830013398648,,500,0
3200,18.246590470642325,18.246590470642325,,500,0
3300,18.262204952525497,18.262204952525497,,500,0
3400,18.254285501552744,18.254285501552744,,500,0
3500,18.26859955222612,18.26859955222612,,500,0
3600,18.290398648784844,18.290398648784844,,500,0
3700,18.289030823164396,18.289030823164396,,500,0
3800,17.637184390222796,17.637184390222796,,500,0
3900,17.64310337686672,17.64310337686672,,500,0
4000,17.65762298966002,17.65762298966002,,500,0
4100,17.64594546377218,17.64594546377218,,500,0
4200,17.634388038632792,17.634388038632792,,500,0
4300,16.981054681385764,16.981054681385764,,500,0
4400,17.63402670705122,17.63402670705122,,500,0
4500,16.962133679485348,16.962133679485348,,500,0
4600,17.614774090235702,17.614774090235702,,500,0
4700,18.286280327370463,18.286280327370463,,500,0
4800,18.27414023658742,18.27414023658742,,500,0
4900,17.598130299209306,17.598130299209306,,500,0
5000,18.267079540527767,18.267079540527767,,500,0
5100,17.597743647867144,17.597743647867144,,500,0
5200,18.270715962651085,18.270715962651085,,500,0
5300,17.60099199494111,17.60099199494111,,500,0
5400,17.604689502902996,17.604689502902996,,500,0
5500,18.274226985378323,18.274226985378323,,500,0
5600,17.597201907118283,17.597201907118283,,500,0
5700,18.28549973973789,18.28549973973789,,500,0
5800,17.599707404290605,17.599707404290605,,500,0
5900,17.625362035471795,17.625362035471795,,500,0
6000,17.604444660144857,17.604444660144857,,500,0
6100,17.59557290209295,17.59557290209295,,500,0
6200,18.278736081941204,18.278736081941204,,500,0
6300,17.610141023491483,17.610141023491483,,500,0
6400,16.955460767346814,16.955460767346814,,500,0
6500,17.603953806845208,17.603953806845208,,500,0
6600,16.933582398291694,16.933582398291694,,500,0
6700,16.92724785150937,16.92724785150937,,500,0
6800,16.93833304818633,16.93833304818633,,500,0
6900,16.946115924935906,16.946115924935906,,500,0
7000,16.935955297099493,16.935955297099493,,500,0
7100,16.94114053724782,16.94114053724782,,500,0
7200,16.935095206916724,16.935095206916724,,500,0
7300,16.95330018188305,16.95330018188305,,500,0
7400,16.948467830367836,16.948467830367836,,500,0
7500,16.952333088471214,16.952333088471214,,500,0
7600,17.615267111934013,17.615267111934013,,500,0
7700,17.623142903499602,17.623142903499602,,500,0
7800,16.938635318787163,16.938635318787163,,500,0
7900,17.61799346542923,17.61799346542923,,500,0
8000,16.935384666416095,16.935384666416095,,500,0
8100,16.9457702113512,16.9457702113512,,500,0
8200,16.94058394034294,16.94058394034294,,500,0
8300,17.59679717491656,17.59679717491656,,500,0
8400,16.937548602621327,16.937548602621327,,500,0
8500,16.925543175148267,16.925543175148267,,500,0
8600,16.941975381193725,16.941975381193725,,500,0
8700,16.941341702361274,16.941341702361274,,500,0
8800,17.61714757429193,17.61714757429193,,500,0
8900,17.604954274680075,17.604954274680075,,500,0
9000,16.93185038332713,16.93185038332713,,500,0
9100,17.601979604335757,17.601979604335757,,500,0
9200,17.618172280700943,17.618172280700943,,500,0
9300,17.606296659537257,17.606296659537257,,500,0
9400,17.614661149974904,17.614661149974904,,500,0
9500,17.624953292732627,17.624953292732627,,500,0
9600,16.942394183731725,16.942394183731725,,500,0
9700,17.596989410028918,17.596989410028918,,500,0
9800,16.930717352941464,16.930717352941464,,500,0
9900,17.580088618748523,17.580088618748523,,500,0
10000,16.92661248497684,16.92661248497684,,500,0
10100,17.580949807442316,17.580949807442316,,500,0
10200,17.590060399730394,17.590060399730394,,500,0
10300,16.924262134151217,16.924262134151217,,500,0
10400,17.588229565139788,17.588229565139788,,500,0
10500,17.580845872723653,17.580845872723653,,500,0
10600,16.91676574170851,16.91676574170851,,500,0
10700,16.923823184845826,16.923823184845826,,500,0
10800,17.60672781583013,17.60672781583013,,500,0
10900,17.608473586870844,17.608473586870844,,500,0
11000,17.591436205772933,17.591436205772933,,500,0
11100,17.599153311338007,17.599153311338007,,500,0
11200,17.605086750190168,17.605086750190168,,500,0
11300,17.602948781735844,17.602948781735844,,500,0
11400,17.5955323578159,17.5955323578159,,500,0
11500,17.584935945658362,17.584935945658362,,500,0
11600,17.6121303488552,17.6121303488552,,500,0
11700,17.60592472775017,17.60592472775017,,500,0
11800,17.613347045132752,17.613347045132752,,500,0
11900,17.604835845605034,17.604835845605034,,500,0
12000,18.268895647899043,18.268895647899043,,500,0
12100,17.595263271036448,17.595263271036448,,500,0
12200,18.274409353721115,18.274409353721115,,500,0
12300,18.267926031555906,18.267926031555906,,500,0
12400,17.597995667911235,17.597995667911235,,500,0
12500,18.266732695572884,18.266732695572884,,500,0
12600,17.607592068371268,17.607592068371268,,500,0
12700,18.269456626815604,18.269456626815604,,500,0
12800,16.929140469732673,16.929140469732673,,500,0
12900,17.60354949511166,17.60354949511166,,500,0
13000,16.918466306819937,16.918466306819937,,500,0
13100,17.58940983084484,17.58940983084484,,500,0
13200,17.59693076792946,17.59693076792946,,500,0
13300,17.606186908528397,17.606186908528397,,500,0
13400,18.279292643348388,18.279292643348388,,500,0
13500,17.615024962011034,17.615024962011034,,500,0
13600,17.613572672620784,17.613572672620784,,500,0
13700,18.28489159090617,18.28489159090617,,500,0
13800,18.275290756994895,18.275290756994895,,500,0
13900,18.279827293528747,18.279827293528747,,500,0
14000,17.61225129669565,17.61225129669565,,500,0
14100,17.615155275993985,17.615155275993985,,500,0
14200,17.612614416916497,17.612614416916497,,500,0
14300,17.605731891664675,17.605731891664675,,500,0
14400,17.606354940921328,17.606354940921328,,500,0
14500,17.61085799142176,17.61085799142176,,500,0
14600,17.592295612917397,17.592295612917397,,500,0
14700,17.60197479289572,17.60197479289572,,500,0
14800,17.60320205349792,17.60320205349792,,500,0
14900,17.599050488762163,17.599050488762163,,500,0
15000,17.60169218273188,17.60169218273188,,500,0
15100,17.60339939544289,17.60339939544289,,500,0
15200,17.600285139255863,17.600285139255863,,500,0
15300,17.598944392543675,17.598944392543675,,500,0
15400,17.603126556001634,17.603126556001634,,500,0
15500,17.60033770145194,17.60033770145194,,500,0
15600,16.904701326338774,16.904701326338774,,500,0
15700,17.591633284803137,17.591633284803137,,500,0
15800,17.58765953970538,17.58765953970538,,500,0
15900,17.590904448113644,17.590904448113644,,500,0
16000,18.27443654296198,18.27443654296198,,500,0
16100,16.920008258727872,16.920008258727872,,500,0
16200,16.93822900099816,16.93822900099816,,500,0
16300,16.924699286552574,16.924699286552574,,500,0
16400,16.926440274648186,16.926440274648186,,500,0
16500,17.59842458935155,17.59842458935155,,500,0
16600,17.588968559268594,17.588968559268594,,500,0
16700,18.26347950423921,18.26347950423921,,500,0
16800,18.256329020504495,18.256329020504495,,500,0
16900,17.588466364630882,17.588466364630882,,500,0
17000,18.259665476127356,18.259665476127356,,500,0
17100,18.270405998822252,18.270405998822252,,500,0
17200,18.26611286764051,18.26611286764051,,500,0
17300,17.603349857386508,17.603349857386508,,500,0
17400,18.281673339283145,18.281673339283145,,500,0
17500,18.2612091055246,18.2612091055246,,500,0
17600,18.264045649104737,18.264045649104737,,500,0
17700,17.5934176335951,17.5934176335951,,500,0
17800,17.601706338828293,17.601706338828293,,500,0
17900,17.595490801667147,17.595490801667147,,500,0
18000,16.937043397937952,16.937043397937952,,500,0
18100,17.598899295991586,17.598899295991586,,500,0
18200,16.923171334623696,16.923171334623696,,500,0
18300,17.577288161679412,17.577288161679412,,500,0
18400,17.590358619822194,17.590358619822194,,500,0
18500,17.591687401591685,17.591687401591685,,500,0
18600,17.603184268506364,17.603184268506364,,500,0
18700,17.586029548845275,17.586029548845275,,500,0
18800,17.596007277037103,17.596007277037103,,500,0
18900,17.598218063639997,17.598218063639997,,500,0
19000,17.59862509475221,17.59862509475221,,500,0
19100,17.579327178781732,17.579327178781732,,500,0
19200,17.589725090211033,17.589725090211033,,500,0
19300,17.594906362859795,17.594906362859795,,500,0
19400,17.582967297980446,17.582967297980446,,500,0
19500,16.938058619730548,16.938058619730548,,500,0
19600,17.59594154698198,17.59594154698198,,500,0
19700,16.92138867426788,16.92138867426788,,500,0
19800,16.91957182556794,16.91957182556794,,500,0
19900,17.593440775976344,17.593440775976344,,500,0
20000,17.592895080094415,17.592895080094415,,500,0
20100,17.606456657796823,17.606456657796823,,500,0
20200,17.601273217612622,17.601273217612622,,500,0
20300,16.919898430818467,16.919898430818467,,500,0
20400,16.918662758745608,16.918662758745608,,500,0
20500,17.599626414796266,17.599626414796266,,500,0
20600,17.576976681350963,17.576976681350963,,500,0
20700,17.59280086252089,17.59280086252089,,500,0
20800,16.92601629939686,16.92601629939686,,500,0
20900,17.591942736483176,17.591942736483176,,500,0
21000,16.91218118708335,16.91218118708335,,500,0
21100,16.92205416190188,16.92205416190188,,500,0
21200,17.593524473967967,17.593524473967967,,500,0
21300,17.59321204340335,17.59321204340335,,500,0
21400,16.933243672771372,16.933243672771372,,500,0
21500,17.59632684109592,17.59632684109592,,500,0
21600,16.914480881073885,16.914480881073885,,500,0
21700,16.9193161541054,16.9193161541054,,500,0
21800,16.903960112946827,16.903960112946827,,500,0
21900,16.902892112810385,16.902892112810385,,500,0
22000,16.90438753010338,16.90438753010338,,500,0
22100,16.903881898418803,16.903881898418803,,500,0
22200,16.891724827803593,16.891724827803593,,500,0
22300,16.89856982817196,16.89856982817196,,500,0
22400,17.565064770898907,17.565064770898907,,500,0
22500,16.8869825089768,16.8869825089768,,500,0
22600,16.906658312569053,16.906658312569053,,500,0
22700,16.908372683180843,16.908372683180843,,500,0
22800,16.90611596094491,16.90611596094491,,500,0
22900,16.89380061829902,16.89380061829902,,500,0
23000,17.51200418690792,17.51200418690792,,500,0
23100,17.57903379469704,17.57903379469704,,500,0
23200,16.90581926546991,16.90581926546991,,500,0
23300,16.903967099657255,16.903967099657255,,500,0
23400,16.919052722039712,16.919052722039712,,500,0
23500,16.9152961548158,16.9152961548158,,500,0
23600,16.903546136528572,16.903546136528572,,500,0
23700,16.90450451409483,16.90450451409483,,500,0
23800,16.888897585799057,16.888897585799057,,500,0
23900,17.51915307936945,17.51915307936945,,500,0
24000,16.904122631937497,16.904122631937497,,500,0
24100,16.893398643738365,16.893398643738365,,500,0
24200,16.90205381581031,16.90205381581031,,500,0
24300,16.89803184119115,16.89803184119115,,500,0
24400,16.888828917360247,16.888828917360247,,500,0
24500,16.892148773863614,16.892148773863614,,500,0
24600,16.8952959145551,16.8952959145551,,500,0
24700,16.89797011226713,16.89797011226713,,500,0
24800,16.89187957609504,16.89187957609504,,500,0
24900,16.90569829801698,16.90569829801698,,500,0
25000,16.9018813260796,16.9018813260796,,500,0
25100,16.898715026197447,16.898715026197447,,500,0
25200,16.89528476044487,16.89528476044487,,500,0
25300,16.886991929939995,16.886991929939995,,500,0
25400,16.87969785990493,16.87969785990493,,500,0
25500,16.881850056358687,16.881850056358687,,500,0
25600,16.88673590068122,16.88673590068122,,500,0
25700,16.900847313671676,16.900847313671676,,500,0
25800,16.871349562252814,16.871349562252814,,500,0
25900,16.898302432363458,16.898302432363458,,500,0
26000,17.520560945115545,17.520560945115545,,500,0
26100,16.883337017427664,16.883337017427664,,500,0
26200,16.893105079567523,16.893105079567523,,500,0
26300,16.894644305345793,16.894644305345793,,500,0
26400,17.520027924484356,17.520027924484356,,500,0
26500,16.894462685607717,16.894462685607717,,500,0
26600,16.900601000104754,16.900601000104754,,500,0
26700,16.884896072218684,16.884896072218684,,500,0
26800,17.490569840717093,17.490569840717093,,500,0
26900,16.895358055557313,16.895358055557313,,500,0
27000,16.875715279085703,16.875715279085703,,500,0
27100,16.880735867328585,16.880735867328585,,500,0
27200,16.883424128698767,16.883424128698767,,500,0
27300,17.497652429835455,17.497652429835455,,500,0
27400,16.883547498134483,16.883547498134483,,500,0
27500,16.87606946957556,16.87606946957556,,500,0
27600,16.907616334579274,16.907616334579274,,500,0
27700,16.887708679763094,16.887708679763094,,500,0
27800,16.886870146472074,16.886870146472074,,500,0
27900,16.899789973950938,16.899789973950938,,500,0
28000,16.90002831962266,16.90002831962266,,500,0
28100,16.891301820865593,16.891301820865593,,500,0
28200,16.890674821746043,16.890674821746043,,500,0
28300,16.883607411319257,16.883607411319257,,500,0
28400,16.901983586948297,16.901983586948297,,500,0
28500,16.903174509467835,16.903174509467835,,500,0
28600,16.91342729395591,16.91342729395591,,500,0
28700,16.907001387704266,16.907001387704266,,500,0
28800,16.91434819639947,16.91434819639947,,500,0
28900,16.904901715208947,16.904901715208947,,500,0
29000,16.91162351176054,16.91162351176054,,500,0
29100,16.892335212628105,16.892335212628105,,500,0
29200,16.889237440274854,16.889237440274854,,500,0
29300,16.88922235790381,16.88922235790381,,500,0
29400,16.898508745278225,16.898508745278225,,500,0
29500,17.508987891973224,17.508987891973224,,500,0
29600,16.895866930773774,16.895866930773774,,500,0
29700,16.89938167391139,16.89938167391139,,500,0
29800,16.896148933591505,16.896148933591505,,500,0
29900,18.171326405737805,18.171326405737805,,500,0
30000,16.892690476379936,16.892690476379936,,500,0
