step,msd_global,n_round,n_elongated
0,0.0,500,0
100,11.507242266857585,500,0
200,14.23752441427984,484,16
300,14.473727001132803,468,32
400,17.199148906209935,453,47
500,26.621099084633283,433,67
600,33.05027236983254,416,84
700,41.638204059730334,394,106
800,54.992231576612014,377,123
900,68.83569847302832,362,138
1000,86.35358860600498,357,143
1100,100.70680404154783,350,150
1200,118.6170920023015,342,158
1300,130.63096007018171,344,156
1400,146.99246687607672,339,161
1500,165.3131840805554,331,169
1600,179.5424604382874,333,167
1700,203.29485945868043,326,174
1800,218.52730615674048,319,181
1900,241.4415478671163,308,192
2000,261.83058799217497,311,189
2100,282.99694160374213,298,202
2200,295.0213596895293,283,217
2300,305.6443154914361,287,213
2400,323.53065470095527,285,215
2500,359.35714001966863,286,214
2600,397.87549277441866,282,218
2700,443.6425655412056,280,220
2800,499.12949773323896,277,223
2900,561.0585157311117,279,221
3000,632.372996164758,275,225
3100,693.0677069428293,276,224
3200,732.7436814850741,288,212
3300,770.7509380600711,282,218
3400,783.5857254006967,276,224
3500,794.6849841565595,286,214
3600,797.5161963024987,273,227
3700,808.1656977253011,271,229
3800,825.7945836114865,272,228
3900,860.7229214176066,270,230
4000,889.2085092164991,285,215
4100,911.3050892846596,283,217
4200,944.9542544496092,282,218
4300,988.0038242886153,282,218
4400,1028.1384597793274,265,235
4500,1041.8890373746426,260,240
4600,1079.2117979690115,256,244
4700,1096.2465076923409,251,249
4800,1122.7274179622186,252,248
4900,1145.976895428382,248,252
5000,1186.9625287764334,244,256
5100,1251.0555984723396,235,265
5200,1335.841118199454,232,268
5300,1404.670806134216,229,271
5400,1472.4507733970167,225,275
5500,1553.8667416558503,221,279
5600,1622.273531828556,214,286
5700,1707.0475346763035,203,297
5800,1804.6049509414474,197,303
5900,1877.1525992699405,185,315
6000,1962.2747702875406,186,314
6100,2014.3576993630609,180,320
6200,2092.9502649400565,182,318
6300,2175.2398124905717,176,324
6400,2292.011043084075,165,335
6500,2433.0800766982547,156,344
6600,2565.139008771994,147,353
6700,2651.4127596632334,151,349
6800,2777.5347496384834,140,360
6900,2927.67253529083,129,371
7000,3035.451706238883,115,385
7100,3154.887797346024,107,393
7200,3292.8493392711493,97,403
7300,3448.6842130761975,91,409
7400,3608.6209584259877,97,403
7500,3781.8879933436233,103,397
7600,3975.5248320396454,92,408
7700,4192.618484078932,94,406
7800,4413.9571330863055,91,409
7900,4617.953915115133,86,414
8000,4845.648842371255,86,414
8100,5078.831038412701,86,414
8200,5326.119300555324,84,416
8300,5557.679351325884,86,414
8400,5862.442172938487,79,421
8500,6116.230867610775,79,421
8600,6432.607005785929,73,427
8700,6756.334830620026,73,427
8800,7077.710835134171,73,427
8900,7423.432288092107,66,434
9000,7759.213629113011,65,435
9100,8062.004526247651,62,438
9200,8421.212367206439,64,436
9300,8824.944959707584,63,437
9400,9163.401422784222,61,439
9500,9537.867867462084,62,438
9600,9943.888440094004,59,441
9700,10393.274803300203,56,444
9800,10814.748168054797,55,445
9900,11261.223039381975,56,444
10000,11716.23979770625,52,448
10100,12181.11505151455,53,447
10200,12673.747108262554,53,447
10300,13167.345096889294,54,446
10400,13678.271835792128,54,446
10500,14118.597428037432,60,440
10600,14636.974629157643,70,430
10700,15158.432289806951,75,425
10800,15699.458270585872,75,425
10900,16159.88208633515,73,427
11000,16758.429537590597,69,431
11100,17344.598881941918,63,437
11200,17904.23197489521,57,443
11300,18554.19522880669,51,449
11400,19203.429607309663,48,452
11500,19786.73837336317,48,452
11600,20372.92815431773,45,455
11700,20954.899984091902,46,454
11800,21618.12669208131,43,457
11900,22224.53672710472,41,459
12000,22923.072538206765,40,460
12100,23592.6921130193,38,462
12200,24280.5835115299,36,464
12300,24989.016280314052,35,465
12400,25648.829696594068,33,467
12500,26318.8621095012,33,467
12600,27014.471244149714,33,467
12700,27771.440782003618,33,467
12800,28504.126779283066,33,467
12900,29302.257391460113,33,467
13000,30125.749999106818,33,467
13100,30888.951766663817,33,467
13200,31706.34692189231,33,467
13300,32447.95357550972,36,464
13400,33224.23478221628,40,460
13500,34045.24663115121,45,455
13600,34831.678529624216,47,453
13700,35645.55403120372,47,453
13800,36497.30849483773,45,455
13900,37464.364619084416,44,456
14000,38392.21035681294,41,459
14100,39348.276093094675,37,463
14200,40200.16824168195,37,463
14300,41147.256011220874,37,463
14400,41950.65608057141,37,463
14500,42982.06356273781,39,461
14600,43835.67253503993,41,459
14700,44723.433989099176,43,457
14800,45619.27512495975,48,452
14900,46597.80933121998,46,454
15000,47418.31866923708,46,454
15100,48436.367073523434,43,457
15200,49434.198128085765,43,457
15300,50521.131232183,41,459
15400,51657.27868278114,39,461
15500,52755.67101649894,34,466
15600,53612.19431804927,31,469
15700,54469.34145298586,30,470
15800,55451.34511175573,30,470
15900,56501.92539242727,30,470
16000,57670.90670873401,29,471
16100,58860.720639792504,29,471
16200,60067.99292474419,28,472
16300,61084.48478635789,25,475
16400,62101.835072914364,23,477
16500,63190.93891514374,21,479
16600,64319.46144971455,18,482
16700,65483.77834823002,14,486
16800,66692.79902731469,8,492
16900,67967.25285860956,3,497
17000,69024.2419672738,2,498
17100,70187.11163147775,2,498
17200,71422.9388886984,2,498
17300,72816.45825879877,2,498
17400,74155.6298607682,2,498
17500,75438.01608803273,2,498
17600,76542.40944174811,2,498
17700,77676.831100704,2,498
17800,79005.56228246875,2,498
17900,80433.41266426623,2,498
18000,82054.5154088085,2,498
18100,83427.14664599908,2,498
18200,84747.5465791874,2,498
18300,86058.23353268285,2,498
18400,87318.68871302424,2,498
18500,88735.4419322394,2,498
18600,90251.34859989115,1,499
18700,91689.94709840658,0,500
18800,93146.56253326181,0,500
18900,94672.04925702902,0,500
19000,96238.1755523238,0,500
19100,97712.14222267145,0,500
19200,99360.90793294966,0,500
19300,100966.69627806146,0,500
19400,102477.09893838552,0,500
19500,103995.61509026181,0,500
19600,105290.30964789275,0,500
19700,107001.78801312252,0,500
19800,108713.95252352054,0,500
19900,110597.62754528187,0,500
20000,112164.34538850546,0,500
20100,113631.01181002983,0,500
20200,115331.7321006178,0,500
20300,117088.56992219477,0,500
20400,118806.8851165246,0,500
20500,120560.71229654428,0,500
20600,122094.74795507913,0,500
20700,123929.0538552146,0,500
20800,125802.52046235908,0,500
20900,127579.36881136784,0,500
21000,129405.07735137209,0,500
21100,131337.5883173004,0,500
21200,133199.85752263258,0,500
21300,134750.2993963659,0,500
21400,136717.071661246,0,500
21500,138461.84901886663,0,500
21600,140397.13397816796,0,500
21700,142468.54064876653,0,500
21800,144435.126538348,0,500
21900,146275.752660533,0,500
22000,148114.9424711701,0,500
22100,150082.83053619703,0,500
22200,152214.25102022922,1,499
22300,154353.9592956657,1,499
22400,156182.76683529222,0,500
22500,157928.28662064893,0,500
22600,159942.05197748984,0,500
22700,162112.23087167458,0,500
22800,164384.69318607985,0,500
22900,166324.7582961162,0,500
23000,168342.1263677795,0,500
23100,170404.2460786931,0,500
23200,172502.08186300553,0,500
23300,174694.53539534748,0,500
23400,176663.92515843015,0,500
23500,178862.05602609657,0,500
23600,181108.18118965215,0,500
23700,183290.919542969,0,500
23800,185331.92088994134,0,500
23900,187566.2357862978,0,500
24000,190006.2196064281,0,500
24100,192243.56674164903,0,500
24200,194534.00474331516,0,500
24300,196659.10619733267,0,500
24400,198934.58651679754,0,500
24500,201172.19832755305,0,500
24600,203647.32180350748,0,500
24700,206204.10331670105,0,500
24800,208223.47497772277,0,500
24900,210419.1512284753,0,500
25000,213066.0361739731,0,500
25100,215490.6476064908,0,500
25200,217983.64644075697,0,500
25300,220193.4079618065,0,500
25400,222481.5106438606,0,500
25500,224959.8365748651,0,500
25600,227493.31869123736,0,500
25700,230031.74398843932,0,500
25800,232672.52362642574,0,500
25900,235407.55576691622,0,500
26000,237611.64266733185,0,500
26100,240103.92729118632,0,500
26200,242795.42455587792,0,500
26300,245450.89912819158,0,500
26400,247821.82600610537,0,500
26500,250732.1849542799,0,500
26600,253429.93118816565,0,500
26700,255549.59348083936,0,500
26800,258179.8371717384,0,500
26900,261110.39121402215,0,500
27000,264005.35733093397,0,500
27100,266781.7380815911,0,500
27200,269185.1283053071,0,500
27300,271628.4733633525,0,500
27400,274413.4585416993,0,500
27500,277316.8000906663,0,500
27600,280268.27105392626,0,500
27700,283226.58367264224,0,500
27800,285919.46294544777,0,500
27900,288470.7781488891,0,500
28000,291291.75205125357,0,500
28100,294153.3529495553,0,500
28200,297129.9401531334,0,500
28300,299987.72291125153,0,500
28400,303077.703193859,0,500
28500,305831.86047354696,0,500
28600,308518.8951816782,0,500
28700,311666.99710127845,0,500
28800,314839.38922335446,0,500
28900,317884.01827145444,0,500
29000,320490.25291232386,0,500
29100,323477.6942968993,0,500
29200,326454.5585075414,0,500
29300,329316.80653440894,0,500
29400,332570.4499630964,0,500
29500,335837.4856899152,0,500
29600,338654.65145377774,0,500
29700,341719.4461118624,0,500
29800,344814.830375856,0,500
29900,348074.50530845346,0,500
30000,351195.6223510556,0,500
30100,354053.72794974974,0,500
30200,357334.2557400746,0,500
30300,360324.962608613,0,500
30400,363603.0902514628,0,500
30500,366950.3289136883,0,500
30600,370376.1311160332,0,500
30700,373664.88445226016,0,500
30800,376557.7342738191,0,500
30900,379928.65719592257,0,500
31000,383249.54505099927,0,500
31100,386297.1181679624,0,500
31200,389624.0029633345,0,500
31300,393263.32695564063,0,500
31400,396531.10102179996,0,500
31500,399795.5323673377,0,500
31600,403282.93572718353,0,500
31700,406600.09934141056,0,500
31800,410042.5835506054,0,500
31900,413410.39016686584,0,500
32000,416887.0885966943,0,500
32100,419932.5677449441,0,500
32200,423480.36304661765,0,500
32300,427119.0631257289,0,500
32400,430787.2458802445,0,500
32500,434430.8994404639,0,500
32600,437765.289396333,0,500
32700,441253.62960398814,0,500
32800,444849.99391111505,0,500
32900,448142.22303027567,0,500
33000,451655.18544302793,0,500
33100,455470.6450492513,0,500
33200,459308.22392790543,0,500
33300,462845.92490937765,0,500
33400,466480.27903102053,0,500
33500,470192.1995439724,0,500
33600,473909.27259112603,0,500
33700,477726.54748471116,0,500
33800,481126.37290362525,0,500
33900,484769.5658026189,0,500
34000,488506.14478191413,0,500
34100,492232.47801707254,0,500
34200,496042.95385149145,0,500
34300,499860.85190358467,0,500
34400,503546.08760745265,0,500
34500,507114.20051294984,0,500
34600,511338.2673130902,0,500
34700,515168.05409399176,0,500
34800,518933.58459161763,0,500
34900,522775.9546551572,0,500
35000,526786.7962126222,0,500
35100,530408.8191282778,0,500
35200,534501.3099527443,0,500
35300,538579.9346064534,0,500
35400,542561.4823856957,0,500
35500,546380.1108029744,0,500
35600,550098.3768478816,0,500
35700,554171.9509216154,0,500
35800,558168.0144508582,0,500
35900,562115.0001358374,0,500
36000,566022.4604372194,0,500
36100,570245.249142562,1,499
36200,574561.5387494923,1,499
36300,578270.0693757008,0,500
36400,582438.918161845,0,500
36500,586942.2839330056,0,500
36600,590957.3600961806,0,500
36700,594942.2066700076,0,500
36800,599253.4492326293,0,500
36900,603256.6017100851,0,500
37000,606987.772219675,0,500
37100,611474.1106682293,0,500
37200,615581.7799006756,0,500
37300,619987.2868096932,0,500
37400,624414.6549637992,0,500
37500,628594.5327643804,0,500
37600,633002.7921817297,0,500
37700,637009.6929288647,0,500
37800,640961.8497402305,0,500
37900,645377.8145134645,0,500
38000,649870.5486424709,0,500
38100,654312.1033966952,0,500
38200,658503.4737886097,0,500
38300,662973.8264019769,0,500
38400,667444.7280795631,0,500
38500,671866.2524723244,0,500
38600,676401.8761650958,0,500
38700,680868.237936816,0,500
38800,684636.7071870251,0,500
38900,689330.8798952107,0,500
39000,693881.7963118883,0,500
39100,698410.8901979682,0,500
39200,702769.5560196001,0,500
39300,707525.623253072,0,500
39400,712030.7203461888,0,500
39500,716712.9535575004,0,500
39600,721206.5953835874,0,500
39700,725758.9507685971,0,500
39800,730207.395129652,0,500
39900,734966.211617121,0,500
40000,739180.4244868465,0,500
40100,743973.111233857,0,500
40200,748836.1729879238,0,500
40300,753769.4141969228,0,500
40400,758532.1232296072,0,500
40500,763349.0662453943,0,500
40600,767361.6757563802,0,500
40700,772059.463496957,0,500
40800,777173.7507041622,0,500
40900,781864.0333197389,0,500
41000,786634.4530409072,0,500
41100,791137.9569833459,0,500
41200,795900.8489472726,0,500
41300,800990.9637584344,0,500
41400,806214.3130166527,0,500
41500,811108.5676885379,0,500
41600,816291.0584815388,0,500
41700,820770.7013384325,0,500
41800,825116.4932333082,0,500
41900,829991.7040770979,0,500
42000,835338.0246152331,0,500
42100,840616.0801832643,0,500
42200,845553.9281383972,0,500
42300,850503.828396271,0,500
42400,855337.1513260441,0,500
42500,860065.2757149782,0,500
42600,865180.2112667434,0,500
42700,870590.3842232426,0,500
42800,875662.7705457225,0,500
42900,880521.5011749186,0,500
43000,885068.834800555,0,500
43100,890216.747792696,0,500
43200,895803.5161923027,0,500
43300,901035.3657916683,0,500
43400,906368.4384474247,1,499
43500,911433.6981234765,1,499
43600,916258.5411717414,1,499
43700,921231.6834963098,1,499
43800,926240.7499145638,1,499
43900,931860.508265383,0,500
44000,937354.184075691,0,500
44100,942305.0619046015,0,500
44200,947514.1089144496,0,500
44300,952704.0534328512,0,500
44400,958159.6987150252,0,500
44500,963450.5441444636,0,500
44600,968888.9171522078,0,500
44700,974328.6269008975,0,500
44800,979272.8729757407,0,500
44900,984614.2338526149,0,500
45000,990081.2733467789,0,500
45100,995592.4483146421,0,500
45200,1001315.294067616,0,500
45300,1006712.2636813156,0,500
45400,1012200.2187776869,0,500
45500,1017709.1611230384,0,500
45600,1022956.8528483167,0,500
45700,1028213.3637737618,0,500
45800,1033963.6801152346,0,500
45900,1039104.8357798111,0,500
46000,1045086.3739844725,0,500
46100,1050411.6662366479,0,500
46200,1055878.1887729769,0,500
46300,1061568.2484528928,0,500
46400,1067548.7479024173,0,500
46500,1072839.337550671,0,500
46600,1078438.8131378135,0,500
46700,1083769.2415195645,0,500
46800,1089507.5556659317,0,500
46900,1095066.0872628626,0,500
47000,1100725.1468977137,0,500
47100,1106957.8105112137,0,500
47200,1112857.6885535484,0,500
47300,1118501.052086831,0,500
47400,1124006.0313119537,0,500
47500,1129661.5290165104,0,500
47600,1135538.3259733547,0,500
47700,1141262.9422138047,0,500
47800,1147295.8070407438,0,500
47900,1153307.6774445924,0,500
48000,1158951.4693420928,0,500
48100,1164572.5896479734,0,500
48200,1170496.9258190214,0,500
48300,1176372.3456280283,0,500
48400,1182515.8679769759,0,500
48500,1188136.8374656108,0,500
48600,1194248.5652501003,0,500
48700,1199868.48282918,0,500
48800,1205729.5387271459,0,500
48900,1211632.7189636407,0,500
49000,1218148.7301321798,0,500
49100,1224604.0953249969,0,500
49200,1230253.2633361334,0,500
49300,1236388.3051154206,0,500
49400,1242001.136957123,0,500
49500,1248103.3531054677,0,500
49600,1254221.079215752,0,500
49700,1260549.7118196434,0,500
49800,1267061.4038194935,0,500
49900,1272729.6933565969,0,500
50000,1278999.6738326258,0,500
