step,msd_global,n_round,n_elongated
0,0.0,500,0
100,11.97525193828492,500,0
200,15.118470966024708,481,19
300,19.421079602172743,471,29
400,22.87113894740266,456,44
500,27.67391530534276,440,60
600,34.992683470300385,424,76
700,42.333066358717026,403,97
800,52.35120706572905,389,111
900,66.89594096866,374,126
1000,82.22884790648179,365,135
1100,97.99799651390781,358,142
1200,112.21028471835317,362,138
1300,122.8396198191501,348,152
1400,133.42348981173552,342,158
1500,147.17311307119397,335,165
1600,163.1368920542779,324,176
1700,188.7937882294887,330,170
1800,211.81395546037209,331,169
1900,235.54686865531195,335,165
2000,263.3681623076927,334,166
2100,279.5448799312896,335,165
2200,289.27824838105903,323,177
2300,307.6561737116788,321,179
2400,333.7375203424411,315,185
2500,383.2530389511425,313,187
2600,414.39899199842125,319,181
2700,446.59454980786023,313,187
2800,476.62577329948016,315,185
2900,493.3962398157442,306,194
3000,499.70722060440994,306,194
3100,518.1169890506904,301,199
3200,530.9111603144368,303,197
3300,541.9697277695468,295,205
3400,563.8113204993853,306,194
3500,596.8725503816062,306,194
3600,626.788189853227,312,188
3700,652.7018428509648,318,182
3800,690.2331461529374,324,176
3900,730.3425019414677,319,181
4000,773.6832999676219,315,185
4100,802.9772244666277,306,194
4200,828.154709770838,305,195
4300,825.4922687576423,296,204
4400,824.0069157634009,305,195
4500,832.699932393152,298,202
4600,854.7744059154745,293,207
4700,880.480703705605,290,210
4800,936.0987078454816,279,221
4900,994.9288911511613,275,225
5000,1057.850121766619,269,231
5100,1120.2192412039662,272,228
5200,1181.684740458384,270,230
5300,1259.4899464755952,276,224
5400,1308.676636357399,282,218
5500,1346.6106758524486,265,235
5600,1361.0840881380386,257,243
5700,1363.1238327035542,253,247
5800,1369.4924658452971,255,245
5900,1356.5120620460364,247,253
6000,1364.1054592054534,247,253
6100,1395.647541566323,240,260
6200,1427.1757609747503,233,267
6300,1440.3953628912086,228,272
6400,1471.055618764713,227,273
6500,1503.7129149407233,232,268
6600,1578.731603760593,227,273
6700,1658.232035256756,234,266
6800,1754.5070745165199,225,275
6900,1842.527418457482,232,268
7000,1931.6603507020286,229,271
7100,2003.4558873808915,227,273
7200,2058.664375884698,211,289
7300,2136.236203714713,201,299
7400,2186.9772416435644,191,309
7500,2249.9847626520263,186,314
7600,2347.7149183064594,183,317
7700,2437.4388059043317,177,323
7800,2534.603067910565,179,321
7900,2647.1591076686445,182,318
8000,2771.3437555201594,173,327
8100,2905.1131662529074,165,335
8200,3046.0599461879733,172,328
8300,3180.1937614364892,163,337
8400,3334.6358409922223,152,348
8500,3478.6383429310413,139,361
8600,3580.0386856589116,138,362
8700,3678.0065230094333,132,368
8800,3739.7090801050967,138,362
8900,3795.6073664452747,157,343
9000,3857.9592430820744,183,317
9100,3887.4200848327578,186,314
9200,3911.2778931751914,177,323
9300,3949.9328680340627,180,320
9400,3974.374530801679,172,328
9500,4017.500272624886,172,328
9600,4088.7156582071775,165,335
9700,4177.818514146885,159,341
9800,4285.896756648682,158,342
9900,4359.399861881338,152,348
10000,4446.868056158711,158,342
10100,4569.395898243219,157,343
10200,4662.1978717648735,147,353
10300,4778.284521646819,144,356
10400,4950.383776725594,143,357
10500,5139.250582803627,139,361
10600,5271.035556379321,130,370
10700,5415.802099656223,120,380
10800,5577.931736187108,108,392
10900,5630.835949312295,104,396
11000,5694.641218196577,94,406
11100,5769.122724874959,83,417
11200,5875.791207620666,76,424
11300,6020.242781361684,67,433
11400,6132.956155418521,65,435
11500,6304.506242165637,66,434
11600,6479.884772440036,54,446
11700,6719.185964797809,46,454
11800,6954.33843382491,44,456
11900,7250.171452826459,42,458
12000,7488.099739108647,40,460
12100,7814.736493228391,38,462
12200,8081.029833808502,33,467
12300,8420.86433423503,20,480
12400,8687.937426283523,17,483
12500,8995.10444334558,16,484
12600,9274.486889938797,14,486
12700,9461.395727045088,20,480
12800,9785.341171595444,17,483
12900,10132.93073476608,13,487
13000,10434.859813757945,7,493
13100,10811.386544679142,3,497
13200,11298.567152574373,3,497
13300,11756.319132775463,4,496
13400,12195.023257647508,4,496
13500,12618.199955270205,4,496
13600,13172.379286008974,4,496
13700,13693.3886055748,4,496
13800,14185.034224104784,4,496
13900,14645.9145264271,1,499
14000,15105.420453019935,0,500
14100,15534.13464064184,0,500
14200,16057.306391108841,0,500
14300,16556.872936852622,0,500
14400,17077.163954007163,0,500
14500,17696.62083908101,0,500
14600,18368.196254849423,0,500
14700,18998.82717134236,0,500
14800,19613.89550583248,0,500
14900,20323.36055879264,0,500
15000,21093.332576111443,0,500
15100,21755.360160407767,0,500
15200,22410.929947425237,0,500
15300,23083.37564898219,0,500
15400,23699.557468928637,0,500
15500,24388.080970499755,0,500
15600,25146.128808230766,0,500
15700,25884.19252936803,0,500
15800,26655.880938529903,0,500
15900,27406.09450285164,0,500
16000,28268.21387167734,0,500
16100,29046.707160532216,0,500
16200,29946.992853639014,0,500
16300,30893.57937721101,0,500
16400,31787.55265151748,0,500
16500,32596.99952159812,0,500
16600,33394.29450754522,0,500
16700,34345.5454730952,0,500
16800,35221.75278128174,0,500
16900,36166.03319376299,0,500
17000,37122.170602406084,0,500
17100,38079.22769298159,0,500
17200,39047.71782235056,0,500
17300,40001.113621188226,0,500
17400,41026.66019976275,0,500
17500,42108.70874880461,0,500
17600,43162.56368240592,0,500
17700,44237.97210241356,0,500
17800,45243.50872026722,0,500
17900,46318.0826877703,0,500
18000,47339.12490858694,0,500
18100,48435.65471068754,0,500
18200,49594.02829322605,0,500
18300,50747.604498558336,0,500
18400,51993.21162173531,0,500
18500,53244.011775041836,0,500
18600,54409.94507447795,0,500
18700,55492.48272445883,0,500
18800,56734.544063578185,0,500
18900,58027.05574080381,0,500
19000,59216.76152799091,0,500
19100,60402.60059968291,0,500
19200,61635.99047376274,0,500
19300,62842.16698922493,0,500
19400,64097.68263595325,0,500
19500,65418.404941833964,0,500
19600,66870.35512699297,0,500
19700,68277.6218074182,0,500
19800,69777.43859821459,0,500
19900,71173.4958596508,0,500
20000,72498.9092187685,0,500
20100,73946.40444018808,0,500
20200,75323.57213875443,0,500
20300,76714.84648804241,0,500
20400,78009.47165794096,0,500
20500,79399.78042758525,0,500
20600,80838.8579078557,0,500
20700,82278.05961496588,0,500
20800,83714.04142082712,0,500
20900,85328.38443129239,0,500
21000,87015.90961865116,0,500
21100,88740.97693985357,0,500
21200,90346.8462142106,0,500
21300,91879.6857634525,0,500
21400,93582.8908266505,0,500
21500,95142.3351451621,0,500
21600,96546.78938208072,0,500
21700,98148.47501401586,0,500
21800,99605.85639278319,0,500
21900,101212.0317965732,0,500
22000,102835.81618797907,0,500
22100,104563.92156555352,0,500
22200,106355.70779426453,0,500
22300,108224.59413278126,0,500
22400,110038.44150993424,0,500
22500,111864.23309037917,0,500
22600,113618.53491782474,0,500
22700,115551.43434503555,0,500
22800,117374.66269550237,0,500
22900,119091.37688685459,0,500
23000,120710.68239329412,0,500
23100,122400.08544158247,0,500
23200,124060.64003636368,0,500
23300,125849.38794477892,0,500
23400,127823.55839900358,0,500
23500,129860.37980338433,0,500
23600,131871.80187488263,0,500
23700,133893.16439946217,0,500
23800,135822.2270357405,0,500
23900,137819.476073614,0,500
24000,139951.10903260612,0,500
24100,141965.41577110504,0,500
24200,143915.48281268496,0,500
24300,145805.8009576658,0,500
24400,147651.2748530278,0,500
24500,149551.5671103669,0,500
24600,151410.4310931049,0,500
24700,153482.63178214515,0,500
24800,155702.59622663676,0,500
24900,157896.14377002924,0,500
25000,160147.8054307407,0,500
25100,162387.5581337739,0,500
25200,164509.93714559844,0,500
25300,166754.86375229858,0,500
25400,168956.132024003,0,500
25500,171205.80954046166,0,500
25600,173390.54608521392,0,500
25700,175552.3892258871,0,500
25800,177507.72626738416,0,500
25900,179765.47609671252,0,500
26000,181837.77384879655,0,500
26100,184129.01887467987,0,500
26200,186605.96855495227,0,500
26300,188899.66211085187,0,500
26400,191351.64126009695,0,500
26500,193663.79599475933,0,500
26600,196084.29059171665,0,500
26700,198499.70126141093,0,500
26800,200739.03753754304,0,500
26900,203239.22139135376,0,500
27000,205556.01737293074,0,500
27100,207938.0408900072,0,500
27200,210316.7044842164,0,500
27300,212686.1243431816,0,500
27400,215210.9680645751,0,500
27500,217642.43233850345,0,500
27600,220243.91419337757,0,500
27700,222843.03702787435,0,500
27800,225347.66969319337,0,500
27900,228034.94757787965,0,500
28000,230453.69945624142,0,500
28100,233058.06935880895,0,500
28200,235498.4820747748,0,500
28300,238105.16107764715,0,500
28400,240730.93543642038,0,500
28500,243314.64726312913,0,500
28600,246156.28069068815,0,500
28700,248867.90435291923,0,500
28800,251477.77681488343,0,500
28900,254145.2928243086,0,500
29000,256843.69441246404,0,500
29100,259630.7604948568,0,500
29200,262445.4890090004,0,500
29300,265154.66381752625,0,500
29400,267790.0114743621,0,500
29500,270315.2813320681,0,500
29600,273082.0546659607,0,500
29700,275848.69848954276,0,500
29800,278891.51390137785,0,500
29900,281866.6930547912,0,500
30000,284786.42992128263,0,500
