step,msd_global,n_round,n_elongated
0,0.0,500,0
100,8.837301466724686,500,0
200,11.372405407611954,476,24
300,17.071249778316403,461,39
400,21.696038252182,442,58
500,28.948046654121853,426,74
600,34.946904496515664,407,93
700,42.73447554440999,385,115
800,52.665092438675124,373,127
900,61.11975950369902,362,138
1000,76.66774598416677,348,152
1100,85.96658823671282,332,168
1200,103.21888193158843,317,183
1300,122.25925732814619,309,191
1400,143.7656802051228,308,192
1500,161.52307489043676,303,197
1600,180.58536928983364,306,194
1700,202.43808323452092,304,196
1800,232.035156359739,300,200
1900,269.4129297692576,285,215
2000,305.83205359812547,277,223
2100,345.4775493398027,260,240
2200,389.2828808246001,245,255
2300,425.4904790379093,256,244
2400,452.7508794004249,259,241
2500,475.18019562692484,259,241
2600,517.7592996283619,260,240
2700,545.185906599725,272,228
2800,579.8355065307906,269,231
2900,633.4585210719172,263,237
3000,671.3507350466402,258,242
3100,713.4134613750978,255,245
3200,763.3867316886502,252,248
3300,804.3299467593278,252,248
3400,861.6396282771153,245,255
3500,902.7277418469912,242,258
3600,960.9725653207389,240,260
3700,1019.5832840071764,246,254
3800,1098.2544427113855,239,261
3900,1196.2649625832048,229,271
4000,1308.4278768458325,231,269
4100,1421.6772756400958,230,270
4200,1521.2780110421993,242,258
4300,1577.8483085199175,242,258
4400,1618.0344845596446,239,261
4500,1673.4092949093695,238,262
4600,1755.910358057977,226,274
4700,1826.0215312435757,220,280
4800,1912.4878540759194,219,281
4900,2031.284046015784,214,286
5000,2149.5378976258194,214,286
5100,2288.3313319703875,214,286
5200,2454.074345420018,207,293
5300,2613.1652787921507,200,300
5400,2733.6976481144084,199,301
5500,2813.703397980682,199,301
5600,2858.3367242818786,190,310
5700,2935.435135494378,180,320
5800,3003.668358497775,176,324
5900,3110.72040310175,168,332
6000,3224.178164728907,173,327
6100,3346.316322541302,174,326
6200,3527.5048893438006,162,338
6300,3711.7279995126123,153,347
6400,3932.6045528310237,138,362
6500,4112.363076306316,127,373
6600,4236.47880726775,114,386
6700,4359.41305927604,110,390
6800,4530.835381695816,109,391
6900,4679.708575698128,105,395
7000,4819.013319429556,96,404
7100,5030.42363853664,101,399
7200,5306.535666503435,96,404
7300,5621.317709001282,94,406
7400,5943.514108509915,103,397
7500,6199.493936038747,99,401
7600,6462.401916013643,90,410
7700,6711.774963210232,80,420
7800,6940.548824603666,77,423
7900,7130.438644049187,77,423
8000,7436.513856620356,78,422
8100,7746.759788827233,68,432
8200,8043.3553222384935,66,434
8300,8403.40765552152,56,444
8400,8744.635546507616,44,456
8500,9116.983427377352,33,467
8600,9450.80953297666,34,466
8700,9769.150820091352,29,471
8800,10131.876578118872,23,477
8900,10527.901594363651,19,481
9000,10991.25941323518,17,483
9100,11422.828571763768,14,486
9200,11897.621832770123,14,486
9300,12424.801496931423,12,488
9400,12917.398484880288,10,490
9500,13374.691745529082,7,493
9600,13750.282118587538,7,493
9700,14261.846878855358,5,495
9800,14770.20739141917,5,495
9900,15302.350463787738,2,498
10000,15927.242605683603,0,500
10100,16535.24618039857,2,498
10200,17122.658634059524,3,497
10300,17838.42645422089,2,498
10400,18410.045538825758,0,500
10500,18954.233755382604,0,500
10600,19540.802799715468,0,500
10700,20176.928394831226,0,500
10800,20828.54722207568,0,500
10900,21596.806999250643,0,500
11000,22394.04001459717,0,500
11100,23119.979063960036,0,500
11200,23853.884796346334,0,500
11300,24699.73916805319,0,500
11400,25359.012491724436,0,500
11500,26048.442890833736,0,500
11600,26831.276745969913,0,500
11700,27588.51962155354,0,500
11800,28323.82186782474,0,500
11900,29188.19851312761,0,500
12000,30079.436903381284,0,500
12100,30974.28715094547,0,500
12200,31876.98218933848,0,500
12300,32683.03706337886,0,500
12400,33534.60700552208,0,500
12500,34307.58520471319,0,500
12600,35116.05226354836,0,500
12700,36082.568680144155,0,500
12800,36997.30099867567,0,500
12900,38018.53595409069,0,500
13000,39041.24767561961,0,500
13100,40130.35253688642,0,500
13200,41157.676241143345,0,500
13300,42203.446112824044,0,500
13400,43181.9658486309,0,500
13500,44159.03311529486,0,500
13600,45112.75454705991,0,500
13700,46152.6468611336,0,500
13800,47329.82001379981,0,500
13900,48545.630039050804,0,500
14000,49812.44405134176,0,500
14100,51021.62145595294,0,500
14200,52145.77757702957,0,500
14300,53278.10269480823,0,500
14400,54408.42695302155,0,500
14500,55546.668770113814,0,500
14600,56767.188792796434,0,500
14700,57885.36245571554,0,500
14800,59214.762485130996,0,500
14900,60718.87951222063,0,500
15000,62080.797613894974,0,500
15100,63351.9803719977,0,500
15200,64734.13437867047,0,500
15300,66101.98558290496,0,500
15400,67243.59113587254,0,500
15500,68472.0880444018,0,500
15600,69906.5246832625,0,500
15700,71447.81618953505,0,500
15800,72951.39252115595,0,500
15900,74408.40188068418,0,500
16000,75956.75725017012,0,500
16100,77463.72919702294,0,500
16200,78931.3925902877,0,500
16300,80371.23914361469,0,500
16400,81788.30468387464,0,500
16500,83372.04985018849,0,500
16600,84881.41998626526,0,500
16700,86431.68565701589,0,500
16800,88211.6014769311,0,500
16900,89934.4569856152,0,500
17000,91491.45629278487,0,500
17100,93058.73601393784,0,500
17200,94708.41671407847,0,500
17300,96209.35232054867,0,500
17400,97858.92385306202,0,500
17500,99621.45632163079,0,500
17600,101249.6261241517,0,500
17700,102904.00092763938,0,500
17800,104788.63720997711,0,500
17900,106610.86859617833,0,500
18000,108404.7580065435,0,500
18100,110046.97917112135,0,500
18200,111767.39555955306,0,500
18300,113367.44603566945,0,500
18400,115170.50888307494,0,500
18500,117020.14992768137,0,500
18600,118585.63619764058,0,500
18700,120543.13690356158,0,500
18800,122526.6427448798,0,500
18900,124284.3115093,0,500
19000,126278.52595964656,0,500
19100,128102.1164428695,0,500
19200,129911.56705508965,0,500
19300,131724.56219466365,0,500
19400,133597.91245858173,0,500
19500,135439.83512816377,0,500
19600,137433.06219584678,0,500
19700,139428.9977687472,0,500
19800,141645.13460640193,0,500
19900,143771.5253626306,0,500
20000,145778.17676945304,0,500
20100,147659.71981508532,0,500
20200,149813.68182355416,0,500
20300,151831.10240917653,0,500
20400,153766.96551998338,0,500
20500,155612.33157693112,0,500
20600,157819.06730214643,0,500
20700,160154.5946015328,0,500
20800,162566.70436675657,0,500
20900,164942.53395577116,0,500
21000,167210.8496901674,0,500
21100,169275.47063096892,0,500
21200,171027.50941764796,0,500
21300,173184.77900320326,0,500
21400,175505.8199217034,0,500
21500,177751.58022660547,0,500
21600,180205.20983006025,0,500
21700,182911.86974041947,0,500
21800,185257.16429471245,0,500
21900,187543.21889477514,0,500
22000,189843.11925444123,0,500
22100,192340.19713420936,0,500
22200,194722.25751895763,0,500
22300,196945.45308142508,0,500
22400,199250.3578987882,0,500
22500,201818.9055005551,0,500
22600,204512.60757636462,0,500
22700,207019.56285198635,0,500
22800,209544.1459216708,0,500
22900,212172.1939966127,0,500
23000,214467.88303410736,0,500
23100,217116.01861675794,0,500
23200,219687.79209784823,0,500
23300,222014.92303892874,0,500
23400,224316.7724023369,0,500
23500,226748.78447089918,0,500
23600,229554.6021263334,0,500
23700,232382.77801056736,0,500
23800,235197.80377749263,0,500
23900,237990.63263056747,0,500
24000,240572.24712715,0,500
24100,242963.64926784026,0,500
24200,245083.4225948492,0,500
24300,247671.37733416137,0,500
24400,250416.24625499686,0,500
24500,253304.8375106847,0,500
24600,256050.81520438046,0,500
24700,258746.0129858048,0,500
24800,261407.24018559538,0,500
24900,264104.9580169813,0,500
25000,266892.81174594274,0,500
25100,269538.52505031385,0,500
25200,272108.8513128981,0,500
25300,274861.4759744975,0,500
25400,277687.5249884809,0,500
25500,280550.334312716,0,500
25600,283717.27663949237,0,500
25700,286589.47480219847,0,500
25800,289474.5599436337,0,500
25900,292286.28057725594,0,500
26000,295000.6491816249,0,500
26100,297936.5952757947,0,500
26200,300976.79367516545,0,500
26300,304010.25083882886,0,500
26400,306850.35774813395,0,500
26500,309806.93653084664,0,500
26600,312983.31352148106,0,500
26700,316183.22551563167,0,500
26800,319318.49671504844,0,500
26900,322603.9700557937,0,500
27000,325507.6064130385,0,500
27100,328621.78766027663,0,500
27200,331779.77402924286,0,500
27300,334910.28897626855,0,500
27400,338285.71588051534,0,500
27500,341583.48807452177,0,500
27600,344799.4319515133,0,500
27700,348183.03670742473,0,500
27800,351546.8063390908,0,500
27900,354767.1616939117,0,500
28000,357932.57622113574,0,500
28100,361084.2647948418,0,500
28200,364148.8581535556,0,500
28300,367352.2568422788,0,500
28400,370644.8170262333,0,500
28500,374207.64942597057,0,500
28600,377641.4542486988,0,500
28700,381307.55432550405,0,500
28800,384390.13217206777,0,500
28900,387381.36026485654,0,500
29000,390471.81028950965,0,500
29100,393791.1044548319,0,500
29200,397239.6729274849,0,500
29300,400796.11225744995,0,500
29400,403985.782640031,0,500
29500,407373.9836680787,0,500
29600,411031.5513571802,0,500
29700,414523.15258081077,0,500
29800,417807.97025134624,0,500
29900,421188.88254000293,0,500
30000,424270.9524021603,0,500
