step,msd_global,n_round,n_elongated
0,0.0,1000,0
100,14.056771457457328,1000,0
200,18.738453944864478,989,11
300,20.79121979424591,976,24
400,23.524657976602185,966,34
500,25.539968686766137,949,51
600,29.31657165584461,935,65
700,32.326552087016246,917,83
800,39.04575895206702,900,100
900,47.56122421000245,879,121
1000,54.876430089102044,867,133
1100,63.18125008218622,853,147
1200,72.45633560298535,837,163
1300,84.10053405349963,822,178
1400,93.468990239854,807,193
1500,99.3799251762988,798,202
1600,108.10954037288452,781,219
1700,128.56080854984887,762,238
1800,151.58231931312898,756,244
1900,176.35681832096748,752,248
2000,199.82696903978334,742,258
2100,221.76017308434942,733,267
2200,248.78060251673864,720,280
2300,274.11545833410224,710,290
2400,298.8327215227753,702,298
2500,315.9989500686179,706,294
2600,336.59879853450434,711,289
2700,363.7032967500981,700,300
2800,387.5186048516745,707,293
2900,417.57896880222773,692,308
3000,452.53156794829306,686,314
3100,482.4263485243542,676,324
3200,517.8706154018058,662,338
3300,548.3444492187015,637,363
3400,563.1574821363055,624,376
3500,590.8506506641631,615,385
3600,620.8733748067974,602,398
3700,652.9530225315394,599,401
3800,678.3081528813708,601,399
3900,684.5041795023699,604,396
4000,717.4713116044858,603,397
4100,761.655407606666,589,411
4200,822.6237344814041,586,414
4300,884.2088435125039,579,421
4400,963.3464213933719,575,425
4500,1026.904359535909,556,444
4600,1074.30913142841,547,453
4700,1134.7951708930009,530,470
4800,1197.5036374692286,514,486
4900,1254.0949754533765,514,486
5000,1303.4032511104,510,490
5100,1359.9928424339869,505,495
5200,1411.1884989016871,508,492
5300,1452.7986992194824,498,502
5400,1479.6726999287,496,504
5500,1500.2918834749391,493,507
5600,1537.842133982289,478,522
5700,1567.8439831000367,462,538
5800,1601.5892415305684,462,538
5900,1651.6183503535847,464,536
6000,1699.0871212015352,474,526
6100,1752.4611891758811,463,537
6200,1808.0250708356125,468,532
6300,1845.852928460346,472,528
6400,1901.5202865347485,472,528
6500,1972.666721338087,476,524
6600,2053.8845723293934,472,528
6700,2119.16324743223,479,521
6800,2203.1701217866726,461,539
6900,2285.6926438955325,449,551
7000,2348.0811439157164,460,540
7100,2406.4990108901375,448,552
7200,2473.732995757045,454,546
7300,2571.6705964364446,451,549
7400,2677.1807214671994,445,555
7500,2801.090416905728,444,556
7600,2934.1657466330785,439,561
7700,3059.781820456299,437,563
7800,3152.8269995200453,430,570
7900,3293.4414886830846,425,575
8000,3410.040461912774,434,566
8100,3509.6192392063003,437,563
8200,3660.9552941384686,432,568
8300,3786.047923493506,440,560
8400,3930.962419567747,442,558
8500,4076.628141663744,439,561
8600,4181.761351000398,431,569
8700,4310.268025490813,426,574
8800,4385.589073836498,423,577
8900,4447.5489110355,405,595
9000,4471.502034458557,385,615
9100,4559.293225169644,372,628
9200,4677.471974731056,353,647
9300,4815.612876428221,363,637
9400,5004.456189326254,356,644
9500,5158.964876914396,361,639
9600,5339.341084900042,362,638
9700,5536.001589287442,365,635
9800,5715.729094047699,363,637
9900,5888.12889099451,364,636
10000,6048.344480293689,343,657
10100,6190.209940559743,338,662
10200,6340.180086034625,333,667
10300,6495.135871623074,329,671
10400,6641.51461547795,341,659
10500,6792.196566514149,327,673
10600,6945.528535192304,313,687
10700,7100.482566773476,316,684
10800,7257.217624695812,309,691
10900,7387.048489937279,309,691
11000,7543.128626381483,303,697
11100,7711.510586655295,291,709
11200,7906.843512114352,288,712
11300,8088.949532785641,283,717
11400,8333.1421865759,281,719
11500,8585.488599004364,280,720
11600,8778.727835397747,267,733
11700,8899.892188228003,272,728
11800,9048.920664708034,286,714
11900,9210.587481419921,284,716
12000,9437.805578685133,274,726
12100,9660.613334224336,257,743
12200,9890.87225278584,262,738
12300,10088.502903585515,262,738
12400,10302.9947293518,262,738
12500,10533.205482815496,258,742
12600,10750.857502519168,243,757
12700,10964.509232919056,237,763
12800,11219.123172448064,227,773
12900,11547.089541056383,216,784
13000,11912.664844843286,218,782
13100,12265.114816379857,205,795
13200,12546.881593718212,195,805
13300,12787.249523751421,193,807
13400,13115.954759585351,181,819
13500,13402.788829607756,183,817
13600,13717.983433693875,181,819
13700,14101.97976104841,183,817
13800,14512.433758698695,177,823
13900,14897.786694712842,164,836
14000,15311.803377317081,153,847
14100,15732.396578040172,139,861
14200,16169.946766595058,136,864
14300,16688.712856127524,122,878
14400,17240.780522185796,117,883
14500,17781.84772751223,111,889
14600,18256.573576936724,106,894
14700,18795.663093316543,96,904
14800,19290.387730970066,80,920
14900,19748.582857610458,81,919
15000,20315.728799539036,79,921
15100,20825.582294195578,73,927
15200,21351.72108207453,70,930
15300,21929.58526123856,69,931
15400,22501.112810758576,76,924
15500,23106.46177487967,78,922
15600,23701.830481085264,75,925
15700,24374.297996386693,69,931
15800,25076.693239247055,65,935
15900,25718.67116735612,65,935
16000,26412.897674345724,68,932
16100,26982.424212989106,67,933
16200,27638.220688911995,67,933
16300,28232.668716229993,63,937
16400,28931.201311603512,71,929
16500,29601.03411559425,73,927
16600,30217.57916524339,73,927
16700,30771.281113243946,77,923
16800,31509.703494616002,84,916
16900,32176.019837616524,85,915
17000,32938.74893558309,85,915
17100,33771.91649039086,84,916
17200,34600.21825585985,84,916
17300,35298.250402101636,86,914
17400,36004.763119214076,86,914
17500,36714.78119775155,86,914
17600,37483.74968183534,89,911
17700,38284.06628332555,90,910
17800,39041.60029456133,94,906
17900,39845.27257790475,98,902
18000,40512.6189861294,98,902
18100,41313.89159487633,100,900
18200,42162.07001196409,102,898
18300,42898.84183857076,102,898
18400,43777.62593579762,100,900
18500,44664.57456365063,97,903
18600,45563.30716423291,100,900
18700,46395.322117967975,100,900
18800,47274.71932767585,95,905
18900,48196.9586679375,91,909
19000,49193.45902746534,86,914
19100,50155.4362471313,84,916
19200,51114.52102704165,84,916
19300,52146.69092966221,84,916
19400,53072.889855482674,83,917
19500,53972.835007715745,84,916
19600,54957.248193646876,84,916
19700,55953.74444426936,84,916
19800,57089.52292856388,84,916
19900,58261.71626809777,83,917
20000,59226.3815328733,83,917
20100,60281.8403477651,83,917
20200,61378.87499107105,84,916
20300,62474.00189205332,84,916
20400,63721.18837784697,84,916
20500,64930.970172535075,85,915
20600,66232.7464531295,85,915
20700,67470.81205719647,86,914
20800,68440.11574933435,85,915
20900,69667.54912733026,85,915
21000,70937.41109959235,85,915
21100,72245.43457922601,85,915
21200,73458.53660177789,85,915
21300,74747.89378964272,85,915
21400,75978.54819043055,85,915
21500,77270.00158406823,81,919
21600,78523.29509434733,75,925
21700,79814.27719514589,71,929
21800,81213.4387277096,68,932
21900,82661.69362859435,63,937
22000,83966.56664539134,60,940
22100,85390.70117110372,60,940
22200,86738.9855966562,63,937
22300,88074.19168158896,69,931
22400,89470.95264279384,70,930
22500,90832.69369063305,68,932
22600,92314.37117606326,60,940
22700,93834.12364522948,60,940
22800,95156.33803927807,55,945
22900,96554.58190472296,53,947
23000,97914.96131770879,51,949
23100,99441.63588166228,49,951
23200,101045.37890465753,48,952
23300,102455.66216161531,43,957
23400,103958.79449151391,38,962
23500,105470.47750853359,29,971
23600,107031.84768025253,21,979
23700,108469.3270967398,14,986
23800,109895.16395770009,10,990
23900,111439.59028973247,5,995
24000,113015.54616582942,3,997
24100,114617.66637042815,1,999
24200,116121.03153266013,1,999
24300,117647.79479401854,0,1000
24400,119272.75735869029,0,1000
24500,120761.4982442861,0,1000
24600,122509.00510214716,0,1000
24700,124274.7188434127,0,1000
24800,125844.12096085596,0,1000
24900,127444.87146596443,0,1000
25000,129190.75507196062,0,1000
25100,130839.90015647378,0,1000
25200,132415.93897239902,0,1000
25300,134150.9124940396,0,1000
25400,135922.60129879843,0,1000
25500,137723.97075406433,0,1000
25600,139486.7026674993,0,1000
25700,141147.2261465065,0,1000
25800,142910.78172387206,0,1000
25900,144832.6481759656,0,1000
26000,146820.7687963343,0,1000
26100,148829.17502218636,1,999
26200,150573.66874416816,0,1000
26300,152472.16787332558,0,1000
26400,154414.2185333763,0,1000
26500,156333.65192964813,0,1000
26600,158204.20771808614,0,1000
26700,160113.36413454337,0,1000
26800,162200.9261105047,0,1000
26900,164173.34090360897,0,1000
27000,166068.54669181228,0,1000
27100,168090.40849881573,0,1000
27200,170198.00853384202,0,1000
27300,172308.12234452393,0,1000
27400,174530.93315418303,0,1000
27500,176648.61237494825,0,1000
27600,178798.4781770586,0,1000
27700,181022.10651571976,0,1000
27800,183167.79199338335,0,1000
27900,185361.16777890036,0,1000
28000,187489.12972520292,0,1000
28100,189646.83081442892,0,1000
28200,191978.78196016306,0,1000
28300,194131.9169344946,0,1000
28400,196421.50425864643,0,1000
28500,198667.5307777681,0,1000
28600,200932.99146523993,0,1000
28700,203495.1667173354,0,1000
28800,206015.9022092223,0,1000
28900,208291.03139823582,0,1000
29000,210542.47757084906,0,1000
29100,212900.2718936699,0,1000
29200,215344.39431884038,0,1000
29300,217657.6783204401,0,1000
29400,219995.09270280215,0,1000
29500,222538.8996146465,0,1000
29600,225053.41152752933,0,1000
29700,227519.07506265154,0,1000
29800,229942.83541446048,0,1000
29900,232585.46344026137,0,1000
30000,235228.76161896225,0,1000
30100,237922.88502157995,0,1000
30200,240583.0714497903,0,1000
30300,243132.50633219368,0,1000
30400,245720.98392816144,2,998
30500,248263.85306072433,6,994
30600,250688.84090281022,6,994
30700,253394.70595513342,5,995
30800,256076.6596212905,3,997
30900,258590.95068457923,1,999
31000,261016.9448111716,1,999
31100,263569.9067397632,0,1000
31200,266282.53184431413,1,999
31300,268936.36546338117,4,996
31400,271654.0323435983,4,996
31500,274419.13087195886,3,997
31600,277118.23559049284,2,998
31700,279547.6973509024,1,999
31800,282191.3099202366,3,997
31900,284722.2364911279,2,998
32000,287530.6822793452,7,993
32100,290295.63686949754,13,987
32200,292944.32027207676,12,988
32300,295508.35176223883,10,990
32400,298034.75807525025,8,992
32500,300799.5473264343,5,995
32600,303462.39558197604,0,1000
32700,306178.1492730719,0,1000
32800,308716.3490223188,2,998
32900,311374.57745887444,7,993
33000,314015.11772133,15,985
33100,316623.3286991093,15,985
33200,319399.02527155314,14,986
33300,321842.75201512314,26,974
33400,324607.20758225035,28,972
33500,327305.12126139016,34,966
33600,329826.1742112274,24,976
33700,332282.3704136686,14,986
33800,335026.7145294403,3,997
33900,337843.8344156983,3,997
34000,340227.31676650024,9,991
34100,342828.4832664704,5,995
34200,345257.6454339936,6,994
34300,347986.63874954276,6,994
34400,350870.6876395159,5,995
34500,353785.68969797855,5,995
34600,356781.7627641014,0,1000
34700,359467.6841514304,1,999
34800,362115.58508192137,0,1000
34900,364816.37156176975,0,1000
35000,367446.89879238926,0,1000
35100,370247.03510968335,0,1000
35200,373138.88254029315,0,1000
35300,375942.83323275164,0,1000
35400,378947.01953290665,0,1000
35500,382075.06562693405,0,1000
35600,384984.7829860408,0,1000
35700,387987.24674130627,0,1000
35800,391250.15288035606,0,1000
35900,394584.73732048407,0,1000
36000,397616.2165149671,0,1000
36100,400359.7059208711,0,1000
36200,403119.3646056089,0,1000
36300,406159.6589790771,0,1000
36400,409287.403167761,0,1000
36500,412289.59155670967,0,1000
36600,415486.2815130656,0,1000
36700,418725.28844363516,0,1000
36800,422032.4371554817,0,1000
36900,425191.91670922446,0,1000
37000,428341.9976565652,0,1000
37100,431725.8332661478,0,1000
37200,435210.763917863,0,1000
37300,438398.04012245394,0,1000
37400,441669.9017451163,0,1000
37500,444712.5486497632,0,1000
37600,447957.9949644206,0,1000
37700,451529.04066107207,0,1000
37800,454652.73602230917,0,1000
37900,457755.5222941686,0,1000
38000,461018.35274757934,0,1000
38100,464431.11096238386,0,1000
38200,467784.7745255385,0,1000
38300,471319.9519961475,0,1000
38400,474786.9659890051,0,1000
38500,478323.6843032811,0,1000
38600,481645.6172365398,0,1000
38700,484901.268151707,0,1000
38800,488183.37928183185,0,1000
38900,491518.81487037,0,1000
39000,494976.77075716,0,1000
39100,498381.0595634649,0,1000
39200,501752.3058566501,0,1000
39300,505166.4591401415,0,1000
39400,508705.7140117552,0,1000
39500,512071.1016601332,0,1000
39600,515615.44564507547,0,1000
39700,519350.6034204312,0,1000
39800,522961.3022622602,0,1000
39900,526631.18525242,0,1000
40000,530503.0270351564,0,1000
40100,533780.5352973159,0,1000
40200,537088.4089683356,0,1000
40300,540487.3169536861,0,1000
40400,544345.0063507805,0,1000
40500,547828.4308631486,0,1000
40600,551360.5351267317,0,1000
40700,555022.5620743086,0,1000
40800,558737.5975056171,0,1000
40900,562513.4337668705,0,1000
41000,566035.4553338983,0,1000
41100,569499.0913931382,0,1000
41200,573287.3793022829,0,1000
41300,577278.3512532351,0,1000
41400,581092.5157059687,0,1000
41500,584840.8052716226,4,996
41600,588239.8046013331,6,994
41700,591877.9466320165,4,996
41800,595905.0045702917,0,1000
41900,599167.2672045509,1,999
42000,603013.1602372495,2,998
42100,606667.168485852,1,999
42200,610717.375523524,0,1000
42300,614790.2731380669,1,999
42400,618263.4909328116,1,999
42500,622092.6146903933,0,1000
42600,626295.0966661546,1,999
42700,630317.2047302298,0,1000
42800,633986.7976473456,0,1000
42900,637650.7951926009,0,1000
43000,641660.6197357337,1,999
43100,645750.68796116,2,998
43200,649370.6165909915,1,999
43300,653220.7248181878,0,1000
43400,657163.3092897976,0,1000
43500,661191.5557369458,0,1000
43600,665313.0021036975,0,1000
43700,669459.5671304023,0,1000
43800,673526.9716243555,0,1000
43900,677768.6625689265,0,1000
44000,682107.5505567418,0,1000
44100,685931.9198564528,0,1000
44200,689805.8109146192,0,1000
44300,693916.9397733586,0,1000
44400,698089.708450231,0,1000
44500,702184.0587110864,0,1000
44600,706457.2456767659,0,1000
44700,710699.635315374,0,1000
44800,714810.6204164844,0,1000
44900,718912.4687657027,0,1000
45000,723130.7366778381,0,1000
45100,727531.6845042689,0,1000
45200,732220.6319989271,0,1000
45300,736768.0395815491,0,1000
45400,740911.8103508032,0,1000
45500,745048.213827418,0,1000
45600,749414.0646556774,0,1000
45700,753842.1199168027,0,1000
45800,758292.2496600784,0,1000
45900,763134.8237622209,0,1000
46000,767367.960944411,0,1000
46100,771801.3942711839,0,1000
46200,776472.3319286656,0,1000
46300,781079.2612745382,0,1000
46400,785530.1872537131,0,1000
46500,790479.5052453583,0,1000
46600,795144.5082448948,0,1000
46700,799676.7710656535,0,1000
46800,804396.6321081144,0,1000
46900,808865.5875203512,0,1000
47000,813190.7329659277,0,1000
47100,817737.1546297364,0,1000
47200,822715.0817105935,0,1000
47300,827572.763325226,0,1000
47400,832158.3767908706,0,1000
47500,836837.8781466589,0,1000
47600,841600.394034852,0,1000
47700,846230.0811963336,0,1000
47800,851159.2934618767,0,1000
47900,855830.0142062925,0,1000
48000,860398.1796916655,0,1000
48100,865384.9037236574,0,1000
48200,870102.7506620787,0,1000
48300,874714.6311120908,0,1000
48400,879699.2867557151,0,1000
48500,884988.0771710486,0,1000
48600,889541.8745130989,0,1000
48700,893914.097754339,0,1000
48800,898799.6428938003,0,1000
48900,903630.174472316,0,1000
49000,908422.8624329901,0,1000
49100,913589.4691944323,0,1000
49200,918739.5418292868,0,1000
49300,923377.5408792833,0,1000
49400,928095.7181273594,0,1000
49500,932956.9715813098,0,1000
49600,937556.7931050318,0,1000
49700,942413.898723198,0,1000
49800,947583.0155092262,0,1000
49900,952676.8089696963,0,1000
50000,957571.6043475647,0,1000
