step,msd_global,msd_round,msd_elongated,n_round,n_elongated
0,0.0,0.0,,500,0
100,14.072825764149965,14.072825764149965,,500,0
200,16.860122991856702,16.82219509474963,18.08645833165197,485,15
300,18.42184854620826,17.424615845665706,34.618283096399395,471,29
400,19.890796608475902,17.00305005976162,49.089122823253646,455,45
500,25.631536316065052,18.59376582323596,73.57634779846322,436,64
600,32.251538251793214,18.741017116967434,107.62602458292653,424,76
700,41.00001771591979,18.28530010279981,135.37147336630485,403,97
800,57.54479510943869,25.60748451172772,159.79786517437887,381,119
900,71.05238217021162,35.62003501091958,162.16413200839114,360,140
1000,83.62105847731716,45.21032771572766,166.76327316379565,342,158
1100,99.58942665670182,56.85866584628849,193.81623254633124,344,156
1200,110.35354560667821,62.21131129741015,204.64395718281864,331,169
1300,124.02508378595097,65.74157626691279,231.31972262781667,324,176
1400,145.52304888229605,71.40400006151872,277.2902467859002,320,180
1500,161.74448362785205,80.99622370822344,298.06143854593483,314,186
1600,182.93420156493573,84.48160664866394,338.2254079792613,306,194
1700,194.0753236627276,84.01557671746215,367.6747183289711,306,194
1800,217.62927596112863,101.09268815048834,399.9044517675147,305,195
1900,245.05240725269226,120.40305322949625,436.77197207009533,303,197
2000,261.5123393746505,132.31002815621335,458.57849082903437,302,198
2100,280.40801063716424,139.16624792511408,492.27065470523945,300,200
2200,304.6710986440625,135.903715582214,535.8264242595803,289,211
2300,317.7623589199571,136.60803083041213,548.3224128521051,280,220
2400,338.8119907061528,139.26760599905836,571.181858611817,269,231
2500,363.4745767695415,153.78060005071416,605.7072740137039,268,232
2600,400.30453993086934,159.85238104546923,662.8903703454694,261,239
2700,430.82272325118583,195.38697020444704,716.2625300423647,274,226
2800,466.0543406533406,258.38025890765414,721.93847708999,276,224
2900,503.1268793274066,270.3287784572038,776.4116064359056,270,230
3000,533.1042517140681,277.04741191522805,841.0492616924088,273,227
3100,569.7206924966029,308.20359440333306,891.9471169329533,276,224
3200,617.1976519900355,355.4250913674802,969.9146702936665,287,213
3300,660.1910985188147,337.55567791076675,1070.8179974745121,280,220
3400,709.511424800863,360.2912188931305,1132.9022939102379,274,226
3500,745.0637981969302,363.72982353794464,1196.3367551077822,271,229
3600,786.6260616744021,370.89862101510187,1251.6770969881954,264,236
3700,793.7150462926638,357.6095394398201,1266.1626787165776,260,240
3800,835.9604814042756,371.3471298346525,1300.5738329738986,250,250
3900,881.2785199853306,363.8756807401933,1362.7228607501113,241,259
4000,917.7305320063255,406.1622715242071,1389.9473878359731,240,260
4100,970.3495845341976,428.4439680268381,1443.2484933215187,233,267
4200,1024.900927200503,429.89537497453483,1523.6555812722704,228,272
4300,1088.7194801385629,458.85038772643156,1604.0669193848519,225,275
4400,1168.5474952782572,471.06734863350823,1690.438234376076,214,286
4500,1242.6644652368116,538.3423740941604,1765.3843447259574,213,287
4600,1339.434055021896,651.6711313764498,1906.7129628462424,226,274
4700,1444.142316682975,725.8139318055048,2036.6321523848299,226,274
4800,1531.9046664549958,786.1176304263743,2142.0940595693223,225,275
4900,1595.1265528659687,943.7977247658549,2191.5541004365714,239,261
5000,1634.9335975745873,1078.8539023088215,2120.2016462522033,233,267
5100,1679.8023691370786,1093.1164937774108,2191.779181716863,233,267
5200,1733.7526467632183,1116.6087961755193,2259.4677787453325,230,270
5300,1797.5391880544257,1121.7307461023242,2373.2278608284378,230,270
5400,1876.2079911842786,1151.6817886168515,2445.4785789158286,220,280
5500,1972.8354875276605,1150.280830519709,2608.7110734416083,218,282
5600,2094.2534401569424,1190.842369076691,2759.2643674799056,212,288
5700,2228.9833633941394,1256.9287908960366,2944.5235348163533,212,288
5800,2379.2326816947157,1190.829773815469,3211.9231545624875,206,294
5900,2544.484362803086,1262.474896965357,3392.0587272605885,199,301
6000,2687.8019224432846,1307.7924847214972,3470.8166817775905,181,319
6100,2802.3296834329276,1330.489971881419,3581.009408504521,173,327
6200,2923.6922105506114,1315.9395478585507,3729.9825849337167,167,333
6300,3067.056768231499,1356.9994641154508,3835.3433831242164,155,345
6400,3205.5070698176687,1398.8685898352044,3929.1745842084033,143,357
6500,3363.0425138217693,1262.4150623929538,4132.124695492428,134,366
6600,3552.422714452198,1271.5942113418428,4312.69888215565,125,375
6700,3750.42892743979,1336.3398230329108,4463.398248430423,114,386
6800,3962.52013439303,1320.8998200038836,4690.313486316571,108,392
6900,4158.573757089076,1370.6930131354297,4846.853541755936,99,401
7000,4366.013336449771,1487.2838682463496,4972.4285028751865,87,413
7100,4560.27567120933,1560.3933569270805,5201.027233483209,88,412
7200,4761.78846800664,1324.6626465464437,5426.244772393933,81,419
7300,4957.838011986114,1434.391734266208,5579.622649230803,75,425
7400,5160.303042168754,1601.1369834443713,5730.099928600266,69,431
7500,5399.115010555256,1585.527101089274,5979.061558999391,66,434
7600,5671.256765122779,1399.15112609296,6231.849812778274,58,442
7700,5967.482869046203,1488.655789751737,6532.379978146406,56,444
7800,6306.952395853984,1378.4336272712947,6903.678883529916,54,446
7900,6618.419154545497,1298.4249715317508,7183.374289024832,48,452
8000,6874.7678067206,1197.5540270995923,7381.882763070188,41,459
8100,7181.381257200988,1027.994261187822,7658.799213788216,36,464
8200,7501.479477862216,1159.304542683054,7906.299154575781,30,470
8300,7848.288823519739,1353.1540996292524,8204.56203622259,26,474
8400,8191.662836521325,1194.5193626814191,8468.057277275915,19,481
8500,8559.80163213381,1316.6492788594016,8814.736601089638,17,483
8600,8967.617529367319,1328.778298365702,9302.5144476367,21,479
8700,9377.469400310867,1354.495409146411,9764.32139569196,23,477
8800,9788.347243087757,1399.2690915276712,10101.632319287099,18,482
8900,10225.671200557732,1806.5970966286882,10503.987699861169,16,484
9000,10670.298465638216,2159.292255154705,10988.136871838848,18,482
9100,11174.570369563386,3241.190852390509,11574.572698160337,24,476
9200,11602.027208821952,3704.737692169499,12035.211865853522,26,474
9300,12008.723515997814,3785.966101861577,12423.316326794598,24,476
9400,12481.054829613913,4502.863445792632,12744.796693541886,16,484
9500,13030.056498050104,4358.34580858039,13298.253735868757,15,485
9600,13543.553967557102,3571.6868374562328,13747.06146000814,10,490
9700,14052.1218214407,3055.3535466447884,14140.805436560024,4,496
9800,14626.934175508324,3573.796518190849,14693.653316296963,3,497
9900,15210.938389173694,3885.4358843129735,15279.301583368022,3,497
10000,15731.930973158367,4195.470715961773,15801.567554187723,3,497
10100,16261.274787799377,4526.148257582079,16332.110561623627,3,497
10200,16939.473372707165,4848.415854675291,16988.031836635004,2,498
10300,17570.068185030377,10443.077303448512,17584.350731887254,1,499
10400,18222.312612627364,11342.913497459085,18236.098983599644,1,499
10500,18888.680730472235,12330.37928758686,18901.823619135335,1,499
10600,19544.12187557589,13367.036477563615,19556.50080422922,1,499
10700,20186.26994225475,14421.17275564178,20197.823243229923,1,499
10800,20828.405704042725,15467.335633218137,20839.149331439166,1,499
10900,21528.56586483915,16456.12401088728,21538.73107897533,1,499
11000,22264.618148645426,17580.59252662875,22274.00497353925,1,499
11100,23100.730933278497,18750.625486452318,23109.448579464522,1,499
11200,23865.07303322245,19976.64135787935,23872.86548146963,1,499
11300,24633.201533423366,15752.224793879428,24650.999081999606,1,499
11400,25416.9947544553,16864.756306863503,25434.13350885929,1,499
11500,26217.79459696525,18009.27198615322,26234.244542077093,1,499
11600,26993.794163396746,19218.024072493594,27009.376868989737,1,499
11700,27787.512460444406,20465.585445004526,27802.18566087615,1,499
11800,28639.593302738416,21783.442220964705,28653.33308446542,1,499
11900,29537.30279767361,23130.471564776642,29550.142138821702,1,499
12000,30372.884114497818,24520.641662505644,30384.612055283367,1,499
12100,31346.59935165449,25962.520750651398,31357.389088329845,1,499
12200,32343.053387491484,27444.702282663504,32352.8697223709,1,499
12300,33270.488614176735,22483.616893152117,33292.10559157357,1,499
12400,34057.54877572447,23895.901457686177,34077.912798405916,1,499
12500,34965.04532310276,25377.474879028938,34984.25889112695,1,499
12600,35895.37405961761,26907.85479547728,35913.385120267194,1,499
12700,36914.9729104238,28448.3706926572,36931.940049136756,1,499
12800,37937.535514632866,30035.617871780352,37953.37102093116,1,499
12900,38950.85734665856,31627.34390477007,38965.53372630162,1,499
13000,40059.6732023004,33303.55285924102,40073.21252162517,1,499
13100,41146.71349450548,35031.46791441391,41158.96849566799,1,499
13200,42154.507861463906,36794.5768603985,42165.24920615542,1,499
13300,43180.28742828676,31051.23010838272,43204.59415638276,1,499
13400,44287.93065693168,32649.72615827028,44311.253712039215,1,499
13500,45341.61952673471,34212.40999792392,45363.922551842545,1,499
13600,46308.41981197919,35752.2423820134,46329.5744761675,1,499
13700,47548.20575174686,37247.085092890644,47568.849280121314,1,499
13800,48755.354040542814,38861.10695313643,48775.182191018575,1,499
13900,49929.393252957154,40605.06868299391,49948.07927413944,1,499
14000,51004.67802394936,42467.45104275919,51021.78669525435,1,499
14100,52343.08231840268,44452.69158143691,52358.894724689184,1,499
14200,53709.50008923373,46440.304257076656,53724.06761595148,1,499
14300,54783.12170349425,48460.12768271404,54795.79303419722,1,499
14400,55904.01518856617,41844.002569610515,55932.19156656007,1,499
14500,57115.287304489124,43767.88870607722,57142.03559827351,1,499
14600,58427.877553211045,45650.30489473693,58453.48391124407,1,499
14700,59728.535202930434,47376.26174215076,59753.28925796206,1,499
14800,60933.58218625059,48937.12781126184,60957.62317698203,1,499
14900,62339.967317430644,50627.6670248438,62363.43886110317,1,499
15000,63788.893896117705,52714.4723109701,63811.08712574726,1,499
15100,65090.502737685245,54890.289269242494,65110.944047241246,1,499
15200,66540.24415477787,57140.392702997306,66559.08153243674,1,499
15300,67924.6825234991,59383.62208963929,67941.79887707398,1,499
15400,69195.86102347137,52049.83993914777,69230.22178716741,1,499
15500,70537.4109737871,54127.88262450246,70570.29580013838,1,499
15600,71866.24301985046,56246.93519079991,71897.54423794476,1,499
15700,73340.26040430825,58387.1070963009,73370.22664340246,1,499
15800,74842.45396348696,60551.68736688189,74871.0927743018,1,499
15900,76215.82874068865,62713.49756087667,76242.8875206081,1,499
16000,77878.43897424515,64791.042412989606,77904.66622186289,1,499
16100,79515.0716175085,66749.55530870079,79540.65381452015,1,499
16200,80848.50856833751,68973.22901283305,80872.30672375935,1,499
16300,82315.18029021406,71143.54785629986,82337.56833116378,1,499
16400,83915.01535540365,73016.44873767791,83936.85617026883,1,499
16500,85413.9626418536,74438.85772184718,85435.95684009008,1,499
16600,86971.45815395817,65761.0277205379,87013.96402657025,1,499
16700,88408.6024244925,,88408.6024244925,0,500
16800,90156.33286603354,,90156.33286603354,0,500
16900,91904.46722651494,,91904.46722651494,0,500
17000,93432.04385874093,,93432.04385874093,0,500
17100,95233.79904948107,,95233.79904948107,0,500
17200,96974.37400965038,,96974.37400965038,0,500
17300,98522.35926609281,,98522.35926609281,0,500
17400,100122.19141828787,,100122.19141828787,0,500
17500,101758.39562591731,,101758.39562591731,0,500
17600,103498.8839313425,,103498.8839313425,0,500
17700,105140.42952994829,,105140.42952994829,0,500
17800,107001.29426338278,,107001.29426338278,0,500
17900,108923.11712084457,,108923.11712084457,0,500
18000,110723.1345075349,,110723.1345075349,0,500
18100,112584.30813869445,,112584.30813869445,0,500
18200,114266.26415551562,,114266.26415551562,0,500
18300,116123.49139262839,,116123.49139262839,0,500
18400,117964.0364524173,,117964.0364524173,0,500
18500,119567.15445354773,,119567.15445354773,0,500
18600,121466.1447431649,,121466.1447431649,0,500
18700,123468.69430719256,,123468.69430719256,0,500
18800,125289.02026225641,,125289.02026225641,0,500
18900,127427.63940326855,,127427.63940326855,0,500
19000,129403.4714405578,,129403.4714405578,0,500
19100,131247.56231469248,,131247.56231469248,0,500
19200,133173.12655480744,,133173.12655480744,0,500
19300,135144.6733594584,,135144.6733594584,0,500
19400,137196.9047700165,,137196.9047700165,0,500
19500,139077.72827011548,,139077.72827011548,0,500
19600,140823.06650249517,,140823.06650249517,0,500
19700,143104.3716755478,,143104.3716755478,0,500
19800,145351.68434058884,,145351.68434058884,0,500
19900,147354.70702893464,,147354.70702893464,0,500
20000,149527.50368123036,,149527.50368123036,0,500
20100,151661.255975977,,151661.255975977,0,500
20200,153703.13111351006,,153703.13111351006,0,500
20300,155697.1769335761,,155697.1769335761,0,500
20400,157647.53979957206,,157647.53979957206,0,500
20500,159840.0663196974,,159840.0663196974,0,500
20600,162125.2124267853,,162125.2124267853,0,500
20700,164252.846538413,,164252.846538413,0,500
20800,166571.810083985,,166571.810083985,0,500
20900,168976.38480750952,,168976.38480750952,0,500
21000,171018.428469688,,171018.428469688,0,500
21100,173177.6836138749,,173177.6836138749,0,500
21200,175544.78708067065,,175544.78708067065,0,500
21300,177781.9482690587,,177781.9482690587,0,500
21400,179887.4095177528,,179887.4095177528,0,500
21500,182130.01522716403,,182130.01522716403,0,500
21600,184515.75640101134,,184515.75640101134,0,500
21700,187078.79951008796,,187078.79951008796,0,500
21800,189321.56506285022,,189321.56506285022,0,500
21900,191830.6538354759,,191830.6538354759,0,500
22000,194204.46219810998,,194204.46219810998,0,500
22100,196561.45570924968,,196561.45570924968,0,500
22200,198784.81390182482,,198784.81390182482,0,500
22300,201152.9719361204,,201152.9719361204,0,500
22400,203471.34443417934,,203471.34443417934,0,500
22500,205995.36316729378,,205995.36316729378,0,500
22600,208567.02526930373,,208567.02526930373,0,500
22700,211303.88124138545,,211303.88124138545,0,500
22800,213792.91155385168,,213792.91155385168,0,500
22900,216277.97724554173,,216277.97724554173,0,500
23000,218733.7839529636,,218733.7839529636,0,500
23100,221090.75412080064,,221090.75412080064,0,500
23200,223664.35148437208,,223664.35148437208,0,500
23300,225937.73746842094,,225937.73746842094,0,500
23400,228665.57529874807,,228665.57529874807,0,500
23500,231500.83527723278,,231500.83527723278,0,500
23600,233955.82198507967,,233955.82198507967,0,500
23700,236789.87892667926,,236789.87892667926,0,500
23800,239457.81540092774,,239457.81540092774,0,500
23900,242070.45636813383,,242070.45636813383,0,500
24000,244490.05502140327,,244490.05502140327,0,500
24100,247140.68850319576,,247140.68850319576,0,500
24200,249978.14634497368,,249978.14634497368,0,500
24300,252605.0661431031,,252605.0661431031,0,500
24400,255153.069547318,,255153.069547318,0,500
24500,258085.7436339173,,258085.7436339173,0,500
24600,260954.62958930564,,260954.62958930564,0,500
24700,263757.47631971363,,263757.47631971363,0,500
24800,266639.6318244025,,266639.6318244025,0,500
24900,269522.94764547824,,269522.94764547824,0,500
25000,272262.72254081804,,272262.72254081804,0,500
25100,274840.8443775543,,274840.8443775543,0,500
25200,277545.7976200393,,277545.7976200393,0,500
25300,280403.0592509166,,280403.0592509166,0,500
25400,283503.1519600271,,283503.1519600271,0,500
25500,286309.3105159926,,286309.3105159926,0,500
25600,289539.83971270727,,289539.83971270727,0,500
25700,292558.2455013835,,292558.2455013835,0,500
25800,295411.82223740435,,295411.82223740435,0,500
25900,298087.3589424115,,298087.3589424115,0,500
26000,300882.58462274587,,300882.58462274587,0,500
26100,303890.8181496723,,303890.8181496723,0,500
26200,306731.50424599554,,306731.50424599554,0,500
26300,309798.0714337399,,309798.0714337399,0,500
26400,313181.1231230378,,313181.1231230378,0,500
26500,316088.18374038464,,316088.18374038464,0,500
26600,319321.73358651326,,319321.73358651326,0,500
26700,322469.0180449064,,322469.0180449064,0,500
26800,325451.3476893478,,325451.3476893478,0,500
26900,328419.27004912164,,328419.27004912164,0,500
27000,331481.6831609677,,331481.6831609677,0,500
27100,334712.2536848724,,334712.2536848724,0,500
27200,337899.78388214327,,337899.78388214327,0,500
27300,340839.7155515126,,340839.7155515126,0,500
27400,344160.42042349867,,344160.42042349867,0,500
27500,347631.33748053096,,347631.33748053096,0,500
27600,350916.93534601177,,350916.93534601177,0,500
27700,354355.26669226063,,354355.26669226063,0,500
27800,357361.6651013329,,357361.6651013329,0,500
27900,360565.9066410792,,360565.9066410792,0,500
28000,363578.6064665856,,363578.6064665856,0,500
28100,366700.8863399434,,366700.8863399434,0,500
28200,370007.037490525,,370007.037490525,0,500
28300,373507.0917256463,,373507.0917256463,0,500
28400,376912.7905656535,,376912.7905656535,0,500
28500,380694.48066460784,,380694.48066460784,0,500
28600,383728.02439278323,,383728.02439278323,0,500
28700,387034.39806364547,,387034.39806364547,0,500
28800,390297.7521872468,,390297.7521872468,0,500
28900,393638.35708422505,,393638.35708422505,0,500
29000,397178.361040796,,397178.361040796,0,500
29100,400730.0503705825,,400730.0503705825,0,500
29200,404122.2933277291,,404122.2933277291,0,500
29300,407701.596967271,,407701.596967271,0,500
29400,411069.2736467294,,411069.2736467294,0,500
29500,414759.86424836307,,414759.86424836307,0,500
29600,418448.42383278185,,418448.42383278185,0,500
29700,421887.65504365397,,421887.65504365397,0,500
29800,425477.1435062907,,425477.1435062907,0,500
29900,428678.51440106094,,428678.51440106094,0,500
30000,432329.567067694,,432329.567067694,0,500
