500
 Lattice="177.2453850905516 0.0 0.0 0.0 177.2453850905516 0.0 0.0 0.0 1.0"Properties=species:S:1:pos:R:3:aspherical_shape:R:3:orientation:R:4:Color:R:1
cell 81.0869057821957 148.59824018709676 0.0 2.23606797749979 0.4472135954999579 1 0 0 0.7014306783537366 0.7127376820852233 1.5548056383997009
cell 67.81412344803654 77.19946076868844 0.0 2.23606797749979 0.4472135954999579 1 0 0 0.8588648159829319 0.5122023309851339 2.0660985133227534
cell 164.08172262261132 59.08974492765355 0.0 2.23606797749979 0.4472135954999579 1 0 0 0.03790428919143175 -0.9992813742189396 6.207358564242258
cell 40.92724427312823 76.16397609728524 0.0 2.23606797749979 0.4472135954999579 1 0 0 -0.9519840579338696 -0.30614760074147684 2.5193052952974
cell 20.893849717720247 17.98769061486478 0.0 2.23606797749979 0.4472135954999579 1 0 0 -0.5096323959117568 -0.8603922483595737 1.069514968885204
cell 24.691771184424248 56.86785145794387 0.0 2.23606797749979 0.4472135954999579 1 0 0 0.9985255400908001 -0.054283936725112586 3.2502139181895324
cell 46.63655163416514 97.11382575865439 0.0 2.23606797749979 0.4472135954999579 1 0 0 -0.5415853617197469 0.840645761287649 5.138541603522656
cell 20.26014875343494 19.20231000362241 0.0 2.23606797749979 0.4472135954999579 1 0 0 -0.4916879393228263 -0.8707714799673176 1.0280542713005465
cell 159.58852755382077 3.967702344054796 0.0 2.23606797749979 0.4472135954999579 1 0 0 0.6962409272405368 -0.7178081716135848 4.742890852276706
cell 10.968374192474167 75.13876160724838 0.0 2.23606797749979 0.4472135954999579 1 0 0 0.9903960915042713 -0.13825911157338971 3.4189995099875063
cell 39.925117814032916 79.41424898005113 0.0 2.23606797749979 0.4472135954999579 1 0 0 0.9946096632167981 0.10369000836998415 2.9338392155348747
cell 95.56042069108446 100.34047734104936 0.0 2.23606797749979 0.4472135954999579 1 0 0 0.9981069672981179 0.06150188477562249 3.0185112084990258
cell 59.498745737125844 118.93639640349099 0.0 2.23606797749979 0.4472135954999579 1 0 0 0.5470139135733849 -0.837123514397445 5.125599340271881
cell 106.61414047991609 156.82683643006087 0.0 2.23606797749979 0.4472135954999579 1 0 0 0.8299736315092616 0.5578026272789761 1.9581208212502865
cell 4.128453770885009 61.4624026128295 0.0 2.23606797749979 0.4472135954999579 1 0 0 0.33578614074248686 0.9419382504629839 0.684879410203766
cell 67.07103870655556 128.8677011923947 0.0 2.23606797749979 0.4472135954999579 1 0 0 0.8638878072775412 0.5036842824996643 2.085876115647067
cell 67.48324233288541 75.08274279532014 0.0 2.23606797749979 0.4472135954999579 1 0 0 -0.8084009533870137 -0.5886322269150469 1.8828609584289886
cell 57.6099065555394 60.86743249517837 0.0 2.23606797749979 0.4472135954999579 1 0 0 0.9044707133402676 0.42653572969887 2.2602743753747823
cell 15.262802847303028 106.98505960254037 0.0 2.23606797749979 0.4472135954999579 1 0 0 -0.9994119154576006 0.03429027910895339 3.2101866586929813
cell 34.96092931882859 36.938597236130406 0.0 2.23606797749979 0.4472135954999579 1 0 0 0.890869074499063 -0.4542601590511575 4.084675787794153
cell 79.66495269854968 88.80737440836837 0.0 2.23606797749979 0.4472135954999579 1 0 0 0.6444709242209727 0.7646288170306984 1.4006622864513367
cell 156.49702525058655 6.862328569502915 0.0 2.23606797749979 0.4472135954999579 1 0 0 0.7678393925343054 0.6406423864158137 1.7509234745089866
cell 95.27529773564072 82.38741765977022 0.0 2.23606797749979 0.4472135954999579 1 0 0 0.9304974413931305 0.36629839142540294 2.391537065692987
cell 10.802130802753027 127.7825222901646 0.0 2.23606797749979 0.4472135954999579 1 0 0 0.9263432640538719 0.37668044433182174 2.3691723153081523
cell 11.196779766024989 100.95367401928497 0.0 2.23606797749979 0.4472135954999579 1 0 0 0.9993148556330752 0.037011070114844925 3.067553603441583
cell 47.10016695556559 64.08925697422356 0.0 2.23606797749979 0.4472135954999579 1 0 0 -0.9102596551776002 -0.4140378728521781 2.2878215184233603
cell 17.603504852135245 106.1115929196839 0.0 2.23606797749979 0.4472135954999579 1 0 0 0.9996744726486074 -0.02551369700236672 3.19262558525307
cell 164.9345452781559 177.15957602889978 0.0 2.23606797749979 0.4472135954999579 1 0 0 0.9124264256851874 -0.4092407820725511 3.9848362936403303
cell 89.86419489447427 88.2338988565335 0.0 2.23606797749979 0.4472135954999579 1 0 0 0.3573277590684694 0.9339790536190338 0.7308103720702844
cell 74.99403506473134 34.077669433319166 0.0 2.23606797749979 0.4472135954999579 1 0 0 0.9260645322881402 0.37736518392393875 2.367693721745155
cell 8.690635028934324 105.28164941831497 0.0 2.23606797749979 0.4472135954999579 1 0 0 0.9998231678048877 -0.01880513548474189 3.179205141618355
cell 51.073128132519116 111.94775415767865 0.0 2.23606797749979 0.4472135954999579 1 0 0 0.247115133519945 -0.9689861251769396 5.783781469931044
cell 21.184358402985897 76.13018975119365 0.0 2.23606797749979 0.4472135954999579 1 0 0 0.4081900567146072 0.9128969698708205 0.8409410886353823
cell 87.80838369421 110.72389410309255 0.0 2.23606797749979 0.4472135954999579 1 0 0 0.007844679762529606 0.999969230026316 0.01568952044743308
cell 32.52595515397581 107.69449482124925 0.0 2.23606797749979 0.4472135954999579 1 0 0 -0.9352312389732389 -0.35403746927208224 2.4178233007373215
cell 43.09452276410758 64.28506268632812 0.0 2.23606797749979 0.4472135954999579 1 0 0 -0.8274766326249754 -0.5615001535704434 1.9491974279209803
cell 104.63471072217787 53.5826936572375 0.0 2.23606797749979 0.4472135954999579 1 0 0 0.06123404732921519 0.9981234349756964 0.12254475865518366
cell 13.752509113856744 19.031178835603875 0.0 2.23606797749979 0.4472135954999579 1 0 0 -0.5210847596446517 -0.8535049345294236 1.0962428109115159
cell 20.434572777499877 23.40194943590685 0.0 2.23606797749979 0.4472135954999579 1 0 0 0.4725409359294995 0.8813087222255732 0.9843433927312553
cell 69.92190092757033 78.74860069050358 0.0 2.23606797749979 0.4472135954999579 1 0 0 -0.8114382913121527 -0.5844381056984683 1.8932178178711574
cell 55.864247736968 120.57410080947398 0.0 2.23606797749979 0.4472135954999579 1 0 0 0.380470226564734 -0.9247931696859466 5.502575887058032
cell 93.3474593336834 143.60843148623727 0.0 2.23606797749979 0.4472135954999579 1 0 0 0.00912524909198546 0.9999583640477283 0.01825075148047986
cell 164.75060774954815 129.3264349229807 0.0 2.23606797749979 0.4472135954999579 1 0 0 -0.9725379484785384 -0.23274436356044362 2.671795469632128
cell 167.6821554152159 3.470409465600377 0.0 2.23606797749979 0.4472135954999579 1 0 0 0.9002111242917774 -0.43545370787413673 4.042677087590033
cell 170.50395974459326 56.250388901012705 0.0 2.23606797749979 0.4472135954999579 1 0 0 0.06767251108891248 0.9977075880451752 0.13544853928787895
cell 44.86162185914982 96.61452464749995 0.0 2.23606797749979 0.4472135954999579 1 0 0 -0.9555175220299442 -0.29493434030942395 2.5428190504367265
cell 156.6319813015867 48.69998985256987 0.0 2.23606797749979 0.4472135954999579 1 0 0 -0.2365239796989735 -0.9716256516927492 0.47757350767151596
cell 151.65180255955113 48.33240736113317 0.0 2.23606797749979 0.4472135954999579 1 0 0 0.2315237232193507 0.972829258188018 0.46728734380672826
cell 118.51845851313762 48.569181724204675 0.0 2.23606797749979 0.4472135954999579 1 0 0 -0.9855757902238644 0.16923463512119868 3.4816987556604766
cell 32.673558638998735 68.74507987548512 0.0 2.23606797749979 0.4472135954999579 1 0 0 0.10812130589534404 -0.9941377083741897 6.06651914294302
cell 29.91355217457922 35.23164334917543 0.0 2.23606797749979 0.4472135954999579 1 0 0 -0.9996568560531476 0.026194849607063392 3.193988346029265
cell 42.27436247052315 44.65643643727451 0.0 2.23606797749979 0.4472135954999579 1 0 0 0.7049659350992812 -0.7092411651544177 4.7184350779199615
cell 96.22882595787753 1.5003917356985252 0.0 2.23606797749979 0.4472135954999579 1 0 0 -0.857925064623271 0.513774837347214 4.2207506223546085
cell 157.68075475280534 7.423536204480033 0.0 2.23606797749979 0.4472135954999579 1 0 0 0.7260194468260337 0.687674169087672 1.625031385433426
cell 160.27753889028637 174.4318828576793 0.0 2.23606797749979 0.4472135954999579 1 0 0 0.5821068412623264 -0.8131123079597288 5.0405505520394005
cell 69.39307884667643 170.24935246456528 0.0 2.23606797749979 0.4472135954999579 1 0 0 0.08030290075032515 -0.996770507253843 6.1224063902713235
cell 56.461879072136455 118.66537613933411 0.0 2.23606797749979 0.4472135954999579 1 0 0 -0.2108600271968864 0.9775162653022855 5.858275937218807
cell 157.2669882559651 0.7037983085816554 0.0 2.23606797749979 0.4472135954999579 1 0 0 0.9427624021137795 0.33346522031638665 2.4616390532216017
cell 162.38720726203744 173.61260747743404 0.0 2.23606797749979 0.4472135954999579 1 0 0 0.9322610976195873 -0.36178618805189655 3.8819589673188686
cell 80.91030253632782 83.97017630585006 0.0 2.23606797749979 0.4472135954999579 1 0 0 -0.6698958392473788 -0.7424550926211295 1.4681369724911466
cell 161.49927376442744 4.175398106613361 0.0 2.23606797749979 0.4472135954999579 1 0 0 0.7197302227242858 -0.6942538487450033 4.676357997791227
cell 139.2245908256541 79.75478661262817 0.0 2.23606797749979 0.4472135954999579 1 0 0 -0.45091942060157747 -0.8925646621530217 0.9355903197005357
cell 162.3663807903052 2.403129759072702 0.0 2.23606797749979 0.4472135954999579 1 0 0 0.765964345222934 -0.6428830545652933 4.538105257094167
cell 36.82679366924982 73.93894632214916 0.0 2.23606797749979 0.4472135954999579 1 0 0 0.8182843086074545 0.5748137005037547 1.9168397356434714
cell 16.136304086236546 103.40191957353605 0.0 2.23606797749979 0.4472135954999579 1 0 0 0.9996857966396753 -0.025066072626117625 3.191730050064848
cell 45.438559222736565 72.67852360797745 0.0 2.23606797749979 0.4472135954999579 1 0 0 -0.9243881363437595 -0.3814532387946276 2.358856860820859
cell 17.704425744799433 80.24916547403097 0.0 2.23606797749979 0.4472135954999579 1 0 0 0.9633342296433874 -0.2683042340280548 3.6848572331268135
cell 44.05317903620388 64.83634467976766 0.0 2.23606797749979 0.4472135954999579 1 0 0 -0.8822040717523202 -0.47086725919692807 2.1610454935499863
cell 74.27052635910145 143.08958589701672 0.0 2.23606797749979 0.4472135954999579 1 0 0 0.8071385534183546 0.5903620546628365 1.8785779877447653
cell 3.5263005120421704 62.46582116221309 0.0 2.23606797749979 0.4472135954999579 1 0 0 0.3115537105108866 0.9502285438076983 0.6336553730125782
cell 30.925618068244937 128.5275490735165 0.0 2.23606797749979 0.4472135954999579 1 0 0 0.6042941446337561 0.7967613110344635 1.2977593276242918
cell 151.61759715143762 40.08310609103031 0.0 2.23606797749979 0.4472135954999579 1 0 0 0.980786212286084 -0.19508563706617826 3.5342821818259647
cell 168.06253932038817 7.766225763598513 0.0 2.23606797749979 0.4472135954999579 1 0 0 -0.8631838804571699 0.5048896795527734 4.2001009618242655
cell 131.18886990186598 25.642567601995943 0.0 2.23606797749979 0.4472135954999579 1 0 0 -0.8875639754712403 0.4606844792758788 4.099125119538773
cell 111.01413310669987 160.44462474435574 0.0 2.23606797749979 0.4472135954999579 1 0 0 0.7724179643173915 -0.6351145474635084 4.517906270089869
cell 106.22305138311141 123.61678495555255 0.0 2.23606797749979 0.4472135954999579 1 0 0 0.8629147939960248 0.5053494417754888 2.082018908671667
cell 36.92629535881615 146.74650323669226 0.0 2.23606797749979 0.4472135954999579 1 0 0 0.679478527218243 -0.7336953939131194 4.78908200279748
cell 108.25187336566212 157.70337424904022 0.0 2.23606797749979 0.4472135954999579 1 0 0 0.3005947650074491 -0.9537519526848249 5.672552910516233
cell 16.897878470866694 104.92863700499352 0.0 2.23606797749979 0.4472135954999579 1 0 0 0.9991021460607197 0.042366280658847996 3.0568347240064098
cell 48.480028346702504 14.288952377468748 0.0 2.23606797749979 0.4472135954999579 1 0 0 -0.4228082825337207 -0.9062191546314199 0.8730839759951303
cell 164.86273478032868 4.773708743467068 0.0 2.23606797749979 0.4472135954999579 1 0 0 0.8318183220046523 -0.5550479971834549 4.31843398668609
cell 150.08983729926936 97.47743097247657 0.0 2.23606797749979 0.4472135954999579 1 0 0 -0.5573235186541489 -0.8302954266735175 1.1823175408488193
cell 163.896492147145 53.32849423706844 0.0 2.23606797749979 0.4472135954999579 1 0 0 -0.20533364601853837 -0.9786920321596235 0.413609210394398
cell 100.27649497507497 144.45264557042154 0.0 2.23606797749979 0.4472135954999579 1 0 0 0.9658230326343558 0.25920237196633844 2.6172001374242035
cell 87.87529270063663 79.41607586539341 0.0 2.23606797749979 0.4472135954999579 1 0 0 0.5296444354146821 0.8482197663543704 1.116362642462424
cell 44.62345150935371 91.75089799920049 0.0 2.23606797749979 0.4472135954999579 1 0 0 0.7185321915937634 0.6954937020875627 1.6033791123887222
cell 60.76128145252982 160.40632057323745 0.0 2.23606797749979 0.4472135954999579 1 0 0 0.9670068795849316 0.2547502597357136 2.6264137869618187
cell 49.77018947559476 67.36973184217439 0.0 2.23606797749979 0.4472135954999579 1 0 0 0.9691746235854637 0.24637481404959946 2.6437166966985712
cell 166.07949943175436 55.79653114697144 0.0 2.23606797749979 0.4472135954999579 1 0 0 0.07363012609155667 0.9972856183319508 0.14739363719380355
cell 169.00168977451193 149.74169615503297 0.0 2.23606797749979 0.4472135954999579 1 0 0 0.6950930377737925 -0.7189197930495453 4.746086695194029
cell 76.64308643722072 36.066751209423515 0.0 2.23606797749979 0.4472135954999579 1 0 0 0.9610341613293176 0.27642963075266563 2.5814386915923313
cell 165.9181457903999 73.45224428336729 0.0 2.23606797749979 0.4472135954999579 1 0 0 0.03414440078966663 0.9994169099503543 0.06830207751604588
cell 155.06446235141684 1.3175901522850733 0.0 2.23606797749979 0.4472135954999579 1 0 0 0.8316133165457309 0.5553551041845298 1.9640128302773234
cell 168.36578242510228 57.254526595580906 0.0 2.23606797749979 0.4472135954999579 1 0 0 0.04971997640191414 -0.9987631971326302 6.183704338210557
cell 17.97567078428064 133.49734919294553 0.0 2.23606797749979 0.4472135954999579 1 0 0 0.8610593470715499 -0.5085044747302783 4.208486762212497
cell 23.1906073353226 136.26768757441425 0.0 2.23606797749979 0.4472135954999579 1 0 0 0.5722899307933489 0.8200513612649782 1.2185911337392503
cell 48.927905453553166 59.48436234734297 0.0 2.23606797749979 0.4472135954999579 1 0 0 0.9340461101865722 0.35715243810638303 2.41115769608023
cell 155.9383411674106 49.576344624385285 0.0 2.23606797749979 0.4472135954999579 1 0 0 -0.2044096270955254 -0.9788854398501738 0.41172112398637584
cell 28.200005001227662 130.2310814185608 0.0 2.23606797749979 0.4472135954999579 1 0 0 0.8207935538203209 -0.5712249486909757 4.357587607902121
cell 121.1470072289891 48.193919003803764 0.0 2.23606797749979 0.4472135954999579 1 0 0 0.9811534131985529 -0.1932303800359298 3.530499687292174
cell 64.2932074560073 151.44206541979742 0.0 2.23606797749979 0.4472135954999579 1 0 0 0.2147853406122113 -0.976661280822628 5.850241236085631
cell 39.91267929596502 78.09032342786678 0.0 2.23606797749979 0.4472135954999579 1 0 0 0.9706234986005292 0.24060345792292429 2.6556176033575873
cell 3.8763458022390864 83.1482460716635 0.0 2.23606797749979 0.4472135954999579 1 0 0 0.2685369465088377 0.9632693851460814 0.5437477354448877
cell 4.013841288528206 106.99893092661766 0.0 2.23606797749979 0.4472135954999579 1 0 0 0.9613323279101246 -0.2753909136389593 3.6995852857504463
cell 5.378221253864481 121.02245764776144 0.0 2.23606797749979 0.4472135954999579 1 0 0 -0.7324464739268892 -0.6808246197311514 1.6438168747651813
cell 152.3801773262454 50.61763206495728 0.0 2.23606797749979 0.4472135954999579 1 0 0 0.1798759788313996 0.9836892965969721 0.3617207444204084
cell 161.26058301877057 176.94258140388447 0.0 2.23606797749979 0.4472135954999579 1 0 0 -0.7370553804004566 0.6758323506778424 4.625779474134591
cell 14.606230074284182 75.12138463100919 0.0 2.23606797749979 0.4472135954999579 1 0 0 0.9930257602759346 -0.1178975802482905 3.377937511873864
cell 6.748786808168074 104.47846233943797 0.0 2.23606797749979 0.4472135954999579 1 0 0 0.9986482234003836 0.05197812904729701 3.0375895282735894
cell 157.68985499209373 58.70719823320065 0.0 2.23606797749979 0.4472135954999579 1 0 0 0.009721357031861213 -0.9999527464922825 6.263742286864596
cell 70.61367755063004 102.43360760898493 0.0 2.23606797749979 0.4472135954999579 1 0 0 0.9968979969243856 -0.07870440729811491 3.299164431284441
cell 158.08215367562502 163.76751210120318 0.0 2.23606797749979 0.4472135954999579 1 0 0 0.8270965097955635 -0.5620599287300219 4.335341159144202
cell 87.42806876269182 13.453885978518304 0.0 2.23606797749979 0.4472135954999579 1 0 0 0.9513750044395523 0.30803506444501083 2.515338701453586
cell 75.83405971411983 38.822973278958095 0.0 2.23606797749979 0.4472135954999579 1 0 0 0.9667501417652414 0.25572282533416035 2.6244020233209775
cell 10.81676432321392 106.55423469746671 0.0 2.23606797749979 0.4472135954999579 1 0 0 -0.9957082255604676 0.09254798512785209 3.326953875980333
cell 48.009790978723736 64.75157028894965 0.0 2.23606797749979 0.4472135954999579 1 0 0 0.8911137378367252 0.45378001965562575 2.1995872837288126
cell 13.121408346230705 105.8351976709507 0.0 2.23606797749979 0.4472135954999579 1 0 0 0.9997344534887423 -0.02304392561100903 3.187684584734546
cell 115.93177427822343 136.5398785819288 0.0 2.23606797749979 0.4472135954999579 1 0 0 -0.13268112019046102 -0.9911587765565134 0.26614705887284007
cell 51.12197589969129 63.802447393936205 0.0 2.23606797749979 0.4472135954999579 1 0 0 -0.9374110100073461 -0.34822492489339024 2.430238967884095
cell 116.86754664259564 135.59134375101502 0.0 2.23606797749979 0.4472135954999579 1 0 0 0.14450359752256328 0.9895042750301977 0.29002257252063585
cell 41.099153710788116 37.194709226374314 0.0 2.23606797749979 0.4472135954999579 1 0 0 0.8374551353563513 -0.5465060807212262 4.297965580222166
cell 83.50774832605896 32.56461934937533 0.0 2.23606797749979 0.4472135954999579 1 0 0 -0.28703237190153347 0.9579208826832097 5.700930497560176
cell 163.23291553008687 66.47756280667464 0.0 2.23606797749979 0.4472135954999579 1 0 0 -0.05854632455721709 -0.998284692801027 0.1171596450387824
cell 163.68160543067842 58.14959644347628 0.0 2.23606797749979 0.4472135954999579 1 0 0 -0.07635678115031878 0.9970805594195297 6.1303229583914645
cell 172.72043715994877 19.249627350085827 0.0 2.23606797749979 0.4472135954999579 1 0 0 0.9716373107076544 -0.23647608006053628 3.6190675649532347
cell 97.14997425013102 145.56045218719746 0.0 2.23606797749979 0.4472135954999579 1 0 0 -0.9178633117436618 -0.3968966376211288 2.3253260697729647
cell 172.6404185037328 17.56381639952213 0.0 2.23606797749979 0.4472135954999579 1 0 0 -0.9706972235650919 0.2403058471261613 3.6269544907840228
cell 165.06978263993386 1.7365365557702706 0.0 2.23606797749979 0.4472135954999579 1 0 0 0.9035043580042204 -0.42857890179916874 4.027431284464316
cell 162.46729461743976 6.832958380492053 0.0 2.23606797749979 0.4472135954999579 1 0 0 0.7367118547297492 -0.6762068049795513 4.6267957928170125
cell 47.66789065666254 8.070194889160513 0.0 2.23606797749979 0.4472135954999579 1 0 0 0.3602515772046369 0.9328551876478854 0.7370751291245029
cell 13.097590514500341 104.6349583490023 0.0 2.23606797749979 0.4472135954999579 1 0 0 0.9970594517948768 0.0766319097145553 2.988178430688633
cell 135.4958070773653 154.34015722106415 0.0 2.23606797749979 0.4472135954999579 1 0 0 -0.2706467862703976 -0.9626787195536762 0.5481296581195867
cell 161.99330843081842 62.00967679619731 0.0 2.23606797749979 0.4472135954999579 1 0 0 -0.11047517951011146 0.9938788833214078 6.0617830204687655
cell 22.89436039919338 92.36026375953169 0.0 2.23606797749979 0.4472135954999579 1 0 0 0.9761482064957444 0.2171052255362396 2.703896692774369
cell 9.316273109418363 109.78723186197425 0.0 2.23606797749979 0.4472135954999579 1 0 0 0.9721604953362447 -0.23431596468782756 3.6146224226101853
cell 115.42437658666074 133.84993139284038 0.0 2.23606797749979 0.4472135954999579 1 0 0 0.20249262033624346 0.9792837886482968 0.4078052088163017
cell 12.532819996701464 53.262611952265495 0.0 2.23606797749979 0.4472135954999579 1 0 0 -0.8389041035827783 0.5442792527664223 4.292652097065856
cell 6.691201887589574 136.08122810998483 0.0 2.23606797749979 0.4472135954999579 1 0 0 0.892751318898678 0.45054975597004937 2.2068305673900355
cell 171.2719207669139 79.1750478954702 0.0 2.23606797749979 0.4472135954999579 1 0 0 0.9778362533333275 -0.2093711099150037 3.5634561952819084
cell 104.08704349793064 55.48604849965693 0.0 2.23606797749979 0.4472135954999579 1 0 0 -0.18534944757071062 -0.9826726730123477 0.372854919485917
cell 160.52683332519047 50.91839503691673 0.0 2.23606797749979 0.4472135954999579 1 0 0 0.19822950434116504 0.9801556323404238 0.39910249675933535
cell 78.1716111833583 92.63593919695798 0.0 2.23606797749979 0.4472135954999579 1 0 0 0.9877755976806406 -0.15588254753709066 3.454634373893991
cell 161.06680663106047 60.3188940516767 0.0 2.23606797749979 0.4472135954999579 1 0 0 -0.10669674139552296 0.9942916098286141 6.069384850550632
cell 36.22888115056625 105.14035853737478 0.0 2.23606797749979 0.4472135954999579 1 0 0 0.9548679660241265 0.29703058337643884 2.5384299002075132
cell 15.765584320313403 108.08166837766343 0.0 2.23606797749979 0.4472135954999579 1 0 0 -0.9977355924705422 0.0672583639219406 3.276211007052149
cell 18.42683746265838 84.41546002249132 0.0 2.23606797749979 0.4472135954999579 1 0 0 0.984046307940715 -0.17791251734559743 3.49932208773533
cell 148.1531081256947 49.07359137703853 0.0 2.23606797749979 0.4472135954999579 1 0 0 0.1893134330566832 0.9819167093314446 0.3809257767189691
cell 154.4497995004056 40.1525124533989 0.0 2.23606797749979 0.4472135954999579 1 0 0 0.9770742978822657 -0.21289860595569315 3.5706739008900534
cell 92.39284228637791 4.4988721880439115 0.0 2.23606797749979 0.4472135954999579 1 0 0 -0.8793545294796794 0.4761676296049236 4.134175415303428
cell 44.40872129591553 67.7105906827548 0.0 2.23606797749979 0.4472135954999579 1 0 0 0.8789175992915168 0.4769736404201354 2.1471762490729436
cell 44.50495003540898 71.75479484203296 0.0 2.23606797749979 0.4472135954999579 1 0 0 0.9655676889107575 0.2601519520040906 2.6152335131660527
cell 122.16874982595826 134.01715713144625 0.0 2.23606797749979 0.4472135954999579 1 0 0 0.08374912275826463 -0.9964868711815631 6.115490637972847
cell 159.15926987368155 59.62403053095505 0.0 2.23606797749979 0.4472135954999579 1 0 0 0.10016918283558017 -0.9949704190628242 6.082510391654116
cell 105.31812473456634 44.618841524860855 0.0 2.23606797749979 0.4472135954999579 1 0 0 -0.9497754533327795 0.3129322422610257 3.7781501920932286
cell 41.29579706815141 68.69618983846863 0.0 2.23606797749979 0.4472135954999579 1 0 0 -0.8821997920563788 -0.47087527743095836 2.1610273157751703
cell 14.013586429265269 73.79336720052544 0.0 2.23606797749979 0.4472135954999579 1 0 0 0.9955467817478754 -0.09426879309425945 3.330410605594006
cell 19.419782037560704 93.54911292930464 0.0 2.23606797749979 0.4472135954999579 1 0 0 0.9329776496550808 0.35993430684512595 2.4051976933423944
cell 38.61397671069634 72.0563970774652 0.0 2.23606797749979 0.4472135954999579 1 0 0 0.8317100275808416 0.555210257489427 1.9643611610940541
cell 159.8356604826918 57.78577878423941 0.0 2.23606797749979 0.4472135954999579 1 0 0 0.0023921566090430104 0.9999971387892856 0.004784317781067323
cell 122.29002818844107 169.50820029834173 0.0 2.23606797749979 0.4472135954999579 1 0 0 0.8834067067085188 0.4686070747891126 2.1661659497701358
cell 12.828435632162751 110.47712142359248 0.0 2.23606797749979 0.4472135954999579 1 0 0 0.980558103169024 -0.19622896399248937 3.536613902549956
cell 101.9244532091351 43.11629289786067 0.0 2.23606797749979 0.4472135954999579 1 0 0 0.9416281477128223 -0.33665476594713367 3.828316703077657
cell 3.0743296920525505 48.89552004259124 0.0 2.23606797749979 0.4472135954999579 1 0 0 -0.10025449392384327 0.9949618266285768 6.082338906241192
cell 23.810944409092944 102.61378304300187 0.0 2.23606797749979 0.4472135954999579 1 0 0 0.9903601876173529 0.13851605965562808 2.8636669083545074
cell 3.978940142578494 168.44738412167996 0.0 2.23606797749979 0.4472135954999579 1 0 0 -0.8867290579037919 0.46228949573730704 4.102743498224699
cell 10.35242514047088 73.6715874458631 0.0 2.23606797749979 0.4472135954999579 1 0 0 0.9793119061285075 -0.20235659246723195 3.5491200554668567
cell 165.4994376796109 52.990037396157504 0.0 2.23606797749979 0.4472135954999579 1 0 0 0.24723804588105158 0.9689547712194408 0.49965753406906055
cell 98.80301838915314 74.12578084682877 0.0 2.23606797749979 0.4472135954999579 1 0 0 0.8070299962727705 0.5905104445443553 1.8782102693150409
cell 168.54669375904137 53.4466007395505 0.0 2.23606797749979 0.4472135954999579 1 0 0 0.9816095857874901 0.19089950521180502 2.7574358087377404
cell 162.14714673226817 41.28061619227365 0.0 2.23606797749979 0.4472135954999579 1 0 0 0.5264682652312187 -0.8501947810381049 5.17430297389323
cell 167.78576886066526 5.377090803625329 0.0 2.23606797749979 0.4472135954999579 1 0 0 0.8937426709477133 -0.448580024217806 4.071944468128373
cell 108.77995997685136 139.2404196108187 0.0 2.23606797749979 0.4472135954999579 1 0 0 -0.1889940601716338 -0.981978230522368 0.3802752879871072
cell 58.51398892702925 116.923876159771 0.0 2.23606797749979 0.4472135954999579 1 0 0 -0.10266995040906574 0.9947154775527522 6.0774829322728925
cell 128.9352178714774 24.249753041993333 0.0 2.23606797749979 0.4472135954999579 1 0 0 0.8796492304454214 -0.4756229929017076 4.132936903599885
cell 31.33703282500123 111.02803556252137 0.0 2.23606797749979 0.4472135954999579 1 0 0 0.9716665514506314 0.23635590280768837 2.6643651091050677
cell 136.8632111947952 0.24992432648134158 0.0 2.23606797749979 0.4472135954999579 1 0 0 0.8098888243582759 0.5865834059872217 1.8879251190295046
cell 153.62632084740517 105.71667999782959 0.0 2.23606797749979 0.4472135954999579 1 0 0 0.4847301210044073 -0.8746637695657987 5.271076128006937
cell 80.77617052529783 66.24549164094675 0.0 2.23606797749979 0.4472135954999579 1 0 0 0.8477559676632417 0.5303864810601424 2.02347987854416
cell 47.40551055099233 62.169512157632745 0.0 2.23606797749979 0.4472135954999579 1 0 0 -0.9331363764636917 -0.3595226041853437 2.4060801745784612
cell 72.22691072302807 131.17979904112096 0.0 2.23606797749979 0.4472135954999579 1 0 0 0.8468188844686625 0.531881356044043 2.0199512658204384
cell 117.70178970798726 158.73899064215794 0.0 2.23606797749979 0.4472135954999579 1 0 0 0.3615010933753642 -0.932371685267424 5.543430576979294
cell 22.686114299375365 27.34677024328221 0.0 2.23606797749979 0.4472135954999579 1 0 0 0.5206402866512764 0.8537761368858214 1.0952014522488431
cell 170.07820439881723 9.281414656038363 0.0 2.23606797749979 0.4472135954999579 1 0 0 0.851836778906819 -0.5238073139062257 4.244221403288999
cell 112.22742753922736 96.82960965658016 0.0 2.23606797749979 0.4472135954999579 1 0 0 0.7245445902270579 0.6892279280272272 1.620746822172143
cell 32.88711032303365 81.71184545129975 0.0 2.23606797749979 0.4472135954999579 1 0 0 0.9970424038886583 -0.07685339841494031 3.295451164126197
cell 120.04110896615543 58.59896376380057 0.0 2.23606797749979 0.4472135954999579 1 0 0 0.8601392687245661 -0.5100592498896266 4.212099999458211
cell 122.39378374313257 46.390522936183864 0.0 2.23606797749979 0.4472135954999579 1 0 0 0.976731709772203 -0.21446483890248505 3.5738804272394695
cell 56.754781460505555 99.00473599289158 0.0 2.23606797749979 0.4472135954999579 1 0 0 0.7851667947053782 0.6192843486574503 1.8059308313512716
cell 164.9307421135132 62.274894048016805 0.0 2.23606797749979 0.4472135954999579 1 0 0 0.1411279706461461 -0.9899913615286249 5.999983913835972
cell 86.80564596909808 81.95949634373501 0.0 2.23606797749979 0.4472135954999579 1 0 0 -0.4698019139399987 -0.8827718627472865 0.9781327472272041
cell 168.8612903488189 62.03980906986073 0.0 2.23606797749979 0.4472135954999579 1 0 0 -0.13923060011286617 0.9902599860603332 6.003816497926808
cell 87.47161079596633 84.60564080866395 0.0 2.23606797749979 0.4472135954999579 1 0 0 0.42941275523662514 0.9031083465676144 0.8876848558592871
cell 102.39550984716098 74.86443463630243 0.0 2.23606797749979 0.4472135954999579 1 0 0 0.8614628647035295 0.5078205713997694 2.0762866888874343
cell 45.497697861365054 60.80797991908452 0.0 2.23606797749979 0.4472135954999579 1 0 0 0.850672516124721 0.5256959865835351 2.034526519829174
cell 80.00344409990575 149.91011711294593 0.0 2.23606797749979 0.4472135954999579 1 0 0 0.6252654696318165 0.7804121298942656 1.3509433050989286
cell 91.90178854588822 110.31026169083269 0.0 2.23606797749979 0.4472135954999579 1 0 0 -0.09519087336943646 -0.9954590386485844 0.19067044324217441
cell 165.37121205500307 10.618612085794771 0.0 2.23606797749979 0.4472135954999579 1 0 0 0.7769354115236943 -0.6295803096670891 4.5036184662979455
cell 48.26829230609733 69.30815250596649 0.0 2.23606797749979 0.4472135954999579 1 0 0 -0.9719049527656524 -0.23537366630444267 2.6663866172769914
cell 160.0368027737345 53.16171294923524 0.0 2.23606797749979 0.4472135954999579 1 0 0 -0.06058131489902747 -0.9981632653454569 0.12123686554179258
cell 47.93278252210853 58.77884258333333 0.0 2.23606797749979 0.4472135954999579 1 0 0 -0.8891122064523582 -0.45768928798631414 2.1908035401606334
cell 29.279404913327276 134.7985710008791 0.0 2.23606797749979 0.4472135954999579 1 0 0 0.3622598329856313 0.9320771499211975 0.7413825347376165
cell 62.387231318576966 9.597151118094606 0.0 2.23606797749979 0.4472135954999579 1 0 0 -0.08606543806054577 0.9962894862295026 6.110841216575411
cell 115.79797832619975 167.51017936980344 0.0 2.23606797749979 0.4472135954999579 1 0 0 0.00413681101505834 -0.9999914433607048 6.274911661551256
cell 106.09648093844578 55.009902975077054 0.0 2.23606797749979 0.4472135954999579 1 0 0 0.9909508999625911 -0.13422486305946002 3.410855064907854
cell 54.95305494239122 57.712751103264566 0.0 2.23606797749979 0.4472135954999579 1 0 0 0.9087624147490361 0.41731387892029287 2.280617642054012
cell 45.86832372537586 69.56243823152712 0.0 2.23606797749979 0.4472135954999579 1 0 0 0.9432434786834497 0.33210200228415465 2.464530280250547
cell 34.94658462023869 78.05433622925621 0.0 2.23606797749979 0.4472135954999579 1 0 0 0.838175473123852 0.5454006566310743 1.9878585518253664
cell 99.85051551929816 139.70871066524654 0.0 2.23606797749979 0.4472135954999579 1 0 0 0.9946793847947086 0.10301903447625622 2.9351883887361323
cell 172.51375082961718 58.67544552100629 0.0 2.23606797749979 0.4472135954999579 1 0 0 0.16046626453203994 -0.9870413253492142 5.960859265457982
cell 65.85418565823637 77.81746802955496 0.0 2.23606797749979 0.4472135954999579 1 0 0 0.7428955531123418 0.669407347708335 1.674771172556063
cell 114.58153232907816 46.35462963713222 0.0 2.23606797749979 0.4472135954999579 1 0 0 0.9871077798581119 -0.1600569615592815 3.4630893699766214
cell 41.14255663940567 99.20108825925976 0.0 2.23606797749979 0.4472135954999579 1 0 0 0.9776853885643734 0.21007446533962715 2.7182904054590007
cell 14.649509488194514 4.182225420091685 0.0 2.23606797749979 0.4472135954999579 1 0 0 0.7494264827133463 0.6620875674772201 1.694390856122837
cell 5.391869989939706 68.71464376873884 0.0 2.23606797749979 0.4472135954999579 1 0 0 0.9525332274839011 -0.3044346408329752 3.7602823350121164
cell 14.425844641471256 108.88432203190777 0.0 2.23606797749979 0.4472135954999579 1 0 0 0.9965800912192199 -0.08263244995455077 3.3070462085581567
cell 72.14317923127975 79.25474324307183 0.0 2.23606797749979 0.4472135954999579 1 0 0 0.5786190126221978 -0.8155979636022351 5.049116405327012
cell 11.868158864663954 102.08409574158983 0.0 2.23606797749979 0.4472135954999579 1 0 0 -0.999992186225078 -0.0039531618723372165 3.13368630925231
cell 132.32967041625585 21.07010003122258 0.0 2.23606797749979 0.4472135954999579 1 0 0 0.8626750630862158 -0.5057585743506418 4.202114787409969
cell 3.427021708391078 103.9411205601851 0.0 2.23606797749979 0.4472135954999579 1 0 0 0.9994798982252365 0.03224799286267172 3.077085484045512
cell 28.759795497489076 125.06524996114504 0.0 2.23606797749979 0.4472135954999579 1 0 0 0.5469231031776027 0.8371828469400107 1.1573690164193355
cell 150.47877416807376 59.28532372791784 0.0 2.23606797749979 0.4472135954999579 1 0 0 0.9999238854212582 0.012337883289065045 3.116916260930742
cell 96.62771011728415 86.68501644352311 0.0 2.23606797749979 0.4472135954999579 1 0 0 -0.05390696870195429 0.9985459622497938 6.175319084185998
cell 65.61922349623528 61.243564872576236 0.0 2.23606797749979 0.4472135954999579 1 0 0 -0.8896680595636375 -0.4566078665466376 2.193235366793978
cell 100.49193701182651 72.62541695318609 0.0 2.23606797749979 0.4472135954999579 1 0 0 0.823995095358068 0.5665969315358567 1.93685265277899
cell 167.6165267095543 105.43654044804711 0.0 2.23606797749979 0.4472135954999579 1 0 0 0.7399963068021551 -0.672610932054461 4.617055572205996
cell 71.40542504480813 77.98030165027372 0.0 2.23606797749979 0.4472135954999579 1 0 0 -0.8336391933905917 -0.5523094198391728 1.9713286720037821
cell 22.7677964702331 16.113235471462 0.0 2.23606797749979 0.4472135954999579 1 0 0 -0.4678448681514748 -0.8838106015116186 0.9737014907701251
cell 129.06019992499472 29.810834055258905 0.0 2.23606797749979 0.4472135954999579 1 0 0 0.934712707183797 -0.3554042135781981 3.868285610789969
cell 96.84153690921748 85.47151992847313 0.0 2.23606797749979 0.4472135954999579 1 0 0 -0.04839859656971109 0.9988281012517031 6.186350284136617
cell 92.4102602182033 142.39071110378006 0.0 2.23606797749979 0.4472135954999579 1 0 0 0.00927477376344674 0.9999569883608179 0.018549813480284196
cell 173.84521129546832 59.354045678852856 0.0 2.23606797749979 0.4472135954999579 1 0 0 0.21569527702249938 -0.9764607250013629 5.84837768359533
cell 41.877075957547596 74.0869864667635 0.0 2.23606797749979 0.4472135954999579 1 0 0 0.9722471984182001 0.23395594706688058 2.669303506236327
cell 124.69536486928139 61.08556293676254 0.0 2.23606797749979 0.4472135954999579 1 0 0 0.9228645939766058 -0.38512457878509204 3.9322782738972992
cell 169.5632968778387 60.63529595679535 0.0 2.23606797749979 0.4472135954999579 1 0 0 0.1675363447343114 -0.9858659002080689 5.946524987908436
cell 175.4283993573733 81.06223258030884 0.0 2.23606797749979 0.4472135954999579 1 0 0 0.9664872794333854 -0.25671450814757835 3.6608351430158184
cell 170.67221949230768 80.29892935808456 0.0 2.23606797749979 0.4472135954999579 1 0 0 0.9838056025205075 -0.17923876938112793 3.502017924404088
cell 35.5552901810751 108.29537285482496 0.0 2.23606797749979 0.4472135954999579 1 0 0 0.9523500237511381 0.30500726591543137 2.5217005361340044
cell 25.639472415604228 93.61380729526407 0.0 2.23606797749979 0.4472135954999579 1 0 0 0.9935689889288544 0.11322837205795214 2.91464920864256
cell 164.46543919198714 11.123858833432006 0.0 2.23606797749979 0.4472135954999579 1 0 0 -0.7591317087223602 0.6509370544163772 4.5592289757203925
cell 165.62550847446434 4.016486622519141 0.0 2.23606797749979 0.4472135954999579 1 0 0 0.8744628529881698 -0.48509248473233485 4.1545305062685705
cell 11.28125742085821 103.96280917656792 0.0 2.23606797749979 0.4472135954999579 1 0 0 0.9940640523407475 0.10879641466469242 2.923568259506052
cell 41.71659126984695 65.16273822809318 0.0 2.23606797749979 0.4472135954999579 1 0 0 0.7946281365416762 0.6070964706010925 1.8367896118701108
cell 53.76434187480558 85.46441471101372 0.0 2.23606797749979 0.4472135954999579 1 0 0 0.6440885714789715 0.7649509213604346 1.3996623968099127
cell 100.92348476744131 75.27130104308276 0.0 2.23606797749979 0.4472135954999579 1 0 0 0.8471899247166714 0.531290157502057 2.0213472408939523
cell 84.19320559196792 81.38495169941379 0.0 2.23606797749979 0.4472135954999579 1 0 0 0.5936622955043938 0.8047142840141797 1.2712045853046359
cell 156.64732586283677 51.94858324550344 0.0 2.23606797749979 0.4472135954999579 1 0 0 0.08860963564562607 0.9960664297479106 0.1774520056744854
cell 19.293730892472617 19.90153558151636 0.0 2.23606797749979 0.4472135954999579 1 0 0 0.49864720858358663 0.866805030772086 1.0440748194748806
cell 138.14152283792663 27.369921392302306 0.0 2.23606797749979 0.4472135954999579 1 0 0 0.8310773405567056 -0.5561568609782619 4.321101294456305
cell 48.75610118712568 92.71030017246103 0.0 2.23606797749979 0.4472135954999579 1 0 0 -0.7878037431151949 -0.6159263448933551 1.8144700851569002
cell 16.160532170611233 16.58705349146293 0.0 2.23606797749979 0.4472135954999579 1 0 0 0.5541584879346899 0.8324111785950127 1.1747033847814987
cell 166.71777537111882 14.451328918395586 0.0 2.23606797749979 0.4472135954999579 1 0 0 -0.7681853764839408 0.6402274809442549 4.53118136712125
cell 155.36899573032906 50.58767766955334 0.0 2.23606797749979 0.4472135954999579 1 0 0 -0.1442981755823038 -0.9895342523246068 0.2896073770877381
cell 26.866425444365063 94.78976727289628 0.0 2.23606797749979 0.4472135954999579 1 0 0 0.999192195707715 -0.040186515609035606 3.2219873336964526
cell 175.08602987188573 101.21888901785137 0.0 2.23606797749979 0.4472135954999579 1 0 0 0.9997137747041391 -0.02392422761139501 3.1894456744813957
cell 44.57345645537706 3.4829634253838297 0.0 2.23606797749979 0.4472135954999579 1 0 0 0.5418256435604671 0.8404909113014165 1.1452154164581607
cell 41.92837334495089 70.44294471311149 0.0 2.23606797749979 0.4472135954999579 1 0 0 -0.8447607234882725 -0.5351442049126296 2.0122357676985665
cell 90.18011869561474 86.68462210647864 0.0 2.23606797749979 0.4472135954999579 1 0 0 0.4751406444826029 0.879909863543225 0.9902477289357605
cell 23.587895287291705 83.91673141529562 0.0 2.23606797749979 0.4472135954999579 1 0 0 0.9873567355479675 -0.15851396395289874 3.459963464638262
cell 158.51745632963411 161.8827088035858 0.0 2.23606797749979 0.4472135954999579 1 0 0 0.8443736682781107 -0.5357547090960257 4.27239526022364
cell 3.179876237351261 81.31450189836146 0.0 2.23606797749979 0.4472135954999579 1 0 0 0.3096548626415385 0.9508490237900283 0.6296600657820949
cell 99.38211414134184 114.50054005462755 0.0 2.23606797749979 0.4472135954999579 1 0 0 0.9451291817296713 0.32669684700499 2.475979589237353
cell 50.108087975888324 65.91801931571882 0.0 2.23606797749979 0.4472135954999579 1 0 0 0.9507242699568901 0.31003767918583447 2.5111273250489434
cell 71.76826781505353 40.74946805432419 0.0 2.23606797749979 0.4472135954999579 1 0 0 0.9872878313011197 0.1589425624706353 2.822353638676788
cell 6.734568097468752 118.89224883511041 0.0 2.23606797749979 0.4472135954999579 1 0 0 -0.7681196624843016 -0.6403063205255767 1.7517986694141534
cell 14.838228878620408 110.08409372799723 0.0 2.23606797749979 0.4472135954999579 1 0 0 0.9890268195331559 -0.14773608308104802 3.4381503423717397
cell 98.79264560822784 76.76827434745312 0.0 2.23606797749979 0.4472135954999579 1 0 0 0.8827539230115403 0.4698356216888365 2.163383537613731
cell 101.11085826186972 110.49866148286651 0.0 2.23606797749979 0.4472135954999579 1 0 0 0.9680595766967497 0.25072027434116645 2.6347442079768055
cell 70.27550091086042 161.35224612249706 0.0 2.23606797749979 0.4472135954999579 1 0 0 0.24153896620717683 -0.9703911210453073 5.795282382314503
cell 45.09812085307706 95.08141290965365 0.0 2.23606797749979 0.4472135954999579 1 0 0 0.9645131254841391 0.26403490445169786 2.6071862911428596
cell 96.81195659303066 122.11517098314704 0.0 2.23606797749979 0.4472135954999579 1 0 0 0.9253743600155181 0.3790544734281213 2.364044043557186
cell 47.67973303780471 66.7165750506694 0.0 2.23606797749979 0.4472135954999579 1 0 0 0.9177859511519849 0.3970754939152582 2.3249363301921444
cell 97.62894703122143 148.04870920251182 0.0 2.23606797749979 0.4472135954999579 1 0 0 0.9002897149504281 0.4352912004101129 2.2408692468327307
cell 9.201682471194193 103.30751278542053 0.0 2.23606797749979 0.4472135954999579 1 0 0 -0.997704405893008 -0.06771940978537791 3.0060501012427583
cell 98.17735747525145 111.09159191668442 0.0 2.23606797749979 0.4472135954999579 1 0 0 -0.2637502684222001 0.9645909992878937 5.749369137918758
cell 4.558981399746412 176.7689153431388 0.0 2.23606797749979 0.4472135954999579 1 0 0 0.3110530640604928 -0.9503925459190949 5.6505835822434625
cell 83.31690533866848 65.55271749075767 0.0 2.23606797749979 0.4472135954999579 1 0 0 0.8547383083289278 0.5190591722289498 2.05009292941328
cell 165.76204366481875 8.280106327958213 0.0 2.23606797749979 0.4472135954999579 1 0 0 0.8932933319927728 -0.4494741627916444 4.073945857015339
cell 35.71130008114809 49.53797790776739 0.0 2.23606797749979 0.4472135954999579 1 0 0 0.7690868496806212 -0.6391442854695155 4.528362880513511
cell 164.68366296813898 76.4443679324632 0.0 2.23606797749979 0.4472135954999579 1 0 0 0.09383211126241404 0.9955880347292438 0.18794069985387019
cell 2.376542128428784 103.0752675742073 0.0 2.23606797749979 0.4472135954999579 1 0 0 0.9972919740449259 0.07354399027503881 2.994371756362173
cell 155.93597582977384 56.81172159211725 0.0 2.23606797749979 0.4472135954999579 1 0 0 0.03430146138737488 0.9994115317258904 0.06861638282431594
cell 121.46724637825541 135.34552604940035 0.0 2.23606797749979 0.4472135954999579 1 0 0 0.08618268483402207 -0.9962793508021731 6.110605848499464
cell 150.16470941211455 172.64535890541976 0.0 2.23606797749979 0.4472135954999579 1 0 0 -0.9585076647999973 0.28506675800530684 3.719744804209387
cell 11.258736482192296 90.18046093746018 0.0 2.23606797749979 0.4472135954999579 1 0 0 0.9998219246681121 0.018871114247753746 3.10384818461474
cell 93.99337144406636 78.90959323815703 0.0 2.23606797749979 0.4472135954999579 1 0 0 0.8869312531729959 0.46190145285004136 2.1813169322885972
cell 1.4861904272714594 97.65300580050591 0.0 2.23606797749979 0.4472135954999579 1 0 0 0.9923587263669711 0.12338621561310233 2.894189742985132
cell 169.18969119373105 17.90141820479386 0.0 2.23606797749979 0.4472135954999579 1 0 0 -0.930195375997105 0.367064793290782 3.8932958037599104
cell 11.210458389239582 128.96532998648343 0.0 2.23606797749979 0.4472135954999579 1 0 0 0.9349791673960877 0.3547026311367294 2.416400654741266
cell 45.81652541509986 2.9201501672146124 0.0 2.23606797749979 0.4472135954999579 1 0 0 0.5446918754954937 0.8386362505694597 1.1520433189929267
cell 95.84998433301398 80.3006418291408 0.0 2.23606797749979 0.4472135954999579 1 0 0 -0.9185023851726299 -0.39541543777676363 2.32855244135164
cell 25.065153126421244 165.87621061032382 0.0 2.23606797749979 0.4472135954999579 1 0 0 0.4034555272231208 0.9149992554932018 0.8305805028690304
cell 103.680680429931 141.26706464204915 0.0 2.23606797749979 0.4472135954999579 1 0 0 0.9990181706338261 0.0443023108138104 3.0529590223623644
cell 0.23659345427580825 100.23354040511744 0.0 2.23606797749979 0.4472135954999579 1 0 0 -0.9999958262593012 0.0028891978086696326 3.147371057246321
cell 153.3117405213405 83.56102079317687 0.0 2.23606797749979 0.4472135954999579 1 0 0 0.2319922708857595 0.9727176292477012 0.4682506670972152
cell 7.664793230134538 119.97334420101255 0.0 2.23606797749979 0.4472135954999579 1 0 0 -0.8038600705723561 -0.5948184487214622 1.8675130926530148
cell 11.565743985370302 91.8990207378234 0.0 2.23606797749979 0.4472135954999579 1 0 0 0.9989058902671473 0.0467656111859766 3.0480273051420634
cell 173.79648220021673 56.03460897316744 0.0 2.23606797749979 0.4472135954999579 1 0 0 0.15365907615367788 0.9881239235620187 0.30854053910345547
cell 74.28827785304259 68.70382246818535 0.0 2.23606797749979 0.4472135954999579 1 0 0 0.46128898374799476 -0.8872499498296645 5.324290434861979
cell 160.55370645751591 5.605116557644404 0.0 2.23606797749979 0.4472135954999579 1 0 0 0.7028896371419432 -0.7112989230966594 4.724281576715585
cell 20.97351993005191 84.2135546353423 0.0 2.23606797749979 0.4472135954999579 1 0 0 0.9872765683468469 -0.15901250766299457 3.460973360903092
cell 41.45307719039372 97.71118943847516 0.0 2.23606797749979 0.4472135954999579 1 0 0 0.9621510854083574 0.2725165845366478 2.58957735805272
cell 24.036539162804115 27.409300625832838 0.0 2.23606797749979 0.4472135954999579 1 0 0 0.5958912759001426 0.8030651202151045 1.2767500698700762
cell 32.411281880857516 159.4061135797563 0.0 2.23606797749979 0.4472135954999579 1 0 0 -0.7750898414659084 -0.6318510407179473 1.7737145406661643
cell 24.08622810428674 23.454979396422907 0.0 2.23606797749979 0.4472135954999579 1 0 0 0.8333230989271468 -0.5527862270303564 4.313000769462171
cell 36.416220414854465 79.01598647459487 0.0 2.23606797749979 0.4472135954999579 1 0 0 0.9675015019893436 0.2528652677778508 2.6303114001833294
cell 150.19711602942294 38.44360090890513 0.0 2.23606797749979 0.4472135954999579 1 0 0 0.9924616106271669 -0.12255591144995724 3.387322255836543
cell 135.1366688753413 156.11098043299762 0.0 2.23606797749979 0.4472135954999579 1 0 0 0.9984550341617204 0.055565679669357944 3.0304040274748494
cell 7.240265606647034 102.64653688666205 0.0 2.23606797749979 0.4472135954999579 1 0 0 -0.9959479732648491 -0.08993127681535233 2.9614867695622156
cell 21.852921900496437 23.456023966784308 0.0 2.23606797749979 0.4472135954999579 1 0 0 0.5572255984872889 0.8303611457615793 1.182081681928024
cell 163.5980645332302 6.719674237932442 0.0 2.23606797749979 0.4472135954999579 1 0 0 -0.8008340474180207 0.5988863235173028 4.425812131004566
cell 160.41416724684544 56.87429064726851 0.0 2.23606797749979 0.4472135954999579 1 0 0 0.03481270346902612 0.9993938541321823 0.06963947806734429
cell 157.88963330375472 175.83425739223298 0.0 2.23606797749979 0.4472135954999579 1 0 0 0.9117164490336649 0.41082005374792097 2.2948859705886613
cell 100.42992651686176 27.811792971627472 0.0 2.23606797749979 0.4472135954999579 1 0 0 0.9997063477135112 0.024232588415442364 3.09312273223161
cell 115.22662192410256 15.445725280516413 0.0 2.23606797749979 0.4472135954999579 1 0 0 0.3670435788203631 -0.9302037471687264 5.531527769738811
cell 124.05417631109503 104.28583783958 0.0 2.23606797749979 0.4472135954999579 1 0 0 0.12469691808451973 -0.9921948793559774 6.033140588811078
cell 55.09187727527063 102.53412260610745 0.0 2.23606797749979 0.4472135954999579 1 0 0 0.7706257478875376 0.6372879699890571 1.7596449229786653
cell 98.8632722925756 112.59086701671762 0.0 2.23606797749979 0.4472135954999579 1 0 0 -0.15881715555451972 0.9873080122745745 5.964200332943016
cell 44.05196409251726 66.47678997369653 0.0 2.23606797749979 0.4472135954999579 1 0 0 0.895173905747557 0.44571703856669415 2.2176424415498515
cell 103.6633434058942 126.39879838702751 0.0 2.23606797749979 0.4472135954999579 1 0 0 0.8577713337644374 0.5140314571813464 2.0618363975465064
cell 71.304840776859 71.55758748903173 0.0 2.23606797749979 0.4472135954999579 1 0 0 0.82148012009679 0.5702371544241602 1.9280036177632407
cell 39.593976312304974 72.58321425007371 0.0 2.23606797749979 0.4472135954999579 1 0 0 0.8815243354246493 0.47213858776224865 2.1581622189143634
cell 106.00704690136132 50.96886691589305 0.0 2.23606797749979 0.4472135954999579 1 0 0 0.9846755037993 -0.17439653728670965 3.4921784145157972
cell 27.500986613290063 84.01550924756555 0.0 2.23606797749979 0.4472135954999579 1 0 0 -0.996408396788158 0.08467766417451945 3.311151026050762
cell 99.33933379560801 100.81790494205714 0.0 2.23606797749979 0.4472135954999579 1 0 0 0.9984334860914507 0.05595153126834896 3.029631121846367
cell 169.81028932046945 15.205580329499277 0.0 2.23606797749979 0.4472135954999579 1 0 0 0.9794879899361217 -0.20150254978757937 3.5473760434781876
cell 155.47396216883428 53.02592919607145 0.0 2.23606797749979 0.4472135954999579 1 0 0 0.0022189732747128444 0.9999975380757725 0.004437950191391985
cell 130.39979796702625 19.76731432704991 0.0 2.23606797749979 0.4472135954999579 1 0 0 0.859172671534729 -0.5116857634211418 4.215884101710292
cell 156.91099947260113 54.736844003387326 0.0 2.23606797749979 0.4472135954999579 1 0 0 0.05844779594635435 0.9982904663218082 0.11696224979356426
cell 112.26863064127501 134.6616884652536 0.0 2.23606797749979 0.4472135954999579 1 0 0 0.12720030274954938 0.991877050334578 0.2550916792152698
cell 26.132281289566066 33.121404287941154 0.0 2.23606797749979 0.4472135954999579 1 0 0 0.5250811244753066 -0.8510521797867318 5.177564441464848
cell 42.559350295514214 71.65881129571243 0.0 2.23606797749979 0.4472135954999579 1 0 0 -0.8881208488518386 -0.45961000623864756 2.186480601199287
cell 166.38706744678396 60.72529359062401 0.0 2.23606797749979 0.4472135954999579 1 0 0 0.1454817782310247 -0.9893609312089997 5.99118547895562
cell 34.9618640363793 94.58590029588166 0.0 2.23606797749979 0.4472135954999579 1 0 0 0.9968030998984944 0.07989730929607235 2.9816275344709906
cell 168.1890153913229 18.62401875183476 0.0 2.23606797749979 0.4472135954999579 1 0 0 0.9469891803031418 -0.3212654547080707 3.795723608814591
cell 64.70954127840456 162.34849633456722 0.0 2.23606797749979 0.4472135954999579 1 0 0 0.9929278754858526 0.11871913949802326 2.9035930553599902
cell 17.43738102110611 94.0907016312259 0.0 2.23606797749979 0.4472135954999579 1 0 0 0.9116870464195914 0.4108852995553891 2.2947428408697528
cell 175.879803576257 122.9105673307445 0.0 2.23606797749979 0.4472135954999579 1 0 0 -0.8273879372816282 -0.5616308407137669 1.9488815419072765
cell 167.01421920576996 8.023897351818341 0.0 2.23606797749979 0.4472135954999579 1 0 0 0.8530391557259777 -0.521846911266428 4.2396218855506245
cell 160.44019682847133 9.723981508453953 0.0 2.23606797749979 0.4472135954999579 1 0 0 -0.8435380063064103 0.5370694851847446 4.275511005775035
cell 44.33039912914291 109.10736556322439 0.0 2.23606797749979 0.4472135954999579 1 0 0 0.9725249422514892 0.2327987042462597 2.6716837186217917
cell 56.13628816944455 86.12583002485533 0.0 2.23606797749979 0.4472135954999579 1 0 0 0.6761200410887341 0.7367914834185914 1.4849676083302865
cell 2.0786391727086766 176.4520779590458 0.0 2.23606797749979 0.4472135954999579 1 0 0 0.3200738775327302 -0.9473925864820575 5.631570374942519
cell 148.92352940258274 50.56361403400197 0.0 2.23606797749979 0.4472135954999579 1 0 0 0.11126917895560177 0.9937903047497225 0.22300013691249926
cell 87.38920189311143 109.48664556786893 0.0 2.23606797749979 0.4472135954999579 1 0 0 0.029474709513754433 -0.9995655263658705 6.224227349345333
cell 0.025891587807592487 141.47730118784003 0.0 2.23606797749979 0.4472135954999579 1 0 0 0.45346728087060073 0.8912729240697396 0.9413035271273031
cell 168.20689506374512 101.8181170650108 0.0 2.23606797749979 0.4472135954999579 1 0 0 0.7519284134128085 -0.6592447656997336 4.581220496657589
cell 174.78610021739917 82.17289414539492 0.0 2.23606797749979 0.4472135954999579 1 0 0 0.9665472856540637 -0.2564884882304891 3.6603674433271705
cell 163.0051025119075 0.7115445786123185 0.0 2.23606797749979 0.4472135954999579 1 0 0 -0.8588851816697268 0.5121681801011854 4.217007269166999
cell 174.51580265465768 99.5322258450459 0.0 2.23606797749979 0.4472135954999579 1 0 0 0.9535345115612476 0.3012838118147955 2.529515173997816
cell 86.24788888265357 78.68706549044926 0.0 2.23606797749979 0.4472135954999579 1 0 0 -0.5587783688188058 -0.8293170289703417 1.1858240216227935
cell 23.551465641943192 20.45618263649484 0.0 2.23606797749979 0.4472135954999579 1 0 0 0.473179502149812 0.8809660372257583 0.985792806198571
cell 62.15822933947763 162.06577853320383 0.0 2.23606797749979 0.4472135954999579 1 0 0 0.9325979158651619 0.3609170643291287 2.403090552980438
cell 147.12305748084626 160.60343476242193 0.0 2.23606797749979 0.4472135954999579 1 0 0 0.712362440774872 -0.7018117646301371 4.697467932672851
cell 27.19048072015312 130.83811857851296 0.0 2.23606797749979 0.4472135954999579 1 0 0 0.5211301136413977 0.8534772431975582 1.0963490896936308
cell 0.9805704840502459 98.95978833900577 0.0 2.23606797749979 0.4472135954999579 1 0 0 0.9936387395138586 0.11261463198585779 2.9158845904172903
cell 91.1414432279129 111.57899182674463 0.0 2.23606797749979 0.4472135954999579 1 0 0 -0.0383999743430276 0.9992624489944846 6.206366471628277
cell 88.99693457878934 16.52052662469902 0.0 2.23606797749979 0.4472135954999579 1 0 0 0.9698439973970426 -0.2437265285374677 3.6340054677617117
cell 174.02778037497947 112.57634910894647 0.0 2.23606797749979 0.4472135954999579 1 0 0 -0.8615384379783678 -0.5076923476730706 2.0765843641736055
cell 108.36420023281259 83.80851748095085 0.0 2.23606797749979 0.4472135954999579 1 0 0 0.9499032992946588 -0.31254395209173697 3.777332600880305
cell 108.60149755021483 50.55517157226924 0.0 2.23606797749979 0.4472135954999579 1 0 0 0.9859541999994145 -0.167015913922939 3.4771972359826493
cell 163.37423498874327 10.624342588062552 0.0 2.23606797749979 0.4472135954999579 1 0 0 -0.7246177733692634 0.6891509867346711 4.662226110481534
cell 168.36293196705068 11.916782835663044 0.0 2.23606797749979 0.4472135954999579 1 0 0 -0.8774445564707187 0.4796780694589901 4.142168213592035
cell 160.44113516651768 1.1259084840089602 0.0 2.23606797749979 0.4472135954999579 1 0 0 -0.7205849228381428 0.6933666915697262 4.673894211818226
cell 65.90262476488603 160.7271547003772 0.0 2.23606797749979 0.4472135954999579 1 0 0 0.979455491667751 0.20166045681264377 2.735486830662967
cell 39.58632202619847 74.2488031353106 0.0 2.23606797749979 0.4472135954999579 1 0 0 0.9060430984679795 0.42318542474728893 2.2676762545665308
cell 96.95085018715548 115.00642419118783 0.0 2.23606797749979 0.4472135954999579 1 0 0 0.9472735285662124 0.32042606335583423 2.4892341902023016
cell 99.93468564821099 142.14939475522894 0.0 2.23606797749979 0.4472135954999579 1 0 0 -0.998871463325852 0.04749526032428125 3.236618923805505
cell 174.3679702868611 142.65934051799135 0.0 2.23606797749979 0.4472135954999579 1 0 0 0.4688129509730556 0.8832974680139954 0.9758928286773596
cell 94.84602809740224 101.56784077455247 0.0 2.23606797749979 0.4472135954999579 1 0 0 0.9999670703670726 -0.00811530538513876 3.1578234425184357
cell 163.65278625238682 16.211193466606773 0.0 2.23606797749979 0.4472135954999579 1 0 0 0.9749186129802598 -0.22256167249696487 3.5904751769174426
cell 10.152531319684197 72.26576303730621 0.0 2.23606797749979 0.4472135954999579 1 0 0 0.9965580351994933 -0.08289802458035717 3.307579186419981
cell 62.63941457913984 57.05909929380882 0.0 2.23606797749979 0.4472135954999579 1 0 0 -0.8983354874962858 -0.43931008627712004 2.231931577832473
cell 151.39780722451295 41.357022317684994 0.0 2.23606797749979 0.4472135954999579 1 0 0 0.9633373525407417 -0.26829302115372783 3.684833953862344
cell 19.854392922413506 80.24549755564016 0.0 2.23606797749979 0.4472135954999579 1 0 0 0.9676914923142707 -0.2521372160205229 3.6513690406080017
cell 100.14874701528936 172.9958882120957 0.0 2.23606797749979 0.4472135954999579 1 0 0 0.8687335373842606 0.49527976036158533 2.1052789845910986
cell 50.42174607329983 60.99709691224684 0.0 2.23606797749979 0.4472135954999579 1 0 0 0.9106783223971904 0.41311619807971584 2.289846133660352
cell 26.154331399695383 135.1381458783598 0.0 2.23606797749979 0.4472135954999579 1 0 0 0.49625704734460474 0.868175640617044 1.0385643033836487
cell 117.03481246348609 45.73225217177073 0.0 2.23606797749979 0.4472135954999579 1 0 0 0.9833900374965061 -0.18150491495444496 3.506625792629913
cell 45.29497344248732 68.13626892534121 0.0 2.23606797749979 0.4472135954999579 1 0 0 0.8657689710033579 0.5004438918078498 2.0933698264029488
cell 9.9554436129991 108.59264270335315 0.0 2.23606797749979 0.4472135954999579 1 0 0 0.9960689012795316 -0.08858184861350869 3.3189888658014897
cell 2.1370684187901587 101.99436923426113 0.0 2.23606797749979 0.4472135954999579 1 0 0 0.9949506563575953 0.10036528988445383 2.940523537408506
cell 122.0779385580415 22.48225294534202 0.0 2.23606797749979 0.4472135954999579 1 0 0 0.9204440413801602 -0.39087436176827706 3.9447553257046932
cell 40.34965928976255 26.9003947375952 0.0 2.23606797749979 0.4472135954999579 1 0 0 0.9790422866291251 -0.20365706713005116 3.551776315455916
cell 89.16342283819486 129.51585003183473 0.0 2.23606797749979 0.4472135954999579 1 0 0 0.9951593207365316 0.09827474930624443 2.944725395262228
cell 155.6731124874695 73.99244217987268 0.0 2.23606797749979 0.4472135954999579 1 0 0 0.95932658389464 0.2822986103987059 2.5692139856080725
cell 75.2942320994961 35.66333334014494 0.0 2.23606797749979 0.4472135954999579 1 0 0 -0.9311942709213422 -0.3645232911670666 2.395351015572352
cell 15.890985635831576 4.034931527658013 0.0 2.23606797749979 0.4472135954999579 1 0 0 0.7524506692011921 0.6586486092133484 1.703549933479551
cell 6.716953190357183 106.0047239393575 0.0 2.23606797749979 0.4472135954999579 1 0 0 0.9812239354755045 -0.19287194832313773 3.529769080186363
cell 33.82118777032399 108.1787301133662 0.0 2.23606797749979 0.4472135954999579 1 0 0 0.9432965171129536 0.3319513229414387 2.4648497632039565
cell 166.7958642795157 19.028344212323958 0.0 2.23606797749979 0.4472135954999579 1 0 0 0.951683910276807 -0.3070793625762669 3.765837835990052
cell 69.6723331968216 73.04387722614271 0.0 2.23606797749979 0.4472135954999579 1 0 0 0.7931611532646705 0.6090118101907859 1.8319644409914322
cell 161.43465928474134 55.142082008332586 0.0 2.23606797749979 0.4472135954999579 1 0 0 0.04239950897918766 0.9991007364817243 0.0848244459929571
cell 87.51215550004544 128.51484483415865 0.0 2.23606797749979 0.4472135954999579 1 0 0 0.9948754523391155 0.10110803297978081 2.939030456063186
cell 5.97249817657416 106.77948480600152 0.0 2.23606797749979 0.4472135954999579 1 0 0 0.9847077176862687 -0.17421455372356145 3.491808789019561
cell 10.922068227038514 107.62174221921603 0.0 2.23606797749979 0.4472135954999579 1 0 0 0.998680188037328 -0.051360315631107496 3.244358499362087
cell 6.604977982287311 101.64074898166415 0.0 2.23606797749979 0.4472135954999579 1 0 0 0.9955778574797124 0.09394003244679817 2.9534351537501444
cell 42.76449671300692 111.10031304711046 0.0 2.23606797749979 0.4472135954999579 1 0 0 0.9747412525081329 0.22333716810883977 2.6911190925951036
cell 75.97303581718515 82.21405127692645 0.0 2.23606797749979 0.4472135954999579 1 0 0 -0.9932150491850267 0.1162921582583494 3.3747044262727925
cell 70.9894252333267 104.03202221690911 0.0 2.23606797749979 0.4472135954999579 1 0 0 0.997102227015803 -0.07607331253551451 3.2938864113443884
cell 97.9298807309768 174.69704077627202 0.0 2.23606797749979 0.4472135954999579 1 0 0 0.8648632965714519 0.5020074483945043 2.0897559884073504
cell 3.7567571030123412 158.42864156654647 0.0 2.23606797749979 0.4472135954999579 1 0 0 0.7196317115279499 0.6943559604146519 1.6065435401235284
cell 68.834170282699 171.58986745550317 0.0 2.23606797749979 0.4472135954999579 1 0 0 0.08153958674604808 -0.9966701037922647 6.119924880001659
cell 128.9674376852054 166.46594854482953 0.0 2.23606797749979 0.4472135954999579 1 0 0 0.6193998780717017 -0.7850756594397517 4.947229187933012
cell 33.601844853575535 49.772532456539714 0.0 2.23606797749979 0.4472135954999579 1 0 0 0.3989873184043258 -0.9169564437597487 5.462360935335631
cell 163.74836674757879 4.318598304594418 0.0 2.23606797749979 0.4472135954999579 1 0 0 0.8116901911819359 -0.5840882069850687 4.389105207088005
cell 18.82892454724704 109.87276857002023 0.0 2.23606797749979 0.4472135954999579 1 0 0 0.9996373737894984 -0.026928069430147715 3.1954553032770128
cell 176.65931936711306 143.93471008872538 0.0 2.23606797749979 0.4472135954999579 1 0 0 0.47161639364070107 0.881803820160323 0.9822458698974484
cell 156.06933771818856 2.863501836583204 0.0 2.23606797749979 0.4472135954999579 1 0 0 0.9693944292846637 0.24550853441756615 2.6455041585856547
cell 147.05484619784252 5.207713884296701 0.0 2.23606797749979 0.4472135954999579 1 0 0 0.762338422099951 -0.6471785921908704 4.5493478626986965
cell 94.03253591875644 0.5925136267208859 0.0 2.23606797749979 0.4472135954999579 1 0 0 0.8821269732978185 -0.47101168030148644 4.122467237679959
cell 155.3276246471274 75.64121824871346 0.0 2.23606797749979 0.4472135954999579 1 0 0 0.9935048805493711 0.11378950885112267 2.9135196345751364
cell 30.6496335626599 137.40538153748537 0.0 2.23606797749979 0.4472135954999579 1 0 0 -0.3519120682312519 -0.9360330636431614 0.7192261140937548
cell 94.0620011039786 2.6270052923019107 0.0 2.23606797749979 0.4472135954999579 1 0 0 -0.881776587438099 0.47166730843468535 4.123954004003471
cell 92.48202262737234 6.725544962326656 0.0 2.23606797749979 0.4472135954999579 1 0 0 0.8697819789101555 -0.49343622603446313 4.173664695478811
cell 19.062584137455243 112.39650963210447 0.0 2.23606797749979 0.4472135954999579 1 0 0 0.9930121715026156 0.11801197925490432 2.905017388817192
cell 95.83799350656697 140.8632764590671 0.0 2.23606797749979 0.4472135954999579 1 0 0 0.5797970809609305 0.8147609127278899 1.2369592302356154
cell 12.926625507302607 92.9831777137457 0.0 2.23606797749979 0.4472135954999579 1 0 0 0.9992217808273318 0.039444045434711354 3.062684092273095
cell 170.96367175603453 13.401386799149106 0.0 2.23606797749979 0.4472135954999579 1 0 0 0.9261522655888613 -0.37714981233538925 3.915026474465077
cell 6.637067410455195 137.9440595924533 0.0 2.23606797749979 0.4472135954999579 1 0 0 0.9212878915721225 0.38888124259546514 2.3427587729978483
cell 172.8372019603579 57.4362822644631 0.0 2.23606797749979 0.4472135954999579 1 0 0 -0.06366510782761411 0.9979713192498562 6.15576891747331
cell 94.29327509345951 68.3168515928515 0.0 2.23606797749979 0.4472135954999579 1 0 0 0.7524365446797521 0.6586647449426722 1.7035070446060876
cell 48.037789170866446 54.99719352185655 0.0 2.23606797749979 0.4472135954999579 1 0 0 0.6589953759548072 -0.7521469899362639 4.844220701452381
cell 18.896030368887526 95.5995336427666 0.0 2.23606797749979 0.4472135954999579 1 0 0 0.9994016805096493 0.0345872952757062 3.0724042635671394
cell 23.36678783592785 95.26253191379492 0.0 2.23606797749979 0.4472135954999579 1 0 0 0.9958072938429634 -0.09147586309597688 3.324800496972523
cell 149.1679521170855 48.28580048753059 0.0 2.23606797749979 0.4472135954999579 1 0 0 0.22858862282027873 0.973523107849592 0.46125534626009695
cell 8.210759631705121 69.29294178949496 0.0 2.23606797749979 0.4472135954999579 1 0 0 -0.9643541743923686 0.26461486415546104 3.677201710874932
cell 84.31287036212917 78.01533785348504 0.0 2.23606797749979 0.4472135954999579 1 0 0 0.6241674474953263 0.7812905973369763 1.3481309338674203
cell 161.71325727988753 8.933223286651952 0.0 2.23606797749979 0.4472135954999579 1 0 0 0.7500443922798904 -0.6613874882468597 4.586926914471231
cell 164.0015090388849 60.37196350944966 0.0 2.23606797749979 0.4472135954999579 1 0 0 -0.15549221426212853 0.9878371178002274 5.970933890089828
cell 122.37579545722376 157.51455247832973 0.0 2.23606797749979 0.4472135954999579 1 0 0 0.7380258541940099 -0.6747724346334859 4.622905284328406
cell 28.425218014820555 82.94985088329723 0.0 2.23606797749979 0.4472135954999579 1 0 0 -0.9991454899990043 0.04133146276929343 3.224279132611446
cell 49.159963232882035 95.03217999467289 0.0 2.23606797749979 0.4472135954999579 1 0 0 -0.5441423237707924 0.8389929269554792 5.132452293735483
cell 37.666191060137315 105.58500555404615 0.0 2.23606797749979 0.4472135954999579 1 0 0 0.9576671150587779 0.28787791984623873 2.5575722286276537
cell 125.25075439619084 98.29945043071908 0.0 2.23606797749979 0.4472135954999579 1 0 0 -0.8729567341904255 -0.4877976427081077 2.1224624568750734
cell 18.117442395286012 98.60053967081247 0.0 2.23606797749979 0.4472135954999579 1 0 0 0.9983623463298461 0.05720686524154554 3.027116425476449
cell 73.64541401556167 78.0281045294627 0.0 2.23606797749979 0.4472135954999579 1 0 0 0.7503340870314469 0.6610588157181516 1.6971346316786757
cell 111.72376129655177 155.0126043837126 0.0 2.23606797749979 0.4472135954999579 1 0 0 0.13696318913509026 -0.9905761378217959 6.008395190651818
cell 124.7372769531177 101.1793760100708 0.0 2.23606797749979 0.4472135954999579 1 0 0 0.8774224335634453 0.4797185352679229 2.1409248568330734
cell 50.45899496355281 62.84029029226571 0.0 2.23606797749979 0.4472135954999579 1 0 0 0.8970620610102837 0.4419045809855132 2.226151258249077
cell 114.71325492203034 81.12552322177606 0.0 2.23606797749979 0.4472135954999579 1 0 0 0.931013308747287 -0.36498523111960124 3.8888265331770855
cell 41.132787091046296 34.655719371301025 0.0 2.23606797749979 0.4472135954999579 1 0 0 0.8464553736048434 -0.5324596702995308 4.264600185633165
cell 43.38128153384257 46.58301173645542 0.0 2.23606797749979 0.4472135954999579 1 0 0 0.7174645228554806 -0.6965950462383131 4.682874012213355
cell 3.988642220406295 64.20450005344621 0.0 2.23606797749979 0.4472135954999579 1 0 0 -0.29093414669376033 -0.9567430806060598 0.5904061499401676
cell 162.04056799437478 56.100823691045875 0.0 2.23606797749979 0.4472135954999579 1 0 0 0.03493951877471572 0.9993894286151876 0.06989326307067917
cell 159.66398321283899 51.81534226469856 0.0 2.23606797749979 0.4472135954999579 1 0 0 0.16651625219526048 0.9860387100691557 0.3345910661384427
cell 119.7648891535238 12.74432962929856 0.0 2.23606797749979 0.4472135954999579 1 0 0 -0.12455910894156873 -0.9922121891912448 0.2497669343494664
cell 158.61725605047465 73.3451674597415 0.0 2.23606797749979 0.4472135954999579 1 0 0 -0.9657247240419249 -0.25956840596295216 2.6164421256360573
cell 62.017805671351596 116.61865198566346 0.0 2.23606797749979 0.4472135954999579 1 0 0 -0.9138245945016665 -0.4061091115499192 2.3052082402685308
cell 88.72268154831602 82.86322758095325 0.0 2.23606797749979 0.4472135954999579 1 0 0 -0.4820775545767795 -0.876128547288166 1.0060489186323078
cell 173.29278619596434 69.55503544983809 0.0 2.23606797749979 0.4472135954999579 1 0 0 -0.9484970396009047 0.31678599380073574 3.7862707253880363
cell 111.51817902378707 133.21432578239487 0.0 2.23606797749979 0.4472135954999579 1 0 0 0.17696306971863993 0.9842174922016758 0.3557999213368433
cell 0.46389621629086836 105.67618415185336 0.0 2.23606797749979 0.4472135954999579 1 0 0 0.9534225070436131 -0.3016380663355863 3.7544132113177944
cell 70.13462826761499 113.02220953730192 0.0 2.23606797749979 0.4472135954999579 1 0 0 0.8333383962883781 -0.5527631656247675 4.312945421917025
cell 2.354097873810498 105.00234184524584 0.0 2.23606797749979 0.4472135954999579 1 0 0 -0.9945118524481567 0.10462397115449175 3.3512242327407034
cell 160.5048634628722 65.06349868367664 0.0 2.23606797749979 0.4472135954999579 1 0 0 -0.08057858711072159 -0.9967482587390057 0.1613320822224642
cell 168.3390038248302 59.23631634364719 0.0 2.23606797749979 0.4472135954999579 1 0 0 -0.1090972653235721 0.9940310793425516 6.064555608748405
cell 16.065041859713077 55.38926004688102 0.0 2.23606797749979 0.4472135954999579 1 0 0 -0.5039865324953605 -0.863711511480137 1.0564163529735167
cell 164.5895005657917 127.98217557499828 0.0 2.23606797749979 0.4472135954999579 1 0 0 -0.97160372248158 -0.2366140453564346 2.6638337521431654
cell 93.088109714766 3.43681503737906 0.0 2.23606797749979 0.4472135954999579 1 0 0 0.8771628984686243 -0.48019292950867365 4.143341946288672
cell 36.64878195780211 63.89379209346956 0.0 2.23606797749979 0.4472135954999579 1 0 0 0.9823751560022698 0.18691991030790717 2.765540941884069
cell 25.841924187893373 124.06020476604334 0.0 2.23606797749979 0.4472135954999579 1 0 0 -0.8065212231613429 0.5912051391778758 4.406697188564765
cell 21.453541031955403 94.02256681204015 0.0 2.23606797749979 0.4472135954999579 1 0 0 0.987311394828448 0.15879612602927234 2.822650279005938
cell 43.50047680117743 114.43413579174064 0.0 2.23606797749979 0.4472135954999579 1 0 0 -0.9556441672923361 -0.2945237265826598 2.5436784517584257
cell 167.13488454067755 11.996197203318003 0.0 2.23606797749979 0.4472135954999579 1 0 0 0.8561868866839395 -0.5166662511432916 4.227497932065565
cell 31.992598058509454 84.72968670003053 0.0 2.23606797749979 0.4472135954999579 1 0 0 0.9999475240116606 0.010244472799968969 3.1211033495897755
cell 162.39102644417437 175.34993233885254 0.0 2.23606797749979 0.4472135954999579 1 0 0 -0.8910176732175468 0.45396861787351445 4.084021332789277
cell 36.984793703144405 76.2518040091186 0.0 2.23606797749979 0.4472135954999579 1 0 0 -0.8658774277116257 -0.5002562145336112 2.093803349721896
cell 168.05973084404974 55.00070320246486 0.0 2.23606797749979 0.4472135954999579 1 0 0 -0.04465867460707326 -0.9990023036922084 0.08934706493656908
cell 60.7683442534277 115.1932890836219 0.0 2.23606797749979 0.4472135954999579 1 0 0 0.9818172409056372 0.18982862128889313 2.759617471537015
cell 27.483512037212193 125.07279068281312 0.0 2.23606797749979 0.4472135954999579 1 0 0 0.8505637686910761 -0.5258719191875848 4.249072445594109
cell 23.306917264721093 64.49535095903485 0.0 2.23606797749979 0.4472135954999579 1 0 0 0.861191713862824 0.5082802691173561 2.0752192718616547
cell 14.100494909937877 139.34186422759964 0.0 2.23606797749979 0.4472135954999579 1 0 0 0.9426218387264127 0.33386235061180064 2.460796508172294
cell 58.21911782612818 119.19693683434492 0.0 2.23606797749979 0.4472135954999579 1 0 0 0.4862146200721261 -0.8738394264555234 5.267680083402818
cell 54.88602078573157 85.19904898134386 0.0 2.23606797749979 0.4472135954999579 1 0 0 0.6605948246316244 0.7507426174594815 1.4432215998938775
cell 100.28860430450956 140.78928613998454 0.0 2.23606797749979 0.4472135954999579 1 0 0 0.9947410376513999 0.10242200941309575 2.9363887886888054
cell 94.96967693574938 79.55784805960195 0.0 2.23606797749979 0.4472135954999579 1 0 0 0.9017762181040819 0.43220325364566536 2.2477234771590417
cell 80.04076316640239 145.3706568391731 0.0 2.23606797749979 0.4472135954999579 1 0 0 0.6949441966596718 0.719063671401249 1.5366845846555675
cell 38.556693457407675 76.70101788291605 0.0 2.23606797749979 0.4472135954999579 1 0 0 0.9561572367133608 0.292853783790939 2.547172417948652
cell 22.720661017199248 22.70329045616889 0.0 2.23606797749979 0.4472135954999579 1 0 0 0.5857157485338184 0.8105165401887051 1.2515257066215182
cell 92.09397274993924 141.08764909289783 0.0 2.23606797749979 0.4472135954999579 1 0 0 -0.004898904900041062 -0.9999880002933937 0.009797848990551472
cell 6.973574624836887 72.68390480086559 0.0 2.23606797749979 0.4472135954999579 1 0 0 0.9362372309946299 -0.3513685348740096 3.859657539321319
cell 28.596385737837192 86.93145610344868 0.0 2.23606797749979 0.4472135954999579 1 0 0 0.9999333295399652 0.011547141426320441 3.1184978574879776
cell 91.82641856540666 117.15886913785697 0.0 2.23606797749979 0.4472135954999579 1 0 0 -0.37464024017729647 0.9271702596825988 5.51516785736773
cell 152.2011059821963 51.94577264716222 0.0 2.23606797749979 0.4472135954999579 1 0 0 0.039908045352455165 0.9992033566377498 0.07983729244744206
cell 79.22708775476777 94.17866127931737 0.0 2.23606797749979 0.4472135954999579 1 0 0 0.9871495356538854 -0.15979923109426528 3.4625671878648427
cell 171.51622255998626 81.85279684564107 0.0 2.23606797749979 0.4472135954999579 1 0 0 0.980345296966374 -0.19728937811223396 3.5387770157686935
cell 5.008079763760477 70.01510098273991 0.0 2.23606797749979 0.4472135954999579 1 0 0 0.9648698536731285 -0.2627283111368009 3.6732901850181623
cell 168.41108426249886 58.19021429146619 0.0 2.23606797749979 0.4472135954999579 1 0 0 -0.03499278700006681 0.9993875648906023 6.213185442470983
cell 77.75619694451592 2.6399441955342913 0.0 2.23606797749979 0.4472135954999579 1 0 0 -0.9203096765930137 -0.39119061743511 2.3377427506723514
cell 13.453423572531532 3.8309693013808417 0.0 2.23606797749979 0.4472135954999579 1 0 0 0.7474589352413753 0.6643080160044958 1.688457344119822
cell 124.57424671243403 97.22429264482967 0.0 2.23606797749979 0.4472135954999579 1 0 0 -0.8681429793286564 -0.4963141821894315 2.102896727255956
cell 158.87610869264606 54.00823806555347 0.0 2.23606797749979 0.4472135954999579 1 0 0 -0.044623830134903064 -0.9990038607453383 0.08927730644875886
cell 169.2833536331822 16.409316339259195 0.0 2.23606797749979 0.4472135954999579 1 0 0 0.937198343159879 -0.3487968829826002 3.854166770785381
cell 164.89823514783043 56.941413515976876 0.0 2.23606797749979 0.4472135954999579 1 0 0 0.06405497003330587 -0.9979463717124444 6.154987598278638
cell 157.56492280167544 55.804532876400565 0.0 2.23606797749979 0.4472135954999579 1 0 0 -0.014350597473632135 -0.9998970248741366 0.028702180157566204
cell 97.26862759681163 75.73673271426138 0.0 2.23606797749979 0.4472135954999579 1 0 0 -0.7579492979537918 -0.6523134689176318 1.7203272197175519
cell 158.64484198608787 2.5985509579370185 0.0 2.23606797749979 0.4472135954999579 1 0 0 0.6724206028893231 -0.7401692595683498 4.808236734170154
cell 163.41762827714714 54.44900570049317 0.0 2.23606797749979 0.4472135954999579 1 0 0 0.0792916469706872 0.9968514607105092 0.1587499390796535
cell 163.1686549579468 17.38990708946985 0.0 2.23606797749979 0.4472135954999579 1 0 0 0.9459102441337404 -0.3244284359344103 3.80240748909196
cell 74.37690400560253 38.238845200270056 0.0 2.23606797749979 0.4472135954999579 1 0 0 0.18655244218180325 -0.9824450042195771 5.90788169065175
