500
 Lattice="177.2453850905516 0.0 0.0 0.0 177.2453850905516 0.0 0.0 0.0 1.0"Properties=species:S:1:pos:R:3:aspherical_shape:R:3:orientation:R:4:Color:R:1
cell 78.46178305187257 137.22868639667664 0.0 2.23606797749979 0.4472135954999579 1 0 0 -0.7575943814509393 -0.6527256339335608 1.7192393856646806
cell 41.93310893361334 31.766741986983664 0.0 2.23606797749979 0.4472135954999579 1 0 0 0.9413205704892176 -0.3375138272335726 3.8301416305831824
cell 144.44162845397105 113.57017847112535 0.0 2.23606797749979 0.4472135954999579 1 0 0 0.7381524852829898 0.6746339069973769 1.660655391143744
cell 76.43809819087271 149.8786032369904 0.0 2.23606797749979 0.4472135954999579 1 0 0 -0.6983148315042342 -0.7157907488234344 1.5460810184595282
cell 36.70474488332312 46.0884977685551 0.0 2.23606797749979 0.4472135954999579 1 0 0 -0.9499543031739272 0.3123888952593203 3.777006140977477
cell 86.3021021266353 128.66123555567714 0.0 2.23606797749979 0.4472135954999579 1 0 0 0.8658527717265733 0.5002988883591595 2.093704780497768
cell 76.62666568199816 134.60429184774287 0.0 2.23606797749979 0.4472135954999579 1 0 0 0.8662874971989738 0.49954576586809135 2.0954439524508044
cell 172.98042709200288 34.54000339650199 0.0 2.23606797749979 0.4472135954999579 1 0 0 0.390473578437615 -0.9206141344461988 5.48089340238664
cell 78.28408058089727 141.77757181370683 0.0 2.23606797749979 0.4472135954999579 1 0 0 0.7288508260653058 0.6846725300053459 1.6332840382761882
cell 171.1262155078324 44.961813110213825 0.0 2.23606797749979 0.4472135954999579 1 0 0 -0.16114216208487092 0.9869312050992274 5.959489646547909
cell 79.6301101170817 155.21394853769308 0.0 2.23606797749979 0.4472135954999579 1 0 0 0.7267382402959305 0.6869144998408276 1.627123046511766
cell 67.16453745920273 39.93632761642001 0.0 2.23606797749979 0.4472135954999579 1 0 0 0.46739293167950896 0.884049686056182 0.9726789292808511
cell 138.0777686475924 161.51824392578044 0.0 2.23606797749979 0.4472135954999579 1 0 0 0.5871024213276077 0.8095126601056095 1.2549495275128564
cell 41.058935301527285 34.66892251554098 0.0 2.23606797749979 0.4472135954999579 1 0 0 -0.9516472252741045 0.3071930315422175 3.766076720257098
cell 11.719564686523507 52.93825433181131 0.0 2.23606797749979 0.4472135954999579 1 0 0 -0.10154082853049791 -0.994831372716673 0.20343226650047086
cell 142.59940042076875 45.07292408065753 0.0 2.23606797749979 0.4472135954999579 1 0 0 -0.29351086513425473 0.9559557374942321 5.687390505649684
cell 67.93334106909462 36.954731811227695 0.0 2.23606797749979 0.4472135954999579 1 0 0 0.7253691977013397 -0.6883600271849861 4.660044133713432
cell 83.28213076846117 157.80053707165524 0.0 2.23606797749979 0.4472135954999579 1 0 0 0.7478678573655687 0.6638476240218333 1.6896888928900071
cell 31.275075553487603 32.48470823457293 0.0 2.23606797749979 0.4472135954999579 1 0 0 -0.9836756264138478 0.17995072103029813 3.50346536208761
cell 78.19297397247055 94.09032312909865 0.0 2.23606797749979 0.4472135954999579 1 0 0 0.45664839516410255 -0.8896472577342379 5.334736909792941
cell 21.332164174819805 21.36299021824154 0.0 2.23606797749979 0.4472135954999579 1 0 0 0.4084377243299082 -0.9127861881865905 5.441701588542522
cell 77.26736481195508 145.768058871361 0.0 2.23606797749979 0.4472135954999579 1 0 0 -0.7205653396003896 -0.6933870429756928 1.6092346087992144
cell 140.9803514164669 47.515098243296045 0.0 2.23606797749979 0.4472135954999579 1 0 0 -0.3240705862045873 0.946032903844795 5.623127047742484
cell 6.789554150600479 148.8026222318743 0.0 2.23606797749979 0.4472135954999579 1 0 0 0.9259323976810268 0.3776892835713835 2.3669937213533796
cell 37.47738915157568 30.29286481819083 0.0 2.23606797749979 0.4472135954999579 1 0 0 0.9771557608325524 -0.21252439641546003 3.5699079531266555
cell 123.84367635103278 50.38856460269398 0.0 2.23606797749979 0.4472135954999579 1 0 0 0.8450717855975194 0.5346528567089306 2.013398837262467
cell 173.63875157304068 29.263910145136343 0.0 2.23606797749979 0.4472135954999579 1 0 0 -0.29636695591239376 0.9550741476153678 5.681412391599404
cell 84.77777564415297 77.02539538165941 0.0 2.23606797749979 0.4472135954999579 1 0 0 -0.8815753336385256 -0.4720433572460504 2.1583782713991475
cell 45.933851902136205 132.74656675160833 0.0 2.23606797749979 0.4472135954999579 1 0 0 -0.46109629619120096 -0.8873501031941994 0.9584605489765075
cell 38.39145676433329 43.90450019305466 0.0 2.23606797749979 0.4472135954999579 1 0 0 0.923957049105971 -0.3824962371153294 3.926585596631757
cell 80.56581861350358 138.00824377237038 0.0 2.23606797749979 0.4472135954999579 1 0 0 0.7325590606294311 0.6807034763314533 1.6441476404764752
cell 157.88967972943524 112.36262163848656 0.0 2.23606797749979 0.4472135954999579 1 0 0 -0.6545385891862825 -0.756028594211906 1.4271443008703084
cell 136.9261413123749 67.92942666009165 0.0 2.23606797749979 0.4472135954999579 1 0 0 -0.13319078021704117 0.9910904177042456 6.016009800386424
cell 52.910611608996575 138.68483677535687 0.0 2.23606797749979 0.4472135954999579 1 0 0 0.44004740530851466 0.8979745436710574 0.9113029281707542
cell 0.1168706415974164 25.20380922595099 0.0 2.23606797749979 0.4472135954999579 1 0 0 -0.28093928324723444 0.9597255436470002 5.713639969058211
cell 58.94806514148909 90.81594152627048 0.0 2.23606797749979 0.4472135954999579 1 0 0 0.9866195048547781 -0.1630397271836302 3.4691343051137973
cell 22.69809538858422 18.691061609651804 0.0 2.23606797749979 0.4472135954999579 1 0 0 0.3268685676512786 -0.9450698066712329 5.617208851148556
cell 75.58120972677888 165.8020526173569 0.0 2.23606797749979 0.4472135954999579 1 0 0 -0.676475222392978 -0.7364653919149026 1.485931951489471
cell 79.49281015694824 74.99279409952302 0.0 2.23606797749979 0.4472135954999579 1 0 0 0.2482662302864077 -0.9686918389763467 5.781405230633601
cell 88.9198145955899 152.78982084101114 0.0 2.23606797749979 0.4472135954999579 1 0 0 -0.7465699796482 -0.6653068957166205 1.6857830195379178
cell 133.22005297989045 70.9019326926353 0.0 2.23606797749979 0.4472135954999579 1 0 0 0.01180754705211193 -0.9999302884864585 6.259569664312076
cell 6.167961116657918 74.6163148326264 0.0 2.23606797749979 0.4472135954999579 1 0 0 0.9769583690723045 -0.21342995361378597 3.571761595387658
cell 157.4387823519549 37.82591478058663 0.0 2.23606797749979 0.4472135954999579 1 0 0 -0.17904550051494833 -0.9838407944100263 0.3600323773231482
cell 88.45335461094983 127.45500793010143 0.0 2.23606797749979 0.4472135954999579 1 0 0 0.8603775209165988 0.5096572588528564 2.0720198897768967
cell 89.08999453052996 71.47607531703359 0.0 2.23606797749979 0.4472135954999579 1 0 0 -0.9829453091911821 -0.1838981216300249 2.7716911577906487
cell 125.14841596261877 114.17104843794053 0.0 2.23606797749979 0.4472135954999579 1 0 0 -0.1679473693940604 0.9857959632264757 5.945691123519379
cell 107.44482744087435 1.2264194117566987 0.0 2.23606797749979 0.4472135954999579 1 0 0 -0.9598064895532554 -0.2806626134907473 2.572623851311084
cell 172.28933908580444 17.850050296168614 0.0 2.23606797749979 0.4472135954999579 1 0 0 0.3332889120807155 -0.9428247456892788 5.603605719193401
cell 126.87626011347172 63.193492585439145 0.0 2.23606797749979 0.4472135954999579 1 0 0 0.2715242972841746 0.9624315850928497 0.5499529530256164
cell 77.91154223614308 154.34865153134606 0.0 2.23606797749979 0.4472135954999579 1 0 0 0.7273780618578913 0.68623695261029 1.628986851162053
cell 157.39376247852198 39.11208063038261 0.0 2.23606797749979 0.4472135954999579 1 0 0 0.07694575877153123 0.9970352803221526 0.15404377986117718
cell 163.15449327739205 152.02741189448832 0.0 2.23606797749979 0.4472135954999579 1 0 0 0.5982132792653481 -0.8013369282084775 5.000646160322796
cell 114.01300342748748 176.19796606527382 0.0 2.23606797749979 0.4472135954999579 1 0 0 -0.7641334091282648 0.6450582400481494 4.543791649382145
cell 62.28357175891973 61.51731341216947 0.0 2.23606797749979 0.4472135954999579 1 0 0 0.9747558137073368 -0.22327360713650796 3.591935799466839
cell 133.37626614948832 80.49525681197241 0.0 1.0 1.0 1 0 0 0.0 1.0 0
cell 139.49377109628287 45.94265370230185 0.0 2.23606797749979 0.4472135954999579 1 0 0 -0.26174407220113227 0.965137317000834 5.7535276414373175
cell 137.95451391549247 83.35080714481361 0.0 2.23606797749979 0.4472135954999579 1 0 0 0.3974653883783419 0.9176171669281552 0.817506042902597
cell 75.27158000194405 148.26340583369526 0.0 2.23606797749979 0.4472135954999579 1 0 0 0.6909736620269146 0.722879933588639 1.5256702160386801
cell 73.14007329391849 145.16743775356449 0.0 2.23606797749979 0.4472135954999579 1 0 0 0.3195684670020723 -0.9475631878127946 5.632637229431746
cell 60.64519601447252 25.7432406597129 0.0 2.23606797749979 0.4472135954999579 1 0 0 -0.3318447838732614 -0.9433340020459924 0.6765170081752352
cell 75.96011544234159 5.631059508290692 0.0 2.23606797749979 0.4472135954999579 1 0 0 0.5132952360416949 -0.8582120953802159 5.205145200795963
cell 81.7660438533578 166.04044345689556 0.0 2.23606797749979 0.4472135954999579 1 0 0 0.872069447972642 0.48938213893918464 2.1188304293174056
cell 59.47512175185341 7.728560181564391 0.0 2.23606797749979 0.4472135954999579 1 0 0 0.8834194210242238 -0.4685831052836041 4.116965091729018
cell 173.3912986379877 30.806627324057665 0.0 2.23606797749979 0.4472135954999579 1 0 0 -0.31985983151607955 0.9474648743792591 5.632022221100156
cell 140.32202214108835 64.79154532072054 0.0 2.23606797749979 0.4472135954999579 1 0 0 0.25943325689023145 0.9657610393981149 0.5248706417126707
cell 114.03980720083102 143.72087936099092 0.0 2.23606797749979 0.4472135954999579 1 0 0 0.7275424560753506 -0.6860626608465488 4.653719277228701
cell 138.2511988243627 79.18735671698572 0.0 2.23606797749979 0.4472135954999579 1 0 0 -0.2278119825752024 -0.9737051404789623 0.45965997046465823
cell 176.8967829188008 0.1823627604795323 0.0 2.23606797749979 0.4472135954999579 1 0 0 -0.8878186580880122 -0.46019347056515414 2.185166447641164
cell 86.98560506993199 149.35038131338692 0.0 2.23606797749979 0.4472135954999579 1 0 0 0.7770010342155299 0.6294993191640456 1.779775319170936
cell 74.45721180713063 173.34811483767547 0.0 2.23606797749979 0.4472135954999579 1 0 0 0.9046081159738284 0.4262442451391932 2.2609188681463106
cell 141.87435939921866 84.13743280562532 0.0 2.23606797749979 0.4472135954999579 1 0 0 0.9996048315562605 -0.028110153492646922 3.1978203672429255
cell 85.48215891980233 153.70030491249878 0.0 2.23606797749979 0.4472135954999579 1 0 0 0.8020036980279777 0.5973190674584635 1.8612843782010795
cell 128.16472666623392 151.47324310495168 0.0 2.23606797749979 0.4472135954999579 1 0 0 0.5689852767453034 0.8223477092125145 1.2105427862996478
cell 144.56821783372342 40.42896493822912 0.0 2.23606797749979 0.4472135954999579 1 0 0 0.9931465424284904 0.1168757684994403 2.907305646293395
cell 35.359107972283866 34.410011539354834 0.0 2.23606797749979 0.4472135954999579 1 0 0 0.9675930633488146 -0.2525146802846457 3.652149213752528
cell 27.65175033889583 82.90536724919042 0.0 2.23606797749979 0.4472135954999579 1 0 0 -0.9901797271228242 0.13980024318637452 3.422112001390161
cell 77.25935198752668 141.1823256393106 0.0 2.23606797749979 0.4472135954999579 1 0 0 -0.7240708879600114 -0.6897255607912474 1.6193727301458232
cell 82.46788719934003 139.47400138340157 0.0 2.23606797749979 0.4472135954999579 1 0 0 -0.776606982082625 -0.6299853929898036 1.7785238482598729
cell 78.89509683030407 40.52675784554676 0.0 2.23606797749979 0.4472135954999579 1 0 0 0.36331429751312616 -0.93166663631502 5.539539662195231
cell 50.51889940645998 21.714027143406778 0.0 2.23606797749979 0.4472135954999579 1 0 0 -0.1963718281472186 -0.9805295024169948 0.39531264676221856
cell 77.95166073807019 163.9591351381849 0.0 2.23606797749979 0.4472135954999579 1 0 0 0.7984077173657413 0.602117195279147 1.849292178198388
cell 146.36518124415446 81.03510180215332 0.0 2.23606797749979 0.4472135954999579 1 0 0 0.09112395113803015 0.9958395581262043 0.18250106757267784
cell 57.60406359272792 22.106364927792967 0.0 2.23606797749979 0.4472135954999579 1 0 0 -0.14887263560886002 -0.9888563790393788 0.29885621157345543
cell 136.35395635562273 111.4491107677751 0.0 2.23606797749979 0.4472135954999579 1 0 0 0.7400429339097021 0.6725596300480131 1.6662683853688398
cell 84.77513304292798 74.91935348986532 0.0 2.23606797749979 0.4472135954999579 1 0 0 -0.8621440530765714 -0.5066632330697601 2.0789725406187944
cell 172.593075883945 128.3124994510067 0.0 2.23606797749979 0.4472135954999579 1 0 0 -0.9995670193304893 0.029424035528138513 3.2004492194763956
cell 143.42037348766698 55.70561748439839 0.0 2.23606797749979 0.4472135954999579 1 0 0 0.04246976046563246 -0.9990977526978988 6.198220231540883
cell 166.47601062641988 123.70648832271799 0.0 2.23606797749979 0.4472135954999579 1 0 0 -0.531548591407006 -0.8470278005905283 1.1208555678112884
cell 80.97883273685515 149.1615813775207 0.0 2.23606797749979 0.4472135954999579 1 0 0 0.7244690407942596 0.6893073399657409 1.6205276056327431
cell 39.92315774844553 153.3069840078091 0.0 2.23606797749979 0.4472135954999579 1 0 0 0.15657376640980228 0.9876662673556532 0.3144413440678447
cell 76.64768595495707 165.8561862444259 0.0 2.23606797749979 0.4472135954999579 1 0 0 -0.7399202366027061 -0.6726946138224947 1.6659035552790193
cell 8.553221678808706 153.47875132935604 0.0 2.23606797749979 0.4472135954999579 1 0 0 0.9956709564239394 0.09294808515422902 2.9554277670360185
cell 105.48076989993092 164.63342214512267 0.0 2.23606797749979 0.4472135954999579 1 0 0 -0.20293457849947055 -0.9791922981974696 0.4087078660582124
cell 16.994156511621654 81.34255060858156 0.0 2.23606797749979 0.4472135954999579 1 0 0 -0.9906868019385832 0.1361604217998115 3.414762051786363
cell 82.49183327799639 166.9737813309622 0.0 2.23606797749979 0.4472135954999579 1 0 0 0.879375964414138 0.47612804287366306 2.1490999266629345
cell 105.28301027937813 165.9123098001136 0.0 2.23606797749979 0.4472135954999579 1 0 0 -0.20133968619641238 -0.979521480500724 0.4054508471554481
cell 81.84843337946482 130.68269580558103 0.0 2.23606797749979 0.4472135954999579 1 0 0 0.8701168649185219 0.4928454538538047 2.1108787875741615
cell 77.78446185134068 7.4633087876732 0.0 2.23606797749979 0.4472135954999579 1 0 0 -0.5293897378487393 -0.8483787511839527 1.115762152573045
cell 149.74426181141047 80.7987472051128 0.0 2.23606797749979 0.4472135954999579 1 0 0 -0.131438220480763 -0.9913243637663962 0.2636392957114282
cell 33.75917954622751 104.76933450529923 0.0 2.23606797749979 0.4472135954999579 1 0 0 0.6260426790371252 0.7797887944975992 1.3529358929223807
cell 29.627918860579904 24.250308066034357 0.0 2.23606797749979 0.4472135954999579 1 0 0 0.9966176872335485 -0.08217776763366626 3.306133740527311
cell 135.63404903926082 82.65484594419142 0.0 2.23606797749979 0.4472135954999579 1 0 0 0.5393787659401994 -0.8420632677256665 5.143786941787755
cell 78.74275622343131 116.86165370174693 0.0 2.23606797749979 0.4472135954999579 1 0 0 -0.9888171524450572 -0.14913295755951664 2.8422099204342697
cell 83.78138196224418 138.69040739104943 0.0 2.23606797749979 0.4472135954999579 1 0 0 0.8358321541969296 0.5489850726663889 1.9792936910711698
cell 168.9655959957807 91.38333780157195 0.0 2.23606797749979 0.4472135954999579 1 0 0 -0.9965008160070457 -0.08358303474564803 2.9742313291664657
cell 138.5527389145251 167.4216445152871 0.0 2.23606797749979 0.4472135954999579 1 0 0 0.48300313134329104 0.8756186242380729 1.0081624123953863
cell 30.42565765312745 81.44333496805928 0.0 2.23606797749979 0.4472135954999579 1 0 0 0.9845110606060303 -0.17532247871961315 3.494059275133878
cell 77.82290664198057 115.89515119140286 0.0 2.23606797749979 0.4472135954999579 1 0 0 0.987303632354259 0.1588443815187875 2.822552527314917
cell 141.00018510295672 164.19168280491866 0.0 2.23606797749979 0.4472135954999579 1 0 0 -0.6383262524777841 -0.7697659354619871 1.3846438820970395
cell 16.635363087642762 108.78765162472466 0.0 2.23606797749979 0.4472135954999579 1 0 0 0.7883338312911831 0.6152477309521462 1.8161923051211848
cell 79.25019582575443 142.23298956730895 0.0 2.23606797749979 0.4472135954999579 1 0 0 0.7402106105369322 0.6723750828581783 1.6667670761223827
cell 126.655451004805 147.1216745273034 0.0 2.23606797749979 0.4472135954999579 1 0 0 -0.5946506165196708 -0.8039842313582869 1.2736620274704347
cell 127.92385912893391 153.65217004553094 0.0 2.23606797749979 0.4472135954999579 1 0 0 -0.5167483054909509 -0.8561373655975021 1.0860969579371522
cell 141.111989512778 43.447825046776444 0.0 2.23606797749979 0.4472135954999579 1 0 0 -0.31734278787452447 0.9483108957425431 5.637333064718259
cell 134.16465051361783 52.66773875368158 0.0 2.23606797749979 0.4472135954999579 1 0 0 0.19703160163342467 -0.9803971378771806 5.886526820246192
cell 171.7704684932917 88.09576064914008 0.0 2.23606797749979 0.4472135954999579 1 0 0 0.9999046582400496 -0.01380849122277712 3.1692105137527244
cell 24.161742799006692 19.133341290840438 0.0 2.23606797749979 0.4472135954999579 1 0 0 0.499204686704146 -0.866484091471168 5.237823966964035
cell 175.9755324475739 31.1043582768027 0.0 2.23606797749979 0.4472135954999579 1 0 0 0.46688948169057654 -0.8843156743418635 5.311645169658866
cell 154.93421189631482 73.36195231807226 0.0 2.23606797749979 0.4472135954999579 1 0 0 0.9392075144750611 -0.34335003240654843 3.842555561504578
cell 85.48756358953682 127.68445331076107 0.0 2.23606797749979 0.4472135954999579 1 0 0 0.9059718908739942 0.4233378472877184 2.2673397837515177
cell 38.75126927680238 147.49855433248374 0.0 2.23606797749979 0.4472135954999579 1 0 0 -0.4512527457208112 -0.8923961897495019 0.9363372831199381
cell 2.2718903103064263 71.13669699310884 0.0 2.23606797749979 0.4472135954999579 1 0 0 0.9810674424955957 -0.19366639686623757 3.531388510427177
cell 87.4251981503937 154.66274925325826 0.0 2.23606797749979 0.4472135954999579 1 0 0 0.7907513707715013 0.612137459744943 1.8240709608921628
cell 171.49081292616162 47.71331916925421 0.0 2.23606797749979 0.4472135954999579 1 0 0 0.2569128579766183 -0.9664345727499022 5.763532351436737
cell 8.397255227243843 170.15253617436272 0.0 2.23606797749979 0.4472135954999579 1 0 0 -0.4554005046342478 -0.8902866843769328 0.9456440453916084
cell 76.27428187794452 145.36566682727806 0.0 2.23606797749979 0.4472135954999579 1 0 0 0.7233879508948113 0.6904417951574238 1.6173934426151688
cell 4.4784954996021815 100.8049572648802 0.0 2.23606797749979 0.4472135954999579 1 0 0 -0.9697480832850073 -0.2441078756719138 2.648393391311945
cell 106.70343087406361 151.73288732268142 0.0 2.23606797749979 0.4472135954999579 1 0 0 0.7382797947352725 -0.6744945846229189 4.6221524591732965
cell 147.2113112245306 41.644292136495714 0.0 2.23606797749979 0.4472135954999579 1 0 0 -0.3444184652309977 0.9388162337794996 5.5799467460199015
cell 169.46459405762178 47.67745675448714 0.0 2.23606797749979 0.4472135954999579 1 0 0 -0.32427529267798627 0.9459627553760277 5.622694263509386
cell 27.438155256945898 121.96682058266042 0.0 2.23606797749979 0.4472135954999579 1 0 0 0.5051839728872918 0.8630116763623839 1.059190254913119
cell 137.4738876935715 77.33193426096308 0.0 2.23606797749979 0.4472135954999579 1 0 0 -0.09845154913392468 -0.9951418454035236 0.19722258109021684
cell 87.36596532021731 137.93910530688657 0.0 2.23606797749979 0.4472135954999579 1 0 0 0.9640355023741017 0.26577349409283313 2.6035802857872583
cell 6.126644041658906 101.25519625872708 0.0 2.23606797749979 0.4472135954999579 1 0 0 0.9734926334010585 0.2287183698653703 2.6800707516113205
cell 86.18715899051205 102.64610899710927 0.0 2.23606797749979 0.4472135954999579 1 0 0 -0.20553520979912412 0.9786497215719371 5.869164183475744
cell 80.33459594323541 166.4316358365386 0.0 2.23606797749979 0.4472135954999579 1 0 0 0.8703901049498031 0.49236273742584413 2.111988157255388
cell 130.47320076778772 151.14411531229123 0.0 2.23606797749979 0.4472135954999579 1 0 0 -0.6277420028453301 -0.7784214654438388 1.3572981363967296
cell 141.23597336035118 50.536760263306945 0.0 2.23606797749979 0.4472135954999579 1 0 0 0.4382841562711279 -0.8988364691987667 5.375807663212368
cell 120.77013259890492 155.9588497893108 0.0 2.23606797749979 0.4472135954999579 1 0 0 0.7068199511748852 0.7073934948959687 1.5699852134636916
cell 114.27038937935575 153.314569532791 0.0 2.23606797749979 0.4472135954999579 1 0 0 0.7986123638815431 -0.6018457379225459 4.433213219298974
cell 50.302204158692305 0.5817050969560504 0.0 2.23606797749979 0.4472135954999579 1 0 0 0.9997673829014333 -0.02156803390248561 3.1847320664349907
cell 5.478641010864494 112.42380547694975 0.0 2.23606797749979 0.4472135954999579 1 0 0 0.36220547099171513 -0.9320982763548433 5.541919418103391
cell 116.35615507050676 143.5273838228901 0.0 2.23606797749979 0.4472135954999579 1 0 0 0.6166958096551269 -0.7872015487496244 4.954108549247704
cell 96.18362128591328 30.831794124926137 0.0 2.23606797749979 0.4472135954999579 1 0 0 -0.4537528301823363 0.8911275829540458 5.341240960420181
cell 88.62448212545348 147.0582293420372 0.0 2.23606797749979 0.4472135954999579 1 0 0 -0.8034931058567129 -0.5953140589980496 1.8662797351852252
cell 135.45400008330893 79.18361210512094 0.0 2.23606797749979 0.4472135954999579 1 0 0 -0.15020990972232576 -0.9886541270946128 0.30156117603351085
cell 77.89599670034083 170.29945215601956 0.0 2.23606797749979 0.4472135954999579 1 0 0 0.9119869815099229 0.4102191433324628 2.2962039708372703
cell 161.85514721289712 39.80217639317008 0.0 2.23606797749979 0.4472135954999579 1 0 0 0.2123429959777155 0.9771951964982267 0.42794402448712127
cell 145.18875723570076 160.63955181642933 0.0 2.23606797749979 0.4472135954999579 1 0 0 0.12407581204925423 0.9922727411676279 0.24879278357539658
cell 167.42508487009482 37.22090047614828 0.0 2.23606797749979 0.4472135954999579 1 0 0 0.3398151908098806 -0.9404922307466683 5.589744531326108
cell 86.43904349733431 135.09207270115724 0.0 2.23606797749979 0.4472135954999579 1 0 0 -0.920072680295968 -0.3917477032134248 2.336531946277896
cell 74.64333733800441 167.55470156934152 0.0 2.23606797749979 0.4472135954999579 1 0 0 -0.7161629039033998 -0.6979331594591632 1.5965777926425728
cell 77.58268219354585 150.2016804341725 0.0 2.23606797749979 0.4472135954999579 1 0 0 0.7265753317401502 0.6870868120599396 1.6266487862512957
cell 76.15964778183448 106.19178291082748 0.0 2.23606797749979 0.4472135954999579 1 0 0 0.18531841232118731 -0.9826785263018392 5.910393552484841
cell 139.01695725921905 51.522350306557215 0.0 2.23606797749979 0.4472135954999579 1 0 0 -0.3989941922247535 0.9169534527831369 5.462345942624286
cell 148.35572771249886 164.30877620151244 0.0 2.23606797749979 0.4472135954999579 1 0 0 -0.009671794841437533 0.9999532270984204 6.263841415905796
cell 173.85088485966034 32.05383897883755 0.0 2.23606797749979 0.4472135954999579 1 0 0 -0.40620220507507965 0.9137832175040987 5.446597144400768
cell 93.47052624411725 114.65403205024252 0.0 2.23606797749979 0.4472135954999579 1 0 0 -0.3830477683006215 -0.9237285354474621 0.7861869365948113
cell 148.85625330216482 41.805672914622974 0.0 2.23606797749979 0.4472135954999579 1 0 0 0.5256986984350756 -0.8506708402570688 5.176112797630023
cell 84.83008924764194 22.744340828047115 0.0 2.23606797749979 0.4472135954999579 1 0 0 -0.2324779867732653 -0.9726016582680956 0.4692494046937208
cell 60.00518289014227 35.55828251001494 0.0 2.23606797749979 0.4472135954999579 1 0 0 0.3502900019784105 0.9366412944740186 0.7157614095333429
cell 63.13779228367932 20.498968941535534 0.0 2.23606797749979 0.4472135954999579 1 0 0 -0.9383057087186705 -0.34580687816461025 2.43539549363269
cell 83.09852995732452 146.24936941918133 0.0 2.23606797749979 0.4472135954999579 1 0 0 -0.7669350860024079 -0.6417246869635601 1.7481027333943082
cell 167.84238703879504 47.39843741532028 0.0 2.23606797749979 0.4472135954999579 1 0 0 0.26128025005353306 -0.9652629853733972 5.7544887315036695
cell 176.5908127780519 134.14977899178638 0.0 2.23606797749979 0.4472135954999579 1 0 0 0.9978187805114824 0.06601273557866047 3.0094711064252118
cell 88.67502636865403 116.00906113411243 0.0 2.23606797749979 0.4472135954999579 1 0 0 -0.41619320517598396 0.9092762044424902 5.4246759717642945
cell 77.24060950945149 158.26408499823265 0.0 2.23606797749979 0.4472135954999579 1 0 0 0.7073242216925304 0.7068892737954482 1.5714114360195737
cell 129.41815635884893 151.71404135157462 0.0 2.23606797749979 0.4472135954999579 1 0 0 -0.6092489290776287 -0.792979030250966 1.310226189719276
cell 38.6124831813312 40.78715462031802 0.0 2.23606797749979 0.4472135954999579 1 0 0 0.9164145050201946 -0.4002305023215892 3.9651293706414696
cell 64.19877364021701 22.311092925391225 0.0 2.23606797749979 0.4472135954999579 1 0 0 -0.0689044616647999 -0.9976232631422967 0.13791820574667835
cell 39.88571163635398 32.60330174229846 0.0 2.23606797749979 0.4472135954999579 1 0 0 0.9680149990797423 -0.2508923306054741 3.648796573658171
cell 170.39150183023767 22.703796310396864 0.0 2.23606797749979 0.4472135954999579 1 0 0 0.2668682460097491 -0.9637330228189133 5.742901397363733
cell 57.973908101729705 21.011559035062767 0.0 2.23606797749979 0.4472135954999579 1 0 0 -0.13452570954458912 -0.9909101036277331 0.2698696112826866
cell 42.84581891699519 78.86863388502366 0.0 2.23606797749979 0.4472135954999579 1 0 0 -0.09464159291092977 -0.9955114107288182 0.18956690010371613
cell 141.62983494982916 77.1182989471339 0.0 2.23606797749979 0.4472135954999579 1 0 0 -0.0917015315277993 -0.9957865379264053 0.18366108525817015
cell 82.7739021898104 154.91657004446708 0.0 2.23606797749979 0.4472135954999579 1 0 0 0.7753888246090814 0.6314841016774271 1.774661187767342
cell 73.539951366764 166.82710043925766 0.0 2.23606797749979 0.4472135954999579 1 0 0 -0.7374359386854181 -0.6754170832420189 1.6585323705009145
cell 121.47313883491215 52.828210572903764 0.0 2.23606797749979 0.4472135954999579 1 0 0 0.9237133260624624 -0.38308444402588704 3.92785899885456
cell 149.11850389005173 36.626548400853025 0.0 2.23606797749979 0.4472135954999579 1 0 0 0.06509810834613956 0.9978788685455536 0.13028834929732447
cell 76.38186848104156 47.886427089536056 0.0 2.23606797749979 0.4472135954999579 1 0 0 0.31613416406635514 0.9487144935701504 0.6433037817998195
cell 29.23726334278346 82.20440229640204 0.0 2.23606797749979 0.4472135954999579 1 0 0 0.9808896128499254 -0.19456507241312243 3.533220712577751
cell 99.59433075988113 175.2225255443549 0.0 2.23606797749979 0.4472135954999579 1 0 0 0.626326502607116 0.779560845689378 1.353663949182611
cell 82.11154933249605 150.61283137886826 0.0 2.23606797749979 0.4472135954999579 1 0 0 0.7923163253712765 0.6101105150299883 1.829192519779978
cell 21.42240545671027 82.6393012256606 0.0 2.23606797749979 0.4472135954999579 1 0 0 0.971648152848931 -0.2364315272235503 3.6189758587416385
cell 137.85627270886246 115.16616481952893 0.0 2.23606797749979 0.4472135954999579 1 0 0 0.41557910469918713 0.909557039298483 0.8571587982935955
cell 170.2917725024448 34.035702403362535 0.0 2.23606797749979 0.4472135954999579 1 0 0 0.30111642948330436 -0.9535873824119246 5.671458895511669
cell 137.37299563799164 167.7813443340092 0.0 2.23606797749979 0.4472135954999579 1 0 0 0.4311059258235306 0.9023013247911346 0.8914361819264267
cell 76.17583156642918 94.84677485078544 0.0 2.23606797749979 0.4472135954999579 1 0 0 -0.40999656239652327 0.9120870675670354 5.4382847206969425
cell 79.42964724836968 127.9144015924155 0.0 2.23606797749979 0.4472135954999579 1 0 0 0.9205702150108602 0.3905771104850599 2.3390758239057217
cell 62.52844206001735 86.09009624344235 0.0 2.23606797749979 0.4472135954999579 1 0 0 0.9724469368143034 -0.2331243339518171 3.612171273720896
cell 86.40975835737918 133.6735478467132 0.0 2.23606797749979 0.4472135954999579 1 0 0 -0.8892369496212723 -0.457446879351313 2.1913487843443678
cell 49.34422878745193 53.96412500779853 0.0 2.23606797749979 0.4472135954999579 1 0 0 -0.946234759586217 0.32348072547033513 3.800404026602642
cell 176.39568206736718 23.228811319267066 0.0 2.23606797749979 0.4472135954999579 1 0 0 0.8370668665203415 0.547100594930966 1.9837995863224358
cell 80.11117154282762 78.42688516287953 0.0 2.23606797749979 0.4472135954999579 1 0 0 -0.8340815769331152 -0.5516411179569266 1.9729315826549314
cell 67.85346022961933 104.09081164762496 0.0 2.23606797749979 0.4472135954999579 1 0 0 0.3720721310335447 -0.9282038188394598 5.520704438984204
cell 173.4653658537307 45.67703555050145 0.0 2.23606797749979 0.4472135954999579 1 0 0 -0.14335030891588876 0.9896720107862601 5.995493580040245
cell 77.77417109139878 38.45685597555715 0.0 2.23606797749979 0.4472135954999579 1 0 0 -0.27401070454292564 0.9617266419289264 5.728063536247198
cell 87.53791463958684 113.14641056794581 0.0 2.23606797749979 0.4472135954999579 1 0 0 0.1127963951061932 0.9936181224449601 0.226073920497357
cell 80.38927901075245 146.27973722198277 0.0 2.23606797749979 0.4472135954999579 1 0 0 0.7581734782731951 0.6520528942065397 1.7210146962533894
cell 11.731096225914376 169.59792326680295 0.0 2.23606797749979 0.4472135954999579 1 0 0 0.49182063070539755 0.8706965414038033 1.0283590518206278
cell 144.2841513179394 86.54877007691672 0.0 2.23606797749979 0.4472135954999579 1 0 0 -0.9983267754829682 0.05782429726143823 3.257305793335434
cell 36.15055923915292 33.46412679782302 0.0 2.23606797749979 0.4472135954999579 1 0 0 -0.9814348142833551 0.19179599920904578 3.527576240485752
cell 121.54690368222903 163.08501818101175 0.0 2.23606797749979 0.4472135954999579 1 0 0 0.8275749358507645 0.5613552578818543 1.9495476180684745
cell 35.021169166854435 30.286137216545722 0.0 2.23606797749979 0.4472135954999579 1 0 0 0.9699641855755524 -0.243247772242122 3.6330182437880687
cell 151.77089867159506 84.01265591183295 0.0 2.23606797749979 0.4472135954999579 1 0 0 -0.16929432224871271 -0.9855655394007793 0.34022722403509853
cell 153.45062585846992 37.6918834284649 0.0 2.23606797749979 0.4472135954999579 1 0 0 0.08211883904381923 0.9966225445343364 0.16442283006332736
cell 93.92922859655933 175.8641884405831 0.0 2.23606797749979 0.4472135954999579 1 0 0 0.7594972083367152 0.6505105614275116 1.72507969470577
cell 54.0842444671298 18.882695135584825 0.0 2.23606797749979 0.4472135954999579 1 0 0 -0.1893291504259854 -0.981913678893911 0.38095779041912614
cell 89.27312575845338 130.20601009038546 0.0 2.23606797749979 0.4472135954999579 1 0 0 0.9183037031076993 0.3958766333830359 2.3275480988692774
cell 37.210714958815245 147.40586823314197 0.0 2.23606797749979 0.4472135954999579 1 0 0 -0.42012602589812365 -0.9074657692514077 0.8671683847151073
cell 155.59150585146983 75.5423848906699 0.0 2.23606797749979 0.4472135954999579 1 0 0 0.9353822299338432 -0.35363835188507314 3.8645085594045168
cell 142.92450984630966 142.87988135777059 0.0 2.23606797749979 0.4472135954999579 1 0 0 0.6017138642354248 -0.7987117287149805 4.991894977988925
cell 138.18895103760178 50.545957895938926 0.0 2.23606797749979 0.4472135954999579 1 0 0 0.2740238132696208 -0.9617229069545843 5.728036275377887
cell 134.13061604517847 51.4322121308946 0.0 2.23606797749979 0.4472135954999579 1 0 0 -0.1401652290398858 0.9901281273492822 6.001928728855076
cell 74.47554989683147 32.75561620064766 0.0 2.23606797749979 0.4472135954999579 1 0 0 0.28390251452326465 0.9588531494693896 0.5757233050308245
cell 143.2859659709174 85.31736770582502 0.0 2.23606797749979 0.4472135954999579 1 0 0 0.9996465673531596 -0.026584589126878767 3.1947680966370324
cell 65.63274945685102 19.506533117680718 0.0 2.23606797749979 0.4472135954999579 1 0 0 0.8788445907462346 0.47710814844863364 2.1468701598215123
cell 87.00404974765462 131.29413520414656 0.0 2.23606797749979 0.4472135954999579 1 0 0 0.9054870305887877 0.42437393585787037 2.265051929591772
cell 79.01735746437157 159.61528502529322 0.0 2.23606797749979 0.4472135954999579 1 0 0 0.7619539249399174 0.6476312347846224 1.7326496340682058
cell 6.815364404702492 47.63993077782443 0.0 2.23606797749979 0.4472135954999579 1 0 0 -0.049239196787366685 -0.9987870150836639 0.09851823050603947
cell 24.750061046212572 81.13189896220061 0.0 2.23606797749979 0.4472135954999579 1 0 0 0.991887090567359 -0.1271219869488351 3.396526419272786
cell 110.11177749706381 104.86437160555695 0.0 2.23606797749979 0.4472135954999579 1 0 0 -0.9771857377891864 -0.21238651996161048 2.7135595492654225
cell 18.877477010272848 80.62486586499126 0.0 2.23606797749979 0.4472135954999579 1 0 0 -0.9957078296725489 0.09255224432061199 3.3269624310841217
cell 152.92419161931954 159.1194046030203 0.0 2.23606797749979 0.4472135954999579 1 0 0 0.08370242122537377 -0.996490795080923 6.11558437014792
cell 81.68993252978743 143.92621722745653 0.0 2.23606797749979 0.4472135954999579 1 0 0 -0.7729675988347674 -0.6344454989607965 1.7670107692266406
cell 90.27617330299235 151.13495226439846 0.0 2.23606797749979 0.4472135954999579 1 0 0 0.764621350222092 0.6444797830689066 1.740907195395537
cell 150.53546814583078 146.07248773302672 0.0 2.23606797749979 0.4472135954999579 1 0 0 0.7874999621495774 -0.6163147001446697 4.469701330903531
cell 146.4471061823626 163.20900888722306 0.0 2.23606797749979 0.4472135954999579 1 0 0 -0.012130888885253386 -0.9999264180602759 0.024262372864245485
cell 108.92143346085176 106.54384495331776 0.0 2.23606797749979 0.4472135954999579 1 0 0 0.999006407990347 0.04456676782339382 3.0524295854157555
cell 36.279582702132984 83.6145459810025 0.0 2.23606797749979 0.4472135954999579 1 0 0 -0.9706746397665972 0.2403970542955692 3.627142413914183
cell 82.36857242696054 122.17674455134544 0.0 2.23606797749979 0.4472135954999579 1 0 0 -0.06493680301702802 0.9978893784452902 6.153220252591462
cell 13.988730389655554 168.94158105681547 0.0 2.23606797749979 0.4472135954999579 1 0 0 -0.5126828747638309 -0.8585780511542874 1.076613347840932
cell 89.3865597987162 131.63389240002337 0.0 2.23606797749979 0.4472135954999579 1 0 0 0.9258031956839562 0.3780058767550769 2.3663098371493
cell 159.32751908410407 124.55665161185061 0.0 2.23606797749979 0.4472135954999579 1 0 0 0.6839101214309662 0.7295662723867388 1.5062175578082098
cell 131.53353846064158 80.59199517396074 0.0 2.23606797749979 0.4472135954999579 1 0 0 -0.7441122459409152 0.6680546126184348 4.604775324611618
cell 90.02879645608577 128.02219730806092 0.0 2.23606797749979 0.4472135954999579 1 0 0 0.9610821449075774 0.2762627567006643 2.581785963088943
cell 66.54104246467269 103.68682016910883 0.0 2.23606797749979 0.4472135954999579 1 0 0 -0.3187205500301906 0.9478487279035894 5.634426638706402
cell 135.52965872597267 53.277853716498676 0.0 2.23606797749979 0.4472135954999579 1 0 0 -0.29343767183117153 0.9559782072569969 5.687543635004907
cell 65.85321162081512 113.70554854714527 0.0 2.23606797749979 0.4472135954999579 1 0 0 -0.995581207297435 -0.09390452425832141 2.9535064854465443
cell 103.5925061280427 92.2723348348409 0.0 2.23606797749979 0.4472135954999579 1 0 0 0.8519936623161981 -0.5235520980504541 4.2436222454204975
cell 31.596549076082503 103.68154358694589 0.0 2.23606797749979 0.4472135954999579 1 0 0 0.6466040860898072 0.7628257703119141 1.4062484701577818
cell 10.695013292802727 57.25212573243059 0.0 2.23606797749979 0.4472135954999579 1 0 0 0.9963490723225541 -0.08537286502153851 3.312546481001185
cell 79.0559727419113 89.97824467364588 0.0 2.23606797749979 0.4472135954999579 1 0 0 0.10593918999846942 -0.994372610253555 6.0709085896570345
cell 128.98866114778738 147.0238271737104 0.0 2.23606797749979 0.4472135954999579 1 0 0 -0.6613738022459773 -0.7500564603432857 1.4452977673327325
cell 82.00851473895538 147.19261377616203 0.0 2.23606797749979 0.4472135954999579 1 0 0 -0.7541307466646978 -0.6567243081651122 1.7086589836285482
cell 8.000913894491768 33.3247063786619 0.0 2.23606797749979 0.4472135954999579 1 0 0 0.9905711802075938 0.13699903993143434 2.866730153153945
cell 25.028680428352974 85.14243868394271 0.0 2.23606797749979 0.4472135954999579 1 0 0 -0.9828077269220534 0.18463199046293824 3.5129874576231614
cell 42.40737489131974 157.69882859866658 0.0 2.23606797749979 0.4472135954999579 1 0 0 0.1751580107339624 0.9845403350171699 0.35213251551590513
cell 84.28879322972043 158.16117816544033 0.0 2.23606797749979 0.4472135954999579 1 0 0 0.7773199847243683 0.6291054294377915 1.7807889829199883
cell 85.93180388569071 155.60038927524474 0.0 2.23606797749979 0.4472135954999579 1 0 0 0.817297826769691 0.5762154652189928 1.9134115632717907
cell 117.02196434621891 146.96929841830584 0.0 2.23606797749979 0.4472135954999579 1 0 0 0.723791102295249 -0.6900191593269193 4.664623700009914
cell 72.75644695893389 114.82641628082389 0.0 2.23606797749979 0.4472135954999579 1 0 0 0.02501787458655622 0.9996870039923352 0.05004097015668766
cell 163.30599061817753 123.01570849663985 0.0 2.23606797749979 0.4472135954999579 1 0 0 0.5541126099390247 0.8324417189849163 1.1745931576359765
cell 139.22007654364842 114.75623544282567 0.0 2.23606797749979 0.4472135954999579 1 0 0 -0.5612286156338462 -0.8276608248514101 1.1917389951353687
cell 33.512781624976256 83.59152329947776 0.0 2.23606797749979 0.4472135954999579 1 0 0 0.9810981597051055 -0.1935107258610111 3.531071165133334
cell 145.1786192705215 79.6285844699001 0.0 2.23606797749979 0.4472135954999579 1 0 0 0.11249163115975219 0.9936526721742454 0.22546048835740512
cell 80.2340593380436 158.07553259303563 0.0 2.23606797749979 0.4472135954999579 1 0 0 -0.7634573640774176 -0.6458582299823711 1.7372988824816442
cell 83.39225598063534 75.1202565293753 0.0 2.23606797749979 0.4472135954999579 1 0 0 -0.820065850673651 -0.5722691679261613 1.9230521573709236
cell 69.00646066242356 106.99776717300335 0.0 2.23606797749979 0.4472135954999579 1 0 0 -0.19590432642544217 0.9806230136437721 5.888826184855866
cell 141.37915154361085 79.62209525373885 0.0 2.23606797749979 0.4472135954999579 1 0 0 -0.22284535301465547 -0.974853808855345 0.44946449999838656
cell 88.05759986898043 136.300068409046 0.0 2.23606797749979 0.4472135954999579 1 0 0 0.9511154042852945 0.30883569698339747 2.5136553657848215
cell 150.98952287825037 82.27079023851589 0.0 2.23606797749979 0.4472135954999579 1 0 0 0.11106314873791093 0.9938133511844267 0.2225855065281411
cell 80.7398071838419 153.6320291641278 0.0 2.23606797749979 0.4472135954999579 1 0 0 -0.7334558303129948 -0.6797371146111381 1.6467843437905287
cell 167.36505258862783 90.48637233849973 0.0 2.23606797749979 0.4472135954999579 1 0 0 0.994989571349781 0.09997876227068891 2.9413005006630235
cell 2.210292305430524 75.55236303152951 0.0 2.23606797749979 0.4472135954999579 1 0 0 0.9841979297576785 -0.1770718358765722 3.4976135976977614
cell 133.78662788247252 67.41922579873408 0.0 2.23606797749979 0.4472135954999579 1 0 0 0.04021558162905834 -0.9991910262778767 6.202732448001564
cell 25.524168933684518 83.93535721400909 0.0 2.23606797749979 0.4472135954999579 1 0 0 -0.9687988341426661 0.24784837898160847 3.642510065238098
cell 52.860474558038625 19.634988818113555 0.0 2.23606797749979 0.4472135954999579 1 0 0 0.18749035169093406 0.9822664445163592 0.37721312733867396
cell 73.22083581156546 143.6412249961462 0.0 2.23606797749979 0.4472135954999579 1 0 0 -0.33569024675385883 0.9419724296572237 5.598509503207383
cell 74.33760466481803 48.70832664606882 0.0 2.23606797749979 0.4472135954999579 1 0 0 0.996102060974429 -0.08820818625555607 3.3182386041810754
cell 50.55467201465776 57.84918604108217 0.0 2.23606797749979 0.4472135954999579 1 0 0 0.9297095886227688 -0.36829347105655036 3.895938256165609
cell 142.64079110796993 81.38334939384313 0.0 2.23606797749979 0.4472135954999579 1 0 0 -0.20346701688212804 -0.9790818009957533 0.4097954326450486
cell 85.7076530100357 142.7212525835678 0.0 2.23606797749979 0.4472135954999579 1 0 0 0.8077610784119521 0.5895100000871573 1.8806884706003408
cell 79.31688336290055 162.45754714331702 0.0 2.23606797749979 0.4472135954999579 1 0 0 -0.7968851590565582 -0.6041308163596721 1.8442432745371011
cell 90.0821648424047 132.4759498122584 0.0 2.23606797749979 0.4472135954999579 1 0 0 0.947351334824127 0.3201959531395497 2.4897200071460133
cell 79.51468385787987 137.7764744897653 0.0 2.23606797749979 0.4472135954999579 1 0 0 -0.7557183481128598 -0.6548967692129581 1.7135006279119915
cell 65.70407716313383 16.6219436856362 0.0 2.23606797749979 0.4472135954999579 1 0 0 0.9262735736266048 0.3768517835980065 2.368802375313629
cell 79.90148280127721 7.088020287830113 0.0 2.23606797749979 0.4472135954999579 1 0 0 0.6189860231351412 0.7854020009927034 1.334902032487093
cell 114.55622986754884 148.3142151628226 0.0 2.23606797749979 0.4472135954999579 1 0 0 0.7033361121728654 -0.7108574493620774 4.7230258075894875
cell 145.1672030548515 41.48547380657507 0.0 2.23606797749979 0.4472135954999579 1 0 0 0.20357351179525995 -0.9790596638077503 5.873172331696207
cell 77.73084650570159 161.4510474020504 0.0 2.23606797749979 0.4472135954999579 1 0 0 0.7745153481914302 0.6325551165044099 1.7718971080898882
cell 140.29884715943885 81.74505124810754 0.0 2.23606797749979 0.4472135954999579 1 0 0 0.1290091489331117 0.9916434033923456 0.25873942719535015
cell 146.69820006264578 162.06604576566684 0.0 2.23606797749979 0.4472135954999579 1 0 0 0.057648165411278166 0.9983369616641036 0.11536028744221827
cell 135.90125077894788 159.64660403252498 0.0 2.23606797749979 0.4472135954999579 1 0 0 -0.5803279413177388 -0.814382883247134 1.2382626396444865
cell 143.2147395962169 43.46401733845089 0.0 2.23606797749979 0.4472135954999579 1 0 0 -0.2383731116703279 0.9711736506066283 5.801804650903909
cell 69.1823542344506 89.09186451966046 0.0 2.23606797749979 0.4472135954999579 1 0 0 0.12138311408380581 -0.9926057322095807 6.039818944112457
cell 114.84570269313096 174.5703565937934 0.0 2.23606797749979 0.4472135954999579 1 0 0 0.6218837986700494 0.7831095331763682 1.3422918977828242
cell 73.22926698515474 105.93898180259791 0.0 2.23606797749979 0.4472135954999579 1 0 0 0.22725010322561007 -0.9738364290700721 5.824679364629481
cell 12.059885967200346 174.64084931407146 0.0 2.23606797749979 0.4472135954999579 1 0 0 -0.4750107426531933 -0.8799799965704117 0.9899524790292347
cell 137.76451529060776 163.74753215253895 0.0 2.23606797749979 0.4472135954999579 1 0 0 -0.5745351562989891 -0.8184799045648563 1.2240721987569971
cell 155.78373690069074 117.27733970497039 0.0 2.23606797749979 0.4472135954999579 1 0 0 0.6752613717960037 0.7375785244705674 1.4826380189027946
cell 85.93589036843954 149.12043780760555 0.0 2.23606797749979 0.4472135954999579 1 0 0 -0.7325622246643906 -0.6807000712463301 1.644156936867586
cell 142.88848734368267 92.17784028433353 0.0 2.23606797749979 0.4472135954999579 1 0 0 0.2093460082128714 -0.9778416276909755 5.86137310666666
cell 119.50703825181556 155.95916958135453 0.0 2.23606797749979 0.4472135954999579 1 0 0 0.6997265827327687 0.7144107427923533 1.550029415320502
cell 80.16828125983238 163.06304009615613 0.0 2.23606797749979 0.4472135954999579 1 0 0 -0.8407312274736332 -0.5414526785885153 1.9972646034284036
cell 84.89207962563115 138.50846633317929 0.0 2.23606797749979 0.4472135954999579 1 0 0 0.874691915945961 0.4846793292258129 2.12959961267079
cell 170.7296763415993 35.29456817344468 0.0 2.23606797749979 0.4472135954999579 1 0 0 0.40148478057192444 -0.9158656948314604 5.45691041055359
cell 59.72924576404516 62.19510530864903 0.0 2.23606797749979 0.4472135954999579 1 0 0 0.7482028793312384 -0.6634700078831327 4.592486793229775
cell 116.46446013739201 150.44616040269742 0.0 2.23606797749979 0.4472135954999579 1 0 0 -0.7644992203192326 0.644624652128109 4.542657072244225
cell 86.96404727657904 144.77035648151076 0.0 2.23606797749979 0.4472135954999579 1 0 0 0.7641927652278677 0.6449879204864112 1.7395777011328724
cell 9.717178011501815 170.03020857124451 0.0 2.23606797749979 0.4472135954999579 1 0 0 0.5238267498717104 0.8518248271322224 1.1026743830935726
cell 112.90293220555617 176.64293686686426 0.0 2.23606797749979 0.4472135954999579 1 0 0 0.7614729869283725 -0.6481966446830643 4.55202024678689
cell 37.98796091151493 48.400711818810315 0.0 2.23606797749979 0.4472135954999579 1 0 0 0.9470472188993639 -0.32109432442037983 3.7953622001588814
cell 30.091841422141446 30.035729693711648 0.0 2.23606797749979 0.4472135954999579 1 0 0 -0.9962035184285138 0.08705486701299169 3.3159230575587935
cell 107.24494687785688 74.24532395110877 0.0 2.23606797749979 0.4472135954999579 1 0 0 0.9993869341374932 0.035010796552802814 3.071556747691462
cell 81.07008647918549 158.99604402184679 0.0 2.23606797749979 0.4472135954999579 1 0 0 0.8004848364810075 0.5993530066363015 1.8562074293385136
cell 118.04227526687035 145.54406354134042 0.0 2.23606797749979 0.4472135954999579 1 0 0 0.7564495326700533 -0.6540520656058338 4.567450261965128
cell 35.261624567786306 81.80627346400667 0.0 2.23606797749979 0.4472135954999579 1 0 0 0.975110580649821 -0.22171909143050533 3.5887468314818447
cell 53.071821195375904 20.941044370574115 0.0 2.23606797749979 0.4472135954999579 1 0 0 0.16492508807112527 0.9863060961611926 0.3313641176375127
cell 77.08569936462965 169.6119187905483 0.0 2.23606797749979 0.4472135954999579 1 0 0 0.9026666995849871 0.4303403646653967 2.2518530360387747
cell 80.93733136083704 91.71773749932282 0.0 2.23606797749979 0.4472135954999579 1 0 0 -0.4749405369292406 0.8800178898075679 5.293392386805413
cell 48.098319756878325 67.16401242163793 0.0 2.23606797749979 0.4472135954999579 1 0 0 -0.38115272351125856 -0.9245120882714027 0.7820856435035024
cell 156.32780673581362 111.79076419987408 0.0 2.23606797749979 0.4472135954999579 1 0 0 0.6365879757463597 0.7712040904554074 1.3801317216659232
cell 5.844047609760907 43.09942834529416 0.0 2.23606797749979 0.4472135954999579 1 0 0 0.5991431576228424 0.800641915386479 1.28486097091028
cell 50.09991413465757 55.98461291445237 0.0 2.23606797749979 0.4472135954999579 1 0 0 0.9443526493598859 -0.3289347559121175 3.81194332975485
cell 15.98827963229553 170.4943067622704 0.0 2.23606797749979 0.4472135954999579 1 0 0 0.5250434044257934 0.8510754511022937 1.1055322235969032
cell 154.43665518781782 118.49450921623432 0.0 2.23606797749979 0.4472135954999579 1 0 0 0.5113149181890602 0.8593934223842504 1.0734282977822303
cell 144.066422410238 83.10505957899264 0.0 2.23606797749979 0.4472135954999579 1 0 0 0.0010243464423277024 -0.9999994753570455 6.281136613936654
cell 36.87554865103244 32.46311127437731 0.0 2.23606797749979 0.4472135954999579 1 0 0 -0.9720388632667804 0.2348200338536416 3.61565949558789
cell 135.2650203773711 110.82758748492469 0.0 2.23606797749979 0.4472135954999579 1 0 0 -0.7135602412266105 -0.7005938781780935 1.5891337901967857
cell 147.14200127248702 82.33900003958951 0.0 2.23606797749979 0.4472135954999579 1 0 0 -0.0950265304262701 -0.9954747402697595 0.19034026060218245
cell 83.07632021803681 142.8256057215906 0.0 2.23606797749979 0.4472135954999579 1 0 0 0.8073688126456129 0.5900471170738937 1.8793582569254905
cell 54.32515260310821 77.4991469449898 0.0 2.23606797749979 0.4472135954999579 1 0 0 0.9360265187732506 -0.35192947610740066 3.8608559628162493
cell 75.01730605528014 100.15988017345887 0.0 2.23606797749979 0.4472135954999579 1 0 0 -0.32329989192748526 0.9462965602176077 5.624756138763105
cell 85.89651747494662 139.78805374832703 0.0 2.23606797749979 0.4472135954999579 1 0 0 0.974540282640197 0.22421248295214305 2.689322913297887
cell 76.58309328972383 161.40111938698402 0.0 2.23606797749979 0.4472135954999579 1 0 0 -0.6866471617528781 -0.7269908357446584 1.5137340144855926
cell 138.0506644163932 121.69438790514411 0.0 2.23606797749979 0.4472135954999579 1 0 0 0.8125885322039618 0.5828377796013321 1.8971594413861825
cell 88.61250643076399 98.58287868083752 0.0 2.23606797749979 0.4472135954999579 1 0 0 0.9766748070550753 -0.21472382556188668 3.5744107554750992
cell 77.36611423849664 135.88659676313776 0.0 2.23606797749979 0.4472135954999579 1 0 0 0.8556065635817557 0.5176267075372165 2.053443047580258
cell 42.02261486930644 29.183269631262977 0.0 2.23606797749979 0.4472135954999579 1 0 0 -0.9359923048929778 0.35202046131032066 3.8610503736879735
cell 73.57272266456755 171.31242571638182 0.0 2.23606797749979 0.4472135954999579 1 0 0 -0.7412991705926603 -0.6711747460077994 1.6700079230017408
cell 144.57279925705672 44.83936507157022 0.0 2.23606797749979 0.4472135954999579 1 0 0 -0.3450101819196287 0.9385989422387949 5.578686041032328
cell 160.0946071678988 40.56140821562667 0.0 2.23606797749979 0.4472135954999579 1 0 0 -0.0814243377080858 -0.9966795258400765 0.16302916009638668
cell 105.12062058509504 39.026487698904404 0.0 2.23606797749979 0.4472135954999579 1 0 0 0.9994850146491409 0.032089024475772596 3.077403585449974
cell 81.33738701584545 78.77004290565553 0.0 2.23606797749979 0.4472135954999579 1 0 0 0.797742325174846 0.602998493053366 1.847083619701571
cell 116.7067797232725 51.56761029639754 0.0 2.23606797749979 0.4472135954999579 1 0 0 0.9717518704864744 -0.2360048775047634 3.618097707652188
cell 64.32117451713742 83.54791729837918 0.0 2.23606797749979 0.4472135954999579 1 0 0 0.9579219909900076 -0.2870286730933684 3.7238397406381805
cell 79.549519669454 165.8560307353261 0.0 2.23606797749979 0.4472135954999579 1 0 0 0.8783143107126531 0.4780836449799941 2.1446495378155337
cell 102.3579600466754 156.0247424486662 0.0 2.23606797749979 0.4472135954999579 1 0 0 -0.7911984807240249 0.6115594526290922 4.457652840817872
cell 51.65187711107197 23.76646617541544 0.0 2.23606797749979 0.4472135954999579 1 0 0 -0.23551048724912615 -0.9718718075938201 0.4754875932225211
cell 79.92430238036904 150.7382844816251 0.0 2.23606797749979 0.4472135954999579 1 0 0 -0.7194000404547128 -0.6945959845793507 1.6058763577291382
cell 134.8841262673884 81.5592340348249 0.0 2.23606797749979 0.4472135954999579 1 0 0 0.4674669233010433 -0.8840105630700668 5.310338981744611
cell 74.78762398606418 3.530227113274046 0.0 2.23606797749979 0.4472135954999579 1 0 0 0.6590499196537621 0.7520991978485083 1.4391096450149874
cell 33.898657233788825 27.639187955837258 0.0 2.23606797749979 0.4472135954999579 1 0 0 0.9727406928092245 -0.23189554664337547 3.6096444487991706
cell 84.88036311010417 150.91813134123367 0.0 2.23606797749979 0.4472135954999579 1 0 0 0.7200292755160989 0.6939436882051466 1.6076890103472705
cell 79.47395054651665 101.69534578619528 0.0 2.23606797749979 0.4472135954999579 1 0 0 -0.26653803192401376 0.9638244018170911 5.743586646121117
cell 68.09691545762179 131.09150086804198 0.0 2.23606797749979 0.4472135954999579 1 0 0 0.9679145063875537 0.25127974117413104 2.633588269326017
cell 150.68396317752286 38.3643871434997 0.0 2.23606797749979 0.4472135954999579 1 0 0 -0.05418552653895431 -0.9985308852077117 0.10842415412287565
cell 84.4625350695272 142.98059954895572 0.0 2.23606797749979 0.4472135954999579 1 0 0 -0.781313903560698 -0.624138273223766 1.7935364008628412
cell 36.92835161333616 162.72716487073666 0.0 2.23606797749979 0.4472135954999579 1 0 0 -0.2837769482164049 -0.9588903188900093 0.5754614007485221
cell 9.097021511969714 53.481477299417556 0.0 2.23606797749979 0.4472135954999579 1 0 0 0.11117252001536346 0.993801122354686 0.222805612144795
cell 66.00281684941675 40.385213627833984 0.0 2.23606797749979 0.4472135954999579 1 0 0 -0.41847167712423494 -0.9082298472549942 0.8635238348223799
cell 81.33598420986604 140.47711699961587 0.0 2.23606797749979 0.4472135954999579 1 0 0 0.7494567929064752 0.6620532573489393 1.694482417964463
cell 88.0892272929966 145.00105459360316 0.0 2.23606797749979 0.4472135954999579 1 0 0 -0.7949367261635729 -0.6066923449297351 1.8378065585128862
cell 75.67642609741237 157.217349047505 0.0 2.23606797749979 0.4472135954999579 1 0 0 -0.6787083427008158 -0.7344079149548376 1.4920048568352104
cell 32.21069782950864 31.508930040633658 0.0 2.23606797749979 0.4472135954999579 1 0 0 0.994850757670327 -0.10135072749011828 3.3446427464015165
cell 156.93947093406226 102.10579055167987 0.0 2.23606797749979 0.4472135954999579 1 0 0 0.7874328438257449 -0.6164004513824597 4.469919121116243
cell 139.88932323472102 148.9428403968052 0.0 2.23606797749979 0.4472135954999579 1 0 0 0.17348149235390392 0.9848371295857312 0.3487273420431695
cell 83.00534155646999 131.46855003770537 0.0 2.23606797749979 0.4472135954999579 1 0 0 0.7860088521449771 0.6182152411173114 1.8086526336584254
cell 72.82102151846661 23.23884288460998 0.0 2.23606797749979 0.4472135954999579 1 0 0 0.7098563756279884 0.7043464530898812 1.5785885536898425
cell 69.44541748058556 131.67790140230224 0.0 2.23606797749979 0.4472135954999579 1 0 0 0.973275546438276 0.22964039432398492 2.678176279738969
cell 63.12419990441208 24.89347359472704 0.0 2.23606797749979 0.4472135954999579 1 0 0 0.8907320276500859 0.4545288273788218 2.1979063129206335
cell 105.45132029681461 64.56975775290871 0.0 2.23606797749979 0.4472135954999579 1 0 0 0.43587703308835724 0.900006228881829 0.9020250431009609
cell 84.08152830684784 153.639364067604 0.0 2.23606797749979 0.4472135954999579 1 0 0 0.6914448391521419 0.7224292591042175 1.5269742335068244
cell 83.42768237463558 150.55260086090948 0.0 2.23606797749979 0.4472135954999579 1 0 0 0.8416777959166464 0.5399800809853047 2.0007657668355616
cell 75.38075268593187 143.5695468710331 0.0 2.23606797749979 0.4472135954999579 1 0 0 0.705393975170047 0.7088154483317919 1.5659576283259102
cell 136.59513088303464 170.31852279767912 0.0 2.23606797749979 0.4472135954999579 1 0 0 0.899954689309192 -0.43598343683034085 4.0438541545844435
cell 91.86775439577741 115.10620493982154 0.0 2.23606797749979 0.4472135954999579 1 0 0 -0.2443339321076821 -0.9696911516667555 0.49366549278545246
cell 144.21191964531485 47.3349958121778 0.0 2.23606797749979 0.4472135954999579 1 0 0 0.5166276502629084 -0.8562101792105873 5.197370196763888
cell 86.698056153673 164.36978176377917 0.0 2.23606797749979 0.4472135954999579 1 0 0 0.8932813997792006 -0.4494978763114594 4.073998949717014
cell 20.383496611277995 83.49187237093707 0.0 2.23606797749979 0.4472135954999579 1 0 0 0.9788771011532518 -0.20444955572905124 3.5533953577120316
cell 66.0545923948087 72.82318579510732 0.0 2.23606797749979 0.4472135954999579 1 0 0 0.9862806867256861 -0.1650769729305361 3.4732647624608037
cell 6.620146450305284 51.69321448895069 0.0 2.23606797749979 0.4472135954999579 1 0 0 -0.1208106560307417 -0.9926755690503427 0.2422129586869346
cell 78.30035690911251 5.797137409104294 0.0 2.23606797749979 0.4472135954999579 1 0 0 -0.5770708430092929 -0.8166940933718966 1.2302750485600722
cell 5.9389881297250895 37.80508761231234 0.0 2.23606797749979 0.4472135954999579 1 0 0 0.13286126746751112 -0.9911346445397449 6.016674735469269
cell 82.01453782333999 159.32252911229693 0.0 2.23606797749979 0.4472135954999579 1 0 0 -0.7889486385283918 -0.6144591489791628 1.8181921546658728
cell 10.893719070929087 51.55425376552572 0.0 2.23606797749979 0.4472135954999579 1 0 0 -0.11457751626268894 -0.9934143107319691 0.22965940938968377
cell 136.1989386872229 162.90740356223995 0.0 2.23606797749979 0.4472135954999579 1 0 0 -0.5237212916932729 -0.8518896692806702 1.1024267871999536
cell 7.184043037627004 146.76259134618368 0.0 2.23606797749979 0.4472135954999579 1 0 0 -0.9148721127131818 -0.4037437521246851 2.3103821066549592
cell 57.76593291992876 59.64652420846663 0.0 2.23606797749979 0.4472135954999579 1 0 0 0.7579673585616611 -0.6522924829821806 4.562802712556404
cell 174.47610729764247 139.66686127803675 0.0 2.23606797749979 0.4472135954999579 1 0 0 -0.47319781650462117 0.8809562000776536 5.2973509228581666
cell 167.82935171756873 109.39538723618679 0.0 2.23606797749979 0.4472135954999579 1 0 0 0.9197099997145095 0.39259841622851316 2.3346823518367685
cell 85.44243615803157 158.91629401109887 0.0 2.23606797749979 0.4472135954999579 1 0 0 0.8679435147206005 0.49666291914582344 2.102093225926047
cell 81.55317232785457 134.62082895590302 0.0 2.23606797749979 0.4472135954999579 1 0 0 0.7412548107697654 0.6712237372967969 1.6698757422121153
cell 60.97440980285738 59.085667682769 0.0 2.23606797749979 0.4472135954999579 1 0 0 -0.38348934847892624 -0.9235452991614481 0.7871431135548717
cell 152.7873141418791 36.34659610193232 0.0 2.23606797749979 0.4472135954999579 1 0 0 -0.12584190209357615 -0.9920503090456002 0.2523528683666374
cell 1.258289609265103 156.0478846535083 0.0 2.23606797749979 0.4472135954999579 1 0 0 -0.11617218758119412 0.9932290887970407 6.050315113254762
cell 125.5265901581234 86.72633288761133 0.0 2.23606797749979 0.4472135954999579 1 0 0 0.9205212575662293 0.39069248056327854 2.3388251680751204
cell 63.25642177967677 84.43665366884137 0.0 2.23606797749979 0.4472135954999579 1 0 0 -0.4396862595255871 -0.8981514310985638 0.9104986510028192
cell 111.19151123534044 18.85455566415497 0.0 2.23606797749979 0.4472135954999579 1 0 0 -0.9426014737899542 -0.3339198430896349 2.460674522670768
cell 62.923681332631475 18.80128504815371 0.0 2.23606797749979 0.4472135954999579 1 0 0 -0.05597941351112343 0.9984319231990485 6.171167923414
cell 71.25094251251768 101.56118506700238 0.0 2.23606797749979 0.4472135954999579 1 0 0 0.42503747863925856 -0.9051757518581581 5.4051787271246186
cell 77.84528189198323 166.67283232075155 0.0 2.23606797749979 0.4472135954999579 1 0 0 0.8474320481034955 0.5309038743945226 2.0222590267837606
cell 1.9735227114432714 73.63382759411887 0.0 2.23606797749979 0.4472135954999579 1 0 0 -0.9764552897243116 0.21571988125671362 3.5764506720379914
cell 87.89365483461273 135.18755127942487 0.0 2.23606797749979 0.4472135954999579 1 0 0 -0.9485958277275613 -0.3164900561121357 2.4975385632345173
cell 168.13662820733217 168.3412670589141 0.0 2.23606797749979 0.4472135954999579 1 0 0 0.81359925753452 0.5814260470079388 1.9006319363776123
cell 64.2479137926549 16.40557016698805 0.0 2.23606797749979 0.4472135954999579 1 0 0 0.9204113562215017 0.39095132093202595 2.338262756686234
cell 124.56070161060781 9.67135257965301 0.0 2.23606797749979 0.4472135954999579 1 0 0 0.9550641241372774 -0.29639925571076475 3.743433207830161
cell 76.64056283433442 154.37121167294694 0.0 2.23606797749979 0.4472135954999579 1 0 0 -0.7202703401360101 -0.6936934749010951 1.608383902712207
cell 5.35013492112167 39.496398877580035 0.0 2.23606797749979 0.4472135954999579 1 0 0 0.987827399727325 -0.15555394031637937 3.453969043424029
cell 147.26880695265436 48.41093506627451 0.0 2.23606797749979 0.4472135954999579 1 0 0 0.9535271141112082 0.3013072230378007 2.5294660697157334
cell 134.26540700248535 112.95648580226748 0.0 2.23606797749979 0.4472135954999579 1 0 0 0.3489744815570274 0.9371322271814175 0.7129531294716633
cell 73.5172802155615 3.164393596477412 0.0 2.23606797749979 0.4472135954999579 1 0 0 -0.608942528463285 -0.7932143449463968 1.3094535207236193
cell 48.637606270261756 23.444792547285914 0.0 2.23606797749979 0.4472135954999579 1 0 0 -0.21452973587021093 -0.9767174578287507 0.43242066058377926
cell 146.50232618634882 44.55676917431098 0.0 2.23606797749979 0.4472135954999579 1 0 0 0.5364257802696741 -0.8439474997072218 5.150792787083697
cell 158.66499854792607 128.98155204058378 0.0 2.23606797749979 0.4472135954999579 1 0 0 0.819610176795814 0.5729215985566738 1.9214605488210634
cell 81.71572946602652 154.71340392385792 0.0 2.23606797749979 0.4472135954999579 1 0 0 -0.7875951913970507 -0.6161930010055641 1.8137930347823676
cell 48.28205732282808 65.51283295429027 0.0 2.23606797749979 0.4472135954999579 1 0 0 0.3839627403821888 0.9233485874783152 0.7881683850040216
cell 78.3720440392377 39.47550277449244 0.0 2.23606797749979 0.4472135954999579 1 0 0 0.3218763179798487 -0.9467817255966315 5.627764093986016
cell 136.96023372468073 116.06339675805414 0.0 2.23606797749979 0.4472135954999579 1 0 0 -0.30090453274039036 -0.9536542676338671 0.611282007064994
cell 171.76579636112805 129.4254648730141 0.0 2.23606797749979 0.4472135954999579 1 0 0 0.9992593078333996 -0.038481628192102525 3.218574917632687
cell 128.82519637247538 119.63740676751154 0.0 2.23606797749979 0.4472135954999579 1 0 0 0.691463088879399 -0.7224117916516593 4.756160549839025
cell 65.47694125304928 82.93552388119691 0.0 2.23606797749979 0.4472135954999579 1 0 0 -0.31952957367245655 -0.9475763038134175 0.650465987052602
cell 142.2765109673637 68.89358932157228 0.0 2.23606797749979 0.4472135954999579 1 0 0 -0.08123066817730876 0.9966953288480226 6.120544773496766
cell 117.11489245812845 53.17129941552377 0.0 2.23606797749979 0.4472135954999579 1 0 0 0.9641016437161866 -0.2655334641504669 3.679107069383856
cell 169.95886173896187 30.999967013545007 0.0 2.23606797749979 0.4472135954999579 1 0 0 0.3499318153321243 -0.9367751729301775 5.568188675042308
cell 11.847028683993052 172.11247990257536 0.0 2.23606797749979 0.4472135954999579 1 0 0 0.5399884812623131 0.8416724066428818 1.1408468476084752
cell 126.28718505256056 149.43837165025175 0.0 2.23606797749979 0.4472135954999579 1 0 0 0.5692634153995946 0.8221551945269145 1.2112193157262765
cell 89.79724908670889 112.68395533329024 0.0 2.23606797749979 0.4472135954999579 1 0 0 0.2914489930843986 0.9565863706064864 0.5914824860157678
cell 82.3191693564061 136.10761533305072 0.0 2.23606797749979 0.4472135954999579 1 0 0 0.7943280280124002 0.6074890813125217 1.8358012631360237
cell 78.49841576980567 157.03453867529475 0.0 2.23606797749979 0.4472135954999579 1 0 0 -0.7565821280924547 -0.6538986798052833 1.7161405510713497
cell 130.86252226126024 175.37821835692324 0.0 2.23606797749979 0.4472135954999579 1 0 0 0.9206461692436255 -0.3903980418201884 3.943720460743242
cell 154.25721844627665 39.66671915574907 0.0 2.23606797749979 0.4472135954999579 1 0 0 -0.05422576536288467 -0.9985287008247732 0.10850475026373463
cell 138.86041619802762 47.58836008557713 0.0 2.23606797749979 0.4472135954999579 1 0 0 -0.2605353563446112 0.9654643070017588 5.756031971038128
cell 35.21427241949127 143.50075151782738 0.0 2.23606797749979 0.4472135954999579 1 0 0 -0.4666383362279566 -0.8844482252582141 0.9709721805175526
cell 84.04720481194043 146.94234475626996 0.0 2.23606797749979 0.4472135954999579 1 0 0 0.8183764104907625 0.5746825652064408 1.9171602304057715
cell 75.58794422451639 161.636414696767 0.0 2.23606797749979 0.4472135954999579 1 0 0 0.6242174688010108 0.7812506330516853 1.348258985030986
cell 23.233492436298846 81.89991513448419 0.0 2.23606797749979 0.4472135954999579 1 0 0 -0.9912172761637561 0.13224337954886087 3.4068564478895267
cell 135.53390715626944 164.05021234615535 0.0 2.23606797749979 0.4472135954999579 1 0 0 -0.4553076877826766 -0.8903341560593936 0.9454355409208546
cell 75.53601691013687 152.72804598871974 0.0 2.23606797749979 0.4472135954999579 1 0 0 -0.6900705355176466 -0.7237421198261079 1.5231730153640335
cell 58.91578884606831 19.971422798489396 0.0 2.23606797749979 0.4472135954999579 1 0 0 0.12813937629516323 0.9917561697527707 0.2569853225883489
cell 98.92379058932148 97.85775446592703 0.0 2.23606797749979 0.4472135954999579 1 0 0 0.8724790379372223 -0.48865154083471285 4.162679721069095
cell 13.475454125326086 88.33612746231518 0.0 2.23606797749979 0.4472135954999579 1 0 0 0.9953076093338068 -0.09676137040277116 3.335418658452668
cell 78.2029906695704 99.4758709539678 0.0 2.23606797749979 0.4472135954999579 1 0 0 0.31748252214757966 -0.9482641236126207 5.63703835605369
cell 78.77436800398489 151.1757745146435 0.0 2.23606797749979 0.4472135954999579 1 0 0 -0.678041950415763 -0.7350232060801808 1.4901908426093549
cell 82.89885900526723 162.66073050116398 0.0 2.23606797749979 0.4472135954999579 1 0 0 0.8897556683937402 0.45643712662447666 2.193619176268819
cell 139.746872085715 163.68386609113185 0.0 2.23606797749979 0.4472135954999579 1 0 0 -0.6158029627732832 -0.7879001910392245 1.3268093570049206
cell 94.14417952834721 159.89112404910193 0.0 2.23606797749979 0.4472135954999579 1 0 0 0.8103480292992571 -0.5859488641603552 4.393693647324912
cell 105.18349032686355 150.89307987135896 0.0 2.23606797749979 0.4472135954999579 1 0 0 -0.7335650125150686 0.6796192849042523 4.636079687226668
cell 65.74315098740772 86.0947417739991 0.0 2.23606797749979 0.4472135954999579 1 0 0 0.994785973859934 -0.10198463713492782 3.345917169241253
cell 116.00156371828615 155.52564683263054 0.0 2.23606797749979 0.4472135954999579 1 0 0 0.6565843277712975 0.7542526238105596 1.4325624635527079
cell 131.58919067510783 150.9429809210985 0.0 2.23606797749979 0.4472135954999579 1 0 0 -0.6518368595513098 -0.7583592212996991 1.4200081452807076
cell 118.5989901173006 150.5924823266278 0.0 2.23606797749979 0.4472135954999579 1 0 0 -0.6935395739835802 0.7204185306602504 4.750403854437078
cell 69.8032191038807 176.89991131931038 0.0 2.23606797749979 0.4472135954999579 1 0 0 -0.05293485154490245 -0.9985979678989534 0.10591920842823388
cell 150.89636587014832 163.42550065570435 0.0 2.23606797749979 0.4472135954999579 1 0 0 0.9925827040663388 -0.12157127780999474 3.385338151901088
cell 112.88845924869528 104.90673772063164 0.0 2.23606797749979 0.4472135954999579 1 0 0 -0.9861780737980215 -0.16568888544505384 2.8086796315861307
cell 31.968176103486634 84.4186886992936 0.0 2.23606797749979 0.4472135954999579 1 0 0 0.9789547304844911 -0.20407752365715687 3.5526352677770237
cell 4.9237878787922424 44.310433610024475 0.0 2.23606797749979 0.4472135954999579 1 0 0 -0.6110452657120573 -0.7915956564123386 1.314760746228437
cell 59.036706108541054 17.734306815958238 0.0 2.23606797749979 0.4472135954999579 1 0 0 0.0847732408107227 0.99640026979244 0.16975021553699055
cell 139.78579458788047 167.1043259520434 0.0 2.23606797749979 0.4472135954999579 1 0 0 -0.5849893212708183 -0.811040994031194 1.2497337820081134
cell 68.89081113599445 12.85634073902558 0.0 2.23606797749979 0.4472135954999579 1 0 0 -0.17553006306436955 -0.984474071248511 0.3528883298457455
cell 140.96445810162163 67.62732497276816 0.0 2.23606797749979 0.4472135954999579 1 0 0 0.14617920388893926 -0.9892581262493606 5.989775554945433
cell 83.98370509135297 131.84368797741976 0.0 2.23606797749979 0.4472135954999579 1 0 0 0.8208572382861519 0.5711334295532277 1.9258206922260104
cell 79.29113032733052 146.7221211870847 0.0 2.23606797749979 0.4472135954999579 1 0 0 -0.7148971804766598 -0.699229591297824 1.5929540971789047
cell 80.19156280474589 142.46404420081265 0.0 2.23606797749979 0.4472135954999579 1 0 0 0.7406171143652059 0.6719272951066622 1.6679766367764344
cell 28.93353964601333 84.59757485370014 0.0 2.23606797749979 0.4472135954999579 1 0 0 0.978711162923435 -0.2052424409547342 3.5550154842664767
cell 162.19305279936967 123.4072525190036 0.0 2.23606797749979 0.4472135954999579 1 0 0 -0.5454635897934648 -0.8381345191612304 1.1538842724671028
cell 5.78878053597985 98.8425965198223 0.0 2.23606797749979 0.4472135954999579 1 0 0 0.9645089621129683 0.2640501126751598 2.607154755529951
cell 127.79669309317514 146.95936001836316 0.0 2.23606797749979 0.4472135954999579 1 0 0 -0.63582039945638 -0.7718370421501739 1.3781419465123053
cell 87.50126413383144 151.4041530982065 0.0 2.23606797749979 0.4472135954999579 1 0 0 0.852339394493056 0.5229890597280317 2.0408844896330374
cell 76.21128628114019 140.36892703279253 0.0 2.23606797749979 0.4472135954999579 1 0 0 0.7016764338122167 0.7124957419048691 1.5554953652947
cell 130.0738075067593 85.36635081319548 0.0 2.23606797749979 0.4472135954999579 1 0 0 0.7880636178380802 0.6155938062066222 1.8153141630026288
cell 141.99227564109137 48.125172187972204 0.0 2.23606797749979 0.4472135954999579 1 0 0 -0.3594887146111728 0.9331494328708595 5.547745463504166
cell 65.89290533561287 5.12329507957531 0.0 2.23606797749979 0.4472135954999579 1 0 0 0.7244351225846204 -0.6893429865936159 4.662756111445217
cell 85.82160344227101 131.09496963252573 0.0 2.23606797749979 0.4472135954999579 1 0 0 0.8953302204646326 0.4454029594903387 2.218344096616793
cell 7.669288964096382 174.14942007236385 0.0 2.23606797749979 0.4472135954999579 1 0 0 -0.4067254914492591 -0.9135504225850692 0.8377336270736686
cell 67.14091832014525 87.53217321076771 0.0 2.23606797749979 0.4472135954999579 1 0 0 0.9934676847689738 -0.11411379986563733 3.370318507006486
cell 68.68060548303949 9.729743820504495 0.0 2.23606797749979 0.4472135954999579 1 0 0 0.8238501864269615 -0.5668076131495242 4.346844065550292
cell 148.60264962314247 84.06455209924093 0.0 2.23606797749979 0.4472135954999579 1 0 0 0.13937187924576872 0.9902401119301838 0.2796541495722384
cell 176.2781955546699 7.7379392645889755 0.0 2.23606797749979 0.4472135954999579 1 0 0 0.990161863153084 -0.1399267120932004 3.4223674500607846
cell 8.73523889062263 173.57275082438247 0.0 2.23606797749979 0.4472135954999579 1 0 0 -0.4565184079916618 -0.8897139670505114 0.9481561865181636
cell 154.32328461808584 115.40135453309897 0.0 2.23606797749979 0.4472135954999579 1 0 0 -0.6055353744302236 -0.7958183902836431 1.3008768596237692
cell 14.824400538790146 90.14599165069451 0.0 2.23606797749979 0.4472135954999579 1 0 0 -0.996886650938566 0.07884798780241474 3.2994524874778826
cell 85.30818829038145 146.48723223239028 0.0 2.23606797749979 0.4472135954999579 1 0 0 0.8236908656848446 0.5670391148654131 1.9357791877391808
cell 171.3130796678657 142.72498075158046 0.0 2.23606797749979 0.4472135954999579 1 0 0 -0.44969105694563605 0.8931841653898241 5.3503464684113204
cell 66.03444937394373 102.60799832286052 0.0 2.23606797749979 0.4472135954999579 1 0 0 0.2708625719392474 -0.9626180276321735 5.734607332366458
cell 13.627950867745717 173.9504086682344 0.0 2.23606797749979 0.4472135954999579 1 0 0 0.6125665930696779 0.7904189832329482 1.3186073020074978
cell 83.64133489052146 135.0792456510484 0.0 2.23606797749979 0.4472135954999579 1 0 0 -0.8223103418324087 -0.5690392795892627 1.930918526081788
cell 73.7204910127079 15.80110168281115 0.0 2.23606797749979 0.4472135954999579 1 0 0 0.15251251821286907 -0.9883015388981085 5.976965235675779
cell 82.01043128224234 162.08271599088954 0.0 2.23606797749979 0.4472135954999579 1 0 0 0.8773647216630314 0.47982407732537924 2.140684275958032
cell 104.23721712959733 166.73386884666573 0.0 2.23606797749979 0.4472135954999579 1 0 0 0.19269231520398264 0.981259227554742 0.38781029225812047
cell 91.04693879098254 125.80068721047294 0.0 2.23606797749979 0.4472135954999579 1 0 0 0.92399431046521 0.38240621625167287 2.356794566030619
cell 137.36448554096845 71.64101805231823 0.0 2.23606797749979 0.4472135954999579 1 0 0 0.012042248439341258 -0.9999274894973761 6.259100228157695
cell 82.28848037448273 79.66375948663887 0.0 2.23606797749979 0.4472135954999579 1 0 0 0.8341792348032586 0.5514934308067958 1.9732856931122553
cell 41.589183357205314 152.67274800870018 0.0 2.23606797749979 0.4472135954999579 1 0 0 0.16867740841360415 0.9856713102707566 0.33897539310454183
cell 158.14176567944727 125.49428417806979 0.0 2.23606797749979 0.4472135954999579 1 0 0 -0.6987000426558153 -0.7154147401282432 1.5471576245660668
cell 57.0281072646611 32.06503617789895 0.0 2.23606797749979 0.4472135954999579 1 0 0 -0.3214124046324687 -0.9469393149238098 0.6544413152504767
cell 75.30277956952284 170.1730694264839 0.0 2.23606797749979 0.4472135954999579 1 0 0 0.850879193791027 0.525361397110153 2.0353130712272183
cell 37.33064225722418 69.8166326328178 0.0 2.23606797749979 0.4472135954999579 1 0 0 -0.2929527546078278 -0.9561269181273404 0.5946272567923652
cell 26.45962504559426 78.2535141500226 0.0 2.23606797749979 0.4472135954999579 1 0 0 0.9696015904165624 -0.24468910041453182 3.635990719225484
cell 10.447126197338884 174.15999734501764 0.0 2.23606797749979 0.4472135954999579 1 0 0 -0.48011660552606195 -0.8772046768560527 1.0015752721945397
cell 78.32198068786299 146.38096124145125 0.0 2.23606797749979 0.4472135954999579 1 0 0 0.6966939964514123 0.7173684376305941 1.5415572101426367
cell 149.70226370258672 147.73917024416272 0.0 2.23606797749979 0.4472135954999579 1 0 0 0.7811009028571544 -0.624404820253446 4.49033130391308
cell 84.62534023290151 135.04844773889113 0.0 2.23606797749979 0.4472135954999579 1 0 0 0.8381786498698469 0.5453957745549195 1.9878702010970515
cell 137.7155456388426 70.47967446698205 0.0 2.23606797749979 0.4472135954999579 1 0 0 0.0033647134875159543 -0.9999943393355519 6.27645586750685
cell 108.41670311841776 146.4570048645639 0.0 2.23606797749979 0.4472135954999579 1 0 0 -0.8552203008236091 -0.5182646399853799 2.0519515292229773
cell 89.29885319362577 72.81945430839359 0.0 2.23606797749979 0.4472135954999579 1 0 0 0.9835561184555288 0.18060277364618152 2.778394117377566
cell 170.56865854910328 16.939451407953737 0.0 2.23606797749979 0.4472135954999579 1 0 0 -0.3405587923174632 0.9402232229504177 5.588163002408754
cell 55.2398231239311 17.98714805839968 0.0 2.23606797749979 0.4472135954999579 1 0 0 -0.16725431728487258 -0.9859137859618209 0.33608819156440184
cell 137.04380983426464 49.607932560039494 0.0 2.23606797749979 0.4472135954999579 1 0 0 -0.13995227576851013 0.990158250234383 6.002358875268172
