500
 Lattice="44.03696997340012 0.0 0.0 0.0 44.03696997340012 0.0 0.0 0.0 1.0"Properties=species:S:1:pos:R:3:aspherical_shape:R:3:orientation:R:4:Color:R:1
cell 16.801655937680117 35.93837683316644 0.0 2.23606797749979 0.4472135954999579 1 0 0 -0.047977040004238455 0.9988484387695822 6.187194377864045
cell 9.861835943425888 43.51815197586481 0.0 1.0 1.0 1 0 0 0.0 1.0 0
cell 19.564308678840593 14.390571472971164 0.0 2.23606797749979 0.4472135954999579 1 0 0 0.1654521736181359 -0.9862178148081864 5.950752334494925
cell 10.884688647401303 10.057208287575275 0.0 2.23606797749979 0.4472135954999579 1 0 0 -0.0779762181159276 0.9969552193595945 6.127074397604746
cell 32.81222467107717 38.30236971902766 0.0 1.0 1.0 1 0 0 0.0 1.0 0
cell 21.54042179723674 3.0023594720079783 0.0 2.23606797749979 0.4472135954999579 1 0 0 -0.04753892726338863 0.9988693860533749 6.188071604323922
cell 31.11333829907316 12.566631289244963 0.0 2.23606797749979 0.4472135954999579 1 0 0 0.1548778549927342 -0.9879336263296485 5.972177676599816
cell 19.401381206799467 15.454794414077767 0.0 2.23606797749979 0.4472135954999579 1 0 0 0.20033034485850754 -0.9797284077380177 5.8797951287620505
cell 37.7219341548006 21.55724594834783 0.0 2.23606797749979 0.4472135954999579 1 0 0 0.9950183179151281 0.09969226155198346 2.9418763792176192
cell 9.01202332453543 38.25121473854196 0.0 1.0 1.0 1 0 0 0.0 1.0 0
cell 28.975240728939564 21.776168334577104 0.0 2.23606797749979 0.4472135954999579 1 0 0 0.9999998532462785 -0.0005417632522285798 3.1426761801472543
cell 24.68070928105813 43.66455291823962 0.0 1.0 1.0 1 0 0 0.0 1.0 0
cell 43.250906228232864 29.823676118073287 0.0 2.23606797749979 0.4472135954999579 1 0 0 -0.004128064198353652 -0.9999914795066878 0.00825615184554973
cell 1.8285905902334705 37.91069616362122 0.0 1.0 1.0 1 0 0 0.0 1.0 0
cell 33.573136045640005 2.38310727331313 0.0 2.23606797749979 0.4472135954999579 1 0 0 -0.0015625960659840905 0.9999987791460221 6.280060113775816
cell 31.809213074612803 0.8653331132803633 0.0 2.23606797749979 0.4472135954999579 1 0 0 0.04336227878765884 0.9990594140381949 0.0867517584432943
cell 40.2197271917924 38.00244358521741 0.0 1.0 1.0 1 0 0 0.0 1.0 0
cell 5.897888878955238 14.381921848896885 0.0 2.23606797749979 0.4472135954999579 1 0 0 0.1196079167698294 -0.9928212055783164 6.043395397734871
cell 10.577266653515707 26.92649823197281 0.0 2.23606797749979 0.4472135954999579 1 0 0 0.9999452944137657 0.010459836507688247 3.1206725990917437
cell 10.799880977224346 38.498177633481376 0.0 1.0 1.0 1 0 0 0.0 1.0 0
cell 10.704886846703292 41.87736397376258 0.0 1.0 1.0 1 0 0 0.0 1.0 0
cell 11.623071708562344 43.681262387703555 0.0 1.0 1.0 1 0 0 0.0 1.0 0
cell 32.71287598141754 4.057046532371985 0.0 2.23606797749979 0.4472135954999579 1 0 0 -0.044677791979720945 0.9990014488997585 6.193799969296588
cell 11.579110274156319 2.9585024604626966 0.0 2.23606797749979 0.4472135954999579 1 0 0 0.041533018780462665 -0.999137131904816 6.200095369691596
cell 12.361361878008193 30.013873513062606 0.0 2.23606797749979 0.4472135954999579 1 0 0 -0.06155462153698115 -0.9981037163378559 0.1231871188290734
cell 27.718626512554856 10.22882771171558 0.0 2.23606797749979 0.4472135954999579 1 0 0 -0.1283348415524096 0.9917308951745518 6.025805799501614
cell 18.10554481221578 38.63675130430063 0.0 1.0 1.0 1 0 0 0.0 1.0 0
cell 33.470437635141735 21.448073217598015 0.0 2.23606797749979 0.4472135954999579 1 0 0 0.9979894314554568 0.06338055461428217 3.0147465220137004
cell 36.3797746553345 28.310311330861825 0.0 2.23606797749979 0.4472135954999579 1 0 0 0.9999999911467972 0.0001330654187969359 3.141326522751414
cell 5.059248213226588 6.015479873012861 0.0 2.23606797749979 0.4472135954999579 1 0 0 0.058138082009619625 -0.9983085512106178 6.166843540380416
cell 26.462841689471276 43.510361347267946 0.0 1.0 1.0 1 0 0 0.0 1.0 0
cell 2.675137095882244 1.1922295048047882 0.0 2.23606797749979 0.4472135954999579 1 0 0 0.029865354198661015 0.9995539308204378 0.05973959132499882
cell 17.80687032116116 3.945527364353277 0.0 2.23606797749979 0.4472135954999579 1 0 0 0.07662541762149445 -0.9970599507423471 6.129784106754518
cell 23.171299148759797 14.74837511679092 0.0 2.23606797749979 0.4472135954999579 1 0 0 0.1820427976515286 -0.983290608021456 5.917058177236779
cell 5.729478524376625 27.98141254579433 0.0 2.23606797749979 0.4472135954999579 1 0 0 0.9985129576347755 -0.05451489186867243 3.25067651346307
cell 20.961974798546592 43.71223503184487 0.0 1.0 1.0 1 0 0 0.0 1.0 0
cell 4.589462908563808 39.71313248833881 0.0 1.0 1.0 1 0 0 0.0 1.0 0
cell 23.02386514162074 26.85331889910659 0.0 2.23606797749979 0.4472135954999579 1 0 0 0.9981260363317463 0.061191630119464775 3.0191328887399504
cell 20.423362381632828 2.3406207436109545 0.0 2.23606797749979 0.4472135954999579 1 0 0 -0.0486116901769277 0.9988177529350099 6.185923594679201
cell 16.567193076540654 31.25305217203453 0.0 2.23606797749979 0.4472135954999579 1 0 0 -0.07280833370127197 -0.9973459512845301 0.145745628897326
cell 36.595341281939575 15.988660650108002 0.0 2.23606797749979 0.4472135954999579 1 0 0 0.05753959388602253 -0.998343225116208 6.168042523824137
cell 12.6643433363216 38.79955017550655 0.0 1.0 1.0 1 0 0 0.0 1.0 0
cell 14.61059336142161 27.666419064012313 0.0 2.23606797749979 0.4472135954999579 1 0 0 0.9994562832003306 -0.032971775375017054 3.207548158478525
cell 43.468656367780234 35.25332979261434 0.0 2.23606797749979 0.4472135954999579 1 0 0 -0.005353375446778116 -0.9999856705829968 0.010706802034349039
cell 28.3498864243006 43.58649035796628 0.0 1.0 1.0 1 0 0 0.0 1.0 0
cell 17.305212272137577 43.72421211271984 0.0 1.0 1.0 1 0 0 0.0 1.0 0
cell 30.09515927893412 43.594957723797705 0.0 1.0 1.0 1 0 0 0.0 1.0 0
cell 7.295471850637144 8.469823991967425 0.0 2.23606797749979 0.4472135954999579 1 0 0 -0.08791076414326741 0.9961283539523141 6.1071365206670185
cell 13.512760657380108 43.52163999933379 0.0 1.0 1.0 1 0 0 0.0 1.0 0
cell 38.268354471986484 11.858458755051025 0.0 2.23606797749979 0.4472135954999579 1 0 0 -0.1423748744319401 0.9898128081261068 5.997464667457892
cell 2.3245875835451533 11.138199047672671 0.0 2.23606797749979 0.4472135954999579 1 0 0 0.12488301279748949 -0.9921714736448645 6.032765467126228
cell 39.06488685358785 10.74340356241301 0.0 2.23606797749979 0.4472135954999579 1 0 0 0.12062827604265124 -0.9926977480678487 6.0413397957349515
cell 16.05413034767446 2.700867633530058 0.0 2.23606797749979 0.4472135954999579 1 0 0 0.05495775807378419 -0.9984886803702401 6.173214385043718
cell 7.786871544286321 36.02018971351678 0.0 2.23606797749979 0.4472135954999579 1 0 0 0.1389489514411343 -0.9902995450334254 6.00438532439309
cell 29.91603774667886 15.122944804021525 0.0 2.23606797749979 0.4472135954999579 1 0 0 0.21057784368430696 -0.9775770924838959 5.8588532672158555
cell 11.646794073553183 7.573183998748483 0.0 2.23606797749979 0.4472135954999579 1 0 0 -0.08834647964101215 0.9960898049548746 6.106261685772357
cell 19.12976169536247 16.709082318551353 0.0 2.23606797749979 0.4472135954999579 1 0 0 0.2199764990081535 -0.975505171633711 5.8396045485152515
cell 36.7133827403557 27.283974567787595 0.0 2.23606797749979 0.4472135954999579 1 0 0 0.9998691111919072 0.016179013700019205 3.1092332143479573
cell 35.33953832597121 11.043291293638823 0.0 2.23606797749979 0.4472135954999579 1 0 0 0.1321976598406215 -0.9912233747913047 6.018013762215457
cell 31.763529618038035 33.518146200089134 0.0 2.23606797749979 0.4472135954999579 1 0 0 -0.17904696699517295 -0.9838405275296548 0.36003535845674595
cell 25.499220170201138 3.763943035756429 0.0 2.23606797749979 0.4472135954999579 1 0 0 0.048780659224801765 -0.9988095150155478 6.185585255189784
cell 36.958268245454825 16.953080357380244 0.0 2.23606797749979 0.4472135954999579 1 0 0 0.08406024844312233 -0.9964606739012235 6.114866184643711
cell 4.15287836488872 25.95523651987374 0.0 2.23606797749979 0.4472135954999579 1 0 0 0.999447464158583 0.033238026219646215 3.0751043549766885
cell 1.2298899686017064 14.250525932514622 0.0 2.23606797749979 0.4472135954999579 1 0 0 0.09196127773367062 -0.9957625838509854 6.0990025251145275
cell 8.196904742963058 3.7599588910471855 0.0 2.23606797749979 0.4472135954999579 1 0 0 0.057879912307022136 -0.9983235526377866 6.16736075073812
cell 15.496665683711726 43.66211276903874 0.0 1.0 1.0 1 0 0 0.0 1.0 0
cell 22.74241593554087 40.20540545167626 0.0 1.0 1.0 1 0 0 0.0 1.0 0
cell 33.53183615152942 3.1713375146546703 0.0 2.23606797749979 0.4472135954999579 1 0 0 0.0477576326848277 -0.9988589532663463 6.187633696093338
cell 8.084596786582239 7.5790731287155895 0.0 2.23606797749979 0.4472135954999579 1 0 0 -0.08073752174360559 0.9967353974765323 6.121534316633893
cell 13.10494543310511 25.92644440908696 0.0 2.23606797749979 0.4472135954999579 1 0 0 0.9996364309016325 0.02696304905321113 3.087660019245189
cell 39.359519945786495 26.086464936801555 0.0 2.23606797749979 0.4472135954999579 1 0 0 -0.9956226396946598 -0.09346421415406882 2.9543909957848324
cell 3.7137841859753813 24.89461982229013 0.0 2.23606797749979 0.4472135954999579 1 0 0 0.9992530658642966 0.03864337408668851 3.0642866569618796
cell 38.87316595581448 4.45193584542287 0.0 2.23606797749979 0.4472135954999579 1 0 0 0.048317197450306035 -0.9988320421525073 6.186513273060692
cell 23.28521584831087 34.80731477878242 0.0 2.23606797749979 0.4472135954999579 1 0 0 -0.00380007248490846 0.9999927796984883 6.275585143917937
cell 26.96707141231633 14.210664431673056 0.0 2.23606797749979 0.4472135954999579 1 0 0 0.17521744037470588 -0.9845297601335048 5.93093206535562
cell 2.696463492476713 39.66119029226658 0.0 1.0 1.0 1 0 0 0.0 1.0 0
cell 1.2903505754290236 27.92217095166723 0.0 2.23606797749979 0.4472135954999579 1 0 0 0.9992973535008765 -0.03748065215740575 3.216571519940014
cell 27.53541083022655 9.437837377170025 0.0 2.23606797749979 0.4472135954999579 1 0 0 -0.11854184369088738 0.9929490577539037 6.045542822331176
cell 6.638160700694443 9.360084454304403 0.0 2.23606797749979 0.4472135954999579 1 0 0 -0.09021803975158628 0.9959220377636903 6.1025035563882835
cell 10.87894650458293 15.125484218983411 0.0 2.23606797749979 0.4472135954999579 1 0 0 0.1602634177523989 -0.987074281364032 5.961270278426498
cell 18.83966480932112 35.00743536365574 0.0 2.23606797749979 0.4472135954999579 1 0 0 -0.027764155459695402 0.9996145015312702 6.2276498598001355
cell 10.146643768151671 27.940832387428912 0.0 2.23606797749979 0.4472135954999579 1 0 0 0.9992229137184225 -0.03941533584870181 3.2204437510475503
cell 9.43668975791803 5.058326378009403 0.0 2.23606797749979 0.4472135954999579 1 0 0 0.05822809673445654 -0.9983033049883602 6.166663205430493
cell 27.36490712222513 0.8092754197064391 0.0 2.23606797749979 0.4472135954999579 1 0 0 0.004445098067396042 0.9999901205027834 0.008890225411797103
cell 26.551669685582787 15.422304664227497 0.0 2.23606797749979 0.4472135954999579 1 0 0 0.16311762126171045 -0.9866066296320541 5.955485753676324
cell 42.3598582543574 2.2098558813064546 0.0 2.23606797749979 0.4472135954999579 1 0 0 0.006914458179989418 0.9999760948483104 0.013829026555146959
cell 22.955753800340542 1.5564997245855878 0.0 2.23606797749979 0.4472135954999579 1 0 0 -0.004348692069269315 0.9999905443939391 6.2744878956279315
cell 21.045572330081413 23.66608079609532 0.0 2.23606797749979 0.4472135954999579 1 0 0 0.9975596697771448 -0.0698190893245813 3.28134453098757
cell 9.770809495479467 11.857631594950847 0.0 2.23606797749979 0.4472135954999579 1 0 0 -0.11870732614937522 0.9929292878742503 6.045209503911205
cell 32.85871927875967 41.80610996012938 0.0 1.0 1.0 1 0 0 0.0 1.0 0
cell 15.434355481148632 17.488297333297538 0.0 2.23606797749979 0.4472135954999579 1 0 0 0.2173987769177297 -0.976082871376542 5.844887877854404
cell 42.80711840513638 36.275051221322656 0.0 2.23606797749979 0.4472135954999579 1 0 0 -0.09115847270744441 0.995836398638675 6.100614907908057
cell 5.132906664450642 11.99157284116334 0.0 2.23606797749979 0.4472135954999579 1 0 0 0.10419147665016228 -0.9945572563676054 6.074423470554156
cell 42.002767785070255 41.42481405840211 0.0 1.0 1.0 1 0 0 0.0 1.0 0
cell 31.87319225311047 10.482586904854474 0.0 2.23606797749979 0.4472135954999579 1 0 0 0.1345317795085523 -0.9909092795519993 6.013303444600915
cell 14.653113272579688 12.525831202702168 0.0 2.23606797749979 0.4472135954999579 1 0 0 0.1228045837883437 -0.9924308712452327 6.036954574842706
cell 42.940001905760056 43.0166959762274 0.0 1.0 1.0 1 0 0 0.0 1.0 0
cell 27.297346963955537 38.429967325610214 0.0 1.0 1.0 1 0 0 0.0 1.0 0
cell 9.560830279364689 0.7566192133396921 0.0 2.23606797749979 0.4472135954999579 1 0 0 -0.030135240260596538 -0.9995458305122563 0.060279606516869144
cell 27.39061237531516 6.300380463849333 0.0 2.23606797749979 0.4472135954999579 1 0 0 -0.040216624864268184 0.9991909842890531 6.2027303598418335
cell 23.933425195678588 18.36261784175344 0.0 2.23606797749979 0.4472135954999579 1 0 0 0.015300340005491339 -0.9998829429466813 6.252583433104217
cell 36.36543271413267 33.718122522118904 0.0 2.23606797749979 0.4472135954999579 1 0 0 0.1430755186532271 0.9897117741858535 0.28713642247739074
cell 38.440772415795614 36.89647027155243 0.0 2.23606797749979 0.4472135954999579 1 0 0 -0.06647869836639654 0.9977878445158117 6.150129782800409
cell 31.403816942850113 6.586073946252889 0.0 2.23606797749979 0.4472135954999579 1 0 0 0.10073367063302645 -0.9949134271889173 6.081375676613603
cell 31.91542434102185 40.107506327087435 0.0 1.0 1.0 1 0 0 0.0 1.0 0
cell 41.42760921901718 16.634195571493695 0.0 2.23606797749979 0.4472135954999579 1 0 0 0.0863253733800457 -0.9962669973008218 6.110319403878659
cell 34.86462512308845 12.109493113966924 0.0 2.23606797749979 0.4472135954999579 1 0 0 0.14070008393238617 -0.9900522644696186 6.000848312380491
cell 12.374482762778946 36.43293525051462 0.0 2.23606797749979 0.4472135954999579 1 0 0 -0.08281900337860416 0.9965646053715608 6.117357362085252
cell 31.918769553821555 36.03233897142876 0.0 2.23606797749979 0.4472135954999579 1 0 0 0.053683117657983837 -0.9985580217886786 6.175767435488328
cell 25.72568821891351 24.243640982259034 0.0 2.23606797749979 0.4472135954999579 1 0 0 0.9999016363585651 -0.014025605422365951 3.1696447842104627
cell 1.8014379391669888 16.058612424885883 0.0 2.23606797749979 0.4472135954999579 1 0 0 0.11021478853861638 -0.9939077926987936 6.062307002188025
cell 6.42049443282083 22.813082286699842 0.0 2.23606797749979 0.4472135954999579 1 0 0 0.9993108437943939 0.03711923322128688 3.0673371284780773
cell 40.36789851016112 31.426155527182242 0.0 2.23606797749979 0.4472135954999579 1 0 0 0.051688109242364194 0.9986632762663046 0.1034223049425307
cell 35.96158147097366 26.161177930637383 0.0 2.23606797749979 0.4472135954999579 1 0 0 0.9885998364498516 0.15056680700382322 2.839309471614301
cell 38.91984477376836 0.7321417668082437 0.0 2.23606797749979 0.4472135954999579 1 0 0 0.07818659374943795 0.9969387426305892 0.15653294933571033
cell 3.7018204814456594 8.482040007216973 0.0 2.23606797749979 0.4472135954999579 1 0 0 0.09079517539385182 -0.9958695879105857 6.101344528267723
cell 0.4891277414734563 5.426819213763386 0.0 2.23606797749979 0.4472135954999579 1 0 0 0.052528831351524904 -0.9986194079211774 6.17807927050261
cell 27.685912106630713 12.018962845359741 0.0 2.23606797749979 0.4472135954999579 1 0 0 0.15844410235093395 -0.9873679488570645 5.964956007709896
cell 37.76908231186299 12.949337324236916 0.0 2.23606797749979 0.4472135954999579 1 0 0 -0.13973641518788138 0.9901887366913643 6.002794880839315
cell 12.966556149602352 5.787760679998277 0.0 2.23606797749979 0.4472135954999579 1 0 0 0.08607927852852632 -0.9962882905103364 6.110813432529755
cell 24.649292217562255 33.979917642518245 0.0 2.23606797749979 0.4472135954999579 1 0 0 0.028870043766623256 0.9995831734142553 0.057748111405603465
cell 33.35033743394163 19.358828032696316 0.0 2.23606797749979 0.4472135954999579 1 0 0 0.08162181575401356 -0.99666337305683 6.119759871970893
cell 37.458444957361074 39.96595710567857 0.0 1.0 1.0 1 0 0 0.0 1.0 0
cell 7.151762432597931 18.22098644133058 0.0 2.23606797749979 0.4472135954999579 1 0 0 0.20720177255286906 -0.9782982292997106 5.865757731403038
cell 40.80255721156677 14.672282999848916 0.0 2.23606797749979 0.4472135954999579 1 0 0 0.06876173899855119 -0.9976331105420946 6.145553225397503
cell 12.449215315225901 6.668889851800225 0.0 2.23606797749979 0.4472135954999579 1 0 0 -0.08535939523355517 0.9963502263990116 6.112258518043346
cell 21.303334508318972 35.60710153854772 0.0 2.23606797749979 0.4472135954999579 1 0 0 -0.019598739101450845 0.9998079262666572 6.243985319181865
cell 24.880566365209596 2.2638690336762775 0.0 2.23606797749979 0.4472135954999579 1 0 0 -0.019049892251328047 0.9998185343377131 6.245083217908759
cell 23.43023599691462 10.996425786723327 0.0 2.23606797749979 0.4472135954999579 1 0 0 -0.12975629099833377 0.9915459167110496 6.022938929493326
cell 35.46923186821063 5.189534253536192 0.0 2.23606797749979 0.4472135954999579 1 0 0 0.037441954545509366 -0.9992988041821185 6.208283890416653
cell 8.452115136432448 32.251344912153996 0.0 2.23606797749979 0.4472135954999579 1 0 0 0.011529467002617455 0.9999335334864191 0.023059444901134662
cell 12.682339851238458 24.96118155878461 0.0 2.23606797749979 0.4472135954999579 1 0 0 0.9995421486939582 0.03025711460574382 3.0810691871802853
cell 13.590706560041658 40.464143681078 0.0 1.0 1.0 1 0 0 0.0 1.0 0
cell 5.648398222164837 13.557391444724733 0.0 2.23606797749979 0.4472135954999579 1 0 0 0.12253680423729019 -0.9924639699290408 6.037494209575739
cell 6.54359523583533 16.129303592751562 0.0 2.23606797749979 0.4472135954999579 1 0 0 -0.1634764877865843 0.9865472304664196 5.954758255373887
cell 29.198493870398227 41.840510418606435 0.0 1.0 1.0 1 0 0 0.0 1.0 0
cell 11.297885963524982 17.136062541297015 0.0 2.23606797749979 0.4472135954999579 1 0 0 0.21082270984437881 -0.9775243142827051 5.8583522882733945
cell 42.273983267507404 0.6597717067614128 0.0 2.23606797749979 0.4472135954999579 1 0 0 -0.06421111061360464 -0.997936337284983 0.12851063426329823
cell 32.06272421122802 4.915010364999071 0.0 2.23606797749979 0.4472135954999579 1 0 0 -0.04294302333990574 0.999077522891206 6.19727284144712
cell 23.593767796295573 7.103992868613954 0.0 2.23606797749979 0.4472135954999579 1 0 0 -0.05291416306188586 0.9985990643634012 6.1773075337879195
cell 32.03953118643966 9.598102009015655 0.0 2.23606797749979 0.4472135954999579 1 0 0 0.12057863010145693 -0.9927037795651108 6.041439817701275
cell 20.883249056633492 31.69490973822512 0.0 2.23606797749979 0.4472135954999579 1 0 0 -0.11390482888549945 -0.9934916657710647 0.22830516845540139
cell 31.497841769056052 5.755150806023694 0.0 2.23606797749979 0.4472135954999579 1 0 0 0.05214290311955554 -0.9986396335286641 6.178852186221917
cell 3.5460036943574287 30.661441260505402 0.0 2.23606797749979 0.4472135954999579 1 0 0 0.018074802997882316 0.9998366374046251 0.036151574622224285
cell 34.66711969793943 33.94937318502638 0.0 2.23606797749979 0.4472135954999579 1 0 0 0.18061968775390783 0.9835530124989099 0.36323293004927476
cell 17.13356884076355 3.326347540633122 0.0 2.23606797749979 0.4472135954999579 1 0 0 0.06933229553650423 -0.9975936210680373 6.144409382417932
cell 2.2714005514396987 10.345305460886664 0.0 2.23606797749979 0.4472135954999579 1 0 0 0.10960403581531193 -0.9939753293382064 6.063535953120435
cell 6.512306914847771 10.940078071913101 0.0 2.23606797749979 0.4472135954999579 1 0 0 0.08761976211122462 -0.9961539927579331 6.107720779279667
cell 14.131526019949881 10.952248104550346 0.0 2.23606797749979 0.4472135954999579 1 0 0 0.10694609443403204 -0.9942648202995553 6.068883274566317
cell 37.42130024039035 17.983755043387642 0.0 2.23606797749979 0.4472135954999579 1 0 0 0.07811149897993083 -0.9969446292182471 6.126803008118675
cell 8.617977893977645 26.051226804904697 0.0 2.23606797749979 0.4472135954999579 1 0 0 0.9994303844955967 0.03374768950585657 3.074084456185957
cell 43.9271798835261 41.35054739242926 0.0 1.0 1.0 1 0 0 0.0 1.0 0
cell 19.987384322761553 19.45479039722192 0.0 2.23606797749979 0.4472135954999579 1 0 0 0.047359406653015454 -0.9988779137619743 6.18843105040583
cell 2.5927044935357597 43.180827515801674 0.0 1.0 1.0 1 0 0 0.0 1.0 0
cell 17.168679287318255 24.795636928014115 0.0 2.23606797749979 0.4472135954999579 1 0 0 0.9984321497948269 0.055975371870854725 3.029583365798937
cell 35.80828562727771 6.731311444917187 0.0 2.23606797749979 0.4472135954999579 1 0 0 0.07324661226223582 -0.9973138592199076 6.136560774417847
cell 3.66617202390235 29.77592847426909 0.0 2.23606797749979 0.4472135954999579 1 0 0 -0.01732459483038867 -0.9998499179446698 0.034650923172045545
cell 3.5046744672006 34.07253162678498 0.0 2.23606797749979 0.4472135954999579 1 0 0 0.024038211242413295 0.9997110404513222 0.04808105373390956
cell 36.80882389767539 32.920785591579445 0.0 2.23606797749979 0.4472135954999579 1 0 0 0.13586248622112054 0.9907277046887383 0.27256793782480204
cell 36.315722009520385 15.046063417570473 0.0 2.23606797749979 0.4472135954999579 1 0 0 0.05998445400116146 -0.998199311399373 6.163144338389286
cell 3.5175253125599024 41.38196494575916 0.0 1.0 1.0 1 0 0 0.0 1.0 0
cell 42.12729852614602 21.77029657149955 0.0 2.23606797749979 0.4472135954999579 1 0 0 0.9998156256476538 0.019201945494937298 3.1031864021949955
cell 6.210449008032419 15.236455105713757 0.0 2.23606797749979 0.4472135954999579 1 0 0 0.13848989481642487 -0.9903638467925491 6.005312400883491
cell 35.2988677936251 1.6805484936517054 0.0 2.23606797749979 0.4472135954999579 1 0 0 -0.03648894583729953 -0.9993340566755856 0.07299409570433113
cell 25.10291286066814 32.42797213134487 0.0 2.23606797749979 0.4472135954999579 1 0 0 0.13996604499308737 0.9901563039485195 0.28085424410831594
cell 41.86473902509914 17.60736961543471 0.0 2.23606797749979 0.4472135954999579 1 0 0 0.10312933682215109 -0.9946679545891801 6.076559256328884
cell 12.281689447716014 32.945499635303506 0.0 2.23606797749979 0.4472135954999579 1 0 0 0.03081339809367259 0.9995251545098407 0.06163655244253668
cell 6.505668158570354 39.08213268329833 0.0 1.0 1.0 1 0 0 0.0 1.0 0
cell 16.289711644005255 38.52362316599841 0.0 1.0 1.0 1 0 0 0.0 1.0 0
cell 28.393308318913363 33.80266400917213 0.0 2.23606797749979 0.4472135954999579 1 0 0 0.05025719471601498 0.9987363087318276 0.10055675056411073
cell 37.8425421264953 22.71602830241086 0.0 2.23606797749979 0.4472135954999579 1 0 0 0.9997856917596711 0.02070194562440567 3.10018580435572
cell 30.099908173802813 24.740605469448163 0.0 2.23606797749979 0.4472135954999579 1 0 0 0.9969084330427552 0.07857210782611304 2.984286296790212
cell 0.8217029928830967 2.868386327469878 0.0 2.23606797749979 0.4472135954999579 1 0 0 -0.05633139045423949 0.9984121265537053 6.170462856957729
cell 18.562837549129213 10.312935963627737 0.0 2.23606797749979 0.4472135954999579 1 0 0 0.08646571574343458 -0.9962548268394866 6.110037665708554
cell 17.326241695590145 4.800531721563727 0.0 2.23606797749979 0.4472135954999579 1 0 0 -0.08326096971287264 0.9965277772959829 6.116470365916148
cell 14.521191425783021 42.04429416650847 0.0 1.0 1.0 1 0 0 0.0 1.0 0
cell 19.469942609758046 13.471596959406803 0.0 2.23606797749979 0.4472135954999579 1 0 0 -0.15259801920299848 0.9882883407868988 5.976792208400966
cell 33.5932582253093 14.574769415319969 0.0 2.23606797749979 0.4472135954999579 1 0 0 0.16731394518454976 -0.9859036685938345 5.946976155331521
cell 8.608636787329763 6.726080025573252 0.0 2.23606797749979 0.4472135954999579 1 0 0 -0.07769337599699801 0.9969773013094075 6.127641803199671
cell 26.381513791573767 40.13797793627995 0.0 1.0 1.0 1 0 0 0.0 1.0 0
cell 8.218557280492746 24.995535981306656 0.0 2.23606797749979 0.4472135954999579 1 0 0 0.9996669522931261 0.02580667535683144 3.0899735722099892
cell 1.4848039524128578 15.176559773658745 0.0 2.23606797749979 0.4472135954999579 1 0 0 0.0930973090768057 -0.9956570147609355 6.096720673071503
cell 5.253391001589668 31.54851233529965 0.0 2.23606797749979 0.4472135954999579 1 0 0 0.014742023333942145 0.9998913304694773 0.029485114720146765
cell 10.004922628873281 12.627207840204562 0.0 2.23606797749979 0.4472135954999579 1 0 0 -0.1316632285455757 0.9912945042967581 6.019092050159768
cell 16.387560667146854 42.037289219359494 0.0 1.0 1.0 1 0 0 0.0 1.0 0
cell 37.747267937389466 23.797100773270305 0.0 2.23606797749979 0.4472135954999579 1 0 0 -0.9999984779710617 -0.0017447222014243177 3.1381032074165987
cell 27.693706214447015 36.19245216523662 0.0 2.23606797749979 0.4472135954999579 1 0 0 -0.04583337487666499 0.9989490986769121 6.1914864330191515
cell 19.0548965609186 27.595342100629676 0.0 2.23606797749979 0.4472135954999579 1 0 0 0.9999203866388832 -0.012618255978795649 3.1668298352898927
cell 41.115491597343635 39.735426640979085 0.0 1.0 1.0 1 0 0 0.0 1.0 0
cell 4.246315417426206 7.624069935779562 0.0 2.23606797749979 0.4472135954999579 1 0 0 0.0783532543146083 -0.9969256579797263 6.126318011005182
cell 27.335140349156468 8.693623240904031 0.0 2.23606797749979 0.4472135954999579 1 0 0 0.11264169242478143 -0.9936356722298576 6.057422776564113
cell 2.1878729405109683 17.03208787827354 0.0 2.23606797749979 0.4472135954999579 1 0 0 0.1450461205429014 -0.989424895035219 5.99206613551846
cell 11.705472401700915 23.927003216800088 0.0 2.23606797749979 0.4472135954999579 1 0 0 0.9996630118131354 0.025958867708186683 3.089669085499354
cell 20.365445167923898 5.498756697965784 0.0 2.23606797749979 0.4472135954999579 1 0 0 0.08572536586025128 -0.9963188052265831 6.111523884008746
cell 40.42278916506248 7.941369362531013 0.0 2.23606797749979 0.4472135954999579 1 0 0 0.09472125245213545 -0.9955038344144631 6.0934583690422945
cell 40.840266814115004 27.99225247345196 0.0 2.23606797749979 0.4472135954999579 1 0 0 0.9999894579287998 -0.004591735103986146 3.150776156068834
cell 32.14971717193018 36.84852499371374 0.0 2.23606797749979 0.4472135954999579 1 0 0 0.09544905032739655 -0.9954343166636351 6.091996148144175
cell 42.28412776856129 18.7002383530396 0.0 2.23606797749979 0.4472135954999579 1 0 0 0.08419591146282995 -0.996449220227977 6.11459389331755
cell 25.69695504471334 25.546199988422337 0.0 2.23606797749979 0.4472135954999579 1 0 0 0.998203982211124 0.05990667657159755 3.0217075199051022
cell 42.001895262312814 11.558138701249785 0.0 2.23606797749979 0.4472135954999579 1 0 0 0.12070039208189914 -0.9926889821848915 6.0411945020486035
cell 22.956252187796604 9.533848890427075 0.0 2.23606797749979 0.4472135954999579 1 0 0 0.09953136429968862 -0.9950344252942421 6.083792435797596
cell 31.86820728819843 26.777470575936803 0.0 2.23606797749979 0.4472135954999579 1 0 0 0.9879146186139062 0.15499905267110597 2.830339664737129
cell 42.99110267109975 39.733678955991635 0.0 1.0 1.0 1 0 0 0.0 1.0 0
cell 14.551109786972559 29.4458676003535 0.0 2.23606797749979 0.4472135954999579 1 0 0 0.9983049024828341 -0.05820070170314986 3.258059872200167
cell 27.40342241338445 7.062274827549743 0.0 2.23606797749979 0.4472135954999579 1 0 0 0.07641071417548272 -0.9970764277422232 6.130214776286449
cell 5.316322984212307 34.82223146954615 0.0 2.23606797749979 0.4472135954999579 1 0 0 0.02546811567102893 -0.9996756349357361 6.23224356781156
cell 12.680675322580102 3.555162685541136 0.0 2.23606797749979 0.4472135954999579 1 0 0 0.060490693240454065 -0.9981687612980529 6.162130017963379
cell 2.771941175705382 2.0055567823024876 0.0 2.23606797749979 0.4472135954999579 1 0 0 0.02491264735887707 -0.9996896318365877 6.233354857093397
cell 27.123915978202337 1.5721163983674722 0.0 2.23606797749979 0.4472135954999579 1 0 0 0.009527655801887731 0.9999546108573732 0.019055599910428593
cell 23.64543701769201 38.50305202477483 0.0 1.0 1.0 1 0 0 0.0 1.0 0
cell 18.526235457875256 0.9294257655740737 0.0 2.23606797749979 0.4472135954999579 1 0 0 0.02457892940871187 0.999697892480084 0.049162809735316615
cell 16.15355518450329 34.47219911975167 0.0 2.23606797749979 0.4472135954999579 1 0 0 -0.025171238412434016 0.9996831541827562 6.2328375127463636
cell 19.344439832879488 37.26443347855733 0.0 2.23606797749979 0.4472135954999579 1 0 0 0.0376839497370889 -0.9992897077085366 6.207799558221292
cell 25.728189420661334 35.485339615468455 0.0 2.23606797749979 0.4472135954999579 1 0 0 -0.010455751106164701 0.9999453371403889 6.262273423931422
cell 39.377234329499345 43.33320190049549 0.0 1.0 1.0 1 0 0 0.0 1.0 0
cell 22.858824577896613 15.964939351804196 0.0 2.23606797749979 0.4472135954999579 1 0 0 0.1924705479296936 -0.9813027505207776 5.895827010376025
cell 31.977563817695266 43.536852916536034 0.0 1.0 1.0 1 0 0 0.0 1.0 0
cell 19.686520397762283 26.455218305449588 0.0 2.23606797749979 0.4472135954999579 1 0 0 0.9966381831279265 0.08192882234882722 2.9775511418192098
cell 23.510471763179066 13.652884439923056 0.0 2.23606797749979 0.4472135954999579 1 0 0 0.17473040651028432 -0.9846163136170103 5.931921395423069
cell 20.368658124982147 20.694834605971728 0.0 2.23606797749979 0.4472135954999579 1 0 0 0.06398010002348872 -0.9979511745576456 6.155137646080284
cell 40.72830660446059 29.001646543454385 0.0 2.23606797749979 0.4472135954999579 1 0 0 0.9999977708475402 -0.002111468671481485 3.145815594070616
cell 7.9819594751938245 43.52396346688045 0.0 1.0 1.0 1 0 0 0.0 1.0 0
cell 29.907432807789203 3.0363804808116637 0.0 2.23606797749979 0.4472135954999579 1 0 0 0.03395282439525882 -0.9994234366451413 6.215266604742291
cell 23.986757803419916 33.038902756011844 0.0 2.23606797749979 0.4472135954999579 1 0 0 0.07711614453824897 0.9970221162299039 0.15438556694633868
cell 2.6792033445233163 18.014253667329378 0.0 2.23606797749979 0.4472135954999579 1 0 0 0.14838875399271265 -0.9889291065028323 5.985307728749169
cell 30.193366815113507 35.361079562971696 0.0 2.23606797749979 0.4472135954999579 1 0 0 0.015559836959370176 -0.9998789384089445 6.252064377400952
cell 11.299631072166207 1.554060903555578 0.0 2.23606797749979 0.4472135954999579 1 0 0 0.003897647541466003 -0.9999924041429727 6.275389992359279
cell 0.7870931059899039 31.61064349784154 0.0 2.23606797749979 0.4472135954999579 1 0 0 -0.0009538205496206727 -0.9999995451130761 0.001907641388495307
cell 5.263173697947516 2.622771007137844 0.0 2.23606797749979 0.4472135954999579 1 0 0 0.017297089985312687 -0.9998503941480645 6.2485894019417945
cell 14.411780093979116 35.355704648931 0.0 2.23606797749979 0.4472135954999579 1 0 0 0.04535410022597853 -0.9989709733484211 6.192445980196647
cell 35.520873601040314 36.746415388954645 0.0 2.23606797749979 0.4472135954999579 1 0 0 0.08977228753159222 -0.9959623167526697 6.103398693119575
cell 5.043673431431178 0.516205194160344 0.0 2.23606797749979 0.4472135954999579 1 0 0 -0.013332451952253027 -0.9999111189125466 0.02666569393447915
cell 14.025939937203283 0.7726196059337948 0.0 2.23606797749979 0.4472135954999579 1 0 0 0.014335390463435436 -0.999897243010631 6.254513544171306
cell 2.962111113933391 19.13474112086487 0.0 2.23606797749979 0.4472135954999579 1 0 0 0.19218292280417543 -0.9813591209044956 5.89641320431528
cell 10.282838016648272 13.430021742464321 0.0 2.23606797749979 0.4472135954999579 1 0 0 0.13290206088120524 -0.9911291753417051 6.016592418648916
cell 12.082243501899029 30.916717906057706 0.0 2.23606797749979 0.4472135954999579 1 0 0 -0.03277506291670205 -0.9994627533083993 0.06556186721939739
cell 27.408300322029806 26.409830145437038 0.0 2.23606797749979 0.4472135954999579 1 0 0 0.9887432765864519 0.14962196698709404 2.8412208039239846
cell 20.373554735874578 34.115630297863774 0.0 2.23606797749979 0.4472135954999579 1 0 0 0.010342343647037145 0.9999465165337027 0.020685056064888813
cell 29.28532798790416 20.610670327878264 0.0 2.23606797749979 0.4472135954999579 1 0 0 0.037437713516226157 -0.9992989630769548 6.208292378426302
cell 5.412875642130023 12.76679244996217 0.0 2.23606797749979 0.4472135954999579 1 0 0 0.12178013855114495 -0.992557100551129 6.0390189604426165
cell 43.58409778178845 24.79202649009097 0.0 2.23606797749979 0.4472135954999579 1 0 0 0.9967034733690447 0.08113067344772769 2.9791527716368447
cell 34.6896329700973 41.77449759721771 0.0 1.0 1.0 1 0 0 0.0 1.0 0
cell 36.839041424738454 3.3247538807744172 0.0 2.23606797749979 0.4472135954999579 1 0 0 -0.03740504352713894 0.9993001864898919 6.208357764202317
cell 0.6330880980836872 0.30450709247920743 0.0 2.23606797749979 0.4472135954999579 1 0 0 0.05046565551318883 0.9987257970101825 0.10097420188059433
cell 31.94540474294759 28.897688875736858 0.0 2.23606797749979 0.4472135954999579 1 0 0 0.9997701897104725 0.021437531720927182 3.0987143054690813
cell 32.13108290876863 16.070135992565888 0.0 2.23606797749979 0.4472135954999579 1 0 0 -0.0016970662757192106 -0.999998559981991 0.0033941341806436043
cell 43.14362266664399 30.767269075574895 0.0 2.23606797749979 0.4472135954999579 1 0 0 0.004701259475825094 0.9999889490186084 0.009402553587490614
cell 40.23971500812868 41.50279576515391 0.0 1.0 1.0 1 0 0 0.0 1.0 0
cell 9.737843168573598 2.3614673788718896 0.0 2.23606797749979 0.4472135954999579 1 0 0 -0.03505402047097429 0.9993854189694887 6.213062900348625
cell 10.979799995776652 22.843049633601574 0.0 2.23606797749979 0.4472135954999579 1 0 0 0.9990479909967958 0.043624668311247936 3.0543156190348753
cell 41.16605543018989 43.20530169335817 0.0 1.0 1.0 1 0 0 0.0 1.0 0
cell 36.127025352101604 9.109147245818182 0.0 2.23606797749979 0.4472135954999579 1 0 0 0.11199947472532945 -0.993708265871453 6.058715391626427
cell 15.34366289087764 36.92767407514621 0.0 2.23606797749979 0.4472135954999579 1 0 0 9.818588921287539e-05 0.9999999951797656 0.00019637177874127013
cell 7.342802783260655 37.64764740591252 0.0 1.0 1.0 1 0 0 0.0 1.0 0
cell 31.0294353846121 41.85119811339574 0.0 1.0 1.0 1 0 0 0.0 1.0 0
cell 4.295594105041707 43.20970856440084 0.0 1.0 1.0 1 0 0 0.0 1.0 0
cell 8.961013826833565 4.4494735044255425 0.0 2.23606797749979 0.4472135954999579 1 0 0 0.06436488742858147 -0.9979264307885156 6.154366481757793
cell 39.93148542136495 5.034861822280953 0.0 2.23606797749979 0.4472135954999579 1 0 0 -0.06931232691514218 0.9975950086771728 6.144449415968773
cell 34.671728820027305 31.568488724955863 0.0 2.23606797749979 0.4472135954999579 1 0 0 -0.1190664985728731 -0.9928862819666692 0.23869927915413047
cell 6.237746462806513 40.598368584253755 0.0 1.0 1.0 1 0 0 0.0 1.0 0
cell 11.957482171336986 32.00406813878237 0.0 2.23606797749979 0.4472135954999579 1 0 0 0.07403007668529527 0.9972560091300374 0.1481957274242029
cell 31.723205471028745 8.026759086786857 0.0 2.23606797749979 0.4472135954999579 1 0 0 0.1034234217170942 -0.9946374192841972 6.075967924506906
cell 30.670525111964444 13.701660500056336 0.0 2.23606797749979 0.4472135954999579 1 0 0 0.16327153441018477 -0.9865811705335471 5.955173744554538
cell 15.229120435049103 9.147843562836625 0.0 2.23606797749979 0.4472135954999579 1 0 0 0.06888016965273212 -0.9976249406608733 6.145315801162637
cell 23.69532204355246 12.676286838679342 0.0 2.23606797749979 0.4472135954999579 1 0 0 -0.14994598671405107 0.9886941898627449 5.982158023944717
cell 21.6578177671607 3.7594357677355736 0.0 2.23606797749979 0.4472135954999579 1 0 0 0.06565185550239477 -0.997842589724999 6.151787089288627
cell 43.92441791345781 8.613569258369683 0.0 2.23606797749979 0.4472135954999579 1 0 0 -0.0988538116474598 0.9951019665957698 6.085154257286438
cell 42.29665583381635 23.11147468069269 0.0 2.23606797749979 0.4472135954999579 1 0 0 0.9914830108286156 -0.13023609038290218 3.4028068424230167
cell 20.015953958404356 42.007237408257744 0.0 1.0 1.0 1 0 0 0.0 1.0 0
cell 5.223811756232975 41.72026051388829 0.0 1.0 1.0 1 0 0 0.0 1.0 0
cell 16.352020085923815 32.79215593362428 0.0 2.23606797749979 0.4472135954999579 1 0 0 0.029245770608052633 0.9995722509661527 0.05849988254340173
cell 11.10051662899495 16.08520774756525 0.0 2.23606797749979 0.4472135954999579 1 0 0 0.18495210707112633 -0.9827475352754392 5.9111390503755645
cell 5.386975411663617 37.83220527457421 0.0 1.0 1.0 1 0 0 0.0 1.0 0
cell 24.508044861200915 19.437422918968846 0.0 2.23606797749979 0.4472135954999579 1 0 0 -0.056016669648184685 0.998429833649579 6.171093294037321
cell 15.521102747370676 1.426651073439054 0.0 2.23606797749979 0.4472135954999579 1 0 0 -0.008099585470267932 0.9999671978196134 6.266985959114018
cell 7.67379092099676 33.9643788549373 0.0 2.23606797749979 0.4472135954999579 1 0 0 0.017453557810353543 0.9998476750584364 0.034908888136822615
cell 33.34576637560474 22.649826134116644 0.0 2.23606797749979 0.4472135954999579 1 0 0 0.9994951474281256 -0.03177184709187316 3.205147043332588
cell 16.410554040845664 23.79683123556296 0.0 2.23606797749979 0.4472135954999579 1 0 0 0.9987296590452759 0.05038916692412195 3.04077162376377
cell 11.028721518562367 9.253762009677414 0.0 2.23606797749979 0.4472135954999579 1 0 0 -0.079099254464998 0.9968667453291244 6.124821365488148
cell 33.76809513754213 20.37739778257188 0.0 2.23606797749979 0.4472135954999579 1 0 0 0.08395282953513386 -0.9964697298026893 6.115081784561671
cell 43.30279508040443 1.5182853342903073 0.0 2.23606797749979 0.4472135954999579 1 0 0 0.035781321220235675 0.9993596434976421 0.07157792155531274
cell 43.43392246069792 33.34698530315588 0.0 2.23606797749979 0.4472135954999579 1 0 0 0.08492553673021949 0.9963873008078155 0.1700559097744439
cell 27.119508436144777 7.923336792165144 0.0 2.23606797749979 0.4472135954999579 1 0 0 0.11553496930450999 -0.9933034132971686 6.051598189678948
cell 35.698633069458 5.954180288104125 0.0 2.23606797749979 0.4472135954999579 1 0 0 0.07298292364799672 -0.9973331904914178 6.137089566943304
cell 39.09039952050512 32.26338217133024 0.0 2.23606797749979 0.4472135954999579 1 0 0 -0.07404152670347079 -0.9972551590858877 0.14821869048073122
cell 10.551051989207595 14.23900229430282 0.0 2.23606797749979 0.4472135954999579 1 0 0 0.13949042718851937 -0.9902234195992157 6.003291722867507
cell 16.81775970716415 30.435306558564115 0.0 2.23606797749979 0.4472135954999579 1 0 0 -0.041867048244649 -0.9991231907383995 0.08375857801953757
cell 42.54840034193613 10.570246947888682 0.0 2.23606797749979 0.4472135954999579 1 0 0 0.12332685365952864 -0.9923661054099143 6.03590203422465
cell 23.11783551649902 10.271850338971984 0.0 2.23606797749979 0.4472135954999579 1 0 0 0.11760753052274509 -0.9930601536484794 6.047424612393076
cell 19.677337762011607 6.375717056040091 0.0 2.23606797749979 0.4472135954999579 1 0 0 -0.08806320413039484 0.9961148889953851 6.106830453649611
cell 42.0520675068497 37.9876293652894 0.0 1.0 1.0 1 0 0 0.0 1.0 0
cell 14.193029080041587 2.1727130906040024 0.0 2.23606797749979 0.4472135954999579 1 0 0 0.017042682648841866 -0.9998547629371632 6.249098291633251
cell 31.9140546894119 8.76659323711666 0.0 2.23606797749979 0.4472135954999579 1 0 0 0.11315980269750214 -0.9935768007826382 6.056379888059704
cell 32.49530168512195 17.22634234272837 0.0 2.23606797749979 0.4472135954999579 1 0 0 0.06683703951426123 -0.9977639050140915 6.149411502968082
cell 28.440787622528084 4.682024631607477 0.0 2.23606797749979 0.4472135954999579 1 0 0 -0.03751354329697503 0.9992961193106406 6.208140612255393
cell 39.355720593028515 39.815235430541314 0.0 1.0 1.0 1 0 0 0.0 1.0 0
cell 28.128043569027646 17.1883128668685 0.0 2.23606797749979 0.4472135954999579 1 0 0 0.08139532121592892 -0.9966818959347841 6.120214373337281
cell 29.138090277456584 3.855547228008753 0.0 2.23606797749979 0.4472135954999579 1 0 0 -0.0392549678273801 0.9992292267046993 6.20465519418322
cell 40.25092039459868 24.670973958330777 0.0 2.23606797749979 0.4472135954999579 1 0 0 0.9866912830261594 0.1626047723782774 2.8149326772706886
cell 38.364185838300145 38.31005734798038 0.0 1.0 1.0 1 0 0 0.0 1.0 0
cell 24.040054630702453 5.458214530857721 0.0 2.23606797749979 0.4472135954999579 1 0 0 -0.05669029201732566 0.9983918122615942 6.169743904931956
cell 24.559060024014972 31.286033323648457 0.0 2.23606797749979 0.4472135954999579 1 0 0 -0.14791347602861799 -0.9890003051612934 0.29691641580824424
cell 1.1624846391044366 28.849875254011454 0.0 2.23606797749979 0.4472135954999579 1 0 0 0.9996276256607534 -0.027287543235782457 3.1961745151911107
cell 31.479289364132207 11.478334225644987 0.0 2.23606797749979 0.4472135954999579 1 0 0 0.15090412682660242 -0.9885484027131402 5.980219688120572
cell 36.577245337883106 41.665993971301305 0.0 1.0 1.0 1 0 0 0.0 1.0 0
cell 0.8909582165097291 34.529576574679716 0.0 2.23606797749979 0.4472135954999579 1 0 0 0.06851197183643219 0.9976502942991016 0.13713136662511208
cell 24.493568242905948 22.002188164163538 0.0 2.23606797749979 0.4472135954999579 1 0 0 0.9999999361879336 -0.00035724519424918706 3.1423071439934893
cell 40.486272984601214 7.180907849444857 0.0 2.23606797749979 0.4472135954999579 1 0 0 0.08329433326314374 -0.9965249891730003 6.1164034062233
cell 9.831071280872349 40.08258582831014 0.0 1.0 1.0 1 0 0 0.0 1.0 0
cell 7.191544480284559 23.88744830982896 0.0 2.23606797749979 0.4472135954999579 1 0 0 0.9999307176018625 0.011771151015269626 3.118049807855139
cell 42.085330760497776 12.431880812371002 0.0 2.23606797749979 0.4472135954999579 1 0 0 -0.118305893267765 0.9929771979346335 6.046018067414091
cell 2.885930340617771 9.426494199206944 0.0 2.23606797749979 0.4472135954999579 1 0 0 -0.09982699518682513 0.9950048095521798 6.083198214578667
cell 14.592515850562176 28.60213912017975 0.0 2.23606797749979 0.4472135954999579 1 0 0 0.998406319039641 -0.056434228104179494 3.2545211068162314
cell 27.674740892221756 34.69010564223089 0.0 2.23606797749979 0.4472135954999579 1 0 0 0.0036213884517690828 0.9999934427513419 0.0072427927344760655
cell 8.10521027051367 30.032372990363456 0.0 2.23606797749979 0.4472135954999579 1 0 0 -0.035756078214801736 -0.9993605469852694 0.07152740321752304
cell 20.923315126397124 40.25113373195364 0.0 1.0 1.0 1 0 0 0.0 1.0 0
cell 9.513986437040506 11.086382233776693 0.0 2.23606797749979 0.4472135954999579 1 0 0 -0.09749730577116437 0.9952357888296441 6.087880439136857
cell 37.89232712606921 2.429192218097887 0.0 2.23606797749979 0.4472135954999579 1 0 0 -0.024811320084089292 0.9996921518125892 6.2335575743043465
cell 5.616373922885035 28.94255921326244 0.0 2.23606797749979 0.4472135954999579 1 0 0 0.998424166482289 -0.05611758890175432 3.253886823231186
cell 25.466213840020245 38.414621194391906 0.0 1.0 1.0 1 0 0 0.0 1.0 0
cell 6.683915882227123 10.11738799396062 0.0 2.23606797749979 0.4472135954999579 1 0 0 -0.0936341586708737 0.9956066714973326 6.095642263246092
cell 25.936605735058 2.9650089175976095 0.0 2.23606797749979 0.4472135954999579 1 0 0 0.03801416215365195 -0.9992772005183326 6.207138659830152
cell 19.05752106016345 11.834716796489895 0.0 2.23606797749979 0.4472135954999579 1 0 0 0.12668081972268333 -0.9919435316157815 6.029141067475165
cell 3.657893309031361 37.96462232667545 0.0 1.0 1.0 1 0 0 0.0 1.0 0
cell 31.548990243784566 25.641028886339555 0.0 2.23606797749979 0.4472135954999579 1 0 0 -0.9756298255623077 -0.21942297845317174 2.6991466611839243
cell 12.55460432776505 42.002769728455405 0.0 1.0 1.0 1 0 0 0.0 1.0 0
cell 19.099359074611233 40.29662617191707 0.0 1.0 1.0 1 0 0 0.0 1.0 0
cell 43.74202871582165 25.921449257722667 0.0 2.23606797749979 0.4472135954999579 1 0 0 0.9986974243988558 0.05102405804218055 3.039500205944437
cell 31.520651425677322 7.2904555451554724 0.0 2.23606797749979 0.4472135954999579 1 0 0 0.10577841656424943 -0.9943897257057517 6.071231953451617
cell 29.173773519249416 38.34428708151269 0.0 1.0 1.0 1 0 0 0.0 1.0 0
cell 27.83151064617202 11.050718416935956 0.0 2.23606797749979 0.4472135954999579 1 0 0 0.13934628527237117 -0.9902437138304847 6.003582849972745
cell 17.60032136732407 25.76946334573593 0.0 2.23606797749979 0.4472135954999579 1 0 0 0.9994180462565382 0.034111124530922944 3.073357167382124
cell 16.019144317665724 6.545457339852212 0.0 2.23606797749979 0.4472135954999579 1 0 0 -0.101535812327794 0.9948318846995883 6.079763125205098
cell 24.75785856784736 4.616551106187197 0.0 2.23606797749979 0.4472135954999579 1 0 0 -0.05490174473825875 0.9984917618211454 6.173326581105988
cell 15.197165447536152 31.880739786135734 0.0 2.23606797749979 0.4472135954999579 1 0 0 0.06558230224295836 0.9978471634636805 0.13125881093294503
cell 13.905045103838843 10.185412974675366 0.0 2.23606797749979 0.4472135954999579 1 0 0 0.09632638675689233 -0.9953498014338283 6.090233352540729
cell 28.234364829531998 36.9705028292968 0.0 2.23606797749979 0.4472135954999579 1 0 0 0.05649599193682391 -0.9984028259650882 6.170133128893537
cell 36.08604890334596 7.484139498824802 0.0 2.23606797749979 0.4472135954999579 1 0 0 0.0884436689616914 -0.9960811801357331 6.106066543244272
cell 21.138047586568664 4.60380082222343 0.0 2.23606797749979 0.4472135954999579 1 0 0 0.07181530090625482 -0.9974179477810413 6.139430956976345
cell 38.4643421984147 41.58064402267199 0.0 1.0 1.0 1 0 0 0.0 1.0 0
cell 18.980831593827553 28.563431447844785 0.0 2.23606797749979 0.4472135954999579 1 0 0 0.998918921776536 -0.04648642508090642 3.2345990218875724
cell 24.574855939960585 40.17978371524153 0.0 1.0 1.0 1 0 0 0.0 1.0 0
cell 12.087678352799934 37.363884450898844 0.0 2.23606797749979 0.4472135954999579 1 0 0 0.9994508966564123 -0.03313465214384179 3.2078740901077785
cell 31.15348552571375 1.574705478772994 0.0 2.23606797749979 0.4472135954999579 1 0 0 0.04057798179992458 0.9991763745170544 0.08117825164939549
cell 25.046532818831583 23.097385277826337 0.0 2.23606797749979 0.4472135954999579 1 0 0 -0.9999966735047535 0.002579337013126281 3.146751333336155
cell 18.976231216092227 29.508333386343047 0.0 2.23606797749979 0.4472135954999579 1 0 0 0.9979313913495703 -0.06428793167547626 3.270257248079476
cell 19.347481405355566 36.45163084558606 0.0 2.23606797749979 0.4472135954999579 1 0 0 -0.01596014552054155 0.9998726287657659 6.251263660827163
cell 3.753867591719982 4.002383965051781 0.0 2.23606797749979 0.4472135954999579 1 0 0 0.03786838263348046 -0.9992827355642268 6.207430428953071
cell 19.31304464551151 12.635252269060608 0.0 2.23606797749979 0.4472135954999579 1 0 0 0.14396031456825786 -0.9895834617804646 5.994260781866366
cell 8.93985688004768 41.828016330132165 0.0 1.0 1.0 1 0 0 0.0 1.0 0
cell 11.627771805837007 40.28868344767714 0.0 1.0 1.0 1 0 0 0.0 1.0 0
cell 34.5465113354229 35.13203900845414 0.0 2.23606797749979 0.4472135954999579 1 0 0 -0.022420671812063073 0.9997486251430885 6.238340205848841
cell 32.94305314911756 18.24965762068333 0.0 2.23606797749979 0.4472135954999579 1 0 0 0.046438894502045684 -0.9989211325612387 6.190274102813972
cell 12.079617202871617 34.84571791213239 0.0 2.23606797749979 0.4472135954999579 1 0 0 0.11321345513209725 -0.9935706887670613 6.056271889162059
cell 21.77012867582026 38.46809314824496 0.0 1.0 1.0 1 0 0 0.0 1.0 0
cell 17.20965714881329 40.2960582464229 0.0 1.0 1.0 1 0 0 0.0 1.0 0
cell 14.48122733025624 38.677171766477805 0.0 1.0 1.0 1 0 0 0.0 1.0 0
cell 1.748136131981118 41.41688210980716 0.0 1.0 1.0 1 0 0 0.0 1.0 0
cell 35.56909422871942 40.02377180959988 0.0 1.0 1.0 1 0 0 0.0 1.0 0
cell 25.721795393139523 16.714137044143833 0.0 2.23606797749979 0.4472135954999579 1 0 0 0.13899533961722757 -0.9902930351995269 6.004291638944507
cell 16.79948927528535 5.628322361866117 0.0 2.23606797749979 0.4472135954999579 1 0 0 -0.08805041434466632 0.9961160196150509 6.106856132973575
cell 23.297930520636687 27.957257049115466 0.0 2.23606797749979 0.4472135954999579 1 0 0 0.9968626094391955 0.07915136070894815 2.9831241716430514
cell 13.46295618967189 4.963703925838568 0.0 2.23606797749979 0.4472135954999579 1 0 0 -0.08549748299761478 0.9963383864938019 6.111981329198194
cell 43.31517199028979 4.0104966431205815 0.0 2.23606797749979 0.4472135954999579 1 0 0 -0.04297637838450726 0.9990760886443794 6.197206069714645
cell 35.77088421649824 10.04980344198412 0.0 2.23606797749979 0.4472135954999579 1 0 0 0.13130421049880206 -0.9913421227332602 6.019816374603198
cell 18.753428194944053 11.091608896439006 0.0 2.23606797749979 0.4472135954999579 1 0 0 0.11166805204718828 -0.9937455640917279 6.059382421310483
cell 30.982861570378606 38.3632989612457 0.0 1.0 1.0 1 0 0 0.0 1.0 0
cell 35.92091957582079 30.881479343179272 0.0 2.23606797749979 0.4472135954999579 1 0 0 -0.07764433064218257 -0.9969811221478205 0.1554451160612338
cell 21.634040480545835 24.90141987702202 0.0 2.23606797749979 0.4472135954999579 1 0 0 0.9998295215995803 -0.018464228604368933 3.1785232094430795
cell 10.968450383419142 8.479122980841089 0.0 2.23606797749979 0.4472135954999579 1 0 0 -0.08557907152938005 0.9963313818786244 6.111817551871886
cell 27.89111490156509 5.504019893404766 0.0 2.23606797749979 0.4472135954999579 1 0 0 0.03450780428459719 -0.999404428368944 6.214155994099341
cell 11.510179347690704 18.25756828688632 0.0 2.23606797749979 0.4472135954999579 1 0 0 0.1818558889697776 -0.98332519323315 5.917438340319103
cell 36.28209411297406 29.35304176643079 0.0 2.23606797749979 0.4472135954999579 1 0 0 0.9999996789016847 -0.000801371653794745 3.143195397068929
cell 27.54527658990609 29.544320789750095 0.0 2.23606797749979 0.4472135954999579 1 0 0 0.9998960991325508 0.01441495541124062 3.112761744241565
cell 4.009195992762262 32.37190073827111 0.0 2.23606797749979 0.4472135954999579 1 0 0 -0.014631886139046464 -0.9998929482239656 0.02926481656907587
cell 37.53585900726478 43.33673874687428 0.0 1.0 1.0 1 0 0 0.0 1.0 0
cell 21.848130612595586 41.91189874229889 0.0 1.0 1.0 1 0 0 0.0 1.0 0
cell 6.952260908571098 17.10688514486728 0.0 2.23606797749979 0.4472135954999579 1 0 0 0.1933381311054465 -0.9811321863340603 5.894058629467314
cell 36.10517092469742 4.186343542984588 0.0 2.23606797749979 0.4472135954999579 1 0 0 0.06857956149494925 -0.9976456503915409 6.1459184425424205
cell 40.51515564900103 3.6350001339843807 0.0 2.23606797749979 0.4472135954999579 1 0 0 0.027938695860071194 -0.9996096384457477 6.227300643528799
cell 0.9077846432874603 39.671626945005876 0.0 1.0 1.0 1 0 0 0.0 1.0 0
cell 29.642793354584338 23.048163687601413 0.0 2.23606797749979 0.4472135954999579 1 0 0 0.9955425048094265 -0.09431394975173642 3.33050132308774
cell 39.6107106033395 9.748421977960888 0.0 2.23606797749979 0.4472135954999579 1 0 0 -0.11146365582884661 0.9937685109869745 6.0597937818541565
cell 35.83908273054705 25.054588409378344 0.0 2.23606797749979 0.4472135954999579 1 0 0 -0.9957851936939289 -0.09171612737106032 2.957902253106811
cell 24.74875836609271 20.82988808941994 0.0 2.23606797749979 0.4472135954999579 1 0 0 0.06416467065740689 -0.9979393243275998 6.154767744758553
cell 33.74615989052966 40.05051046466363 0.0 1.0 1.0 1 0 0 0.0 1.0 0
cell 43.971922727475736 38.08234156156074 0.0 1.0 1.0 1 0 0 0.0 1.0 0
cell 29.322639729152762 2.265630641496633 0.0 2.23606797749979 0.4472135954999579 1 0 0 0.006794514130371644 -0.9999769170224542 6.269596174359466
cell 10.13980739629985 36.17845936806083 0.0 2.23606797749979 0.4472135954999579 1 0 0 0.13254165079009983 -0.9911774365903591 6.01731967261652
cell 28.254676755670303 40.11723371955709 0.0 1.0 1.0 1 0 0 0.0 1.0 0
cell 27.854830189100873 28.501180873578488 0.0 2.23606797749979 0.4472135954999579 1 0 0 0.9967334144328465 0.08076199943686035 2.9798925472653983
cell 14.355007453356716 11.755724741860242 0.0 2.23606797749979 0.4472135954999579 1 0 0 0.12250637449575756 -0.9924677265321554 6.0375555310642
cell 11.962841274286584 33.81319373529626 0.0 2.23606797749979 0.4472135954999579 1 0 0 0.005866499826493798 0.9999827919418343 0.01173306695416434
cell 41.98860798562513 13.404529418304154 0.0 2.23606797749979 0.4472135954999579 1 0 0 0.14067180863686513 -0.9900562823672365 6.000905431058281
cell 8.114379764922413 39.999938927102285 0.0 1.0 1.0 1 0 0 0.0 1.0 0
cell 19.34577556347194 7.178038085826718 0.0 2.23606797749979 0.4472135954999579 1 0 0 0.07425284870499672 -0.9972394469028955 6.13454280607515
cell 21.06958824864419 30.82929069401209 0.0 2.23606797749979 0.4472135954999579 1 0 0 -0.13110528602623547 -0.9913684501616838 0.26296761435149296
cell 3.220297931023783 35.65249837000266 0.0 2.23606797749979 0.4472135954999579 1 0 0 -0.04336602490055856 0.9990592514382338 6.196426049456165
cell 5.014780016916179 36.180012105940975 0.0 2.23606797749979 0.4472135954999579 1 0 0 0.1501711238600791 -0.9886600191969941 5.981702592855996
cell 37.99612735006802 13.868213435385094 0.0 2.23606797749979 0.4472135954999579 1 0 0 0.10956019391384968 -0.9939801627344278 6.063624168176818
cell 34.658533835486374 38.27700465246448 0.0 1.0 1.0 1 0 0 0.0 1.0 0
cell 39.85207828671662 35.951730028191875 0.0 2.23606797749979 0.4472135954999579 1 0 0 0.0437183695723044 -0.9990438950125963 6.195720691139265
cell 19.40962792530988 8.696422964273628 0.0 2.23606797749979 0.4472135954999579 1 0 0 -0.051690679387362576 0.998663143239237 6.179757855066371
cell 10.122736720506975 28.926263983854085 0.0 2.23606797749979 0.4472135954999579 1 0 0 0.9998267169120215 -0.018615481431547544 3.178825767100695
cell 6.832677919165633 1.2165621101282191 0.0 2.23606797749979 0.4472135954999579 1 0 0 0.0067173994627513995 0.9999774380177074 0.013434899964979813
cell 38.232570721049264 20.17122049642214 0.0 2.23606797749979 0.4472135954999579 1 0 0 0.09421637820164272 -0.9955517435465446 6.094472653616287
cell 28.51589970726069 32.93592158852366 0.0 2.23606797749979 0.4472135954999579 1 0 0 -0.15972065870883623 -0.987162251700102 0.32081534485848273
cell 13.414830602155451 4.222461242410417 0.0 2.23606797749979 0.4472135954999579 1 0 0 0.06937123766920426 -0.9975909138440681 6.144331310175463
cell 1.036992088766704 13.344174868303782 0.0 2.23606797749979 0.4472135954999579 1 0 0 -0.1139319251015842 0.9934885587879948 6.05482559119372
cell 14.930561356142032 13.391466852342752 0.0 2.23606797749979 0.4472135954999579 1 0 0 0.13362770308986208 -0.9910316024057596 6.015128072901817
cell 22.833979674446088 43.509079287531016 0.0 1.0 1.0 1 0 0 0.0 1.0 0
cell 31.9697137125143 29.963829037513438 0.0 2.23606797749979 0.4472135954999579 1 0 0 0.9999861849479276 0.005256416392303546 3.131079772393141
cell 23.715992262980514 41.90189716684247 0.0 1.0 1.0 1 0 0 0.0 1.0 0
cell 27.92967847896577 30.55021501036859 0.0 2.23606797749979 0.4472135954999579 1 0 0 0.9992108626438452 -0.03971966735186499 3.2210528910739256
cell 15.500035437919651 22.76748930036442 0.0 2.23606797749979 0.4472135954999579 1 0 0 0.998636991169742 0.05219348491377545 3.037158231102664
cell 7.148195517137706 3.19473060006625 0.0 2.23606797749979 0.4472135954999579 1 0 0 0.04811302552499032 -0.998841897787048 6.186922092379046
cell 4.700583838506807 6.80997584118475 0.0 2.23606797749979 0.4472135954999579 1 0 0 -0.06996951689874621 0.9975491299705274 6.143131837058848
cell 9.075390388960324 5.942832903811028 0.0 2.23606797749979 0.4472135954999579 1 0 0 0.07386093579477918 -0.9972685506740496 6.135328790198853
cell 15.344083067938097 15.219740412514518 0.0 2.23606797749979 0.4472135954999579 1 0 0 0.17630750845408524 -0.9843351372691684 5.928717453333358
cell 23.424206833409954 29.04911652499486 0.0 2.23606797749979 0.4472135954999579 1 0 0 0.9991259794591123 0.04180044461329955 3.057967399546701
cell 21.337940722537528 17.594473216793848 0.0 2.23606797749979 0.4472135954999579 1 0 0 0.13006686536343398 -0.9915052246632543 6.022312471897592
cell 2.721813524445218 23.684134426630724 0.0 2.23606797749979 0.4472135954999579 1 0 0 0.9986216647582774 -0.052485909303418045 3.246612727588178
cell 0.7063818046863963 6.128462955314177 0.0 2.23606797749979 0.4472135954999579 1 0 0 0.06276181966164103 -0.9980285336566083 6.157579114208532
cell 30.701972776042094 32.09471601924154 0.0 2.23606797749979 0.4472135954999579 1 0 0 0.18070743340785708 0.9835368948398148 0.36341135738716857
cell 1.9343189420995899 22.48973317252412 0.0 2.23606797749979 0.4472135954999579 1 0 0 0.9998603096452703 0.016714101712755065 3.1081628935447734
cell 39.25191419261832 1.61819351571121 0.0 2.23606797749979 0.4472135954999579 1 0 0 0.02117575029500442 0.9997757686598748 0.042354666385203396
cell 27.494275678455352 27.518155009412794 0.0 2.23606797749979 0.4472135954999579 1 0 0 0.9884301363479175 0.15167684582439447 2.837063600344367
cell 0.0690213779407278 4.703559866033891 0.0 2.23606797749979 0.4472135954999579 1 0 0 0.059888467261700905 -0.9982050748664045 6.163336657620895
cell 35.69944741384758 0.867430366571717 0.0 2.23606797749979 0.4472135954999579 1 0 0 0.056788578430039496 0.9983862265475697 0.11363829225888722
cell 22.74789299707364 8.825140733775566 0.0 2.23606797749979 0.4472135954999579 1 0 0 -0.08546487951995331 0.99634118371602 6.112046775701779
cell 8.041844547623134 33.103313800864335 0.0 2.23606797749979 0.4472135954999579 1 0 0 0.02641651340889418 0.9996510230171916 0.05283917351258276
cell 19.616478281677917 32.36926946672045 0.0 2.23606797749979 0.4472135954999579 1 0 0 0.061812273603848826 0.9980877931484399 0.12370340609752907
cell 23.84163369034271 37.06617996885272 0.0 2.23606797749979 0.4472135954999579 1 0 0 0.034736441246089725 -0.9993965077233145 6.213698445863563
cell 28.92739151006148 19.48636962514552 0.0 2.23606797749979 0.4472135954999579 1 0 0 0.07900626005643098 -0.9968741198726626 6.125007938197014
cell 43.56669658991202 32.478550486784776 0.0 2.23606797749979 0.4472135954999579 1 0 0 0.03733888774493105 0.9993026605898593 0.07469513891854343
cell 9.047095934042842 34.81333454560448 0.0 2.23606797749979 0.4472135954999579 1 0 0 0.08890453623214435 -0.9960401515186762 6.105141163339127
cell 37.80896046355289 19.06519685718926 0.0 2.23606797749979 0.4472135954999579 1 0 0 0.06301644622276231 -0.9980124886520477 6.157068851028779
cell 23.584465078172382 11.804437043658428 0.0 2.23606797749979 0.4472135954999579 1 0 0 0.1397196145763619 -0.9901911074649342 6.002828814958709
cell 16.33626633466357 33.625554427837116 0.0 2.23606797749979 0.4472135954999579 1 0 0 0.002259881894245211 0.9999974464636517 0.0045197676356213915
cell 40.601549989754496 33.45607263920464 0.0 2.23606797749979 0.4472135954999579 1 0 0 0.11925464418434681 0.9928637015423945 0.23907827069379672
cell 35.70122184040283 43.46421600108439 0.0 1.0 1.0 1 0 0 0.0 1.0 0
cell 36.46681296287968 38.31185614724099 0.0 1.0 1.0 1 0 0 0.0 1.0 0
cell 15.44696807331759 40.33654933371587 0.0 1.0 1.0 1 0 0 0.0 1.0 0
cell 40.063746587530844 8.83592041425884 0.0 2.23606797749979 0.4472135954999579 1 0 0 0.10583889189742199 -0.9943832907696739 6.071110319996913
cell 1.5935467710659361 26.92500152545227 0.0 2.23606797749979 0.4472135954999579 1 0 0 0.9999343206090978 -0.011460997688767604 3.1645151508147444
cell 43.36015358337936 9.54102775090056 0.0 2.23606797749979 0.4472135954999579 1 0 0 -0.10894377396908053 0.9940479133891755 6.064864432200084
cell 40.83467358842147 2.916071739136828 0.0 2.23606797749979 0.4472135954999579 1 0 0 0.003679297165996454 -0.9999932313632749 6.275826696244998
cell 0.7355918912890735 6.880841253116219 0.0 2.23606797749979 0.4472135954999579 1 0 0 -0.07758008066512016 0.996986123817174 6.1278690798494395
cell 40.081867698916824 5.751802983844397 0.0 2.23606797749979 0.4472135954999579 1 0 0 0.07017008012836179 -0.9975350419182172 6.142729722237297
cell 19.52185635345649 7.904570829454079 0.0 2.23606797749979 0.4472135954999579 1 0 0 0.06487231387001587 -0.9978935729290725 6.153349503413943
cell 0.9595969590904492 36.64272599832528 0.0 2.23606797749979 0.4472135954999579 1 0 0 -0.07056908367536449 0.9975068944269104 6.141929731952553
cell 4.492155390574614 4.616655825834289 0.0 2.23606797749979 0.4472135954999579 1 0 0 0.051430976371016346 -0.9986765515768977 6.180277952905626
cell 15.183959171104199 14.264353753134644 0.0 2.23606797749979 0.4472135954999579 1 0 0 0.16515285679505584 -0.9862679827979979 5.95135931847655
cell 23.50659531094642 7.911427663668071 0.0 2.23606797749979 0.4472135954999579 1 0 0 0.05397274449906073 -0.9985424091400621 6.175187340797923
cell 20.66148380389353 33.30625985903774 0.0 2.23606797749979 0.4472135954999579 1 0 0 0.031204934810579656 0.9995130074408574 0.06242000264244336
cell 15.491136092071116 16.227477960821542 0.0 2.23606797749979 0.4472135954999579 1 0 0 0.1796365655702014 -0.9837330452465968 5.921951317951339
cell 3.6849404944742705 33.23156048722349 0.0 2.23606797749979 0.4472135954999579 1 0 0 -0.025343733821615786 -0.9996787959919822 0.05069289534651933
cell 28.452781902554953 18.33683992105429 0.0 2.23606797749979 0.4472135954999579 1 0 0 0.020148967588968027 -0.9997969889458053 6.242884644804755
cell 41.06684583552133 15.612904674562946 0.0 2.23606797749979 0.4472135954999579 1 0 0 0.07348813399146523 -0.997296091520694 6.136076425629836
cell 40.29800384793178 6.431046569752334 0.0 2.23606797749979 0.4472135954999579 1 0 0 0.06877835886254195 -0.9976319648809251 6.145519906788973
cell 39.0154677722365 35.00794879755277 0.0 2.23606797749979 0.4472135954999579 1 0 0 0.042552136133048445 0.999094247661608 0.08512997604337788
cell 4.990299771497538 5.335541109344028 0.0 2.23606797749979 0.4472135954999579 1 0 0 0.04117706066008466 -0.9991518651713541 6.200807895491685
cell 27.388885693560113 41.84207899306607 0.0 1.0 1.0 1 0 0 0.0 1.0 0
cell 27.72524693378063 31.680861534936028 0.0 2.23606797749979 0.4472135954999579 1 0 0 -0.17990858247541175 -0.9836833341841713 0.36178703312138794
cell 19.200420880717928 43.75954301095613 0.0 1.0 1.0 1 0 0 0.0 1.0 0
cell 18.318829602065673 9.576500975812442 0.0 2.23606797749979 0.4472135954999579 1 0 0 0.05292312710514992 -0.998598589332777 6.177289580545791
cell 2.1973760829468905 12.039973588575906 0.0 2.23606797749979 0.4472135954999579 1 0 0 0.14031878855169894 -0.990106376900676 6.001618544356876
cell 0.3347395520075607 7.730553638886315 0.0 2.23606797749979 0.4472135954999579 1 0 0 -0.09107812118673218 0.9958437507164941 6.100776282254626
cell 0.7809773680625951 43.04247782791811 0.0 1.0 1.0 1 0 0 0.0 1.0 0
cell 41.159901924082824 27.018391431188412 0.0 2.23606797749979 0.4472135954999579 1 0 0 0.99989366987531 0.014582487554753639 3.1124266447311717
cell 32.269741171923016 27.8222414099168 0.0 2.23606797749979 0.4472135954999579 1 0 0 0.9978145276660456 0.06607698826812754 3.009342319860703
cell 2.720851606434269 3.347970696452777 0.0 2.23606797749979 0.4472135954999579 1 0 0 -0.042425287917113315 0.9990996421504464 6.198309256876671
cell 32.60913858868171 31.94384931589917 0.0 2.23606797749979 0.4472135954999579 1 0 0 -0.20322679722100528 -0.9791316912914689 0.4093047411839512
cell 15.342427088356192 7.48354762071134 0.0 2.23606797749979 0.4472135954999579 1 0 0 -0.100842513092748 0.9949024010188834 6.081156877550755
cell 40.52187767354679 34.33385291298536 0.0 2.23606797749979 0.4472135954999579 1 0 0 0.07993915554447507 0.9967997448890304 0.16004908017153888
cell 7.228103742699509 41.82620615166343 0.0 1.0 1.0 1 0 0 0.0 1.0 0
cell 34.036933909957696 13.3500915314992 0.0 2.23606797749979 0.4472135954999579 1 0 0 0.1700825491445011 -0.9854298181385158 5.941358430764278
cell 33.821431332210686 43.530135221535595 0.0 1.0 1.0 1 0 0 0.0 1.0 0
cell 23.52587833758132 6.293800769193486 0.0 2.23606797749979 0.4472135954999579 1 0 0 0.059247063920853375 -0.9982433497984138 6.164621746303088
cell 6.086988057266255 26.99140079491584 0.0 2.23606797749979 0.4472135954999579 1 0 0 0.9998740380527612 -0.015871610758379506 3.173337207986374
cell 7.068997462408699 1.9187180641816184 0.0 2.23606797749979 0.4472135954999579 1 0 0 0.010950759571391428 -0.9999400386347221 6.261283350277974
cell 22.877095991874416 0.8010035266507332 0.0 2.23606797749979 0.4472135954999579 1 0 0 0.0046909745053294915 0.9999889973185657 0.009381983419675818
cell 42.62866080117878 19.84301341978037 0.0 2.23606797749979 0.4472135954999579 1 0 0 0.13916852857709777 -0.9902687113373246 6.003941861494283
cell 38.766097407319386 30.234671390044593 0.0 2.23606797749979 0.4472135954999579 1 0 0 0.004868878621433821 0.9999881469402374 0.009737795717122908
cell 6.197333843174454 43.41094505336817 0.0 1.0 1.0 1 0 0 0.0 1.0 0
cell 30.08467407614677 40.116854125594784 0.0 1.0 1.0 1 0 0 0.0 1.0 0
cell 36.35188492649218 35.75715112218452 0.0 2.23606797749979 0.4472135954999579 1 0 0 -0.050806791891477625 0.998708500963968 6.1815279561704966
cell 23.41182143231341 30.075623879205757 0.0 2.23606797749979 0.4472135954999579 1 0 0 0.9993495845018854 -0.03606116964144457 3.2137306334376476
cell 18.671070023795696 1.7960553185473 0.0 2.23606797749979 0.4472135954999579 1 0 0 0.04851308142250718 -0.9988225472679785 6.186121045149799
cell 8.020836238926597 31.01557287262555 0.0 2.23606797749979 0.4472135954999579 1 0 0 -0.07440099209193914 -0.9972284053193307 0.1489396097021105
cell 23.451856881328283 36.299363395905196 0.0 2.23606797749979 0.4472135954999579 1 0 0 0.03311781132083748 -0.9994514548357601 6.216937570803064
cell 31.816477773864488 34.52451063735169 0.0 2.23606797749979 0.4472135954999579 1 0 0 -0.021424620014884464 -0.9997704664857918 0.04285251877635243
cell 25.535245448806343 41.90259005333982 0.0 1.0 1.0 1 0 0 0.0 1.0 0
cell 15.242797762859263 8.318218134224605 0.0 2.23606797749979 0.4472135954999579 1 0 0 -0.0720024473957072 0.9974044553585213 6.139055692514488
cell 15.220574795599576 26.778712996638543 0.0 2.23606797749979 0.4472135954999579 1 0 0 0.9999898188219838 0.004512455249194481 3.132567712463206
cell 27.31549051974336 13.091306315595313 0.0 2.23606797749979 0.4472135954999579 1 0 0 0.1659896903685432 -0.9861274880518012 5.949662227734571
cell 36.25025611135992 8.255151742286271 0.0 2.23606797749979 0.4472135954999579 1 0 0 0.09749738472151451 -0.9952357810953467 6.087880280480283
cell 19.977485929945587 38.580279079108045 0.0 1.0 1.0 1 0 0 0.0 1.0 0
cell 20.136942541318323 22.327211089874183 0.0 2.23606797749979 0.4472135954999579 1 0 0 0.994424453332278 -0.10545144197591647 3.352888380096812
cell 18.204316764958914 42.04581021372521 0.0 1.0 1.0 1 0 0 0.0 1.0 0
