step,msd_global,n_round,n_elongated
0,0.0,1000,0
100,12.710697133969267,1000,0
200,13.169505526266933,977,23
300,14.817756651943101,970,30
400,18.814903564853644,947,53
500,21.129855269677662,928,72
600,25.722597384502727,910,90
700,34.33268109940431,886,114
800,43.192104977464275,866,134
900,55.74256519644745,851,149
1000,69.13126036298144,836,164
1100,81.40324693689637,819,181
1200,97.43352091274029,805,195
1300,116.33282406830712,784,216
1400,139.04189064547106,771,229
1500,164.22794820343316,737,263
1600,181.24356039770825,721,279
1700,191.23056139867953,726,274
1800,214.50263600151038,711,289
1900,243.29321906279975,708,292
2000,277.55441644708384,691,309
2100,316.5758908052357,680,320
2200,347.6143658199596,672,328
2300,370.047993837316,667,333
2400,394.83374477490423,653,347
2500,423.16849243565605,648,352
2600,448.2293831555858,642,358
2700,477.98781524141134,646,354
2800,507.81994798250486,639,361
2900,544.9069621746072,635,365
3000,595.1123996002818,625,375
3100,651.4141804001213,625,375
3200,707.2243892134628,612,388
3300,759.927572630504,593,407
3400,803.7724618873824,575,425
3500,862.0748267078416,568,432
3600,923.4704244914166,555,445
3700,982.9982412436055,565,435
3800,1028.446270939551,562,438
3900,1087.9727225553675,551,449
4000,1117.6994065390281,550,450
4100,1132.688173875928,542,458
4200,1160.727194941292,533,467
4300,1207.9398176710838,520,480
4400,1254.0027939290849,509,491
4500,1335.9259502490008,499,501
4600,1426.5667604432092,490,510
4700,1513.2201454380017,477,523
4800,1601.8990659023984,473,527
4900,1689.9229220979387,457,543
5000,1785.1197795021176,448,552
5100,1871.4716872415595,446,554
5200,1950.6163381584138,431,569
5300,2063.889131599698,428,572
5400,2169.246575531395,417,583
5500,2302.909708849077,411,589
5600,2420.5885978352153,412,588
5700,2535.6956557028807,405,595
5800,2677.2781870955087,403,597
5900,2806.165415708394,393,607
6000,2935.4937203751597,392,608
6100,3075.1644760108907,385,615
6200,3201.72156349703,381,619
6300,3382.938119947895,374,626
6400,3575.9284712964472,359,641
6500,3764.315765641234,345,655
6600,3963.8675467763346,338,662
6700,4169.992065986584,319,681
6800,4370.398523163118,303,697
6900,4603.106922284607,299,701
7000,4850.819211208629,286,714
7100,5093.934958671741,274,726
7200,5337.979519321548,282,718
7300,5608.407795174728,276,724
7400,5849.834506109227,274,726
7500,6111.742570332175,263,737
7600,6322.397272656057,252,748
7700,6532.794750411111,228,772
7800,6724.056401159381,222,778
7900,6955.234213291606,211,789
8000,7164.773461535322,197,803
8100,7425.548392886867,183,817
8200,7678.11973615857,166,834
8300,7942.8069801753745,159,841
8400,8273.610536106815,155,845
8500,8658.703081115678,158,842
8600,9066.940861799152,160,840
8700,9486.723059896412,157,843
8800,9917.310524870272,150,850
8900,10359.555036939588,146,854
9000,10815.503887827628,138,862
9100,11223.242494761322,129,871
9200,11664.771579309214,118,882
9300,12074.721124581356,111,889
9400,12457.393740781055,99,901
9500,12898.522969271566,90,910
9600,13344.52987870991,89,911
9700,13852.799814845994,91,909
9800,14328.686439249135,89,911
9900,14819.566222781508,85,915
10000,15343.38063305975,67,933
10100,15839.850769898661,66,934
10200,16381.504980961208,66,934
10300,16932.70288570255,60,940
10400,17455.705444655756,52,948
10500,17987.865218784325,48,952
10600,18566.88461268067,48,952
10700,19226.403860839262,46,954
10800,19851.832224149137,39,961
10900,20500.117708391084,32,968
11000,21102.670820772273,26,974
11100,21741.8633400511,23,977
11200,22394.937051590772,14,986
11300,23021.274403026604,10,990
11400,23706.485068523605,4,996
11500,24442.995382728892,0,1000
11600,25179.440601990962,3,997
11700,25932.85700861021,1,999
11800,26704.672202740006,0,1000
11900,27419.511805377082,0,1000
12000,28263.9545656583,0,1000
12100,29080.217850127017,0,1000
12200,29839.483448356794,0,1000
12300,30700.91628548744,0,1000
12400,31586.453571575235,0,1000
12500,32493.32463037713,0,1000
12600,33388.96138013552,0,1000
12700,34285.610999351644,1,999
12800,35164.33473463172,2,998
12900,36041.025079352665,0,1000
13000,36975.260935465805,0,1000
13100,37919.57853460337,0,1000
13200,38830.378416077554,0,1000
13300,39739.08519495456,0,1000
13400,40729.93367205287,0,1000
13500,41761.86341446727,0,1000
13600,42806.911860522225,0,1000
13700,43869.45341063449,1,999
13800,44907.56086836177,3,997
13900,45982.09381539706,1,999
14000,47031.54808134112,0,1000
14100,48135.697871263204,2,998
14200,49249.959034306754,2,998
14300,50375.068342500475,0,1000
14400,51545.470844873664,0,1000
14500,52710.77422742564,0,1000
14600,53912.05591601325,0,1000
14700,55151.833387114915,0,1000
14800,56296.746741435425,0,1000
14900,57511.39304691253,0,1000
15000,58715.21363952794,0,1000
15100,59986.65264789746,0,1000
15200,61223.00704692633,0,1000
15300,62508.36397538947,0,1000
15400,63732.36037578762,0,1000
15500,64970.2440146261,0,1000
15600,66242.91182594871,0,1000
15700,67542.53696957811,0,1000
15800,68881.50530653546,0,1000
15900,70175.11556394584,0,1000
16000,71615.04651030201,0,1000
16100,72999.39096996149,0,1000
16200,74476.85547394243,0,1000
16300,75954.75199525776,0,1000
16400,77505.49572832587,0,1000
16500,78952.89444743452,0,1000
16600,80505.30724760058,0,1000
16700,82003.85394166251,0,1000
16800,83545.88563120173,0,1000
16900,85022.05848703641,0,1000
17000,86542.78390889695,0,1000
17100,88052.7746818961,0,1000
17200,89566.45030523784,0,1000
17300,91049.44597106444,0,1000
17400,92553.9366254386,0,1000
17500,94144.39153872302,0,1000
17600,95754.23275200246,0,1000
17700,97364.39897044671,0,1000
17800,99024.99490632041,0,1000
17900,100671.75220620069,0,1000
18000,102464.88503289399,0,1000
18100,104196.01647560055,0,1000
18200,105973.04126269072,0,1000
18300,107716.15032226716,0,1000
18400,109441.41780199506,0,1000
18500,111165.6899369903,0,1000
18600,112929.32218793384,0,1000
18700,114724.26441089627,0,1000
18800,116504.14429843074,0,1000
18900,118199.82733442828,0,1000
19000,120002.75587104422,0,1000
19100,121814.51964459619,0,1000
19200,123660.32795104566,0,1000
19300,125491.55425506372,0,1000
19400,127359.43196076913,0,1000
19500,129280.72585135786,0,1000
19600,131181.36602779978,0,1000
19700,133172.81731681648,0,1000
19800,135119.44044113308,0,1000
19900,137179.89338695956,0,1000
20000,139173.54201382495,0,1000
20100,141106.53833760315,0,1000
20200,142977.71489285887,0,1000
20300,144988.73356233203,0,1000
20400,147051.92805138798,0,1000
20500,149059.05742832363,0,1000
20600,151097.6703472213,0,1000
20700,153149.6928855312,0,1000
20800,155273.48457088164,0,1000
20900,157265.0326529979,0,1000
21000,159356.35874181968,0,1000
21100,161574.99448530114,0,1000
21200,163861.95093107052,0,1000
21300,166157.82918008484,0,1000
21400,168403.1494811875,0,1000
21500,170589.28789812504,0,1000
21600,172812.81507670536,0,1000
21700,175010.69001880937,0,1000
21800,177267.9589912907,0,1000
21900,179416.37900171566,0,1000
22000,181773.2221888932,0,1000
22100,183924.75241403724,0,1000
22200,186167.70537578492,0,1000
22300,188451.0937629177,0,1000
22400,190688.8232753374,0,1000
22500,193005.59346789127,0,1000
22600,195231.5134144537,0,1000
22700,197640.24784436185,0,1000
22800,200122.23777019788,0,1000
22900,202717.7845893562,0,1000
23000,205292.7609546609,0,1000
23100,207835.969798952,0,1000
23200,210301.92022378845,0,1000
23300,212729.37955101603,0,1000
23400,215387.5104802757,0,1000
23500,217870.11370004909,0,1000
23600,220371.3534784623,0,1000
23700,222736.90117726047,0,1000
23800,225169.40966736074,0,1000
23900,227662.53089692057,0,1000
24000,230232.1155694979,0,1000
24100,232659.52566191435,0,1000
24200,235080.72286237794,0,1000
24300,237616.82319279897,0,1000
24400,240329.56588558195,0,1000
24500,242947.3592674387,0,1000
24600,245724.78102187722,0,1000
24700,248459.60472180115,0,1000
24800,251375.0815225368,0,1000
24900,254158.32127325964,0,1000
25000,257055.31014310013,0,1000
25100,259825.2732437477,0,1000
25200,262625.9521548658,0,1000
25300,265284.2637107289,0,1000
25400,268082.0094890662,0,1000
25500,270649.42828021484,0,1000
25600,273326.12021430803,0,1000
25700,276123.97360589466,0,1000
25800,278835.20177398255,0,1000
25900,281470.28826042806,0,1000
26000,284421.964415541,0,1000
26100,287429.68068741745,0,1000
26200,290333.3299612335,0,1000
26300,293284.08975077653,0,1000
26400,296377.4713446056,0,1000
26500,299407.98059007357,0,1000
26600,302488.2827473928,0,1000
26700,305633.3988083682,0,1000
26800,308471.56769396184,0,1000
26900,311540.45188795443,0,1000
27000,314543.29404114117,0,1000
27100,317410.55235049385,0,1000
27200,320529.96266382234,0,1000
27300,323404.9562144294,0,1000
27400,326436.37713385175,0,1000
27500,329496.7358845114,0,1000
27600,332457.61122700345,0,1000
27700,335593.33601808443,0,1000
27800,338642.5694174862,0,1000
27900,341891.2606331513,0,1000
28000,345210.6082831071,0,1000
28100,348582.9541748769,0,1000
28200,351974.70819776715,0,1000
28300,355227.6874178923,0,1000
28400,358345.39366240933,0,1000
28500,361616.3641353909,0,1000
28600,364800.5299568291,0,1000
28700,367912.0745554743,0,1000
28800,370939.68408161117,0,1000
28900,374165.53738893324,0,1000
29000,377441.92404100765,0,1000
29100,380743.14898730355,0,1000
29200,384059.1721847404,0,1000
29300,387414.254541249,0,1000
29400,390623.0769695263,0,1000
29500,394184.5071017108,0,1000
29600,397852.3314739012,0,1000
29700,401579.17421371414,0,1000
29800,405031.930403009,0,1000
29900,408356.0648829084,0,1000
30000,411694.4327620565,0,1000
30100,415174.6218468382,0,1000
30200,418702.55742584175,0,1000
30300,422251.0219606322,0,1000
30400,425747.17557080847,0,1000
30500,429123.5580970459,0,1000
30600,432426.06241545297,0,1000
30700,435757.4433040457,0,1000
30800,439239.8688138695,0,1000
30900,442628.7136710452,0,1000
31000,446215.45214707206,0,1000
31100,449849.7463515294,0,1000
31200,453762.7871360295,0,1000
31300,457742.718541011,0,1000
31400,461570.1642679896,0,1000
31500,465080.9161754841,0,1000
31600,468897.3655557412,0,1000
31700,472650.38522832416,0,1000
31800,476409.99232082476,0,1000
31900,480160.3104088552,0,1000
32000,483654.6018285792,0,1000
32100,487184.79413994926,0,1000
32200,490882.0806754277,0,1000
32300,494618.5496584533,0,1000
32400,498180.2431370276,0,1000
32500,502104.430952219,0,1000
32600,506020.950965132,0,1000
32700,509817.05048898695,0,1000
32800,513706.682563746,0,1000
32900,517722.35521211935,0,1000
33000,521715.6884062032,0,1000
33100,525568.8508115117,0,1000
33200,529600.228653262,0,1000
33300,533406.4415260416,0,1000
33400,537378.9919759902,0,1000
33500,541283.7511877652,0,1000
33600,545203.5703636041,0,1000
33700,549329.5859876513,1,999
33800,553121.8426424761,0,1000
33900,557195.5260505643,0,1000
34000,561103.3902875496,0,1000
34100,565201.575574912,0,1000
34200,569094.401997337,0,1000
34300,573282.8826464562,0,1000
34400,577172.4534977912,0,1000
34500,581302.2998168631,0,1000
34600,585582.0825370175,0,1000
34700,589913.7215600666,0,1000
34800,594195.4471739696,0,1000
34900,598300.0362182196,0,1000
35000,602405.1891494498,0,1000
35100,606439.3162009764,0,1000
35200,610475.1547859723,0,1000
35300,614579.7130767567,0,1000
35400,619032.6970114794,0,1000
35500,623076.5594713893,0,1000
35600,627284.4073504298,0,1000
35700,631527.5233366512,0,1000
35800,635648.6438571108,0,1000
35900,639640.7603849325,0,1000
36000,643975.600338859,0,1000
36100,648358.6637247483,0,1000
36200,653068.5105723175,0,1000
36300,657860.4365045391,0,1000
36400,662736.8472659729,0,1000
36500,666974.0306880012,0,1000
36600,671356.082659985,0,1000
36700,675632.1229317167,0,1000
36800,679789.9344230235,0,1000
36900,684246.1527687694,0,1000
37000,688579.4139158593,0,1000
37100,692947.3632220413,0,1000
37200,697486.0579264109,0,1000
37300,702061.573800008,0,1000
37400,706417.3483547509,0,1000
37500,710898.16156393,0,1000
37600,715318.902299131,0,1000
37700,719796.2907444239,0,1000
37800,724163.6536422668,0,1000
37900,728863.275200213,0,1000
38000,733766.5908106172,0,1000
38100,738620.0161728186,0,1000
38200,743072.166400409,0,1000
38300,747651.5409443134,0,1000
38400,752527.8921087515,0,1000
38500,757302.9225368852,0,1000
38600,762060.734540708,0,1000
38700,766573.6632431487,0,1000
38800,771585.1714009242,0,1000
38900,776232.106215479,0,1000
39000,780926.5150011734,0,1000
39100,785401.1402892354,0,1000
39200,790127.4977838409,0,1000
39300,795088.927068759,0,1000
39400,799821.2431475213,0,1000
39500,804854.5891975369,0,1000
39600,809604.5531773107,0,1000
39700,814789.9948895394,0,1000
39800,819723.8285418084,0,1000
39900,824511.8726337572,0,1000
40000,829109.5671714153,0,1000
40100,833875.1180993563,0,1000
40200,838419.9412164561,0,1000
40300,843206.0479974399,0,1000
40400,847899.1851083693,0,1000
40500,852967.7655729011,0,1000
40600,858005.4501111888,0,1000
40700,863067.4954407476,0,1000
40800,868310.4804600156,0,1000
40900,873188.9863605502,0,1000
41000,878454.8131445639,0,1000
41100,883709.5142045714,0,1000
41200,889100.0068452288,0,1000
41300,893932.4235881208,0,1000
41400,899163.3413233503,0,1000
41500,904442.2821882846,0,1000
41600,909639.2183436112,0,1000
41700,914882.0471168752,0,1000
41800,919399.5598996854,0,1000
41900,924369.5464333636,0,1000
42000,929575.0980025969,0,1000
42100,934858.9862847745,0,1000
42200,939761.8551082286,0,1000
42300,945007.0096208712,0,1000
42400,950163.5254262978,0,1000
42500,955237.8789479276,0,1000
42600,960598.232222455,0,1000
42700,965765.5169774812,0,1000
42800,971188.4601729834,0,1000
42900,976562.6582116595,0,1000
43000,981869.630929363,0,1000
43100,987388.2890269922,0,1000
43200,993067.8229060469,0,1000
43300,998207.6368535473,0,1000
43400,1003556.7677335145,0,1000
43500,1008724.1984211088,0,1000
43600,1014030.70415225,0,1000
43700,1019563.1109403027,0,1000
43800,1025002.4873554824,0,1000
43900,1030578.3811727216,0,1000
44000,1036161.752714668,0,1000
44100,1041877.0871500327,0,1000
44200,1047215.2702489678,0,1000
44300,1052942.5039415741,0,1000
44400,1058445.3821208407,0,1000
44500,1063790.3662674814,0,1000
44600,1069057.7950597536,0,1000
44700,1074469.8528484202,0,1000
44800,1080271.6326859188,0,1000
44900,1085455.7937690758,0,1000
45000,1090835.442850254,0,1000
45100,1095909.0250965748,1,999
45200,1101564.2438298205,0,1000
45300,1107138.6917004148,1,999
45400,1113015.3247838283,0,1000
45500,1119105.2212875795,0,1000
45600,1124909.3230625815,0,1000
45700,1130582.3013699953,0,1000
45800,1136433.4630075127,0,1000
45900,1142343.8045946953,0,1000
46000,1148365.9133973622,0,1000
46100,1154018.945002176,0,1000
46200,1159812.817401568,0,1000
46300,1165591.7727031605,0,1000
46400,1171360.4534113244,0,1000
46500,1177402.4579910473,0,1000
46600,1183017.2511474858,0,1000
46700,1188531.7713865715,0,1000
46800,1194133.75874975,0,1000
46900,1199603.5805213295,0,1000
47000,1204949.3272637627,0,1000
47100,1211016.7616289908,0,1000
47200,1217053.358276135,0,1000
47300,1222965.2264180016,0,1000
47400,1228831.658946123,0,1000
47500,1234754.0473391335,0,1000
47600,1241027.912634293,0,1000
47700,1247074.532589097,0,1000
47800,1253196.4358872771,0,1000
47900,1259095.3758815122,0,1000
48000,1264960.2459840097,0,1000
48100,1271110.489853005,0,1000
48200,1276870.7676401492,0,1000
48300,1283034.7959855422,0,1000
48400,1289180.9056189465,0,1000
48500,1295193.5183575354,0,1000
48600,1301086.6712203065,0,1000
48700,1307260.9937609571,0,1000
48800,1313813.3044869297,0,1000
48900,1320273.24496217,0,1000
49000,1326458.960532752,0,1000
49100,1332470.0138217076,0,1000
49200,1338755.584996799,0,1000
49300,1344879.0161371022,0,1000
49400,1350710.061833793,0,1000
49500,1356343.0353621778,0,1000
49600,1362537.8067333326,0,1000
49700,1368208.0018025227,0,1000
49800,1374211.6873032418,0,1000
49900,1380251.0027943791,0,1000
50000,1386133.733413545,0,1000
