500
 Lattice="43.243446059915044 0.0 0.0 0.0 43.243446059915044 0.0 0.0 0.0 1.0"Properties=species:S:1:pos:R:3:aspherical_shape:R:3:orientation:R:4:Color:R:1
cell 10.21214032717592 8.537132566613531 0.0 1.0 1.0 1 0 0 0.0 1.0 0
cell 24.513292871466643 12.112509460798917 0.0 1.0 1.0 1 0 0 0.0 1.0 0
cell 15.2948390433273 11.867632774116181 0.0 1.0 1.0 1 0 0 0.0 1.0 0
cell 41.10867650009455 28.12142779631654 0.0 1.0 1.0 1 0 0 0.0 1.0 0
cell 16.67329677001683 41.35857070543169 0.0 1.0 1.0 1 0 0 0.0 1.0 0
cell 5.501202537506935 0.9753354768937129 0.0 1.0 1.0 1 0 0 0.0 1.0 0
cell 12.017160853871662 29.209732215095833 0.0 1.0 1.0 1 0 0 0.0 1.0 0
cell 37.619906169855085 27.79316095486757 0.0 1.0 1.0 1 0 0 0.0 1.0 0
cell 21.424048051453504 5.754763444590169 0.0 1.0 1.0 1 0 0 0.0 1.0 0
cell 5.080378125018472 26.57368936449846 0.0 1.0 1.0 1 0 0 0.0 1.0 0
cell 4.337195973788522 36.913681365976515 0.0 1.0 1.0 1 0 0 0.0 1.0 0
cell 1.0731799333141439 32.506172348913125 0.0 1.0 1.0 1 0 0 0.0 1.0 0
cell 35.0195111756897 36.832528624624345 0.0 1.0 1.0 1 0 0 0.0 1.0 0
cell 35.87325668268664 4.98166500421776 0.0 1.0 1.0 1 0 0 0.0 1.0 0
cell 0.6170036625961578 38.67467128431573 0.0 1.0 1.0 1 0 0 0.0 1.0 0
cell 12.91495925893228 17.023563535756114 0.0 1.0 1.0 1 0 0 0.0 1.0 0
cell 23.289769539731783 4.871072387974593 0.0 1.0 1.0 1 0 0 0.0 1.0 0
cell 3.13167500130396 7.93776094442207 0.0 1.0 1.0 1 0 0 0.0 1.0 0
cell 41.28228937859152 4.420807452359378 0.0 1.0 1.0 1 0 0 0.0 1.0 0
cell 8.692834242272923 5.3347439584963325 0.0 1.0 1.0 1 0 0 0.0 1.0 0
cell 22.44952659245349 21.783899980744962 0.0 1.0 1.0 1 0 0 0.0 1.0 0
cell 17.356001636536163 33.10376464355918 0.0 1.0 1.0 1 0 0 0.0 1.0 0
cell 28.52697852344891 26.57296770315167 0.0 1.0 1.0 1 0 0 0.0 1.0 0
cell 19.76244906939099 4.581679001150821 0.0 1.0 1.0 1 0 0 0.0 1.0 0
cell 31.836270929848443 32.496387516178004 0.0 1.0 1.0 1 0 0 0.0 1.0 0
cell 13.531711414481487 10.894180158422182 0.0 1.0 1.0 1 0 0 0.0 1.0 0
cell 8.777589244594495 24.905771991766926 0.0 1.0 1.0 1 0 0 0.0 1.0 0
cell 19.95407952288419 27.64004883707473 0.0 1.0 1.0 1 0 0 0.0 1.0 0
cell 11.685439474282571 11.770638933935636 0.0 1.0 1.0 1 0 0 0.0 1.0 0
cell 7.74871465313446 15.482457464768608 0.0 1.0 1.0 1 0 0 0.0 1.0 0
cell 29.765873178104478 35.35758825648767 0.0 1.0 1.0 1 0 0 0.0 1.0 0
cell 11.534512518884942 13.886803494816869 0.0 1.0 1.0 1 0 0 0.0 1.0 0
cell 35.15858929962189 13.125894685387886 0.0 1.0 1.0 1 0 0 0.0 1.0 0
cell 21.084634305401615 9.806814547069415 0.0 1.0 1.0 1 0 0 0.0 1.0 0
cell 38.663899611984164 13.436810853813094 0.0 1.0 1.0 1 0 0 0.0 1.0 0
cell 3.5442880212979966 23.381345342021298 0.0 1.0 1.0 1 0 0 0.0 1.0 0
cell 39.07759086353593 9.365213900620697 0.0 1.0 1.0 1 0 0 0.0 1.0 0
cell 29.298041988357312 21.834050299704533 0.0 1.0 1.0 1 0 0 0.0 1.0 0
cell 31.099622597116152 20.962829606181813 0.0 1.0 1.0 1 0 0 0.0 1.0 0
cell 40.09696544682202 40.327922846052964 0.0 1.0 1.0 1 0 0 0.0 1.0 0
cell 39.774510586419204 22.808844883118393 0.0 1.0 1.0 1 0 0 0.0 1.0 0
cell 25.332849784227633 19.71159586520868 0.0 1.0 1.0 1 0 0 0.0 1.0 0
cell 26.108164094679584 17.77473528125628 0.0 1.0 1.0 1 0 0 0.0 1.0 0
cell 6.657338898491534 8.2347141024194 0.0 1.0 1.0 1 0 0 0.0 1.0 0
cell 5.0109375577261455 7.1311810366131105 0.0 1.0 1.0 1 0 0 0.0 1.0 0
cell 7.824482848426858 39.27123213856768 0.0 1.0 1.0 1 0 0 0.0 1.0 0
cell 27.80938295810093 14.56813253629981 0.0 1.0 1.0 1 0 0 0.0 1.0 0
cell 39.59821860598396 24.837919535005792 0.0 1.0 1.0 1 0 0 0.0 1.0 0
cell 28.058235964203746 12.540331260425734 0.0 1.0 1.0 1 0 0 0.0 1.0 0
cell 32.940732373353136 20.079094747413855 0.0 1.0 1.0 1 0 0 0.0 1.0 0
cell 2.253864779771247 18.162454895450065 0.0 1.0 1.0 1 0 0 0.0 1.0 0
cell 7.543691760651834 17.570206957563208 0.0 1.0 1.0 1 0 0 0.0 1.0 0
cell 43.137466442775796 25.172469521232216 0.0 1.0 1.0 1 0 0 0.0 1.0 0
cell 4.280215537480642 15.215484731934355 0.0 1.0 1.0 1 0 0 0.0 1.0 0
cell 22.109944521181927 18.29261271389692 0.0 1.0 1.0 1 0 0 0.0 1.0 0
cell 28.098127358420484 34.17817962913235 0.0 1.0 1.0 1 0 0 0.0 1.0 0
cell 42.069198838517835 15.755571389836 0.0 1.0 1.0 1 0 0 0.0 1.0 0
cell 39.24285535446588 7.336967762796017 0.0 1.0 1.0 1 0 0 0.0 1.0 0
cell 28.8886875787814 24.577940482503692 0.0 1.0 1.0 1 0 0 0.0 1.0 0
cell 16.44034749935101 22.449134544436788 0.0 1.0 1.0 1 0 0 0.0 1.0 0
cell 39.409685336521434 26.912180791455786 0.0 1.0 1.0 1 0 0 0.0 1.0 0
cell 34.19207320465331 3.80263217074076 0.0 1.0 1.0 1 0 0 0.0 1.0 0
cell 42.77555392937768 7.642505709981379 0.0 1.0 1.0 1 0 0 0.0 1.0 0
cell 4.891326507683864 28.715879514660326 0.0 1.0 1.0 1 0 0 0.0 1.0 0
cell 26.56582727082957 9.293034379275701 0.0 1.0 1.0 1 0 0 0.0 1.0 0
cell 35.58461714935384 30.742840722613288 0.0 1.0 1.0 1 0 0 0.0 1.0 0
cell 12.8478328098925 25.147882512062893 0.0 1.0 1.0 1 0 0 0.0 1.0 0
cell 35.73889131285336 28.70697552875276 0.0 1.0 1.0 1 0 0 0.0 1.0 0
cell 27.72864842168399 16.567122857093608 0.0 1.0 1.0 1 0 0 0.0 1.0 0
cell 17.572093717750327 24.14226017504358 0.0 1.0 1.0 1 0 0 0.0 1.0 0
cell 36.581010688813194 18.386092279583217 0.0 1.0 1.0 1 0 0 0.0 1.0 0
cell 29.983964673331414 33.33881149869999 0.0 1.0 1.0 1 0 0 0.0 1.0 0
cell 41.290737662695534 26.062367896964997 0.0 1.0 1.0 1 0 0 0.0 1.0 0
cell 3.5025277046990424 3.8822748565301004 0.0 1.0 1.0 1 0 0 0.0 1.0 0
cell 13.580997364101014 32.549889260448495 0.0 1.0 1.0 1 0 0 0.0 1.0 0
cell 20.170039266164352 41.70880111192237 0.0 1.0 1.0 1 0 0 0.0 1.0 0
cell 4.2030715672526116 38.93439071174591 0.0 1.0 1.0 1 0 0 0.0 1.0 0
cell 20.1105137092191 0.5253629432915722 0.0 1.0 1.0 1 0 0 0.0 1.0 0
cell 38.88365526347505 11.424988375603537 0.0 1.0 1.0 1 0 0 0.0 1.0 0
cell 15.524976386432117 33.95063843877912 0.0 1.0 1.0 1 0 0 0.0 1.0 0
cell 9.24252517619277 18.756972478404315 0.0 1.0 1.0 1 0 0 0.0 1.0 0
cell 41.47106303412063 24.008415178887148 0.0 1.0 1.0 1 0 0 0.0 1.0 0
cell 24.631430815083633 31.2717049433056 0.0 1.0 1.0 1 0 0 0.0 1.0 0
cell 0.7566962735811792 36.573312073808694 0.0 1.0 1.0 1 0 0 0.0 1.0 0
cell 15.708637355970872 31.899133712882936 0.0 1.0 1.0 1 0 0 0.0 1.0 0
cell 14.711275135434473 42.03913277283385 0.0 1.0 1.0 1 0 0 0.0 1.0 0
cell 0.1819257862051574 21.016902909646774 0.0 1.0 1.0 1 0 0 0.0 1.0 0
cell 33.51195227763932 33.64215381051118 0.0 1.0 1.0 1 0 0 0.0 1.0 0
cell 13.107481668783219 40.81428282021659 0.0 1.0 1.0 1 0 0 0.0 1.0 0
cell 32.636865619833294 0.5975237364702166 0.0 1.0 1.0 1 0 0 0.0 1.0 0
cell 19.565781519695616 6.615273304449618 0.0 1.0 1.0 1 0 0 0.0 1.0 0
cell 28.58479358952366 6.392827551931587 0.0 1.0 1.0 1 0 0 0.0 1.0 0
cell 6.765758525695379 27.77796269753902 0.0 1.0 1.0 1 0 0 0.0 1.0 0
cell 26.331914522927928 32.796082650547305 0.0 1.0 1.0 1 0 0 0.0 1.0 0
cell 22.97798113419094 8.927237100260891 0.0 1.0 1.0 1 0 0 0.0 1.0 0
cell 25.93687255803655 39.16274026625519 0.0 1.0 1.0 1 0 0 0.0 1.0 0
cell 4.470257529265444 34.81783124516174 0.0 1.0 1.0 1 0 0 0.0 1.0 0
cell 38.11415091093323 21.61668009590307 0.0 1.0 1.0 1 0 0 0.0 1.0 0
cell 9.851957434872876 36.37492637727767 0.0 1.0 1.0 1 0 0 0.0 1.0 0
cell 23.885139637197636 42.070528952389544 0.0 1.0 1.0 1 0 0 0.0 1.0 0
cell 8.598205906593915 26.94253800613324 0.0 1.0 1.0 1 0 0 0.0 1.0 0
cell 18.06229284798047 3.4318127328830332 0.0 1.0 1.0 1 0 0 0.0 1.0 0
cell 6.103663930458594 14.335874649395674 0.0 1.0 1.0 1 0 0 0.0 1.0 0
cell 37.05869103037994 33.946473206956306 0.0 1.0 1.0 1 0 0 0.0 1.0 0
cell 23.61993064811506 0.8483308368197476 0.0 1.0 1.0 1 0 0 0.0 1.0 0
cell 8.29619259511452 9.39353186506973 0.0 1.0 1.0 1 0 0 0.0 1.0 0
cell 10.231657522404872 30.186954217142052 0.0 1.0 1.0 1 0 0 0.0 1.0 0
cell 11.045732556361259 17.91868178653548 0.0 1.0 1.0 1 0 0 0.0 1.0 0
cell 30.457755547494184 27.25477299220437 0.0 1.0 1.0 1 0 0 0.0 1.0 0
cell 14.408464012354925 26.484095911220436 0.0 1.0 1.0 1 0 0 0.0 1.0 0
cell 26.11852654571667 26.83731925750026 0.0 1.0 1.0 1 0 0 0.0 1.0 0
cell 40.606789533558114 34.21650792553941 0.0 1.0 1.0 1 0 0 0.0 1.0 0
cell 0.29441720924192594 42.698539143249185 0.0 1.0 1.0 1 0 0 0.0 1.0 0
cell 15.32008792307468 35.94485983006234 0.0 1.0 1.0 1 0 0 0.0 1.0 0
cell 18.725227519124623 13.015026689589645 0.0 1.0 1.0 1 0 0 0.0 1.0 0
cell 29.947856308541567 11.64356166083305 0.0 1.0 1.0 1 0 0 0.0 1.0 0
cell 18.43596806306297 22.25077237044688 0.0 1.0 1.0 1 0 0 0.0 1.0 0
cell 18.21206478257637 1.4048688796833855 0.0 1.0 1.0 1 0 0 0.0 1.0 0
cell 18.35925004912448 42.62214833502237 0.0 1.0 1.0 1 0 0 0.0 1.0 0
cell 1.4121614510621818 6.805921162750388 0.0 1.0 1.0 1 0 0 0.0 1.0 0
cell 37.74471031290913 4.059621162708355 0.0 1.0 1.0 1 0 0 0.0 1.0 0
cell 36.416543851023675 20.43831314793457 0.0 1.0 1.0 1 0 0 0.0 1.0 0
cell 20.07783421302877 18.482474791071645 0.0 1.0 1.0 1 0 0 0.0 1.0 0
cell 29.453352289068707 17.784728840989352 0.0 1.0 1.0 1 0 0 0.0 1.0 0
cell 9.46976965282196 40.45908398297628 0.0 1.0 1.0 1 0 0 0.0 1.0 0
cell 13.55851669005951 30.516144838787753 0.0 1.0 1.0 1 0 0 0.0 1.0 0
cell 19.889667145417583 2.5688217926541403 0.0 1.0 1.0 1 0 0 0.0 1.0 0
cell 21.27494788688211 7.7991583469927175 0.0 1.0 1.0 1 0 0 0.0 1.0 0
cell 37.888906676886286 23.625489270540864 0.0 1.0 1.0 1 0 0 0.0 1.0 0
cell 39.23112761675645 29.008715774611378 0.0 1.0 1.0 1 0 0 0.0 1.0 0
cell 3.915621407479707 19.314029541664446 0.0 1.0 1.0 1 0 0 0.0 1.0 0
cell 4.073902692315548 41.031709411682364 0.0 1.0 1.0 1 0 0 0.0 1.0 0
cell 13.76201663341227 8.84864850232697 0.0 1.0 1.0 1 0 0 0.0 1.0 0
cell 39.067849744946145 31.053291981684417 0.0 1.0 1.0 1 0 0 0.0 1.0 0
cell 29.224366970601576 41.45939985641058 0.0 1.0 1.0 1 0 0 0.0 1.0 0
cell 34.26685421960407 25.44546464814141 0.0 1.0 1.0 1 0 0 0.0 1.0 0
cell 7.474498707979607 0.031814249931802985 0.0 1.0 1.0 1 0 0 0.0 1.0 0
cell 37.21925608914236 10.232403375507413 0.0 1.0 1.0 1 0 0 0.0 1.0 0
cell 2.4699901759351524 37.74138194217543 0.0 1.0 1.0 1 0 0 0.0 1.0 0
cell 31.28804792705423 38.578351121857544 0.0 1.0 1.0 1 0 0 0.0 1.0 0
cell 12.44589134140807 23.13843384637139 0.0 1.0 1.0 1 0 0 0.0 1.0 0
cell 19.546807182440634 23.959107520652882 0.0 1.0 1.0 1 0 0 0.0 1.0 0
cell 34.39883894174316 23.340515325448543 0.0 1.0 1.0 1 0 0 0.0 1.0 0
cell 42.15254313746279 37.45634629025728 0.0 1.0 1.0 1 0 0 0.0 1.0 0
cell 18.059567960995995 18.73443557496061 0.0 1.0 1.0 1 0 0 0.0 1.0 0
cell 15.20834374524575 37.950614207468504 0.0 1.0 1.0 1 0 0 0.0 1.0 0
cell 15.489774114432135 15.158971688859566 0.0 1.0 1.0 1 0 0 0.0 1.0 0
cell 33.71703914565186 31.640027032370682 0.0 1.0 1.0 1 0 0 0.0 1.0 0
cell 40.74316915357789 32.182476218887764 0.0 1.0 1.0 1 0 0 0.0 1.0 0
cell 11.228524207502016 15.91373389595694 0.0 1.0 1.0 1 0 0 0.0 1.0 0
cell 23.181447177737986 6.902162792063597 0.0 1.0 1.0 1 0 0 0.0 1.0 0
cell 30.623456171880004 3.513401724362946 0.0 1.0 1.0 1 0 0 0.0 1.0 0
cell 0.07027339233602302 23.109223474755158 0.0 1.0 1.0 1 0 0 0.0 1.0 0
cell 26.598241089864697 30.68735237387355 0.0 1.0 1.0 1 0 0 0.0 1.0 0
cell 1.2463475628424654 8.8581779065187 0.0 1.0 1.0 1 0 0 0.0 1.0 0
cell 22.032266609596103 27.20063148626917 0.0 1.0 1.0 1 0 0 0.0 1.0 0
cell 9.604515840925124 14.625518174483073 0.0 1.0 1.0 1 0 0 0.0 1.0 0
cell 33.156950529205496 37.76493149539895 0.0 1.0 1.0 1 0 0 0.0 1.0 0
cell 32.339637526266465 4.6727524737128014 0.0 1.0 1.0 1 0 0 0.0 1.0 0
cell 22.85681976375557 10.956977677775962 0.0 1.0 1.0 1 0 0 0.0 1.0 0
cell 40.09567800651506 18.71736999081715 0.0 1.0 1.0 1 0 0 0.0 1.0 0
cell 28.788209375566232 4.389353239040806 0.0 1.0 1.0 1 0 0 0.0 1.0 0
cell 12.428963448443074 27.13897192306498 0.0 1.0 1.0 1 0 0 0.0 1.0 0
cell 42.402673012108764 11.690898480112539 0.0 1.0 1.0 1 0 0 0.0 1.0 0
cell 13.481527239180979 15.099792142034511 0.0 1.0 1.0 1 0 0 0.0 1.0 0
cell 30.811899239888813 25.17947030600968 0.0 1.0 1.0 1 0 0 0.0 1.0 0
cell 2.7413047060170705 12.036836901138104 0.0 1.0 1.0 1 0 0 0.0 1.0 0
cell 23.625051887893527 23.44837525376457 0.0 1.0 1.0 1 0 0 0.0 1.0 0
cell 37.01036137131651 12.275559924185572 0.0 1.0 1.0 1 0 0 0.0 1.0 0
cell 32.9792296637165 18.03438723363645 0.0 1.0 1.0 1 0 0 0.0 1.0 0
cell 4.774171287776597 9.165004757429573 0.0 1.0 1.0 1 0 0 0.0 1.0 0
cell 41.685319625311436 0.2692966132256208 0.0 1.0 1.0 1 0 0 0.0 1.0 0
cell 13.676698749463174 34.73380351371148 0.0 1.0 1.0 1 0 0 0.0 1.0 0
cell 17.712904933046 15.151112765314428 0.0 1.0 1.0 1 0 0 0.0 1.0 0
cell 10.636106147863623 24.012661464002843 0.0 1.0 1.0 1 0 0 0.0 1.0 0
cell 26.691465278619816 7.256087872381516 0.0 1.0 1.0 1 0 0 0.0 1.0 0
cell 37.7579596338714 25.653924930066427 0.0 1.0 1.0 1 0 0 0.0 1.0 0
cell 9.322753755018336 42.45130856004212 0.0 1.0 1.0 1 0 0 0.0 1.0 0
cell 33.837378187912314 7.86094825567994 0.0 1.0 1.0 1 0 0 0.0 1.0 0
cell 23.48140004285768 28.949681719131693 0.0 1.0 1.0 1 0 0 0.0 1.0 0
cell 35.93879038709374 26.650325834652197 0.0 1.0 1.0 1 0 0 0.0 1.0 0
cell 29.453175389837185 39.45610990550765 0.0 1.0 1.0 1 0 0 0.0 1.0 0
cell 33.31504587531555 14.006381410757632 0.0 1.0 1.0 1 0 0 0.0 1.0 0
cell 18.74605486683392 38.4506734612548 0.0 1.0 1.0 1 0 0 0.0 1.0 0
cell 27.222614878423443 1.1599797767134197 0.0 1.0 1.0 1 0 0 0.0 1.0 0
cell 21.612528271251456 3.706377109791019 0.0 1.0 1.0 1 0 0 0.0 1.0 0
cell 14.18746373181458 4.786021477369275 0.0 1.0 1.0 1 0 0 0.0 1.0 0
cell 12.295967496944822 5.682617720737002 0.0 1.0 1.0 1 0 0 0.0 1.0 0
cell 17.70256228536268 7.468783458716937 0.0 1.0 1.0 1 0 0 0.0 1.0 0
cell 23.470450161868705 2.8288868010966732 0.0 1.0 1.0 1 0 0 0.0 1.0 0
cell 20.707700388531507 31.466843671896378 0.0 1.0 1.0 1 0 0 0.0 1.0 0
cell 32.47498460508932 2.6559705878431195 0.0 1.0 1.0 1 0 0 0.0 1.0 0
cell 2.731062411208021 33.66178758093469 0.0 1.0 1.0 1 0 0 0.0 1.0 0
cell 23.299761846568977 19.922264988566244 0.0 1.0 1.0 1 0 0 0.0 1.0 0
cell 40.2928274735227 38.305709474455874 0.0 1.0 1.0 1 0 0 0.0 1.0 0
cell 26.096837377299895 13.45708657382342 0.0 1.0 1.0 1 0 0 0.0 1.0 0
cell 34.59775638997116 21.298408613642934 0.0 1.0 1.0 1 0 0 0.0 1.0 0
cell 42.966702209121905 27.218585735596005 0.0 1.0 1.0 1 0 0 0.0 1.0 0
cell 17.92332214063714 27.86802515613982 0.0 1.0 1.0 1 0 0 0.0 1.0 0
cell 11.157807419050243 41.64309466156518 0.0 1.0 1.0 1 0 0 0.0 1.0 0
cell 2.9226710056393768 10.039924285342893 0.0 1.0 1.0 1 0 0 0.0 1.0 0
cell 35.43926413883824 32.75707740200248 0.0 1.0 1.0 1 0 0 0.0 1.0 0
cell 12.058357876814068 7.651205870373124 0.0 1.0 1.0 1 0 0 0.0 1.0 0
cell 41.87009367495998 41.51582199873872 0.0 1.0 1.0 1 0 0 0.0 1.0 0
cell 16.619493026818237 25.96911475924103 0.0 1.0 1.0 1 0 0 0.0 1.0 0
cell 32.03887214856937 30.46067365155688 0.0 1.0 1.0 1 0 0 0.0 1.0 0
cell 42.60538785097163 9.664411527963862 0.0 1.0 1.0 1 0 0 0.0 1.0 0
cell 24.065630765455147 27.02318489478064 0.0 1.0 1.0 1 0 0 0.0 1.0 0
cell 1.743520865716241 24.282973629446975 0.0 1.0 1.0 1 0 0 0.0 1.0 0
cell 3.253537975677563 27.494808202912765 0.0 1.0 1.0 1 0 0 0.0 1.0 0
cell 3.0460826496868436 29.578556709523507 0.0 1.0 1.0 1 0 0 0.0 1.0 0
cell 22.683193267897 12.9373032557488 0.0 1.0 1.0 1 0 0 0.0 1.0 0
cell 24.235928139670968 38.01697187926348 0.0 1.0 1.0 1 0 0 0.0 1.0 0
cell 18.938255811535843 16.79905777795051 0.0 1.0 1.0 1 0 0 0.0 1.0 0
cell 3.7314646124737765 21.360027745377955 0.0 1.0 1.0 1 0 0 0.0 1.0 0
cell 31.671177067207918 34.54467225660484 0.0 1.0 1.0 1 0 0 0.0 1.0 0
cell 7.392754595343854 19.603818291149636 0.0 1.0 1.0 1 0 0 0.0 1.0 0
cell 26.044172359705478 37.106903459629294 0.0 1.0 1.0 1 0 0 0.0 1.0 0
cell 9.84704189806985 12.576053822598201 0.0 1.0 1.0 1 0 0 0.0 1.0 0
cell 8.115166515402882 33.10425809904411 0.0 1.0 1.0 1 0 0 0.0 1.0 0
cell 17.455733616495788 29.871912529634 0.0 1.0 1.0 1 0 0 0.0 1.0 0
cell 34.84682863219026 38.91374564312894 0.0 1.0 1.0 1 0 0 0.0 1.0 0
cell 21.22918040782316 20.118887637954145 0.0 1.0 1.0 1 0 0 0.0 1.0 0
cell 31.937766218224148 8.789483303711775 0.0 1.0 1.0 1 0 0 0.0 1.0 0
cell 31.61607105999102 12.834444799215227 0.0 1.0 1.0 1 0 0 0.0 1.0 0
cell 34.360672972138836 1.7776328984205747 0.0 1.0 1.0 1 0 0 0.0 1.0 0
cell 39.947430163676955 20.786857054799256 0.0 1.0 1.0 1 0 0 0.0 1.0 0
cell 26.876129822569013 5.2527581097987195 0.0 1.0 1.0 1 0 0 0.0 1.0 0
cell 38.26306660183226 19.56271336598946 0.0 1.0 1.0 1 0 0 0.0 1.0 0
cell 36.26331706577568 22.45672177816155 0.0 1.0 1.0 1 0 0 0.0 1.0 0
cell 38.581374713424815 37.12100889566046 0.0 1.0 1.0 1 0 0 0.0 1.0 0
cell 22.43808970009482 36.810919700629434 0.0 1.0 1.0 1 0 0 0.0 1.0 0
cell 35.687599164413555 7.006980319746303 0.0 1.0 1.0 1 0 0 0.0 1.0 0
cell 24.224992994931824 14.27176149000905 0.0 1.0 1.0 1 0 0 0.0 1.0 0
cell 9.950793007260529 10.58246869285177 0.0 1.0 1.0 1 0 0 0.0 1.0 0
cell 11.877672709182976 9.710511254467596 0.0 1.0 1.0 1 0 0 0.0 1.0 0
cell 30.904261256898565 23.116143021181667 0.0 1.0 1.0 1 0 0 0.0 1.0 0
cell 13.513807830277118 12.936538493842253 0.0 1.0 1.0 1 0 0 0.0 1.0 0
cell 8.509156175233773 28.98275233449034 0.0 1.0 1.0 1 0 0 0.0 1.0 0
cell 0.8786901347524834 12.888822186461145 0.0 1.0 1.0 1 0 0 0.0 1.0 0
cell 27.601907601452766 23.009774546397654 0.0 1.0 1.0 1 0 0 0.0 1.0 0
cell 30.430898767994112 5.542045552674354 0.0 1.0 1.0 1 0 0 0.0 1.0 0
cell 7.5729766490487735 41.26640266141826 0.0 1.0 1.0 1 0 0 0.0 1.0 0
cell 25.591199349603702 23.238081727686254 0.0 1.0 1.0 1 0 0 0.0 1.0 0
cell 21.008443599934196 33.51025442973395 0.0 1.0 1.0 1 0 0 0.0 1.0 0
cell 17.332379857523623 11.488868768389134 0.0 1.0 1.0 1 0 0 0.0 1.0 0
cell 29.6325357561663 15.78319013594903 0.0 1.0 1.0 1 0 0 0.0 1.0 0
cell 8.976075345038709 22.85810689514904 0.0 1.0 1.0 1 0 0 0.0 1.0 0
cell 33.68607177223618 9.943642505245759 0.0 1.0 1.0 1 0 0 0.0 1.0 0
cell 25.37158310112112 2.021223859632445 0.0 1.0 1.0 1 0 0 0.0 1.0 0
cell 5.892764957789114 40.120709573350496 0.0 1.0 1.0 1 0 0 0.0 1.0 0
cell 20.975216906140734 16.605267460792845 0.0 1.0 1.0 1 0 0 0.0 1.0 0
cell 17.161263652383926 20.5504021558948 0.0 1.0 1.0 1 0 0 0.0 1.0 0
cell 14.419769411629046 2.795366663557718 0.0 1.0 1.0 1 0 0 0.0 1.0 0
cell 0.0983395378891284 1.493545399282099 0.0 1.0 1.0 1 0 0 0.0 1.0 0
cell 11.316030564674113 19.960199795337243 0.0 1.0 1.0 1 0 0 0.0 1.0 0
cell 30.291943223633766 7.565738855666503 0.0 1.0 1.0 1 0 0 0.0 1.0 0
cell 36.07848964859865 24.510146913828443 0.0 1.0 1.0 1 0 0 0.0 1.0 0
cell 24.54364753388937 21.542389972626758 0.0 1.0 1.0 1 0 0 0.0 1.0 0
cell 33.18906119638834 16.014169083202678 0.0 1.0 1.0 1 0 0 0.0 1.0 0
cell 33.34300065714009 35.70313441503841 0.0 1.0 1.0 1 0 0 0.0 1.0 0
cell 38.73933059963528 35.081742225958095 0.0 1.0 1.0 1 0 0 0.0 1.0 0
cell 0.3793886788779123 18.97033973400461 0.0 1.0 1.0 1 0 0 0.0 1.0 0
cell 27.341430844956847 19.470203143454427 0.0 1.0 1.0 1 0 0 0.0 1.0 0
cell 25.531975539138767 28.92860145099435 0.0 1.0 1.0 1 0 0 0.0 1.0 0
cell 2.552208020047422 14.060282401510118 0.0 1.0 1.0 1 0 0 0.0 1.0 0
cell 1.0442507023732372 10.858525467002174 0.0 1.0 1.0 1 0 0 0.0 1.0 0
cell 13.964210118302205 28.506753917371952 0.0 1.0 1.0 1 0 0 0.0 1.0 0
cell 42.77446174507058 29.257007363498488 0.0 1.0 1.0 1 0 0 0.0 1.0 0
cell 34.675755592181616 40.942895839308456 0.0 1.0 1.0 1 0 0 0.0 1.0 0
cell 9.377094926433175 16.6717149332792 0.0 1.0 1.0 1 0 0 0.0 1.0 0
cell 11.34202488669017 39.63161233360821 0.0 1.0 1.0 1 0 0 0.0 1.0 0
cell 10.59009278429402 4.499692132859622 0.0 1.0 1.0 1 0 0 0.0 1.0 0
cell 13.455650399196461 36.7472066561094 0.0 1.0 1.0 1 0 0 0.0 1.0 0
cell 40.26386137104764 16.64399332856428 0.0 1.0 1.0 1 0 0 0.0 1.0 0
cell 20.657550629640145 12.391458159411506 0.0 1.0 1.0 1 0 0 0.0 1.0 0
cell 28.41620667707439 8.445280779926927 0.0 1.0 1.0 1 0 0 0.0 1.0 0
cell 24.710797125644007 10.106940296869318 0.0 1.0 1.0 1 0 0 0.0 1.0 0
cell 38.93240297442013 33.05895889692384 0.0 1.0 1.0 1 0 0 0.0 1.0 0
cell 9.936164487286304 32.19881802548812 0.0 1.0 1.0 1 0 0 0.0 1.0 0
cell 36.857896088813064 14.328691485705026 0.0 1.0 1.0 1 0 0 0.0 1.0 0
cell 22.689958949275418 34.8154038171572 0.0 1.0 1.0 1 0 0 0.0 1.0 0
cell 25.831138304656346 15.68237021291935 0.0 1.0 1.0 1 0 0 0.0 1.0 0
cell 42.28555894505195 35.42083737845407 0.0 1.0 1.0 1 0 0 0.0 1.0 0
cell 43.013408232981924 5.605799536256399 0.0 1.0 1.0 1 0 0 0.0 1.0 0
cell 35.562557429756495 9.06343803180629 0.0 1.0 1.0 1 0 0 0.0 1.0 0
cell 1.8715545647485716 22.166395561154946 0.0 1.0 1.0 1 0 0 0.0 1.0 0
cell 42.25006381200513 13.70003598831738 0.0 1.0 1.0 1 0 0 0.0 1.0 0
cell 4.724844957191977 30.749640524159652 0.0 1.0 1.0 1 0 0 0.0 1.0 0
cell 28.243831972224807 32.12726037950966 0.0 1.0 1.0 1 0 0 0.0 1.0 0
cell 8.003375936827934 35.11651437440735 0.0 1.0 1.0 1 0 0 0.0 1.0 0
cell 34.116395628507675 27.535428211687638 0.0 1.0 1.0 1 0 0 0.0 1.0 0
cell 20.34858588793501 39.66653296904221 0.0 1.0 1.0 1 0 0 0.0 1.0 0
cell 35.35062733646028 11.101606566106 0.0 1.0 1.0 1 0 0 0.0 1.0 0
cell 2.3663874293139893 39.83448945008012 0.0 1.0 1.0 1 0 0 0.0 1.0 0
cell 16.93758828905207 17.02740352277812 0.0 1.0 1.0 1 0 0 0.0 1.0 0
cell 7.125542908677491 23.729868395881752 0.0 1.0 1.0 1 0 0 0.0 1.0 0
cell 31.19142127022792 18.937967567336838 0.0 1.0 1.0 1 0 0 0.0 1.0 0
cell 16.388335972067562 2.277676523703413 0.0 1.0 1.0 1 0 0 0.0 1.0 0
cell 9.846610834129441 34.250337851336816 0.0 1.0 1.0 1 0 0 0.0 1.0 0
cell 13.343746091241425 38.78745017977475 0.0 1.0 1.0 1 0 0 0.0 1.0 0
cell 39.60364447060123 3.1653650890357694 0.0 1.0 1.0 1 0 0 0.0 1.0 0
cell 24.837559545229407 8.067455949596676 0.0 1.0 1.0 1 0 0 0.0 1.0 0
cell 22.05989949401787 40.87641209163985 0.0 1.0 1.0 1 0 0 0.0 1.0 0
cell 10.333595331499641 28.0395841633474 0.0 1.0 1.0 1 0 0 0.0 1.0 0
cell 20.60912428412916 37.56207395838254 0.0 1.0 1.0 1 0 0 0.0 1.0 0
cell 36.03743426759725 2.932732943654878 0.0 1.0 1.0 1 0 0 0.0 1.0 0
cell 5.386894331631658 22.489762422880055 0.0 1.0 1.0 1 0 0 0.0 1.0 0
cell 34.48007775641209 42.95568730895292 0.0 1.0 1.0 1 0 0 0.0 1.0 0
cell 12.732351605394722 1.6764577524103779 0.0 1.0 1.0 1 0 0 0.0 1.0 0
cell 36.896019486860574 35.976887278034624 0.0 1.0 1.0 1 0 0 0.0 1.0 0
cell 24.399524240022252 35.91296867994878 0.0 1.0 1.0 1 0 0 0.0 1.0 0
cell 16.15801776836414 4.288418050379388 0.0 1.0 1.0 1 0 0 0.0 1.0 0
cell 5.272930960878637 24.506411559061675 0.0 1.0 1.0 1 0 0 0.0 1.0 0
cell 29.098866332650672 0.3063494361960453 0.0 1.0 1.0 1 0 0 0.0 1.0 0
cell 2.051077081321605 20.176648685740005 0.0 1.0 1.0 1 0 0 0.0 1.0 0
cell 21.613007635292853 23.78323752465536 0.0 1.0 1.0 1 0 0 0.0 1.0 0
cell 16.158703959764843 0.2049852731486425 0.0 1.0 1.0 1 0 0 0.0 1.0 0
cell 19.18586358078368 10.65934577986122 0.0 1.0 1.0 1 0 0 0.0 1.0 0
cell 1.746102820890806 2.6864050746699117 0.0 1.0 1.0 1 0 0 0.0 1.0 0
cell 6.960929232397121 25.771621600586062 0.0 1.0 1.0 1 0 0 0.0 1.0 0
cell 36.19322694512628 0.9242390607533518 0.0 1.0 1.0 1 0 0 0.0 1.0 0
cell 10.768858423640955 21.911937019927336 0.0 1.0 1.0 1 0 0 0.0 1.0 0
cell 27.76087020827663 38.22305367958239 0.0 1.0 1.0 1 0 0 0.0 1.0 0
cell 34.874945619804116 17.139891646244244 0.0 1.0 1.0 1 0 0 0.0 1.0 0
cell 5.158340126700928 5.062845513335363 0.0 1.0 1.0 1 0 0 0.0 1.0 0
cell 32.23771065179973 28.367512176717042 0.0 1.0 1.0 1 0 0 0.0 1.0 0
cell 5.5654064017614315 20.5023287482835 0.0 1.0 1.0 1 0 0 0.0 1.0 0
cell 11.758793093297593 33.50702357246864 0.0 1.0 1.0 1 0 0 0.0 1.0 0
cell 7.23773751947576 21.614244583060916 0.0 1.0 1.0 1 0 0 0.0 1.0 0
cell 6.179494664178099 35.97910042294369 0.0 1.0 1.0 1 0 0 0.0 1.0 0
cell 14.941929294862978 17.162633881983762 0.0 1.0 1.0 1 0 0 0.0 1.0 0
cell 22.861329110771347 32.787897977376126 0.0 1.0 1.0 1 0 0 0.0 1.0 0
cell 41.487571176100346 2.3282953818649297 0.0 1.0 1.0 1 0 0 0.0 1.0 0
cell 2.860213644394518 31.611526292450563 0.0 1.0 1.0 1 0 0 0.0 1.0 0
cell 4.59568489966282 32.78475844788485 0.0 1.0 1.0 1 0 0 0.0 1.0 0
cell 26.862811343030558 24.92976840236984 0.0 1.0 1.0 1 0 0 0.0 1.0 0
cell 22.34873452759451 38.851833447508646 0.0 1.0 1.0 1 0 0 0.0 1.0 0
cell 38.066341108433974 0.007902167092522016 0.0 1.0 1.0 1 0 0 0.0 1.0 0
cell 14.980843279097858 20.684280306396577 0.0 1.0 1.0 1 0 0 0.0 1.0 0
cell 31.07754154157245 40.63087128585094 0.0 1.0 1.0 1 0 0 0.0 1.0 0
cell 18.916660838065898 36.37902526834915 0.0 1.0 1.0 1 0 0 0.0 1.0 0
cell 1.625812346397439 4.748485362554835 0.0 1.0 1.0 1 0 0 0.0 1.0 0
cell 3.335713178580952 5.930600494642404 0.0 1.0 1.0 1 0 0 0.0 1.0 0
cell 41.926413556631914 17.80259273576319 0.0 1.0 1.0 1 0 0 0.0 1.0 0
cell 22.67992678218831 30.783251779469754 0.0 1.0 1.0 1 0 0 0.0 1.0 0
cell 17.854099914509117 5.429869379981108 0.0 1.0 1.0 1 0 0 0.0 1.0 0
cell 2.1818297940347864 41.82603885608966 0.0 1.0 1.0 1 0 0 0.0 1.0 0
cell 21.956419150356705 42.869550263038875 0.0 1.0 1.0 1 0 0 0.0 1.0 0
cell 8.493744287572678 7.3978086809181205 0.0 1.0 1.0 1 0 0 0.0 1.0 0
cell 22.829267463680768 25.351681588427468 0.0 1.0 1.0 1 0 0 0.0 1.0 0
cell 19.063277809629803 34.25534437055173 0.0 1.0 1.0 1 0 0 0.0 1.0 0
cell 27.482602589194315 28.320196833408943 0.0 1.0 1.0 1 0 0 0.0 1.0 0
cell 41.76494349892912 19.864403065455598 0.0 1.0 1.0 1 0 0 0.0 1.0 0
cell 34.01652051203544 5.814507929676955 0.0 1.0 1.0 1 0 0 0.0 1.0 0
cell 7.946600463886815 13.46282443657938 0.0 1.0 1.0 1 0 0 0.0 1.0 0
cell 3.610730287578125 1.7977439566283888 0.0 1.0 1.0 1 0 0 0.0 1.0 0
cell 37.93203688449523 2.022992949210913 0.0 1.0 1.0 1 0 0 0.0 1.0 0
cell 38.45219650002842 17.517685914252716 0.0 1.0 1.0 1 0 0 0.0 1.0 0
cell 41.65303371041416 21.9755308676722 0.0 1.0 1.0 1 0 0 0.0 1.0 0
cell 37.4357414707973 29.863933933778334 0.0 1.0 1.0 1 0 0 0.0 1.0 0
cell 28.266149173294888 10.491872902058383 0.0 1.0 1.0 1 0 0 0.0 1.0 0
cell 21.7820611061556 1.6627490236334652 0.0 1.0 1.0 1 0 0 0.0 1.0 0
cell 10.382485727867369 6.4813299008552026 0.0 1.0 1.0 1 0 0 0.0 1.0 0
cell 36.5281356874264 40.114214591035164 0.0 1.0 1.0 1 0 0 0.0 1.0 0
cell 1.560246876683719 26.335422355992392 0.0 1.0 1.0 1 0 0 0.0 1.0 0
cell 27.39028045393779 42.336807012946494 0.0 1.0 1.0 1 0 0 0.0 1.0 0
cell 31.318022027666537 16.920135924456737 0.0 1.0 1.0 1 0 0 0.0 1.0 0
cell 39.98514848514739 42.34839993923506 0.0 1.0 1.0 1 0 0 0.0 1.0 0
cell 27.57000076693638 40.315161107521064 0.0 1.0 1.0 1 0 0 0.0 1.0 0
cell 6.642642383706856 29.85577507062026 0.0 1.0 1.0 1 0 0 0.0 1.0 0
cell 17.163585063160312 35.10491252230798 0.0 1.0 1.0 1 0 0 0.0 1.0 0
cell 34.74409645923237 19.196045628255938 0.0 1.0 1.0 1 0 0 0.0 1.0 0
cell 27.08847413117501 3.2254434390001214 0.0 1.0 1.0 1 0 0 0.0 1.0 0
cell 4.6202270114517505 11.167751512467472 0.0 1.0 1.0 1 0 0 0.0 1.0 0
cell 6.103176529914318 38.02016407348824 0.0 1.0 1.0 1 0 0 0.0 1.0 0
cell 19.196263007251634 20.396003474633577 0.0 1.0 1.0 1 0 0 0.0 1.0 0
cell 28.924440240760724 2.3260029746274395 0.0 1.0 1.0 1 0 0 0.0 1.0 0
cell 16.024656283147248 18.865254061846557 0.0 1.0 1.0 1 0 0 0.0 1.0 0
cell 1.1888983688329169 30.4656941597517 0.0 1.0 1.0 1 0 0 0.0 1.0 0
cell 41.12697006081657 6.458606425166242 0.0 1.0 1.0 1 0 0 0.0 1.0 0
cell 11.816413048966039 31.490687575487318 0.0 1.0 1.0 1 0 0 0.0 1.0 0
cell 30.91145949140832 42.70049953421258 0.0 1.0 1.0 1 0 0 0.0 1.0 0
cell 8.303891798201049 31.023277582649232 0.0 1.0 1.0 1 0 0 0.0 1.0 0
cell 35.24511425198546 34.79452708571033 0.0 1.0 1.0 1 0 0 0.0 1.0 0
cell 25.55457701665754 43.231965095274305 0.0 1.0 1.0 1 0 0 0.0 1.0 0
cell 40.40616783350847 14.607459427759323 0.0 1.0 1.0 1 0 0 0.0 1.0 0
cell 5.722399143555357 18.4350359675077 0.0 1.0 1.0 1 0 0 0.0 1.0 0
cell 5.323320431862027 3.010231609246956 0.0 1.0 1.0 1 0 0 0.0 1.0 0
cell 38.427369371953894 39.1500821834623 0.0 1.0 1.0 1 0 0 0.0 1.0 0
cell 40.74402863538983 10.552705840641528 0.0 1.0 1.0 1 0 0 0.0 1.0 0
cell 12.832050882328009 42.813964414136095 0.0 1.0 1.0 1 0 0 0.0 1.0 0
cell 0.8713701102926217 34.51172901624595 0.0 1.0 1.0 1 0 0 0.0 1.0 0
cell 21.71049654676174 14.759890534857941 0.0 1.0 1.0 1 0 0 0.0 1.0 0
cell 36.72764098809062 16.365426530936038 0.0 1.0 1.0 1 0 0 0.0 1.0 0
cell 43.15152314923231 3.5301493346453845 0.0 1.0 1.0 1 0 0 0.0 1.0 0
cell 7.007303686170084 4.099405187188428 0.0 1.0 1.0 1 0 0 0.0 1.0 0
cell 11.531367625489903 37.56599076561283 0.0 1.0 1.0 1 0 0 0.0 1.0 0
cell 16.61111245250345 13.421444811597148 0.0 1.0 1.0 1 0 0 0.0 1.0 0
cell 40.92923524792971 8.479294958552272 0.0 1.0 1.0 1 0 0 0.0 1.0 0
cell 2.421816412671969 16.13246073977067 0.0 1.0 1.0 1 0 0 0.0 1.0 0
cell 36.380573447972765 42.133274401200524 0.0 1.0 1.0 1 0 0 0.0 1.0 0
cell 37.413617300315956 8.223272355600455 0.0 1.0 1.0 1 0 0 0.0 1.0 0
cell 30.38208614933581 29.250390374911625 0.0 1.0 1.0 1 0 0 0.0 1.0 0
cell 40.93707154570125 30.12930461994203 0.0 1.0 1.0 1 0 0 0.0 1.0 0
cell 26.383122738451192 11.343356324855812 0.0 1.0 1.0 1 0 0 0.0 1.0 0
cell 17.538377857669982 9.496289404837277 0.0 1.0 1.0 1 0 0 0.0 1.0 0
cell 15.263831685615031 24.42552464782569 0.0 1.0 1.0 1 0 0 0.0 1.0 0
cell 16.92591840587674 39.28468323642959 0.0 1.0 1.0 1 0 0 0.0 1.0 0
cell 3.415608907397699 25.436944196164507 0.0 1.0 1.0 1 0 0 0.0 1.0 0
cell 32.79277779131718 41.80325799668137 0.0 1.0 1.0 1 0 0 0.0 1.0 0
cell 35.01262998295164 15.125332194170191 0.0 1.0 1.0 1 0 0 0.0 1.0 0
cell 5.919717894902177 16.380412797412095 0.0 1.0 1.0 1 0 0 0.0 1.0 0
cell 22.995414588753956 16.291647183490817 0.0 1.0 1.0 1 0 0 0.0 1.0 0
cell 17.039541167692516 37.140018886402146 0.0 1.0 1.0 1 0 0 0.0 1.0 0
cell 39.47126906236032 5.331065448443456 0.0 1.0 1.0 1 0 0 0.0 1.0 0
cell 7.221860268312301 2.1176712738124044 0.0 1.0 1.0 1 0 0 0.0 1.0 0
cell 0.5674061224322059 16.964088636357445 0.0 1.0 1.0 1 0 0 0.0 1.0 0
cell 18.630303391285388 25.93856552185593 0.0 1.0 1.0 1 0 0 0.0 1.0 0
cell 24.864292887997955 25.129469534197327 0.0 1.0 1.0 1 0 0 0.0 1.0 0
cell 42.456173142062944 33.31689834204558 0.0 1.0 1.0 1 0 0 0.0 1.0 0
cell 25.067208295813536 6.080501071563768 0.0 1.0 1.0 1 0 0 0.0 1.0 0
cell 21.482954590936643 29.146875358323985 0.0 1.0 1.0 1 0 0 0.0 1.0 0
cell 40.53286540333951 12.581554211681036 0.0 1.0 1.0 1 0 0 0.0 1.0 0
cell 15.480172645389182 29.855024461249197 0.0 1.0 1.0 1 0 0 0.0 1.0 0
cell 32.99522177146299 39.79019867649237 0.0 1.0 1.0 1 0 0 0.0 1.0 0
cell 10.980944963663461 0.43107287043699183 0.0 1.0 1.0 1 0 0 0.0 1.0 0
cell 24.557774065292634 33.89633737833637 0.0 1.0 1.0 1 0 0 0.0 1.0 0
cell 36.74692490661719 38.02640825688413 0.0 1.0 1.0 1 0 0 0.0 1.0 0
cell 29.374953004943876 19.846221687939128 0.0 1.0 1.0 1 0 0 0.0 1.0 0
cell 13.002217682579005 21.117761384671294 0.0 1.0 1.0 1 0 0 0.0 1.0 0
cell 24.040537840922973 40.044724368870455 0.0 1.0 1.0 1 0 0 0.0 1.0 0
cell 29.715051713539893 13.695417738763238 0.0 1.0 1.0 1 0 0 0.0 1.0 0
cell 9.692024795558211 38.45333267424045 0.0 1.0 1.0 1 0 0 0.0 1.0 0
cell 39.753443143024484 1.1664818393697338 0.0 1.0 1.0 1 0 0 0.0 1.0 0
cell 24.107255707439965 18.033063419255964 0.0 1.0 1.0 1 0 0 0.0 1.0 0
cell 0.7198379341906779 14.936534542554572 0.0 1.0 1.0 1 0 0 0.0 1.0 0
cell 19.713606208534824 14.786103981877917 0.0 1.0 1.0 1 0 0 0.0 1.0 0
cell 1.970932974515594 0.6421773201169215 0.0 1.0 1.0 1 0 0 0.0 1.0 0
cell 30.16969292365913 31.280445401046492 0.0 1.0 1.0 1 0 0 0.0 1.0 0
cell 6.4544642441958855 10.291733244927856 0.0 1.0 1.0 1 0 0 0.0 1.0 0
cell 30.11107347404172 9.602966567580632 0.0 1.0 1.0 1 0 0 0.0 1.0 0
cell 12.454252081677069 3.6427380091814556 0.0 1.0 1.0 1 0 0 0.0 1.0 0
cell 6.276947052281989 33.91893979050211 0.0 1.0 1.0 1 0 0 0.0 1.0 0
cell 37.24318447922761 31.9090899841922 0.0 1.0 1.0 1 0 0 0.0 1.0 0
cell 41.98068217600042 39.49120101115232 0.0 1.0 1.0 1 0 0 0.0 1.0 0
cell 33.46121257203118 11.956097078063861 0.0 1.0 1.0 1 0 0 0.0 1.0 0
cell 37.57342800936531 6.099223211207799 0.0 1.0 1.0 1 0 0 0.0 1.0 0
cell 25.192719158587835 4.071370754434688 0.0 1.0 1.0 1 0 0 0.0 1.0 0
cell 6.826196674589546 6.23363380268996 0.0 1.0 1.0 1 0 0 0.0 1.0 0
cell 6.30134022243778 12.32612543116606 0.0 1.0 1.0 1 0 0 0.0 1.0 0
cell 38.55737304546742 15.504873893765621 0.0 1.0 1.0 1 0 0 0.0 1.0 0
cell 20.430953726092437 21.98645878060467 0.0 1.0 1.0 1 0 0 0.0 1.0 0
cell 10.696804579004228 26.0195935005963 0.0 1.0 1.0 1 0 0 0.0 1.0 0
cell 20.836688997455862 35.583705590463 0.0 1.0 1.0 1 0 0 0.0 1.0 0
cell 32.141999246119575 6.739641768509521 0.0 1.0 1.0 1 0 0 0.0 1.0 0
cell 26.277303145422565 35.118489762474695 0.0 1.0 1.0 1 0 0 0.0 1.0 0
cell 4.092646585806866 17.257849554082735 0.0 1.0 1.0 1 0 0 0.0 1.0 0
cell 33.908316706837525 29.562547661508287 0.0 1.0 1.0 1 0 0 0.0 1.0 0
cell 6.466314856024812 31.895211000415227 0.0 1.0 1.0 1 0 0 0.0 1.0 0
cell 4.396428130944458 13.16089070713425 0.0 1.0 1.0 1 0 0 0.0 1.0 0
cell 18.50946073517076 40.510326173940896 0.0 1.0 1.0 1 0 0 0.0 1.0 0
cell 25.725583680081527 41.15363848589685 0.0 1.0 1.0 1 0 0 0.0 1.0 0
cell 20.686425688798344 25.689395568659652 0.0 1.0 1.0 1 0 0 0.0 1.0 0
cell 29.612602658973195 37.373597757240994 0.0 1.0 1.0 1 0 0 0.0 1.0 0
cell 28.508791567873907 30.105982634654048 0.0 1.0 1.0 1 0 0 0.0 1.0 0
cell 10.777053016310608 2.4897795101814197 0.0 1.0 1.0 1 0 0 0.0 1.0 0
cell 18.674577885958893 31.548446125845658 0.0 1.0 1.0 1 0 0 0.0 1.0 0
cell 31.82419340677204 10.761732871893452 0.0 1.0 1.0 1 0 0 0.0 1.0 0
cell 30.803460427700916 1.458570822841008 0.0 1.0 1.0 1 0 0 0.0 1.0 0
cell 5.758031860760751 42.167021057615095 0.0 1.0 1.0 1 0 0 0.0 1.0 0
cell 9.106542975488983 20.77135295823964 0.0 1.0 1.0 1 0 0 0.0 1.0 0
cell 8.021315971843245 37.23614256238723 0.0 1.0 1.0 1 0 0 0.0 1.0 0
cell 32.59992270501771 24.230059031770107 0.0 1.0 1.0 1 0 0 0.0 1.0 0
cell 19.397893756323835 8.646803248080055 0.0 1.0 1.0 1 0 0 0.0 1.0 0
cell 1.373310394582896 28.444230302625787 0.0 1.0 1.0 1 0 0 0.0 1.0 0
cell 8.128417884527853 11.454445030772556 0.0 1.0 1.0 1 0 0 0.0 1.0 0
cell 11.75730028508925 35.515565093317406 0.0 1.0 1.0 1 0 0 0.0 1.0 0
cell 38.21156879235081 41.20612467149756 0.0 1.0 1.0 1 0 0 0.0 1.0 0
cell 8.916836607789012 3.2869458178469304 0.0 1.0 1.0 1 0 0 0.0 1.0 0
cell 40.42972665070409 36.252358190209236 0.0 1.0 1.0 1 0 0 0.0 1.0 0
cell 19.496231185962344 29.66123556187293 0.0 1.0 1.0 1 0 0 0.0 1.0 0
cell 15.715202919040626 7.819541328158822 0.0 1.0 1.0 1 0 0 0.0 1.0 0
cell 32.45782952100165 26.361033313208974 0.0 1.0 1.0 1 0 0 0.0 1.0 0
cell 15.849244587215768 27.87628343063193 0.0 1.0 1.0 1 0 0 0.0 1.0 0
cell 26.520813253616595 21.326643975820613 0.0 1.0 1.0 1 0 0 0.0 1.0 0
cell 9.112001584841336 1.2485186376951705 0.0 1.0 1.0 1 0 0 0.0 1.0 0
cell 13.963803774364935 6.826096663249549 0.0 1.0 1.0 1 0 0 0.0 1.0 0
cell 15.00387577250346 39.990597473843785 0.0 1.0 1.0 1 0 0 0.0 1.0 0
cell 14.409738340564667 22.611547322345025 0.0 1.0 1.0 1 0 0 0.0 1.0 0
cell 31.424442289730926 14.868312328857511 0.0 1.0 1.0 1 0 0 0.0 1.0 0
cell 42.60070348395064 31.28701263421826 0.0 1.0 1.0 1 0 0 0.0 1.0 0
cell 0.4787546084013057 40.70076896972252 0.0 1.0 1.0 1 0 0 0.0 1.0 0
cell 2.621235190355461 35.73268178708314 0.0 1.0 1.0 1 0 0 0.0 1.0 0
cell 3.8137935471340194 43.02948702131651 0.0 1.0 1.0 1 0 0 0.0 1.0 0
cell 13.216613244462645 19.086134168661694 0.0 1.0 1.0 1 0 0 0.0 1.0 0
cell 27.940740474913518 36.22339137887576 0.0 1.0 1.0 1 0 0 0.0 1.0 0
cell 31.490154312283877 36.57283911524636 0.0 1.0 1.0 1 0 0 0.0 1.0 0
cell 15.524957769442926 9.85935763884525 0.0 1.0 1.0 1 0 0 0.0 1.0 0
cell 32.732267190870964 22.18987321145685 0.0 1.0 1.0 1 0 0 0.0 1.0 0
