500
 Lattice="43.243446059915044 0.0 0.0 0.0 43.243446059915044 0.0 0.0 0.0 1.0"Properties=species:S:1:pos:R:3:aspherical_shape:R:3:orientation:R:4:Color:R:1
cell 22.21879731345528 10.579999359291518 0.0 1.0 1.0 1 0 0 0.0 1.0 0
cell 35.63994502954639 24.971926386444427 0.0 1.0 1.0 1 0 0 0.0 1.0 0
cell 2.2081813929491307 4.729604098612147 0.0 1.0 1.0 1 0 0 0.0 1.0 0
cell 41.466863067357195 6.081539360922942 0.0 1.0 1.0 1 0 0 0.0 1.0 0
cell 14.805625919524232 11.386376685154577 0.0 1.0 1.0 1 0 0 0.0 1.0 0
cell 17.42535271507627 6.5696914964252375 0.0 1.0 1.0 1 0 0 0.0 1.0 0
cell 2.896635496285103 17.581622002872425 0.0 1.0 1.0 1 0 0 0.0 1.0 0
cell 42.59982242353763 35.86161646395712 0.0 1.0 1.0 1 0 0 0.0 1.0 0
cell 1.2920501377159106 35.171057892370456 0.0 1.0 1.0 1 0 0 0.0 1.0 0
cell 14.385209780863276 32.28520760321946 0.0 1.0 1.0 1 0 0 0.0 1.0 0
cell 34.30663284597979 40.46543548014881 0.0 1.0 1.0 1 0 0 0.0 1.0 0
cell 17.553521378706964 25.590396069481955 0.0 1.0 1.0 1 0 0 0.0 1.0 0
cell 31.93300264752505 16.692616156377756 0.0 1.0 1.0 1 0 0 0.0 1.0 0
cell 24.48099351686014 26.910171566188794 0.0 1.0 1.0 1 0 0 0.0 1.0 0
cell 1.3027177891900472 8.688979557999723 0.0 1.0 1.0 1 0 0 0.0 1.0 0
cell 32.992702823278 20.222405060747953 0.0 1.0 1.0 1 0 0 0.0 1.0 0
cell 19.795013536609343 39.91790786790476 0.0 1.0 1.0 1 0 0 0.0 1.0 0
cell 8.737202292337532 15.61949024338558 0.0 1.0 1.0 1 0 0 0.0 1.0 0
cell 41.47100844780272 22.96618424457677 0.0 1.0 1.0 1 0 0 0.0 1.0 0
cell 36.895833666014724 1.9559781168643773 0.0 1.0 1.0 1 0 0 0.0 1.0 0
cell 13.339353277364749 19.497455112472924 0.0 1.0 1.0 1 0 0 0.0 1.0 0
cell 12.42472948774798 33.0063161242999 0.0 1.0 1.0 1 0 0 0.0 1.0 0
cell 12.313002105843387 1.4489047344611174 0.0 1.0 1.0 1 0 0 0.0 1.0 0
cell 19.363197650656996 34.309197251955304 0.0 1.0 1.0 1 0 0 0.0 1.0 0
cell 17.03022469342221 37.0064594100611 0.0 1.0 1.0 1 0 0 0.0 1.0 0
cell 31.697769439337584 35.73070356904347 0.0 1.0 1.0 1 0 0 0.0 1.0 0
cell 32.978276926848 3.2305534830835803 0.0 1.0 1.0 1 0 0 0.0 1.0 0
cell 13.64352292768611 36.47117229644884 0.0 1.0 1.0 1 0 0 0.0 1.0 0
cell 40.63345025726522 36.47982968990736 0.0 1.0 1.0 1 0 0 0.0 1.0 0
cell 42.68878978504829 16.857309335147306 0.0 1.0 1.0 1 0 0 0.0 1.0 0
cell 6.402970612221214 18.253042489337723 0.0 1.0 1.0 1 0 0 0.0 1.0 0
cell 41.01640329686425 34.490409096634686 0.0 1.0 1.0 1 0 0 0.0 1.0 0
cell 6.7175303823630585 35.131895459395025 0.0 1.0 1.0 1 0 0 0.0 1.0 0
cell 1.6727383141563694 33.078501230569465 0.0 1.0 1.0 1 0 0 0.0 1.0 0
cell 17.126730999141415 8.683710551744705 0.0 1.0 1.0 1 0 0 0.0 1.0 0
cell 18.290573094824303 30.93691964447412 0.0 1.0 1.0 1 0 0 0.0 1.0 0
cell 15.763466374123556 5.3143513222307455 0.0 1.0 1.0 1 0 0 0.0 1.0 0
cell 11.23130571582501 9.59183248054869 0.0 1.0 1.0 1 0 0 0.0 1.0 0
cell 33.845199840951224 16.062009371750495 0.0 1.0 1.0 1 0 0 0.0 1.0 0
cell 27.549743312132215 3.2324211779575522 0.0 1.0 1.0 1 0 0 0.0 1.0 0
cell 41.902664870229415 20.910308156595864 0.0 1.0 1.0 1 0 0 0.0 1.0 0
cell 41.3125126907198 41.931144277032246 0.0 1.0 1.0 1 0 0 0.0 1.0 0
cell 14.345701673318477 2.035568735670182 0.0 1.0 1.0 1 0 0 0.0 1.0 0
cell 7.503723157602137 40.64236766274664 0.0 1.0 1.0 1 0 0 0.0 1.0 0
cell 13.265968455583367 38.56822417188112 0.0 1.0 1.0 1 0 0 0.0 1.0 0
cell 28.173933113392007 8.552882822318399 0.0 1.0 1.0 1 0 0 0.0 1.0 0
cell 23.77321286080817 11.939385119500724 0.0 1.0 1.0 1 0 0 0.0 1.0 0
cell 3.232815949509005 8.079637559425606 0.0 1.0 1.0 1 0 0 0.0 1.0 0
cell 12.446033839192685 14.06485680068399 0.0 1.0 1.0 1 0 0 0.0 1.0 0
cell 0.5753236453263141 20.262541586250787 0.0 1.0 1.0 1 0 0 0.0 1.0 0
cell 3.6121969183361866 32.42594666311009 0.0 1.0 1.0 1 0 0 0.0 1.0 0
cell 39.53259624955055 23.66830153982107 0.0 1.0 1.0 1 0 0 0.0 1.0 0
cell 38.19198835563891 12.75695487817983 0.0 1.0 1.0 1 0 0 0.0 1.0 0
cell 22.554091900002614 18.150507399925466 0.0 1.0 1.0 1 0 0 0.0 1.0 0
cell 7.230900155272353 42.71955566221382 0.0 1.0 1.0 1 0 0 0.0 1.0 0
cell 36.63632789244674 37.86587936501844 0.0 1.0 1.0 1 0 0 0.0 1.0 0
cell 38.607078310317554 10.736413570573607 0.0 1.0 1.0 1 0 0 0.0 1.0 0
cell 12.777677125558558 12.081876970632992 0.0 1.0 1.0 1 0 0 0.0 1.0 0
cell 43.01862135163247 7.381376068260123 0.0 1.0 1.0 1 0 0 0.0 1.0 0
cell 32.60137635289126 5.244161670746175 0.0 1.0 1.0 1 0 0 0.0 1.0 0
cell 4.392103204402685 11.375689414922624 0.0 1.0 1.0 1 0 0 0.0 1.0 0
cell 23.306021559029798 23.534639286854663 0.0 1.0 1.0 1 0 0 0.0 1.0 0
cell 30.561840646434867 5.94620814022357 0.0 1.0 1.0 1 0 0 0.0 1.0 0
cell 29.101434216326073 21.521196995012033 0.0 1.0 1.0 1 0 0 0.0 1.0 0
cell 6.017885588701684 5.648081733426368 0.0 1.0 1.0 1 0 0 0.0 1.0 0
cell 2.0643711926078008 21.611785072590965 0.0 1.0 1.0 1 0 0 0.0 1.0 0
cell 4.011823817470878 30.41379977708797 0.0 1.0 1.0 1 0 0 0.0 1.0 0
cell 2.8532835017172906 26.95474740199927 0.0 1.0 1.0 1 0 0 0.0 1.0 0
cell 14.081556960676746 24.89376327317308 0.0 1.0 1.0 1 0 0 0.0 1.0 0
cell 19.871020734122563 13.395985844130198 0.0 1.0 1.0 1 0 0 0.0 1.0 0
cell 28.402252024941266 42.44396812509944 0.0 1.0 1.0 1 0 0 0.0 1.0 0
cell 4.454327910683011 4.183620980207054 0.0 1.0 1.0 1 0 0 0.0 1.0 0
cell 11.44233287212169 20.16249586963306 0.0 1.0 1.0 1 0 0 0.0 1.0 0
cell 25.42245286492356 13.316046966477861 0.0 1.0 1.0 1 0 0 0.0 1.0 0
cell 28.06329182680873 18.13641640570571 0.0 1.0 1.0 1 0 0 0.0 1.0 0
cell 3.216620576751838 24.962008840141525 0.0 1.0 1.0 1 0 0 0.0 1.0 0
cell 38.63470578760556 37.21759300961324 0.0 1.0 1.0 1 0 0 0.0 1.0 0
cell 33.415565860797976 1.211407588965096 0.0 1.0 1.0 1 0 0 0.0 1.0 0
cell 25.967137653275252 28.29910657958497 0.0 1.0 1.0 1 0 0 0.0 1.0 0
cell 29.292821740660198 11.938925688376985 0.0 1.0 1.0 1 0 0 0.0 1.0 0
cell 15.994609653900572 14.771132530184579 0.0 1.0 1.0 1 0 0 0.0 1.0 0
cell 24.01599793957504 28.967308204325114 0.0 1.0 1.0 1 0 0 0.0 1.0 0
cell 24.307285250185803 36.36283278481742 0.0 1.0 1.0 1 0 0 0.0 1.0 0
cell 11.775607221844535 18.168912990785795 0.0 1.0 1.0 1 0 0 0.0 1.0 0
cell 16.681552943044757 42.47666343500148 0.0 1.0 1.0 1 0 0 0.0 1.0 0
cell 16.23401095866167 1.269725097651411 0.0 1.0 1.0 1 0 0 0.0 1.0 0
cell 11.1518930174678 41.311837013400606 0.0 1.0 1.0 1 0 0 0.0 1.0 0
cell 26.44811961844221 43.184265295487016 0.0 1.0 1.0 1 0 0 0.0 1.0 0
cell 35.566549302207484 34.44060861048708 0.0 1.0 1.0 1 0 0 0.0 1.0 0
cell 6.406099514891334 10.554860529227634 0.0 1.0 1.0 1 0 0 0.0 1.0 0
cell 12.14476174153994 25.54842101497293 0.0 1.0 1.0 1 0 0 0.0 1.0 0
cell 28.33499921789321 25.522790468376996 0.0 1.0 1.0 1 0 0 0.0 1.0 0
cell 6.708545086656842 25.545531773572502 0.0 1.0 1.0 1 0 0 0.0 1.0 0
cell 0.8497970159071336 10.684899610846587 0.0 1.0 1.0 1 0 0 0.0 1.0 0
cell 19.128245967878335 17.414972537734396 0.0 1.0 1.0 1 0 0 0.0 1.0 0
cell 13.520042548248396 8.100418641860797 0.0 1.0 1.0 1 0 0 0.0 1.0 0
cell 30.800012615184148 39.72649545676402 0.0 1.0 1.0 1 0 0 0.0 1.0 0
cell 33.296149556537365 27.65810960803571 0.0 1.0 1.0 1 0 0 0.0 1.0 0
cell 37.75249965614918 14.815449082852442 0.0 1.0 1.0 1 0 0 0.0 1.0 0
cell 5.315447859557827 14.824409528559947 0.0 1.0 1.0 1 0 0 0.0 1.0 0
cell 34.33571966674993 14.060085933313044 0.0 1.0 1.0 1 0 0 0.0 1.0 0
cell 27.81163266169649 37.0343384570056 0.0 1.0 1.0 1 0 0 0.0 1.0 0
cell 37.093864200381496 35.866814870363605 0.0 1.0 1.0 1 0 0 0.0 1.0 0
cell 0.1471067354676679 22.27997373803373 0.0 1.0 1.0 1 0 0 0.0 1.0 0
cell 39.506709422933774 6.716629492928208 0.0 1.0 1.0 1 0 0 0.0 1.0 0
cell 23.759385049138597 21.526918326905943 0.0 1.0 1.0 1 0 0 0.0 1.0 0
cell 2.424916489952938 29.01704798285205 0.0 1.0 1.0 1 0 0 0.0 1.0 0
cell 8.312936047203594 17.592338565266505 0.0 1.0 1.0 1 0 0 0.0 1.0 0
cell 21.86474099278967 12.64996452529958 0.0 1.0 1.0 1 0 0 0.0 1.0 0
cell 20.375182572713992 42.83743018896248 0.0 1.0 1.0 1 0 0 0.0 1.0 0
cell 29.54634431316163 2.547438294997706 0.0 1.0 1.0 1 0 0 0.0 1.0 0
cell 7.3400022775876215 14.143407420962513 0.0 1.0 1.0 1 0 0 0.0 1.0 0
cell 29.672649095967568 9.963264640701865 0.0 1.0 1.0 1 0 0 0.0 1.0 0
cell 32.922878422902826 29.658527609727116 0.0 1.0 1.0 1 0 0 0.0 1.0 0
cell 15.200849215095875 28.280863123044195 0.0 1.0 1.0 1 0 0 0.0 1.0 0
cell 10.392240427480024 2.1570006194036466 0.0 1.0 1.0 1 0 0 0.0 1.0 0
cell 36.467764635153294 3.9577967228519197 0.0 1.0 1.0 1 0 0 0.0 1.0 0
cell 36.22746630478035 39.82081156970856 0.0 1.0 1.0 1 0 0 0.0 1.0 0
cell 24.48630022444516 17.448533594090314 0.0 1.0 1.0 1 0 0 0.0 1.0 0
cell 22.188661353659764 20.1515082082532 0.0 1.0 1.0 1 0 0 0.0 1.0 0
cell 11.81195413148341 5.564307213445348 0.0 1.0 1.0 1 0 0 0.0 1.0 0
cell 36.047395903511116 5.936354587580852 0.0 1.0 1.0 1 0 0 0.0 1.0 0
cell 33.41212709456075 18.143000821821005 0.0 1.0 1.0 1 0 0 0.0 1.0 0
cell 25.559265165897596 30.28306055718842 0.0 1.0 1.0 1 0 0 0.0 1.0 0
cell 34.558745347140174 4.573548617723505 0.0 1.0 1.0 1 0 0 0.0 1.0 0
cell 37.473517918894345 7.370001708912998 0.0 1.0 1.0 1 0 0 0.0 1.0 0
cell 23.37454829251309 14.006108150921458 0.0 1.0 1.0 1 0 0 0.0 1.0 0
cell 11.69687916307652 37.17093615878733 0.0 1.0 1.0 1 0 0 0.0 1.0 0
cell 37.10625413753295 9.393631421700553 0.0 1.0 1.0 1 0 0 0.0 1.0 0
cell 4.3262621903129155 28.328779360090433 0.0 1.0 1.0 1 0 0 0.0 1.0 0
cell 9.197594603113451 41.95512693266787 0.0 1.0 1.0 1 0 0 0.0 1.0 0
cell 14.026199650051296 4.018261848662139 0.0 1.0 1.0 1 0 0 0.0 1.0 0
cell 13.816507045827901 6.034277411437137 0.0 1.0 1.0 1 0 0 0.0 1.0 0
cell 17.840021128302563 32.95338637367739 0.0 1.0 1.0 1 0 0 0.0 1.0 0
cell 41.75579902465407 39.88246624239808 0.0 1.0 1.0 1 0 0 0.0 1.0 0
cell 28.755876937477616 23.57670592511548 0.0 1.0 1.0 1 0 0 0.0 1.0 0
cell 39.01732348544717 35.140422848683826 0.0 1.0 1.0 1 0 0 0.0 1.0 0
cell 0.225670002138707 5.357080478877459 0.0 1.0 1.0 1 0 0 0.0 1.0 0
cell 17.955392870862358 14.093835145816874 0.0 1.0 1.0 1 0 0 0.0 1.0 0
cell 17.915671364255928 2.5488417281432243 0.0 1.0 1.0 1 0 0 0.0 1.0 0
cell 32.09242225656131 33.703866707909135 0.0 1.0 1.0 1 0 0 0.0 1.0 0
cell 28.787822867094256 40.46015325870282 0.0 1.0 1.0 1 0 0 0.0 1.0 0
cell 4.461100136158743 18.953455070290428 0.0 1.0 1.0 1 0 0 0.0 1.0 0
cell 20.220071942206427 11.304144625379953 0.0 1.0 1.0 1 0 0 0.0 1.0 0
cell 6.456795916603367 3.5596897110040873 0.0 1.0 1.0 1 0 0 0.0 1.0 0
cell 25.843502304014848 37.70309707328883 0.0 1.0 1.0 1 0 0 0.0 1.0 0
cell 1.4216284370938042 16.19556342863817 0.0 1.0 1.0 1 0 0 0.0 1.0 0
cell 9.4531267357964 20.873435975662225 0.0 1.0 1.0 1 0 0 0.0 1.0 0
cell 30.07968822241208 7.95707315944734 0.0 1.0 1.0 1 0 0 0.0 1.0 0
cell 7.684830630201644 12.13302927632284 0.0 1.0 1.0 1 0 0 0.0 1.0 0
cell 33.17311804710923 10.68808794812115 0.0 1.0 1.0 1 0 0 0.0 1.0 0
cell 31.49133780101844 1.868762473495473 0.0 1.0 1.0 1 0 0 0.0 1.0 0
cell 0.41705311256399763 12.667279414138763 0.0 1.0 1.0 1 0 0 0.0 1.0 0
cell 18.382772588606667 0.3797535411097588 0.0 1.0 1.0 1 0 0 0.0 1.0 0
cell 34.55019012257384 21.54687697846668 0.0 1.0 1.0 1 0 0 0.0 1.0 0
cell 0.892799724988269 37.24898762910439 0.0 1.0 1.0 1 0 0 0.0 1.0 0
cell 38.357680172365306 29.66329941709645 0.0 1.0 1.0 1 0 0 0.0 1.0 0
cell 8.112715468107913 4.889524736177587 0.0 1.0 1.0 1 0 0 0.0 1.0 0
cell 25.97106115222707 1.9498240357990784 0.0 1.0 1.0 1 0 0 0.0 1.0 0
cell 12.94639730946829 21.516020709762792 0.0 1.0 1.0 1 0 0 0.0 1.0 0
cell 16.01035432383205 24.202049517557246 0.0 1.0 1.0 1 0 0 0.0 1.0 0
cell 26.0087571688822 9.276082627461477 0.0 1.0 1.0 1 0 0 0.0 1.0 0
cell 17.17041165420526 27.557337482733615 0.0 1.0 1.0 1 0 0 0.0 1.0 0
cell 12.566760588550206 23.545832678261508 0.0 1.0 1.0 1 0 0 0.0 1.0 0
cell 18.16504366038972 38.68368272696246 0.0 1.0 1.0 1 0 0 0.0 1.0 0
cell 27.313773131075205 12.589928922209156 0.0 1.0 1.0 1 0 0 0.0 1.0 0
cell 16.720739426469617 10.651261594474823 0.0 1.0 1.0 1 0 0 0.0 1.0 0
cell 11.008195650775132 22.18509080606562 0.0 1.0 1.0 1 0 0 0.0 1.0 0
cell 15.899313759270656 33.64294575645402 0.0 1.0 1.0 1 0 0 0.0 1.0 0
cell 21.880407816577375 39.095199062579795 0.0 1.0 1.0 1 0 0 0.0 1.0 0
cell 38.16927186156461 39.17762936671531 0.0 1.0 1.0 1 0 0 0.0 1.0 0
cell 29.59816662179714 19.475507992618084 0.0 1.0 1.0 1 0 0 0.0 1.0 0
cell 21.287856612329538 33.68268701041244 0.0 1.0 1.0 1 0 0 0.0 1.0 0
cell 7.865386578777773 29.001213548072705 0.0 1.0 1.0 1 0 0 0.0 1.0 0
cell 35.293163661520715 26.974772996470676 0.0 1.0 1.0 1 0 0 0.0 1.0 0
cell 1.6832924082875385 23.637797361733437 0.0 1.0 1.0 1 0 0 0.0 1.0 0
cell 15.174874593641109 41.139364287125765 0.0 1.0 1.0 1 0 0 0.0 1.0 0
cell 35.8101868075664 15.450330581987178 0.0 1.0 1.0 1 0 0 0.0 1.0 0
cell 14.875156862574025 20.888385402178944 0.0 1.0 1.0 1 0 0 0.0 1.0 0
cell 9.793953132664674 28.27394683661479 0.0 1.0 1.0 1 0 0 0.0 1.0 0
cell 12.671927860235536 42.655812347183975 0.0 1.0 1.0 1 0 0 0.0 1.0 0
cell 37.205921814870806 26.24068533160245 0.0 1.0 1.0 1 0 0 0.0 1.0 0
cell 30.15450834936194 34.336873044522925 0.0 1.0 1.0 1 0 0 0.0 1.0 0
cell 23.02084987383994 6.444647255084451 0.0 1.0 1.0 1 0 0 0.0 1.0 0
cell 29.31776987808913 38.36056330875649 0.0 1.0 1.0 1 0 0 0.0 1.0 0
cell 35.379646336684665 17.479199599434562 0.0 1.0 1.0 1 0 0 0.0 1.0 0
cell 24.910932849412973 24.91264499759165 0.0 1.0 1.0 1 0 0 0.0 1.0 0
cell 36.07604454608665 22.89918392499815 0.0 1.0 1.0 1 0 0 0.0 1.0 0
cell 34.725330822865146 12.061536154823074 0.0 1.0 1.0 1 0 0 0.0 1.0 0
cell 9.784792981076007 6.2048883298233015 0.0 1.0 1.0 1 0 0 0.0 1.0 0
cell 26.867624222793154 41.152083890688644 0.0 1.0 1.0 1 0 0 0.0 1.0 0
cell 22.281717264757955 37.10547255198844 0.0 1.0 1.0 1 0 0 0.0 1.0 0
cell 4.033023623884719 6.197826846391096 0.0 1.0 1.0 1 0 0 0.0 1.0 0
cell 34.973128931304494 2.542512656202175 0.0 1.0 1.0 1 0 0 0.0 1.0 0
cell 5.5771694734315576 22.26890918798249 0.0 1.0 1.0 1 0 0 0.0 1.0 0
cell 20.651458526278613 9.279845929500372 0.0 1.0 1.0 1 0 0 0.0 1.0 0
cell 9.089080460511243 22.906617201702034 0.0 1.0 1.0 1 0 0 0.0 1.0 0
cell 19.45821600829223 24.881570744713947 0.0 1.0 1.0 1 0 0 0.0 1.0 0
cell 9.729622576145065 37.83056057652684 0.0 1.0 1.0 1 0 0 0.0 1.0 0
cell 7.068760477898324 33.13651745643288 0.0 1.0 1.0 1 0 0 0.0 1.0 0
cell 22.128663326553344 29.635217056255268 0.0 1.0 1.0 1 0 0 0.0 1.0 0
cell 42.30492032587264 18.898983663184325 0.0 1.0 1.0 1 0 0 0.0 1.0 0
cell 21.69914444503357 31.63145116551998 0.0 1.0 1.0 1 0 0 0.0 1.0 0
cell 22.535120522936836 27.56517494299116 0.0 1.0 1.0 1 0 0 0.0 1.0 0
cell 3.9869157164546896 39.99728998568911 0.0 1.0 1.0 1 0 0 0.0 1.0 0
cell 32.350359160443745 41.12892252322352 0.0 1.0 1.0 1 0 0 0.0 1.0 0
cell 19.81876951181117 32.26393983413463 0.0 1.0 1.0 1 0 0 0.0 1.0 0
cell 9.38379946436451 30.32995028954936 0.0 1.0 1.0 1 0 0 0.0 1.0 0
cell 13.712873046924578 17.480141145534812 0.0 1.0 1.0 1 0 0 0.0 1.0 0
cell 39.474740669310975 33.08770687879235 0.0 1.0 1.0 1 0 0 0.0 1.0 0
cell 18.681986366327344 9.974748904411868 0.0 1.0 1.0 1 0 0 0.0 1.0 0
cell 9.381836384075742 13.193018311155964 0.0 1.0 1.0 1 0 0 0.0 1.0 0
cell 21.77955130048936 22.182704613520254 0.0 1.0 1.0 1 0 0 0.0 1.0 0
cell 42.6691822781153 26.278459363490345 0.0 1.0 1.0 1 0 0 0.0 1.0 0
cell 42.99984696259344 24.278120025291155 0.0 1.0 1.0 1 0 0 0.0 1.0 0
cell 28.834059769060644 13.998397317730591 0.0 1.0 1.0 1 0 0 0.0 1.0 0
cell 39.38089953810938 42.56536693667334 0.0 1.0 1.0 1 0 0 0.0 1.0 0
cell 15.147984062810588 37.83562764190607 0.0 1.0 1.0 1 0 0 0.0 1.0 0
cell 1.744503444429664 6.677226438375168 0.0 1.0 1.0 1 0 0 0.0 1.0 0
cell 11.974139018398526 3.486329259313413 0.0 1.0 1.0 1 0 0 0.0 1.0 0
cell 42.15894648042974 37.916067602955444 0.0 1.0 1.0 1 0 0 0.0 1.0 0
cell 38.42320698241338 20.22137507980474 0.0 1.0 1.0 1 0 0 0.0 1.0 0
cell 5.960246766379487 20.2607382169275 0.0 1.0 1.0 1 0 0 0.0 1.0 0
cell 33.5876545892445 8.680538816422235 0.0 1.0 1.0 1 0 0 0.0 1.0 0
cell 21.409782607875393 24.18984638534609 0.0 1.0 1.0 1 0 0 0.0 1.0 0
cell 3.2219532706453826 34.523235921013566 0.0 1.0 1.0 1 0 0 0.0 1.0 0
cell 42.28469251766679 28.3349413520011 0.0 1.0 1.0 1 0 0 0.0 1.0 0
cell 40.73565303630707 17.553571063958127 0.0 1.0 1.0 1 0 0 0.0 1.0 0
cell 2.324481165252518 12.056899840270864 0.0 1.0 1.0 1 0 0 0.0 1.0 0
cell 22.56160057507491 8.614511573675975 0.0 1.0 1.0 1 0 0 0.0 1.0 0
cell 26.434295896855474 26.251618120834266 0.0 1.0 1.0 1 0 0 0.0 1.0 0
cell 24.98304359024424 5.927486453430516 0.0 1.0 1.0 1 0 0 0.0 1.0 0
cell 0.9445355885450412 27.682184399301974 0.0 1.0 1.0 1 0 0 0.0 1.0 0
cell 27.076859998734225 31.70181223458422 0.0 1.0 1.0 1 0 0 0.0 1.0 0
cell 8.648214492057491 24.91082017310201 0.0 1.0 1.0 1 0 0 0.0 1.0 0
cell 20.20779667642844 37.93417467674277 0.0 1.0 1.0 1 0 0 0.0 1.0 0
cell 21.064694423252202 16.724524071944188 0.0 1.0 1.0 1 0 0 0.0 1.0 0
cell 37.3048719028273 16.880198336328167 0.0 1.0 1.0 1 0 0 0.0 1.0 0
cell 2.82112614628541 10.051487929413641 0.0 1.0 1.0 1 0 0 0.0 1.0 0
cell 6.760847781060137 16.236656212859845 0.0 1.0 1.0 1 0 0 0.0 1.0 0
cell 33.72273851882191 25.653539385112452 0.0 1.0 1.0 1 0 0 0.0 1.0 0
cell 38.0239085158743 5.323488827772463 0.0 1.0 1.0 1 0 0 0.0 1.0 0
cell 36.87314770917437 18.831089297814383 0.0 1.0 1.0 1 0 0 0.0 1.0 0
cell 25.769721534544075 11.322144606358808 0.0 1.0 1.0 1 0 0 0.0 1.0 0
cell 41.18848199771545 15.496596750972827 0.0 1.0 1.0 1 0 0 0.0 1.0 0
cell 40.45708548473861 2.6437206044865826 0.0 1.0 1.0 1 0 0 0.0 1.0 0
cell 8.625413586701631 34.41542023056053 0.0 1.0 1.0 1 0 0 0.0 1.0 0
cell 30.764489764898713 13.33996160295781 0.0 1.0 1.0 1 0 0 0.0 1.0 0
cell 27.955060243231742 27.639230411955825 0.0 1.0 1.0 1 0 0 0.0 1.0 0
cell 1.9780804875185802 40.654930251763346 0.0 1.0 1.0 1 0 0 0.0 1.0 0
cell 6.348666494932718 27.634042708752894 0.0 1.0 1.0 1 0 0 0.0 1.0 0
cell 41.90213581610247 4.061098855962922 0.0 1.0 1.0 1 0 0 0.0 1.0 0
cell 10.593655302719322 14.815077420578046 0.0 1.0 1.0 1 0 0 0.0 1.0 0
cell 37.61417503319315 24.26537285021353 0.0 1.0 1.0 1 0 0 0.0 1.0 0
cell 2.850341585021328 36.608821787115936 0.0 1.0 1.0 1 0 0 0.0 1.0 0
cell 23.493520849226964 40.355656171238124 0.0 1.0 1.0 1 0 0 0.0 1.0 0
cell 13.962879123775984 34.316427837569336 0.0 1.0 1.0 1 0 0 0.0 1.0 0
cell 36.47413613398148 20.88082834758303 0.0 1.0 1.0 1 0 0 0.0 1.0 0
cell 4.794634064066335 26.307502573222575 0.0 1.0 1.0 1 0 0 0.0 1.0 0
cell 40.90285063406292 0.6545721999947165 0.0 1.0 1.0 1 0 0 0.0 1.0 0
cell 15.444703833462297 7.331582463993548 0.0 1.0 1.0 1 0 0 0.0 1.0 0
cell 18.32011168346891 12.032055165632647 0.0 1.0 1.0 1 0 0 0.0 1.0 0
cell 40.52948039323676 10.073426077018325 0.0 1.0 1.0 1 0 0 0.0 1.0 0
cell 8.983173790718553 32.366973994415204 0.0 1.0 1.0 1 0 0 0.0 1.0 0
cell 20.614868860218827 28.27050605954955 0.0 1.0 1.0 1 0 0 0.0 1.0 0
cell 38.93371170410363 1.2877614170127385 0.0 1.0 1.0 1 0 0 0.0 1.0 0
cell 36.231226587414646 13.404055946509882 0.0 1.0 1.0 1 0 0 0.0 1.0 0
cell 15.620732489501915 26.233788794173105 0.0 1.0 1.0 1 0 0 0.0 1.0 0
cell 18.69984608397472 28.936367574527278 0.0 1.0 1.0 1 0 0 0.0 1.0 0
cell 34.06449960876724 33.01897005324074 0.0 1.0 1.0 1 0 0 0.0 1.0 0
cell 0.04033411146042811 41.29765405846163 0.0 1.0 1.0 1 0 0 0.0 1.0 0
cell 42.08790003206163 11.354665227500124 0.0 1.0 1.0 1 0 0 0.0 1.0 0
cell 36.722203805260875 11.381692191590563 0.0 1.0 1.0 1 0 0 0.0 1.0 0
cell 23.747243412675566 2.468940954302508 0.0 1.0 1.0 1 0 0 0.0 1.0 0
cell 26.823619244151544 24.182106223859353 0.0 1.0 1.0 1 0 0 0.0 1.0 0
cell 20.63995331407675 18.842193105305075 0.0 1.0 1.0 1 0 0 0.0 1.0 0
cell 4.7218847174170735 9.38578157481036 0.0 1.0 1.0 1 0 0 0.0 1.0 0
cell 1.6809831824461137 42.67203849998719 0.0 1.0 1.0 1 0 0 0.0 1.0 0
cell 8.861544470921793 10.443468372276902 0.0 1.0 1.0 1 0 0 0.0 1.0 0
cell 27.460087812748537 29.66504056860037 0.0 1.0 1.0 1 0 0 0.0 1.0 0
cell 4.871744723960106 16.90797983852792 0.0 1.0 1.0 1 0 0 0.0 1.0 0
cell 19.477129100814924 15.415566079484929 0.0 1.0 1.0 1 0 0 0.0 1.0 0
cell 23.213334565834845 33.015063336623406 0.0 1.0 1.0 1 0 0 0.0 1.0 0
cell 21.45138744665067 14.716703906862898 0.0 1.0 1.0 1 0 0 0.0 1.0 0
cell 7.741634097398695 6.891308980623116 0.0 1.0 1.0 1 0 0 0.0 1.0 0
cell 11.288241787144798 39.1989252077707 0.0 1.0 1.0 1 0 0 0.0 1.0 0
cell 24.95346043635016 41.757446137000166 0.0 1.0 1.0 1 0 0 0.0 1.0 0
cell 17.949835205094498 23.560667312054154 0.0 1.0 1.0 1 0 0 0.0 1.0 0
cell 40.71011318201006 27.020258692825685 0.0 1.0 1.0 1 0 0 0.0 1.0 0
cell 27.00019576584451 5.1534300415928005 0.0 1.0 1.0 1 0 0 0.0 1.0 0
cell 37.3574619206641 43.2193303839909 0.0 1.0 1.0 1 0 0 0.0 1.0 0
cell 38.42015743678029 3.3028845506942806 0.0 1.0 1.0 1 0 0 0.0 1.0 0
cell 5.778466549166879 12.82761127029922 0.0 1.0 1.0 1 0 0 0.0 1.0 0
cell 27.16590165871805 22.12103440795186 0.0 1.0 1.0 1 0 0 0.0 1.0 0
cell 29.866330948094937 26.905259809492378 0.0 1.0 1.0 1 0 0 0.0 1.0 0
cell 10.501032008012675 33.717059550737346 0.0 1.0 1.0 1 0 0 0.0 1.0 0
cell 8.21009502680827 36.471340833076944 0.0 1.0 1.0 1 0 0 0.0 1.0 0
cell 3.7847592136868715 13.466724751921799 0.0 1.0 1.0 1 0 0 0.0 1.0 0
cell 18.93773793706191 36.331057366116134 0.0 1.0 1.0 1 0 0 0.0 1.0 0
cell 21.487286734982955 41.131175600180235 0.0 1.0 1.0 1 0 0 0.0 1.0 0
cell 28.545204766713656 6.537222018308254 0.0 1.0 1.0 1 0 0 0.0 1.0 0
cell 40.31532237142041 29.003616538897198 0.0 1.0 1.0 1 0 0 0.0 1.0 0
cell 39.933912152085156 4.681854944737546 0.0 1.0 1.0 1 0 0 0.0 1.0 0
cell 29.043980935506656 4.557306869900227 0.0 1.0 1.0 1 0 0 0.0 1.0 0
cell 31.283108664781423 11.382121331156576 0.0 1.0 1.0 1 0 0 0.0 1.0 0
cell 43.13331451639193 14.848747541650754 0.0 1.0 1.0 1 0 0 0.0 1.0 0
cell 24.11366690684776 9.894682117416524 0.0 1.0 1.0 1 0 0 0.0 1.0 0
cell 18.713239909791444 19.49043779228394 0.0 1.0 1.0 1 0 0 0.0 1.0 0
cell 22.985768215669516 42.42772883843207 0.0 1.0 1.0 1 0 0 0.0 1.0 0
cell 26.523518941830915 16.780420785944507 0.0 1.0 1.0 1 0 0 0.0 1.0 0
cell 35.43505337586397 0.5449260256657115 0.0 1.0 1.0 1 0 0 0.0 1.0 0
cell 35.543970186764795 8.032443816958862 0.0 1.0 1.0 1 0 0 0.0 1.0 0
cell 22.944026998727757 25.521794947279314 0.0 1.0 1.0 1 0 0 0.0 1.0 0
cell 3.2362426148092363 0.7524382008125372 0.0 1.0 1.0 1 0 0 0.0 1.0 0
cell 24.120078992360213 19.407468863694405 0.0 1.0 1.0 1 0 0 0.0 1.0 0
cell 13.19611496146248 40.59683337961338 0.0 1.0 1.0 1 0 0 0.0 1.0 0
cell 32.36769943376425 14.686565874546218 0.0 1.0 1.0 1 0 0 0.0 1.0 0
cell 7.908698736399716 19.611435848613457 0.0 1.0 1.0 1 0 0 0.0 1.0 0
cell 25.29406380020878 3.8642220384331476 0.0 1.0 1.0 1 0 0 0.0 1.0 0
cell 7.441695037594644 30.97544154953448 0.0 1.0 1.0 1 0 0 0.0 1.0 0
cell 29.96277776497238 0.514667798574603 0.0 1.0 1.0 1 0 0 0.0 1.0 0
cell 9.392636067304965 39.96799521659737 0.0 1.0 1.0 1 0 0 0.0 1.0 0
cell 2.0824270461895913 31.042933132047747 0.0 1.0 1.0 1 0 0 0.0 1.0 0
cell 12.814988796612093 30.905876367836825 0.0 1.0 1.0 1 0 0 0.0 1.0 0
cell 34.87746044913194 28.969000813305996 0.0 1.0 1.0 1 0 0 0.0 1.0 0
cell 26.05547339559637 18.749947002908566 0.0 1.0 1.0 1 0 0 0.0 1.0 0
cell 6.813597329901522 1.504189029385309 0.0 1.0 1.0 1 0 0 0.0 1.0 0
cell 40.23271434761217 38.48366163568955 0.0 1.0 1.0 1 0 0 0.0 1.0 0
cell 25.171757740133476 32.3146000707419 0.0 1.0 1.0 1 0 0 0.0 1.0 0
cell 3.6380611622730665 41.9995805088352 0.0 1.0 1.0 1 0 0 0.0 1.0 0
cell 32.11156111676379 7.28908745931733 0.0 1.0 1.0 1 0 0 0.0 1.0 0
cell 11.395848855378997 7.555908408884379 0.0 1.0 1.0 1 0 0 0.0 1.0 0
cell 22.783892722750604 35.03890988894907 0.0 1.0 1.0 1 0 0 0.0 1.0 0
cell 4.845904598693861 2.1293831488005153 0.0 1.0 1.0 1 0 0 0.0 1.0 0
cell 8.825437192612965 0.8123882877879642 0.0 1.0 1.0 1 0 0 0.0 1.0 0
cell 29.4513601800026 28.997502089045902 0.0 1.0 1.0 1 0 0 0.0 1.0 0
cell 39.74341078416106 40.48085304485669 0.0 1.0 1.0 1 0 0 0.0 1.0 0
cell 0.5273782456891445 29.683414067856514 0.0 1.0 1.0 1 0 0 0.0 1.0 0
cell 27.375192766076907 39.0396916983948 0.0 1.0 1.0 1 0 0 0.0 1.0 0
cell 16.048313392162356 3.299228826517661 0.0 1.0 1.0 1 0 0 0.0 1.0 0
cell 32.78790496321871 12.713540028217738 0.0 1.0 1.0 1 0 0 0.0 1.0 0
cell 31.8247718066879 26.322111709347812 0.0 1.0 1.0 1 0 0 0.0 1.0 0
cell 8.436106333615005 2.852795689902907 0.0 1.0 1.0 1 0 0 0.0 1.0 0
cell 39.89661803030314 30.998492035300057 0.0 1.0 1.0 1 0 0 0.0 1.0 0
cell 31.370234348267157 28.272306455901862 0.0 1.0 1.0 1 0 0 0.0 1.0 0
cell 42.528122398735334 9.394114889934587 0.0 1.0 1.0 1 0 0 0.0 1.0 0
cell 19.989156543511317 1.6382825505108474 0.0 1.0 1.0 1 0 0 0.0 1.0 0
cell 13.668507561245418 26.89207255048116 0.0 1.0 1.0 1 0 0 0.0 1.0 0
cell 21.19504559757649 4.9598137518856245 0.0 1.0 1.0 1 0 0 0.0 1.0 0
cell 16.445051433001176 12.738062339889007 0.0 1.0 1.0 1 0 0 0.0 1.0 0
cell 42.89374165281691 0.06421204539338662 0.0 1.0 1.0 1 0 0 0.0 1.0 0
cell 31.529186307744936 18.821170198590146 0.0 1.0 1.0 1 0 0 0.0 1.0 0
cell 17.516012623692532 16.087450768174968 0.0 1.0 1.0 1 0 0 0.0 1.0 0
cell 34.948495104543994 19.475760320348748 0.0 1.0 1.0 1 0 0 0.0 1.0 0
cell 2.526419804958751 19.589074428715303 0.0 1.0 1.0 1 0 0 0.0 1.0 0
cell 40.97882624805375 8.128909825129728 0.0 1.0 1.0 1 0 0 0.0 1.0 0
cell 21.01359383237001 26.208995344072786 0.0 1.0 1.0 1 0 0 0.0 1.0 0
cell 1.3248407393998092 25.615315131971524 0.0 1.0 1.0 1 0 0 0.0 1.0 0
cell 37.77307260988076 41.15230009371978 0.0 1.0 1.0 1 0 0 0.0 1.0 0
cell 41.74371473303593 13.388553044331 0.0 1.0 1.0 1 0 0 0.0 1.0 0
cell 35.13361269897864 36.442994175970924 0.0 1.0 1.0 1 0 0 0.0 1.0 0
cell 17.41387202131046 34.99618772259791 0.0 1.0 1.0 1 0 0 0.0 1.0 0
cell 1.3148189104249883 1.421512270180938 0.0 1.0 1.0 1 0 0 0.0 1.0 0
cell 10.91714759328639 31.63978137047317 0.0 1.0 1.0 1 0 0 0.0 1.0 0
cell 14.48116863711792 22.851610335835773 0.0 1.0 1.0 1 0 0 0.0 1.0 0
cell 40.355697118296014 19.564479656381604 0.0 1.0 1.0 1 0 0 0.0 1.0 0
cell 31.245963342975195 37.706431565277505 0.0 1.0 1.0 1 0 0 0.0 1.0 0
cell 41.08133756267757 24.977131369873746 0.0 1.0 1.0 1 0 0 0.0 1.0 0
cell 30.441569149553704 15.330791396412545 0.0 1.0 1.0 1 0 0 0.0 1.0 0
cell 15.503196166814309 35.64946695110693 0.0 1.0 1.0 1 0 0 0.0 1.0 0
cell 33.64035543029993 35.10261968113987 0.0 1.0 1.0 1 0 0 0.0 1.0 0
cell 37.50449936774379 33.76595655535251 0.0 1.0 1.0 1 0 0 0.0 1.0 0
cell 11.307412123708549 29.585239632990227 0.0 1.0 1.0 1 0 0 0.0 1.0 0
cell 29.03208430170842 31.0082189332488 0.0 1.0 1.0 1 0 0 0.0 1.0 0
cell 16.768046181250885 20.20410542347962 0.0 1.0 1.0 1 0 0 0.0 1.0 0
cell 24.718173762161104 34.386788902045026 0.0 1.0 1.0 1 0 0 0.0 1.0 0
cell 32.533572832581406 31.66285272189395 0.0 1.0 1.0 1 0 0 0.0 1.0 0
cell 21.620010572919462 2.9278663843182007 0.0 1.0 1.0 1 0 0 0.0 1.0 0
cell 3.3723761027841066 15.541214486295175 0.0 1.0 1.0 1 0 0 0.0 1.0 0
cell 7.125250968967691 23.590505986224027 0.0 1.0 1.0 1 0 0 0.0 1.0 0
cell 39.89530752346544 21.578830819383565 0.0 1.0 1.0 1 0 0 0.0 1.0 0
cell 14.658684138308956 43.131424294475025 0.0 1.0 1.0 1 0 0 0.0 1.0 0
cell 8.231308670157086 26.93818140718224 0.0 1.0 1.0 1 0 0 0.0 1.0 0
cell 16.42200410547105 22.218718031002634 0.0 1.0 1.0 1 0 0 0.0 1.0 0
cell 39.70689645656663 14.112614137104785 0.0 1.0 1.0 1 0 0 0.0 1.0 0
cell 33.20010020616431 37.0816710785359 0.0 1.0 1.0 1 0 0 0.0 1.0 0
cell 13.222959188018239 10.109778862695585 0.0 1.0 1.0 1 0 0 0.0 1.0 0
cell 23.874141821154524 38.373177342795216 0.0 1.0 1.0 1 0 0 0.0 1.0 0
cell 19.08130419262202 7.939899495787304 0.0 1.0 1.0 1 0 0 0.0 1.0 0
cell 35.84288670365323 41.81753319114048 0.0 1.0 1.0 1 0 0 0.0 1.0 0
cell 30.992007957863255 30.363412373390396 0.0 1.0 1.0 1 0 0 0.0 1.0 0
cell 30.290729272670465 24.88374367813441 0.0 1.0 1.0 1 0 0 0.0 1.0 0
cell 32.211115036533194 24.262755137789274 0.0 1.0 1.0 1 0 0 0.0 1.0 0
cell 28.062142522236524 1.212031220037786 0.0 1.0 1.0 1 0 0 0.0 1.0 0
cell 2.364054830877661 38.66535762596941 0.0 1.0 1.0 1 0 0 0.0 1.0 0
cell 23.27363841693594 4.4634853646255 0.0 1.0 1.0 1 0 0 0.0 1.0 0
cell 36.81615567508673 28.291328621717497 0.0 1.0 1.0 1 0 0 0.0 1.0 0
cell 5.938852294576077 39.30442770874053 0.0 1.0 1.0 1 0 0 0.0 1.0 0
cell 1.8524847602161172 14.118849701195225 0.0 1.0 1.0 1 0 0 0.0 1.0 0
cell 10.746160984058468 0.11239630189726518 0.0 1.0 1.0 1 0 0 0.0 1.0 0
cell 5.208156881974033 0.08504391230655196 0.0 1.0 1.0 1 0 0 0.0 1.0 0
cell 20.94804293605843 7.125103568251083 0.0 1.0 1.0 1 0 0 0.0 1.0 0
cell 24.502293522312186 7.911755097743648 0.0 1.0 1.0 1 0 0 0.0 1.0 0
cell 37.98755390585354 22.275250014447312 0.0 1.0 1.0 1 0 0 0.0 1.0 0
cell 2.8425215412532716 2.7627735398080158 0.0 1.0 1.0 1 0 0 0.0 1.0 0
cell 14.77067284010519 30.287442829046192 0.0 1.0 1.0 1 0 0 0.0 1.0 0
cell 0.1196859687470084 31.75791184123583 0.0 1.0 1.0 1 0 0 0.0 1.0 0
cell 28.647178334211606 32.99647445698352 0.0 1.0 1.0 1 0 0 0.0 1.0 0
cell 4.760201101994121 35.80124227742782 0.0 1.0 1.0 1 0 0 0.0 1.0 0
cell 25.42115888559442 39.73967829422018 0.0 1.0 1.0 1 0 0 0.0 1.0 0
cell 20.194949628868812 30.287864502317642 0.0 1.0 1.0 1 0 0 0.0 1.0 0
cell 35.12963351313947 10.06770399230606 0.0 1.0 1.0 1 0 0 0.0 1.0 0
cell 15.638352860895104 16.78959462366998 0.0 1.0 1.0 1 0 0 0.0 1.0 0
cell 19.11208359919553 26.91195381576902 0.0 1.0 1.0 1 0 0 0.0 1.0 0
cell 31.895433600266177 43.10642293690164 0.0 1.0 1.0 1 0 0 0.0 1.0 0
cell 10.121780539705922 4.2285619215804084 0.0 1.0 1.0 1 0 0 0.0 1.0 0
cell 19.65994461402628 3.6478961743759255 0.0 1.0 1.0 1 0 0 0.0 1.0 0
cell 24.47538269961732 0.5645928648019924 0.0 1.0 1.0 1 0 0 0.0 1.0 0
cell 21.931332699433472 0.9464770702652139 0.0 1.0 1.0 1 0 0 0.0 1.0 0
cell 10.236444837727023 26.244743105034186 0.0 1.0 1.0 1 0 0 0.0 1.0 0
cell 34.16242583890997 23.610303813019833 0.0 1.0 1.0 1 0 0 0.0 1.0 0
cell 36.40301286463349 30.311344564340196 0.0 1.0 1.0 1 0 0 0.0 1.0 0
cell 5.112689353242707 33.81215994454063 0.0 1.0 1.0 1 0 0 0.0 1.0 0
cell 30.00377672646491 17.44125752208748 0.0 1.0 1.0 1 0 0 0.0 1.0 0
cell 4.376729276839086 37.986958489385344 0.0 1.0 1.0 1 0 0 0.0 1.0 0
cell 13.254799662401673 28.945843192556623 0.0 1.0 1.0 1 0 0 0.0 1.0 0
cell 7.85582528679058 38.58577572139963 0.0 1.0 1.0 1 0 0 0.0 1.0 0
cell 28.178528869471446 34.99426218032446 0.0 1.0 1.0 1 0 0 0.0 1.0 0
cell 39.232955410172465 16.216491829356993 0.0 1.0 1.0 1 0 0 0.0 1.0 0
cell 10.135942420658932 35.769199696438086 0.0 1.0 1.0 1 0 0 0.0 1.0 0
cell 34.43975070779829 31.00571393738861 0.0 1.0 1.0 1 0 0 0.0 1.0 0
cell 16.336367118558577 31.649573909452453 0.0 1.0 1.0 1 0 0 0.0 1.0 0
cell 42.95384601448493 33.83034939082901 0.0 1.0 1.0 1 0 0 0.0 1.0 0
cell 5.920484555032787 29.68643774557752 0.0 1.0 1.0 1 0 0 0.0 1.0 0
cell 31.644560181455912 9.270918747724618 0.0 1.0 1.0 1 0 0 0.0 1.0 0
cell 10.74646504580646 11.59700906827668 0.0 1.0 1.0 1 0 0 0.0 1.0 0
cell 24.997466179695017 15.443918437560896 0.0 1.0 1.0 1 0 0 0.0 1.0 0
cell 14.44894848322577 13.378091731996129 0.0 1.0 1.0 1 0 0 0.0 1.0 0
cell 12.15997062472951 16.134228186280204 0.0 1.0 1.0 1 0 0 0.0 1.0 0
cell 0.9838777115648637 18.21247260907711 0.0 1.0 1.0 1 0 0 0.0 1.0 0
cell 20.237974203317666 20.829077529328792 0.0 1.0 1.0 1 0 0 0.0 1.0 0
cell 15.17542739819891 9.37767309632457 0.0 1.0 1.0 1 0 0 0.0 1.0 0
cell 17.874255663919374 40.840293813948215 0.0 1.0 1.0 1 0 0 0.0 1.0 0
cell 17.217332561837313 18.098335666825704 0.0 1.0 1.0 1 0 0 0.0 1.0 0
cell 34.04960957547419 6.680687680559976 0.0 1.0 1.0 1 0 0 0.0 1.0 0
cell 0.7337074750381332 3.3766040873875647 0.0 1.0 1.0 1 0 0 0.0 1.0 0
cell 23.034893621536277 16.00969392281996 0.0 1.0 1.0 1 0 0 0.0 1.0 0
cell 33.87607236254621 42.463306839525835 0.0 1.0 1.0 1 0 0 0.0 1.0 0
cell 20.859877029933024 35.66618113386229 0.0 1.0 1.0 1 0 0 0.0 1.0 0
cell 25.647534627036283 20.749545247576393 0.0 1.0 1.0 1 0 0 0.0 1.0 0
cell 9.891910701746044 18.827118992936963 0.0 1.0 1.0 1 0 0 0.0 1.0 0
cell 7.53055869570608 21.56529938037434 0.0 1.0 1.0 1 0 0 0.0 1.0 0
cell 5.598356726603537 31.742083828165075 0.0 1.0 1.0 1 0 0 0.0 1.0 0
cell 26.896599600581947 14.729810070301667 0.0 1.0 1.0 1 0 0 0.0 1.0 0
cell 31.080372404367857 20.90176981727499 0.0 1.0 1.0 1 0 0 0.0 1.0 0
cell 25.2679098755788 22.87519204910572 0.0 1.0 1.0 1 0 0 0.0 1.0 0
cell 38.81744628394969 18.2277294046252 0.0 1.0 1.0 1 0 0 0.0 1.0 0
cell 4.017893261107374 20.93014707716489 0.0 1.0 1.0 1 0 0 0.0 1.0 0
cell 16.718902304384123 29.634623114722935 0.0 1.0 1.0 1 0 0 0.0 1.0 0
cell 30.586405379198656 32.33487172030771 0.0 1.0 1.0 1 0 0 0.0 1.0 0
cell 39.18865191109968 25.674575614332994 0.0 1.0 1.0 1 0 0 0.0 1.0 0
cell 7.5374429567446475 8.921165540621391 0.0 1.0 1.0 1 0 0 0.0 1.0 0
cell 29.739989508221697 36.325045635297656 0.0 1.0 1.0 1 0 0 0.0 1.0 0
cell 38.74577549941635 27.62241407139781 0.0 1.0 1.0 1 0 0 0.0 1.0 0
cell 35.965804979071734 32.35884987372338 0.0 1.0 1.0 1 0 0 0.0 1.0 0
cell 5.831015451963294 7.7023155215040005 0.0 1.0 1.0 1 0 0 0.0 1.0 0
cell 37.9434947607948 31.704869226570835 0.0 1.0 1.0 1 0 0 0.0 1.0 0
cell 14.043960057004657 15.357037809790336 0.0 1.0 1.0 1 0 0 0.0 1.0 0
cell 41.85948311921397 30.393610466775005 0.0 1.0 1.0 1 0 0 0.0 1.0 0
cell 18.341649248411983 21.56754159218548 0.0 1.0 1.0 1 0 0 0.0 1.0 0
cell 9.50881830690436 8.362759081516746 0.0 1.0 1.0 1 0 0 0.0 1.0 0
cell 26.632401456063917 33.701222330615145 0.0 1.0 1.0 1 0 0 0.0 1.0 0
cell 27.72610939884304 10.610824764645214 0.0 1.0 1.0 1 0 0 0.0 1.0 0
cell 39.032607131382534 8.727814644359091 0.0 1.0 1.0 1 0 0 0.0 1.0 0
cell 12.08883844723461 35.064878806644 0.0 1.0 1.0 1 0 0 0.0 1.0 0
cell 15.260779277118221 18.820065005558458 0.0 1.0 1.0 1 0 0 0.0 1.0 0
cell 31.057343694236653 3.9209320709646507 0.0 1.0 1.0 1 0 0 0.0 1.0 0
cell 5.11886436249324 24.271988712652682 0.0 1.0 1.0 1 0 0 0.0 1.0 0
cell 0.460644912542495 39.24603545347499 0.0 1.0 1.0 1 0 0 0.0 1.0 0
cell 10.602710733525232 24.277166140285374 0.0 1.0 1.0 1 0 0 0.0 1.0 0
cell 5.573084693330632 41.29129299338064 0.0 1.0 1.0 1 0 0 0.0 1.0 0
cell 30.690646714827796 22.891238695790534 0.0 1.0 1.0 1 0 0 0.0 1.0 0
cell 23.637328719038518 31.010571304020925 0.0 1.0 1.0 1 0 0 0.0 1.0 0
cell 28.48429853603895 16.062429159506223 0.0 1.0 1.0 1 0 0 0.0 1.0 0
cell 26.561556119451517 7.245867691563379 0.0 1.0 1.0 1 0 0 0.0 1.0 0
cell 6.285404427415595 37.19613896373953 0.0 1.0 1.0 1 0 0 0.0 1.0 0
cell 40.15342599979188 12.116626744061529 0.0 1.0 1.0 1 0 0 0.0 1.0 0
cell 41.38766799568619 32.44442669381796 0.0 1.0 1.0 1 0 0 0.0 1.0 0
cell 34.7193320865158 38.47872754448822 0.0 1.0 1.0 1 0 0 0.0 1.0 0
cell 19.28123627640054 5.805534933721455 0.0 1.0 1.0 1 0 0 0.0 1.0 0
cell 30.379792687464573 41.747176680733745 0.0 1.0 1.0 1 0 0 0.0 1.0 0
cell 32.6431638815838 22.218590492661487 0.0 1.0 1.0 1 0 0 0.0 1.0 0
cell 26.30234393256329 35.70216750248336 0.0 1.0 1.0 1 0 0 0.0 1.0 0
cell 42.40073409684425 2.0414466240237177 0.0 1.0 1.0 1 0 0 0.0 1.0 0
cell 3.6330529512271577 22.96155534038767 0.0 1.0 1.0 1 0 0 0.0 1.0 0
cell 11.760160171963195 27.554678988215606 0.0 1.0 1.0 1 0 0 0.0 1.0 0
cell 17.66097150130868 4.5518800781475575 0.0 1.0 1.0 1 0 0 0.0 1.0 0
cell 16.326010285184516 39.487464594989156 0.0 1.0 1.0 1 0 0 0.0 1.0 0
cell 27.59050506855385 20.15720763577139 0.0 1.0 1.0 1 0 0 0.0 1.0 0
cell 32.76659016430933 39.12013443931833 0.0 1.0 1.0 1 0 0 0.0 1.0 0
