500
 Lattice="43.243446059915044 0.0 0.0 0.0 43.243446059915044 0.0 0.0 0.0 1.0"Properties=species:S:1:pos:R:3:aspherical_shape:R:3:orientation:R:4:Color:R:1
cell 39.3703432391719 33.52166862711937 0.0 1.0 1.0 1 0 0 0.0 1.0 0
cell 7.077284585696676 42.095029580317366 0.0 1.0 1.0 1 0 0 0.0 1.0 0
cell 8.496146003491702 22.681052797844558 0.0 1.0 1.0 1 0 0 0.0 1.0 0
cell 9.230008329856144 3.7038791396272392 0.0 1.0 1.0 1 0 0 0.0 1.0 0
cell 24.841709799415632 16.36144630953848 0.0 1.0 1.0 1 0 0 0.0 1.0 0
cell 19.01482570744764 20.325417946250944 0.0 1.0 1.0 1 0 0 0.0 1.0 0
cell 4.472591174446294 5.892447746419917 0.0 1.0 1.0 1 0 0 0.0 1.0 0
cell 3.4819300177100896 40.19942112628734 0.0 1.0 1.0 1 0 0 0.0 1.0 0
cell 26.77108499983507 30.546153919062597 0.0 1.0 1.0 1 0 0 0.0 1.0 0
cell 13.928884405917959 25.559132198982145 0.0 1.0 1.0 1 0 0 0.0 1.0 0
cell 33.966517532666664 14.091284521312936 0.0 1.0 1.0 1 0 0 0.0 1.0 0
cell 7.7660723936646425 19.902975717019704 0.0 1.0 1.0 1 0 0 0.0 1.0 0
cell 25.074276586259053 0.4772024290751097 0.0 1.0 1.0 1 0 0 0.0 1.0 0
cell 16.192959039005427 1.6287818044407831 0.0 1.0 1.0 1 0 0 0.0 1.0 0
cell 30.365585320896045 32.52742258061105 0.0 1.0 1.0 1 0 0 0.0 1.0 0
cell 33.927743618316036 34.46242846225711 0.0 1.0 1.0 1 0 0 0.0 1.0 0
cell 20.49436716844522 13.0735179950124 0.0 1.0 1.0 1 0 0 0.0 1.0 0
cell 42.92303650546548 33.53197505400964 0.0 1.0 1.0 1 0 0 0.0 1.0 0
cell 25.779300022985204 14.545296568301547 0.0 1.0 1.0 1 0 0 0.0 1.0 0
cell 9.14747833972077 12.559889498148204 0.0 1.0 1.0 1 0 0 0.0 1.0 0
cell 10.234422877038766 21.631168491569806 0.0 1.0 1.0 1 0 0 0.0 1.0 0
cell 5.604029739566578 7.603869408034892 0.0 1.0 1.0 1 0 0 0.0 1.0 0
cell 37.5357924679014 38.50365195249751 0.0 1.0 1.0 1 0 0 0.0 1.0 0
cell 25.06998892863767 19.845982393468873 0.0 1.0 1.0 1 0 0 0.0 1.0 0
cell 7.128137648629305 33.95181709402538 0.0 1.0 1.0 1 0 0 0.0 1.0 0
cell 34.895788997978556 12.291403138649573 0.0 1.0 1.0 1 0 0 0.0 1.0 0
cell 12.439538845668908 30.70264122529699 0.0 1.0 1.0 1 0 0 0.0 1.0 0
cell 8.976238617378538 36.880736885442694 0.0 1.0 1.0 1 0 0 0.0 1.0 0
cell 32.19181142843201 35.52208932391909 0.0 1.0 1.0 1 0 0 0.0 1.0 0
cell 16.44735980035304 13.483524432265204 0.0 1.0 1.0 1 0 0 0.0 1.0 0
cell 37.49697456369077 34.466515553146884 0.0 1.0 1.0 1 0 0 0.0 1.0 0
cell 3.4284292081167367 30.08664874669217 0.0 1.0 1.0 1 0 0 0.0 1.0 0
cell 10.298004330289876 23.643652366615868 0.0 1.0 1.0 1 0 0 0.0 1.0 0
cell 23.088378137955296 30.508834974494864 0.0 1.0 1.0 1 0 0 0.0 1.0 0
cell 5.041990492470582 24.870966545449583 0.0 1.0 1.0 1 0 0 0.0 1.0 0
cell 9.10837299741421 42.95206344596898 0.0 1.0 1.0 1 0 0 0.0 1.0 0
cell 30.397908886841126 42.68373094663349 0.0 1.0 1.0 1 0 0 0.0 1.0 0
cell 12.601196617161415 40.83287360003737 0.0 1.0 1.0 1 0 0 0.0 1.0 0
cell 12.421548858763607 14.09131639047941 0.0 1.0 1.0 1 0 0 0.0 1.0 0
cell 25.025087594258185 31.5757590771079 0.0 1.0 1.0 1 0 0 0.0 1.0 0
cell 6.611177816110511 18.109295354606484 0.0 1.0 1.0 1 0 0 0.0 1.0 0
cell 36.94596782935345 12.202820567399103 0.0 1.0 1.0 1 0 0 0.0 1.0 0
cell 25.427771277769093 7.083725285960551 0.0 1.0 1.0 1 0 0 0.0 1.0 0
cell 8.974294813254495 1.7124446627280892 0.0 1.0 1.0 1 0 0 0.0 1.0 0
cell 34.69663435272428 8.823797330727864 0.0 1.0 1.0 1 0 0 0.0 1.0 0
cell 41.09003516779258 42.700760789730545 0.0 1.0 1.0 1 0 0 0.0 1.0 0
cell 19.604300283731437 32.57287806766364 0.0 1.0 1.0 1 0 0 0.0 1.0 0
cell 32.106376351290955 25.371124623524075 0.0 1.0 1.0 1 0 0 0.0 1.0 0
cell 24.618936978476267 12.874108774072312 0.0 1.0 1.0 1 0 0 0.0 1.0 0
cell 12.295164711439691 28.678668299411168 0.0 1.0 1.0 1 0 0 0.0 1.0 0
cell 42.93688545820714 35.545374177393 0.0 1.0 1.0 1 0 0 0.0 1.0 0
cell 37.124846843960924 15.654291042093694 0.0 1.0 1.0 1 0 0 0.0 1.0 0
cell 19.699401087834655 36.678719474215896 0.0 1.0 1.0 1 0 0 0.0 1.0 0
cell 2.566637127333739 5.160163470716009 0.0 1.0 1.0 1 0 0 0.0 1.0 0
cell 14.204536682160521 31.662219768728644 0.0 1.0 1.0 1 0 0 0.0 1.0 0
cell 10.495792427392843 27.705963863525664 0.0 1.0 1.0 1 0 0 0.0 1.0 0
cell 7.156735975226594 3.3518852396150876 0.0 1.0 1.0 1 0 0 0.0 1.0 0
cell 6.881837260240701 27.853837860991995 0.0 1.0 1.0 1 0 0 0.0 1.0 0
cell 32.1399899990025 31.453735654832787 0.0 1.0 1.0 1 0 0 0.0 1.0 0
cell 41.04896825222488 11.797297683120192 0.0 1.0 1.0 1 0 0 0.0 1.0 0
cell 11.724806420892401 6.809082042757603 0.0 1.0 1.0 1 0 0 0.0 1.0 0
cell 1.4420857734490025 34.49451864523689 0.0 1.0 1.0 1 0 0 0.0 1.0 0
cell 40.95845109051569 22.209749605888334 0.0 1.0 1.0 1 0 0 0.0 1.0 0
cell 33.99775217304737 1.3404675626470797 0.0 1.0 1.0 1 0 0 0.0 1.0 0
cell 42.81820771942061 2.502819501381257 0.0 1.0 1.0 1 0 0 0.0 1.0 0
cell 9.012143548551276 38.923473908698206 0.0 1.0 1.0 1 0 0 0.0 1.0 0
cell 3.186665843643355 3.0410655116963197 0.0 1.0 1.0 1 0 0 0.0 1.0 0
cell 14.31154582970366 35.73787293077938 0.0 1.0 1.0 1 0 0 0.0 1.0 0
cell 22.96983810728518 24.24936268857466 0.0 1.0 1.0 1 0 0 0.0 1.0 0
cell 43.0472785515251 19.00354034162507 0.0 1.0 1.0 1 0 0 0.0 1.0 0
cell 22.7979042776131 16.48051267923131 0.0 1.0 1.0 1 0 0 0.0 1.0 0
cell 39.354176008860485 37.548789977843974 0.0 1.0 1.0 1 0 0 0.0 1.0 0
cell 39.23609653052857 29.462146706747244 0.0 1.0 1.0 1 0 0 0.0 1.0 0
cell 7.151038560510812 12.724474823189777 0.0 1.0 1.0 1 0 0 0.0 1.0 0
cell 3.1881247503764203 24.033510750982767 0.0 1.0 1.0 1 0 0 0.0 1.0 0
cell 36.70424875721046 8.684140321846177 0.0 1.0 1.0 1 0 0 0.0 1.0 0
cell 19.512518724742673 26.452743110530868 0.0 1.0 1.0 1 0 0 0.0 1.0 0
cell 14.460084315253566 0.6273516387187221 0.0 1.0 1.0 1 0 0 0.0 1.0 0
cell 21.541853508809016 0.4846083377076083 0.0 1.0 1.0 1 0 0 0.0 1.0 0
cell 2.1451138403607097 14.986962833911134 0.0 1.0 1.0 1 0 0 0.0 1.0 0
cell 3.1617734982465047 22.00025339231504 0.0 1.0 1.0 1 0 0 0.0 1.0 0
cell 21.364796178888582 31.499674042848017 0.0 1.0 1.0 1 0 0 0.0 1.0 0
cell 14.026362953145139 27.589088523180873 0.0 1.0 1.0 1 0 0 0.0 1.0 0
cell 26.826970451823716 34.586090748700464 0.0 1.0 1.0 1 0 0 0.0 1.0 0
cell 17.286702177640034 21.364009243854007 0.0 1.0 1.0 1 0 0 0.0 1.0 0
cell 7.228266437442161 40.082097489157334 0.0 1.0 1.0 1 0 0 0.0 1.0 0
cell 13.742339845903604 19.387824932448012 0.0 1.0 1.0 1 0 0 0.0 1.0 0
cell 17.716832406467727 29.530400800926767 0.0 1.0 1.0 1 0 0 0.0 1.0 0
cell 41.2080296158494 38.632755265984215 0.0 1.0 1.0 1 0 0 0.0 1.0 0
cell 7.9845881484455745 10.92553304139676 0.0 1.0 1.0 1 0 0 0.0 1.0 0
cell 16.280200719772118 3.6574673462252165 0.0 1.0 1.0 1 0 0 0.0 1.0 0
cell 6.770377903619372 23.79219124684324 0.0 1.0 1.0 1 0 0 0.0 1.0 0
cell 3.5734761788904694 36.15844487851177 0.0 1.0 1.0 1 0 0 0.0 1.0 0
cell 19.840046756663487 5.598858590516893 0.0 1.0 1.0 1 0 0 0.0 1.0 0
cell 40.91356675014639 3.553174925473761 0.0 1.0 1.0 1 0 0 0.0 1.0 0
cell 21.51559537146197 41.712073537504295 0.0 1.0 1.0 1 0 0 0.0 1.0 0
cell 32.19290710712808 17.71115022590797 0.0 1.0 1.0 1 0 0 0.0 1.0 0
cell 28.508307050191004 29.473234973128484 0.0 1.0 1.0 1 0 0 0.0 1.0 0
cell 8.637586067582271 17.986756798766883 0.0 1.0 1.0 1 0 0 0.0 1.0 0
cell 21.460281624235552 37.62498908064628 0.0 1.0 1.0 1 0 0 0.0 1.0 0
cell 15.962397302829164 30.59518106616514 0.0 1.0 1.0 1 0 0 0.0 1.0 0
cell 35.71898181073884 2.371999465780851 0.0 1.0 1.0 1 0 0 0.0 1.0 0
cell 41.1275483540728 36.53633595778234 0.0 1.0 1.0 1 0 0 0.0 1.0 0
cell 3.3787721883635164 16.65899946473749 0.0 1.0 1.0 1 0 0 0.0 1.0 0
cell 10.606811151046239 29.74605481134206 0.0 1.0 1.0 1 0 0 0.0 1.0 0
cell 8.794919965619584 30.81241312943731 0.0 1.0 1.0 1 0 0 0.0 1.0 0
cell 14.850627221435783 8.406728891248212 0.0 1.0 1.0 1 0 0 0.0 1.0 0
cell 35.659748400590466 21.328304551314996 0.0 1.0 1.0 1 0 0 0.0 1.0 0
cell 23.227899311898593 32.52874545991737 0.0 1.0 1.0 1 0 0 0.0 1.0 0
cell 24.979007032344544 25.51285962442367 0.0 1.0 1.0 1 0 0 0.0 1.0 0
cell 29.687652635073682 10.845773254024172 0.0 1.0 1.0 1 0 0 0.0 1.0 0
cell 23.25800358594658 38.650854987581255 0.0 1.0 1.0 1 0 0 0.0 1.0 0
cell 36.019716608068485 13.969692569004108 0.0 1.0 1.0 1 0 0 0.0 1.0 0
cell 30.36765444902039 26.417224563273933 0.0 1.0 1.0 1 0 0 0.0 1.0 0
cell 9.117848190533296 40.929087862692995 0.0 1.0 1.0 1 0 0 0.0 1.0 0
cell 21.56329833844451 2.523950479207866 0.0 1.0 1.0 1 0 0 0.0 1.0 0
cell 30.37706883960452 38.59544329874273 0.0 1.0 1.0 1 0 0 0.0 1.0 0
cell 5.071006037719525 26.938200252061026 0.0 1.0 1.0 1 0 0 0.0 1.0 0
cell 20.997882449403942 23.469437773416228 0.0 1.0 1.0 1 0 0 0.0 1.0 0
cell 35.73302975331868 37.51437949643808 0.0 1.0 1.0 1 0 0 0.0 1.0 0
cell 18.05157868985663 6.568964206515341 0.0 1.0 1.0 1 0 0 0.0 1.0 0
cell 13.760614697824854 21.469088240409246 0.0 1.0 1.0 1 0 0 0.0 1.0 0
cell 30.190807097794856 22.11178373979709 0.0 1.0 1.0 1 0 0 0.0 1.0 0
cell 24.926174587341194 29.540722801736216 0.0 1.0 1.0 1 0 0 0.0 1.0 0
cell 15.520546476060796 20.437903546044467 0.0 1.0 1.0 1 0 0 0.0 1.0 0
cell 37.586511352124354 40.52598140168739 0.0 1.0 1.0 1 0 0 0.0 1.0 0
cell 10.867885955485521 4.970176183845778 0.0 1.0 1.0 1 0 0 0.0 1.0 0
cell 28.62760303579435 4.558144289586205 0.0 1.0 1.0 1 0 0 0.0 1.0 0
cell 41.03320701460112 20.02918461058292 0.0 1.0 1.0 1 0 0 0.0 1.0 0
cell 42.72296056063158 25.370322602382846 0.0 1.0 1.0 1 0 0 0.0 1.0 0
cell 16.00426334994586 32.617192265038 0.0 1.0 1.0 1 0 0 0.0 1.0 0
cell 35.72122981092802 33.47062305575797 0.0 1.0 1.0 1 0 0 0.0 1.0 0
cell 33.24026554250024 19.509210886276374 0.0 1.0 1.0 1 0 0 0.0 1.0 0
cell 13.732522534891942 6.6939940655592824 0.0 1.0 1.0 1 0 0 0.0 1.0 0
cell 42.65635012816376 23.310506141481163 0.0 1.0 1.0 1 0 0 0.0 1.0 0
cell 26.693891322065603 12.748673084346624 0.0 1.0 1.0 1 0 0 0.0 1.0 0
cell 10.389812208762708 14.272692403536318 0.0 1.0 1.0 1 0 0 0.0 1.0 0
cell 35.74973717307455 35.47490128629765 0.0 1.0 1.0 1 0 0 0.0 1.0 0
cell 18.504474373323557 13.278773964840612 0.0 1.0 1.0 1 0 0 0.0 1.0 0
cell 7.090651912305932 35.985724935679194 0.0 1.0 1.0 1 0 0 0.0 1.0 0
cell 24.885133722637345 27.538091658433615 0.0 1.0 1.0 1 0 0 0.0 1.0 0
cell 19.19648206691515 24.4108674318244 0.0 1.0 1.0 1 0 0 0.0 1.0 0
cell 15.682275066695764 24.482970247848964 0.0 1.0 1.0 1 0 0 0.0 1.0 0
cell 28.58652652896518 31.51883503784128 0.0 1.0 1.0 1 0 0 0.0 1.0 0
cell 1.4825688574360416 40.73660755084364 0.0 1.0 1.0 1 0 0 0.0 1.0 0
cell 10.642189181322603 33.7870600883911 0.0 1.0 1.0 1 0 0 0.0 1.0 0
cell 6.433316538867057 5.3957170700139185 0.0 1.0 1.0 1 0 0 0.0 1.0 0
cell 34.414147568889575 5.3282368466566 0.0 1.0 1.0 1 0 0 0.0 1.0 0
cell 13.24409473346736 12.223924335124446 0.0 1.0 1.0 1 0 0 0.0 1.0 0
cell 42.8452306495244 29.402812283018278 0.0 1.0 1.0 1 0 0 0.0 1.0 0
cell 41.680565164368204 6.353252425783862 0.0 1.0 1.0 1 0 0 0.0 1.0 0
cell 0.08542159912593016 15.200295203375733 0.0 1.0 1.0 1 0 0 0.0 1.0 0
cell 27.800542530369206 14.435304797069408 0.0 1.0 1.0 1 0 0 0.0 1.0 0
cell 30.054203256662955 17.822428008366263 0.0 1.0 1.0 1 0 0 0.0 1.0 0
cell 16.878482706003517 8.216344050907287 0.0 1.0 1.0 1 0 0 0.0 1.0 0
cell 25.01372975762361 35.62374873036161 0.0 1.0 1.0 1 0 0 0.0 1.0 0
cell 26.89220990070875 40.66713372201685 0.0 1.0 1.0 1 0 0 0.0 1.0 0
cell 19.71455034803603 38.67879958651556 0.0 1.0 1.0 1 0 0 0.0 1.0 0
cell 5.713716882608276 19.94847356354513 0.0 1.0 1.0 1 0 0 0.0 1.0 0
cell 3.4506705053244358 34.16324197288204 0.0 1.0 1.0 1 0 0 0.0 1.0 0
cell 23.386029761573088 7.636170238260282 0.0 1.0 1.0 1 0 0 0.0 1.0 0
cell 1.4711803669537582 20.23910943401635 0.0 1.0 1.0 1 0 0 0.0 1.0 0
cell 30.36957906374958 40.60166483406078 0.0 1.0 1.0 1 0 0 0.0 1.0 0
cell 26.87037545472485 36.58550935742123 0.0 1.0 1.0 1 0 0 0.0 1.0 0
cell 10.847920384511866 39.913734000991106 0.0 1.0 1.0 1 0 0 0.0 1.0 0
cell 32.18029300354577 33.487754725270115 0.0 1.0 1.0 1 0 0 0.0 1.0 0
cell 16.095387643690767 36.710396194404815 0.0 1.0 1.0 1 0 0 0.0 1.0 0
cell 23.16784226069656 26.414366807350298 0.0 1.0 1.0 1 0 0 0.0 1.0 0
cell 28.90324880313211 16.131783429227927 0.0 1.0 1.0 1 0 0 0.0 1.0 0
cell 32.07916036726392 23.347049397896235 0.0 1.0 1.0 1 0 0 0.0 1.0 0
cell 25.08211838772793 33.58851630737414 0.0 1.0 1.0 1 0 0 0.0 1.0 0
cell 8.682418664159705 26.766718324306247 0.0 1.0 1.0 1 0 0 0.0 1.0 0
cell 0.6794395022570686 9.77351097933965 0.0 1.0 1.0 1 0 0 0.0 1.0 0
cell 35.66011592295913 29.419586526896524 0.0 1.0 1.0 1 0 0 0.0 1.0 0
cell 16.193646097193444 40.74087049673078 0.0 1.0 1.0 1 0 0 0.0 1.0 0
cell 31.676430428757172 10.772255950724368 0.0 1.0 1.0 1 0 0 0.0 1.0 0
cell 39.36159808008613 35.517308317339534 0.0 1.0 1.0 1 0 0 0.0 1.0 0
cell 27.075943147887205 19.714563062560003 0.0 1.0 1.0 1 0 0 0.0 1.0 0
cell 37.40140744150753 26.34639758530366 0.0 1.0 1.0 1 0 0 0.0 1.0 0
cell 32.16798854680514 2.4782944888938854 0.0 1.0 1.0 1 0 0 0.0 1.0 0
cell 4.756798766496084 9.433284237945339 0.0 1.0 1.0 1 0 0 0.0 1.0 0
cell 11.555622081398045 15.939845838267592 0.0 1.0 1.0 1 0 0 0.0 1.0 0
cell 3.358244505526733 28.079093867403696 0.0 1.0 1.0 1 0 0 0.0 1.0 0
cell 8.90325857204166 34.88679026663685 0.0 1.0 1.0 1 0 0 0.0 1.0 0
cell 8.834765682433728 9.055677719619972 0.0 1.0 1.0 1 0 0 0.0 1.0 0
cell 1.552120186507174 7.936677540825646 0.0 1.0 1.0 1 0 0 0.0 1.0 0
cell 42.68426758160395 27.3812959408544 0.0 1.0 1.0 1 0 0 0.0 1.0 0
cell 23.309719332786486 3.529534283987157 0.0 1.0 1.0 1 0 0 0.0 1.0 0
cell 41.14901088058244 34.51341154212283 0.0 1.0 1.0 1 0 0 0.0 1.0 0
cell 26.748318980109136 26.488174663432815 0.0 1.0 1.0 1 0 0 0.0 1.0 0
cell 34.03082606334277 38.52378701995751 0.0 1.0 1.0 1 0 0 0.0 1.0 0
cell 9.85908272038777 19.620036299857986 0.0 1.0 1.0 1 0 0 0.0 1.0 0
cell 16.013456818286272 6.334246670749693 0.0 1.0 1.0 1 0 0 0.0 1.0 0
cell 21.91458395363909 18.292224046516765 0.0 1.0 1.0 1 0 0 0.0 1.0 0
cell 17.856110810257462 33.58320087987327 0.0 1.0 1.0 1 0 0 0.0 1.0 0
cell 28.536093854471872 27.495328042943317 0.0 1.0 1.0 1 0 0 0.0 1.0 0
cell 37.396298562036584 24.333303364405186 0.0 1.0 1.0 1 0 0 0.0 1.0 0
cell 30.589098878171015 9.0146583004392 0.0 1.0 1.0 1 0 0 0.0 1.0 0
cell 5.025408295362601 22.79529179614259 0.0 1.0 1.0 1 0 0 0.0 1.0 0
cell 17.63564639941436 15.135360391598354 0.0 1.0 1.0 1 0 0 0.0 1.0 0
cell 37.510965876486345 1.342770844721169 0.0 1.0 1.0 1 0 0 0.0 1.0 0
cell 35.617776615151165 23.326501186077795 0.0 1.0 1.0 1 0 0 0.0 1.0 0
cell 19.19876478009542 22.327237292492146 0.0 1.0 1.0 1 0 0 0.0 1.0 0
cell 42.68523972063377 4.579928461523535 0.0 1.0 1.0 1 0 0 0.0 1.0 0
cell 10.86895294388143 41.9133988303212 0.0 1.0 1.0 1 0 0 0.0 1.0 0
cell 25.10652187812036 2.501814844046216 0.0 1.0 1.0 1 0 0 0.0 1.0 0
cell 15.641324102653838 15.555484620146183 0.0 1.0 1.0 1 0 0 0.0 1.0 0
cell 37.50353507836681 32.44972267728384 0.0 1.0 1.0 1 0 0 0.0 1.0 0
cell 36.22556911971019 17.53152922222276 0.0 1.0 1.0 1 0 0 0.0 1.0 0
cell 4.216001928021278 14.768949892775073 0.0 1.0 1.0 1 0 0 0.0 1.0 0
cell 17.90590740434146 37.657596779474105 0.0 1.0 1.0 1 0 0 0.0 1.0 0
cell 12.6665883479294 17.62305246556427 0.0 1.0 1.0 1 0 0 0.0 1.0 0
cell 21.598849960723072 6.661645360732175 0.0 1.0 1.0 1 0 0 0.0 1.0 0
cell 36.45071617787481 5.1466484097136025 0.0 1.0 1.0 1 0 0 0.0 1.0 0
cell 31.190245715685812 19.50853801978745 0.0 1.0 1.0 1 0 0 0.0 1.0 0
cell 1.1291022793780718 22.250384961467187 0.0 1.0 1.0 1 0 0 0.0 1.0 0
cell 7.6684830512646736 7.426211070960757 0.0 1.0 1.0 1 0 0 0.0 1.0 0
cell 40.32478078551824 17.405713821402497 0.0 1.0 1.0 1 0 0 0.0 1.0 0
cell 16.218033929391947 42.82162355951319 0.0 1.0 1.0 1 0 0 0.0 1.0 0
cell 34.19080201313287 17.61617222255196 0.0 1.0 1.0 1 0 0 0.0 1.0 0
cell 33.85517542315714 30.458243341246284 0.0 1.0 1.0 1 0 0 0.0 1.0 0
cell 32.16736617579494 0.4463151971272714 0.0 1.0 1.0 1 0 0 0.0 1.0 0
cell 28.553850736424376 23.4024486472749 0.0 1.0 1.0 1 0 0 0.0 1.0 0
cell 28.62933653775828 41.66267434494266 0.0 1.0 1.0 1 0 0 0.0 1.0 0
cell 25.100384731314886 4.523936284990245 0.0 1.0 1.0 1 0 0 0.0 1.0 0
cell 17.424788552453897 23.407170978423142 0.0 1.0 1.0 1 0 0 0.0 1.0 0
cell 8.856288351297877 32.87590639491765 0.0 1.0 1.0 1 0 0 0.0 1.0 0
cell 26.8953500454249 3.508769157917472 0.0 1.0 1.0 1 0 0 0.0 1.0 0
cell 1.5645281198814402 36.55504536735339 0.0 1.0 1.0 1 0 0 0.0 1.0 0
cell 27.617177731644457 10.960657260182565 0.0 1.0 1.0 1 0 0 0.0 1.0 0
cell 1.4761122924555021 42.836612476386634 0.0 1.0 1.0 1 0 0 0.0 1.0 0
cell 16.75012627619874 17.220795797050464 0.0 1.0 1.0 1 0 0 0.0 1.0 0
cell 12.807940240298906 4.040628883710433 0.0 1.0 1.0 1 0 0 0.0 1.0 0
cell 41.106060673116744 32.4405089057672 0.0 1.0 1.0 1 0 0 0.0 1.0 0
cell 30.40755810235856 36.565075553522995 0.0 1.0 1.0 1 0 0 0.0 1.0 0
cell 10.662604239414263 17.77477537313858 0.0 1.0 1.0 1 0 0 0.0 1.0 0
cell 5.098438789676457 12.907969878360394 0.0 1.0 1.0 1 0 0 0.0 1.0 0
cell 5.269256838344371 33.03279065494111 0.0 1.0 1.0 1 0 0 0.0 1.0 0
cell 14.773085585250257 17.614479981268417 0.0 1.0 1.0 1 0 0 0.0 1.0 0
cell 14.408500249278937 2.7924253754664536 0.0 1.0 1.0 1 0 0 0.0 1.0 0
cell 18.732364285656878 16.80323398526023 0.0 1.0 1.0 1 0 0 0.0 1.0 0
cell 42.89834459421921 31.471092986609214 0.0 1.0 1.0 1 0 0 0.0 1.0 0
cell 35.73787944071836 0.3450167661017088 0.0 1.0 1.0 1 0 0 0.0 1.0 0
cell 30.816492916009555 12.55706853952063 0.0 1.0 1.0 1 0 0 0.0 1.0 0
cell 37.54892457587643 42.55515088682948 0.0 1.0 1.0 1 0 0 0.0 1.0 0
cell 35.128703573608036 15.816052526134115 0.0 1.0 1.0 1 0 0 0.0 1.0 0
cell 23.35459319258373 1.5319221178282492 0.0 1.0 1.0 1 0 0 0.0 1.0 0
cell 12.424063662877876 32.73334560548958 0.0 1.0 1.0 1 0 0 0.0 1.0 0
cell 19.515212418506405 28.493619568465768 0.0 1.0 1.0 1 0 0 0.0 1.0 0
cell 10.747018703344372 37.85829807849752 0.0 1.0 1.0 1 0 0 0.0 1.0 0
cell 24.18624115020492 21.666159763801065 0.0 1.0 1.0 1 0 0 0.0 1.0 0
cell 21.28050213662896 25.44872628086942 0.0 1.0 1.0 1 0 0 0.0 1.0 0
cell 24.46412143271305 9.362606959458205 0.0 1.0 1.0 1 0 0 0.0 1.0 0
cell 35.58239090203596 6.996917128641241 0.0 1.0 1.0 1 0 0 0.0 1.0 0
cell 5.289400666220827 41.12717573168017 0.0 1.0 1.0 1 0 0 0.0 1.0 0
cell 37.430906259591076 22.26531076066438 0.0 1.0 1.0 1 0 0 0.0 1.0 0
cell 5.350852725838405 37.07894369468557 0.0 1.0 1.0 1 0 0 0.0 1.0 0
cell 40.12189857806717 13.722452061133048 0.0 1.0 1.0 1 0 0 0.0 1.0 0
cell 1.5489454499979085 38.680083248638404 0.0 1.0 1.0 1 0 0 0.0 1.0 0
cell 19.48679874519697 30.48788901894892 0.0 1.0 1.0 1 0 0 0.0 1.0 0
cell 33.8620608564667 24.34023029711729 0.0 1.0 1.0 1 0 0 0.0 1.0 0
cell 23.335294366533496 42.730839065899836 0.0 1.0 1.0 1 0 0 0.0 1.0 0
cell 43.03903515965925 37.609703800886095 0.0 1.0 1.0 1 0 0 0.0 1.0 0
cell 21.50192319896562 39.68767839398597 0.0 1.0 1.0 1 0 0 0.0 1.0 0
cell 39.66726771672925 6.554208512310432 0.0 1.0 1.0 1 0 0 0.0 1.0 0
cell 28.554172272791327 25.432578318688897 0.0 1.0 1.0 1 0 0 0.0 1.0 0
cell 16.052059214516525 34.65991397324162 0.0 1.0 1.0 1 0 0 0.0 1.0 0
cell 21.434119860613674 35.60307549713484 0.0 1.0 1.0 1 0 0 0.0 1.0 0
cell 1.2358611063369458 3.6667939818150432 0.0 1.0 1.0 1 0 0 0.0 1.0 0
cell 33.96178456367358 36.530917898228275 0.0 1.0 1.0 1 0 0 0.0 1.0 0
cell 28.632058570047235 37.61233679469705 0.0 1.0 1.0 1 0 0 0.0 1.0 0
cell 26.742829591557214 28.540282585021558 0.0 1.0 1.0 1 0 0 0.0 1.0 0
cell 29.163636952741143 19.60530288390248 0.0 1.0 1.0 1 0 0 0.0 1.0 0
cell 41.06683799432749 1.5016392602946158 0.0 1.0 1.0 1 0 0 0.0 1.0 0
cell 22.17940712638363 21.8260597379531 0.0 1.0 1.0 1 0 0 0.0 1.0 0
cell 33.04562704531893 15.930282636911924 0.0 1.0 1.0 1 0 0 0.0 1.0 0
cell 15.250149865316256 11.879865648350906 0.0 1.0 1.0 1 0 0 0.0 1.0 0
cell 33.88829121171845 22.265678331109854 0.0 1.0 1.0 1 0 0 0.0 1.0 0
cell 22.594083625142545 13.001117457283604 0.0 1.0 1.0 1 0 0 0.0 1.0 0
cell 3.596137357990296 7.763016292904932 0.0 1.0 1.0 1 0 0 0.0 1.0 0
cell 39.28718972029462 0.3619028773822682 0.0 1.0 1.0 1 0 0 0.0 1.0 0
cell 11.907487499090928 20.44408160045201 0.0 1.0 1.0 1 0 0 0.0 1.0 0
cell 39.18258354762144 23.283522692854383 0.0 1.0 1.0 1 0 0 0.0 1.0 0
cell 37.40557908186424 28.37975017548179 0.0 1.0 1.0 1 0 0 0.0 1.0 0
cell 33.88186614586712 26.36519789032365 0.0 1.0 1.0 1 0 0 0.0 1.0 0
cell 26.89499268990958 16.238795083132036 0.0 1.0 1.0 1 0 0 0.0 1.0 0
cell 17.987982912717932 0.5089103382249902 0.0 1.0 1.0 1 0 0 0.0 1.0 0
cell 39.379751063274476 39.601964170318155 0.0 1.0 1.0 1 0 0 0.0 1.0 0
cell 12.518155451672753 36.79221414691842 0.0 1.0 1.0 1 0 0 0.0 1.0 0
cell 25.046927645977178 41.67550358748391 0.0 1.0 1.0 1 0 0 0.0 1.0 0
cell 26.52485497002309 9.258533033522333 0.0 1.0 1.0 1 0 0 0.0 1.0 0
cell 8.474710531799143 5.557371986850392 0.0 1.0 1.0 1 0 0 0.0 1.0 0
cell 14.227524291485402 33.68750105616237 0.0 1.0 1.0 1 0 0 0.0 1.0 0
cell 25.545572126823814 11.067329326850686 0.0 1.0 1.0 1 0 0 0.0 1.0 0
cell 12.056616696602774 22.563141534471455 0.0 1.0 1.0 1 0 0 0.0 1.0 0
cell 6.814832379525209 9.251963477509824 0.0 1.0 1.0 1 0 0 0.0 1.0 0
cell 35.2899709182605 19.32972434070293 0.0 1.0 1.0 1 0 0 0.0 1.0 0
cell 42.9074085283298 41.6949232371561 0.0 1.0 1.0 1 0 0 0.0 1.0 0
cell 41.13715910195991 40.64642862449399 0.0 1.0 1.0 1 0 0 0.0 1.0 0
cell 19.679340274217548 34.60811998738986 0.0 1.0 1.0 1 0 0 0.0 1.0 0
cell 33.78646237291221 10.623393530967045 0.0 1.0 1.0 1 0 0 0.0 1.0 0
cell 39.355576627678545 41.59443299152271 0.0 1.0 1.0 1 0 0 0.0 1.0 0
cell 7.0327588353978046 31.925749793308604 0.0 1.0 1.0 1 0 0 0.0 1.0 0
cell 17.22566659744254 19.224287098339666 0.0 1.0 1.0 1 0 0 0.0 1.0 0
cell 25.005790122812932 23.51777788579942 0.0 1.0 1.0 1 0 0 0.0 1.0 0
cell 3.2683208334723193 26.058618429688025 0.0 1.0 1.0 1 0 0 0.0 1.0 0
cell 23.06220939937787 20.00223840895393 0.0 1.0 1.0 1 0 0 0.0 1.0 0
cell 6.8832175777574465 25.819415356126402 0.0 1.0 1.0 1 0 0 0.0 1.0 0
cell 23.221271254554882 36.631402654828044 0.0 1.0 1.0 1 0 0 0.0 1.0 0
cell 34.00991454180616 40.560543171760955 0.0 1.0 1.0 1 0 0 0.0 1.0 0
cell 0.9514019545003105 13.341764298176248 0.0 1.0 1.0 1 0 0 0.0 1.0 0
cell 6.72667359547941 21.693812427932656 0.0 1.0 1.0 1 0 0 0.0 1.0 0
cell 14.602521699016553 4.8667675743502885 0.0 1.0 1.0 1 0 0 0.0 1.0 0
cell 16.044911611399336 10.019668680754876 0.0 1.0 1.0 1 0 0 0.0 1.0 0
cell 19.84969265946197 3.579067221258714 0.0 1.0 1.0 1 0 0 0.0 1.0 0
cell 37.454574119711204 30.405424039444135 0.0 1.0 1.0 1 0 0 0.0 1.0 0
cell 2.7355080264935387 9.607330977722718 0.0 1.0 1.0 1 0 0 0.0 1.0 0
cell 3.4082114385422764 42.24922778809392 0.0 1.0 1.0 1 0 0 0.0 1.0 0
cell 18.03679860558608 2.523812544527304 0.0 1.0 1.0 1 0 0 0.0 1.0 0
cell 1.8533178094308937 11.452343780509537 0.0 1.0 1.0 1 0 0 0.0 1.0 0
cell 5.23587281491576 31.01967763543968 0.0 1.0 1.0 1 0 0 0.0 1.0 0
cell 37.86333141587202 10.387243071002864 0.0 1.0 1.0 1 0 0 0.0 1.0 0
cell 26.827459207349825 32.58629656182782 0.0 1.0 1.0 1 0 0 0.0 1.0 0
cell 42.859322997536204 0.45012262507012896 0.0 1.0 1.0 1 0 0 0.0 1.0 0
cell 26.87566566216462 1.501685365486449 0.0 1.0 1.0 1 0 0 0.0 1.0 0
cell 19.78093524423309 7.640058732288174 0.0 1.0 1.0 1 0 0 0.0 1.0 0
cell 21.582752957431104 4.604448781668649 0.0 1.0 1.0 1 0 0 0.0 1.0 0
cell 40.969585337221766 28.393861938526623 0.0 1.0 1.0 1 0 0 0.0 1.0 0
cell 4.581845577996832 18.269669682635037 0.0 1.0 1.0 1 0 0 0.0 1.0 0
cell 40.76420403150005 8.272122177416529 0.0 1.0 1.0 1 0 0 0.0 1.0 0
cell 42.145357749546896 13.535883821365891 0.0 1.0 1.0 1 0 0 0.0 1.0 0
cell 2.4563178412062405 18.444441848660386 0.0 1.0 1.0 1 0 0 0.0 1.0 0
cell 39.12471778440684 4.603678601653611 0.0 1.0 1.0 1 0 0 0.0 1.0 0
cell 21.008985697881034 20.148386320515424 0.0 1.0 1.0 1 0 0 0.0 1.0 0
cell 27.456268079240918 7.458257871317324 0.0 1.0 1.0 1 0 0 0.0 1.0 0
cell 26.87697729080554 42.715656589276755 0.0 1.0 1.0 1 0 0 0.0 1.0 0
cell 39.867965022086 10.161712418837784 0.0 1.0 1.0 1 0 0 0.0 1.0 0
cell 20.344552865134553 9.582305080662586 0.0 1.0 1.0 1 0 0 0.0 1.0 0
cell 28.26572846321303 21.42294477401779 0.0 1.0 1.0 1 0 0 0.0 1.0 0
cell 28.6436574179769 2.5022879106037257 0.0 1.0 1.0 1 0 0 0.0 1.0 0
cell 13.570935595273014 15.805934530291964 0.0 1.0 1.0 1 0 0 0.0 1.0 0
cell 28.62880510595079 39.600967179288496 0.0 1.0 1.0 1 0 0 0.0 1.0 0
cell 39.17813168362947 25.378504307957236 0.0 1.0 1.0 1 0 0 0.0 1.0 0
cell 10.713615596066958 35.82198597237025 0.0 1.0 1.0 1 0 0 0.0 1.0 0
cell 3.866517936699281 11.282217719274422 0.0 1.0 1.0 1 0 0 0.0 1.0 0
cell 29.47722067498106 7.269455350723615 0.0 1.0 1.0 1 0 0 0.0 1.0 0
cell 23.946001483655984 18.164860237250377 0.0 1.0 1.0 1 0 0 0.0 1.0 0
cell 39.19298669963297 21.215947000224343 0.0 1.0 1.0 1 0 0 0.0 1.0 0
cell 19.823265784735476 1.5262023595907424 0.0 1.0 1.0 1 0 0 0.0 1.0 0
cell 1.2258341718523302 26.35274213510365 0.0 1.0 1.0 1 0 0 0.0 1.0 0
cell 23.101209595265967 28.444050513312977 0.0 1.0 1.0 1 0 0 0.0 1.0 0
cell 29.8545058546574 14.383084200720026 0.0 1.0 1.0 1 0 0 0.0 1.0 0
cell 21.44040298700818 11.298631013678492 0.0 1.0 1.0 1 0 0 0.0 1.0 0
cell 1.1924686669813571 24.26675082588071 0.0 1.0 1.0 1 0 0 0.0 1.0 0
cell 3.5365505648930324 1.07959151669669 0.0 1.0 1.0 1 0 0 0.0 1.0 0
cell 5.445554163875422 16.419943320158964 0.0 1.0 1.0 1 0 0 0.0 1.0 0
cell 26.850260428407996 5.528674254869677 0.0 1.0 1.0 1 0 0 0.0 1.0 0
cell 19.907792849540407 18.499118376133353 0.0 1.0 1.0 1 0 0 0.0 1.0 0
cell 12.200563506600103 26.623320554250228 0.0 1.0 1.0 1 0 0 0.0 1.0 0
cell 32.147078201787515 37.5753277811859 0.0 1.0 1.0 1 0 0 0.0 1.0 0
cell 17.927460391271453 39.67929868173264 0.0 1.0 1.0 1 0 0 0.0 1.0 0
cell 10.646132689432047 31.78080000263345 0.0 1.0 1.0 1 0 0 0.0 1.0 0
cell 15.587162165025052 22.462177612929022 0.0 1.0 1.0 1 0 0 0.0 1.0 0
cell 35.61689794187915 27.3893823264239 0.0 1.0 1.0 1 0 0 0.0 1.0 0
cell 20.75542103402056 16.62201881092165 0.0 1.0 1.0 1 0 0 0.0 1.0 0
cell 5.271982869726426 35.059363631326185 0.0 1.0 1.0 1 0 0 0.0 1.0 0
cell 10.867418452555391 8.863897504159766 0.0 1.0 1.0 1 0 0 0.0 1.0 0
cell 19.753761197125172 40.732116231233384 0.0 1.0 1.0 1 0 0 0.0 1.0 0
cell 33.58497257875156 7.179256065985543 0.0 1.0 1.0 1 0 0 0.0 1.0 0
cell 23.245499062800064 40.72122044873154 0.0 1.0 1.0 1 0 0 0.0 1.0 0
cell 17.84624525872207 35.60991971528786 0.0 1.0 1.0 1 0 0 0.0 1.0 0
cell 8.709587211339791 28.75633659183756 0.0 1.0 1.0 1 0 0 0.0 1.0 0
cell 32.07589804996789 29.44319317895755 0.0 1.0 1.0 1 0 0 0.0 1.0 0
cell 10.007732843600921 10.75173204151349 0.0 1.0 1.0 1 0 0 0.0 1.0 0
cell 21.336467460081614 29.504233949594326 0.0 1.0 1.0 1 0 0 0.0 1.0 0
cell 26.802085283338112 24.46898592144599 0.0 1.0 1.0 1 0 0 0.0 1.0 0
cell 40.92715903745164 26.362737696043013 0.0 1.0 1.0 1 0 0 0.0 1.0 0
cell 18.29105895887035 9.695888412084283 0.0 1.0 1.0 1 0 0 0.0 1.0 0
cell 35.77184744717474 41.58104508288887 0.0 1.0 1.0 1 0 0 0.0 1.0 0
cell 12.748987822090944 1.6802276386666204 0.0 1.0 1.0 1 0 0 0.0 1.0 0
cell 30.465216029763187 5.528957887971506 0.0 1.0 1.0 1 0 0 0.0 1.0 0
cell 5.426240170893098 39.111354913970374 0.0 1.0 1.0 1 0 0 0.0 1.0 0
cell 42.70323382426059 21.121828351581783 0.0 1.0 1.0 1 0 0 0.0 1.0 0
cell 5.9248789485538556 11.085124687708955 0.0 1.0 1.0 1 0 0 0.0 1.0 0
cell 41.260996078313966 15.3931552686677 0.0 1.0 1.0 1 0 0 0.0 1.0 0
cell 8.604493005558737 24.716474412597663 0.0 1.0 1.0 1 0 0 0.0 1.0 0
cell 30.409494274069342 3.479834089848408 0.0 1.0 1.0 1 0 0 0.0 1.0 0
cell 17.57281007151236 27.485053084239187 0.0 1.0 1.0 1 0 0 0.0 1.0 0
cell 42.456565900764936 17.03637096248564 0.0 1.0 1.0 1 0 0 0.0 1.0 0
cell 19.341999275348833 11.42346786388057 0.0 1.0 1.0 1 0 0 0.0 1.0 0
cell 39.14470275303519 19.221030513317704 0.0 1.0 1.0 1 0 0 0.0 1.0 0
cell 33.895411130674496 28.415524721985893 0.0 1.0 1.0 1 0 0 0.0 1.0 0
cell 9.71481429448166 7.183259912318624 0.0 1.0 1.0 1 0 0 0.0 1.0 0
cell 32.13308805070356 39.60536724264365 0.0 1.0 1.0 1 0 0 0.0 1.0 0
cell 42.96398122013334 39.647432086620114 0.0 1.0 1.0 1 0 0 0.0 1.0 0
cell 33.96897548893192 42.574551891637704 0.0 1.0 1.0 1 0 0 0.0 1.0 0
cell 35.83340007880153 10.485925490558408 0.0 1.0 1.0 1 0 0 0.0 1.0 0
cell 37.50039235501357 3.3843982639528174 0.0 1.0 1.0 1 0 0 0.0 1.0 0
cell 7.152228565846875 38.02460229104087 0.0 1.0 1.0 1 0 0 0.0 1.0 0
cell 39.19718419391797 15.57669635544464 0.0 1.0 1.0 1 0 0 0.0 1.0 0
cell 39.270429465305895 31.491927947856343 0.0 1.0 1.0 1 0 0 0.0 1.0 0
cell 38.24873543730812 17.39913868594781 0.0 1.0 1.0 1 0 0 0.0 1.0 0
cell 1.4446317321797657 32.479153658301634 0.0 1.0 1.0 1 0 0 0.0 1.0 0
cell 37.28161722308897 19.97027404454447 0.0 1.0 1.0 1 0 0 0.0 1.0 0
cell 14.29424782662841 37.77378328229954 0.0 1.0 1.0 1 0 0 0.0 1.0 0
cell 31.038065611761983 16.055883828630837 0.0 1.0 1.0 1 0 0 0.0 1.0 0
cell 12.857796078442737 8.549407872349992 0.0 1.0 1.0 1 0 0 0.0 1.0 0
cell 3.450056519793639 32.10552603449584 0.0 1.0 1.0 1 0 0 0.0 1.0 0
cell 8.343926131675838 14.422958998932973 0.0 1.0 1.0 1 0 0 0.0 1.0 0
cell 21.67706548649045 14.787912361846809 0.0 1.0 1.0 1 0 0 0.0 1.0 0
cell 28.00674244600583 17.973936566463703 0.0 1.0 1.0 1 0 0 0.0 1.0 0
cell 12.57828023161028 38.81080658887949 0.0 1.0 1.0 1 0 0 0.0 1.0 0
cell 32.189937969769915 41.60929902309371 0.0 1.0 1.0 1 0 0 0.0 1.0 0
cell 26.21616979392881 21.65779640658633 0.0 1.0 1.0 1 0 0 0.0 1.0 0
cell 9.503591660642138 16.1238271617459 0.0 1.0 1.0 1 0 0 0.0 1.0 0
cell 14.363131498952844 39.78662837768189 0.0 1.0 1.0 1 0 0 0.0 1.0 0
cell 41.89428146574173 9.93506431340774 0.0 1.0 1.0 1 0 0 0.0 1.0 0
cell 32.62334729750719 8.932591367116888 0.0 1.0 1.0 1 0 0 0.0 1.0 0
cell 31.51138752999303 7.25765180250011 0.0 1.0 1.0 1 0 0 0.0 1.0 0
cell 17.95764493415365 41.69825472622971 0.0 1.0 1.0 1 0 0 0.0 1.0 0
cell 17.75124324958239 31.57903949526518 0.0 1.0 1.0 1 0 0 0.0 1.0 0
cell 3.0012940866516833 13.153795699227295 0.0 1.0 1.0 1 0 0 0.0 1.0 0
cell 7.4972759353374805 16.271243251088276 0.0 1.0 1.0 1 0 0 0.0 1.0 0
cell 5.010303715321378 3.949307119079754 0.0 1.0 1.0 1 0 0 0.0 1.0 0
cell 26.82831329440755 38.64615535878479 0.0 1.0 1.0 1 0 0 0.0 1.0 0
cell 28.753270514316835 12.674304298985223 0.0 1.0 1.0 1 0 0 0.0 1.0 0
cell 32.13543193352962 27.400683670683012 0.0 1.0 1.0 1 0 0 0.0 1.0 0
cell 7.0006580285626825 29.90225028509363 0.0 1.0 1.0 1 0 0 0.0 1.0 0
cell 30.428534847371136 34.52052364995541 0.0 1.0 1.0 1 0 0 0.0 1.0 0
cell 1.3651883795298065 28.402527986992098 0.0 1.0 1.0 1 0 0 0.0 1.0 0
cell 22.368655340748433 9.424277198340022 0.0 1.0 1.0 1 0 0 0.0 1.0 0
cell 12.688120710294049 42.89399686804099 0.0 1.0 1.0 1 0 0 0.0 1.0 0
cell 39.207235478215026 27.387067521809595 0.0 1.0 1.0 1 0 0 0.0 1.0 0
cell 23.71326819480551 14.658062965909505 0.0 1.0 1.0 1 0 0 0.0 1.0 0
cell 32.846851046016944 12.42110311125382 0.0 1.0 1.0 1 0 0 0.0 1.0 0
cell 14.437291166441828 41.81970824001952 0.0 1.0 1.0 1 0 0 0.0 1.0 0
cell 28.654046835750215 0.45434096273822794 0.0 1.0 1.0 1 0 0 0.0 1.0 0
cell 30.35163815844415 24.3733851427985 0.0 1.0 1.0 1 0 0 0.0 1.0 0
cell 10.41827079945804 25.66630956965836 0.0 1.0 1.0 1 0 0 0.0 1.0 0
cell 28.6371685940422 33.54999773546756 0.0 1.0 1.0 1 0 0 0.0 1.0 0
cell 42.799518948990816 8.08563176542288 0.0 1.0 1.0 1 0 0 0.0 1.0 0
cell 28.542488020074213 9.136762419624684 0.0 1.0 1.0 1 0 0 0.0 1.0 0
cell 10.812702477888765 0.8313361417198073 0.0 1.0 1.0 1 0 0 0.0 1.0 0
cell 21.280331062568102 27.45456167899656 0.0 1.0 1.0 1 0 0 0.0 1.0 0
cell 32.32125652263097 4.560870414299228 0.0 1.0 1.0 1 0 0 0.0 1.0 0
cell 19.777334038186375 42.71728557689581 0.0 1.0 1.0 1 0 0 0.0 1.0 0
cell 35.813341253718285 39.55338767139464 0.0 1.0 1.0 1 0 0 0.0 1.0 0
cell 15.712864552428274 26.494208333855614 0.0 1.0 1.0 1 0 0 0.0 1.0 0
cell 1.4139262141009286 30.451083827665215 0.0 1.0 1.0 1 0 0 0.0 1.0 0
cell 6.276644733037095 14.555256287357105 0.0 1.0 1.0 1 0 0 0.0 1.0 0
cell 11.22004484085247 12.444382307483064 0.0 1.0 1.0 1 0 0 0.0 1.0 0
cell 17.469541262882426 25.44734985574595 0.0 1.0 1.0 1 0 0 0.0 1.0 0
cell 11.076093329199676 2.905901127890057 0.0 1.0 1.0 1 0 0 0.0 1.0 0
cell 15.843039480362826 28.519808506145868 0.0 1.0 1.0 1 0 0 0.0 1.0 0
cell 23.35611053821285 5.586521226146555 0.0 1.0 1.0 1 0 0 0.0 1.0 0
cell 30.3415497035242 30.49748637622845 0.0 1.0 1.0 1 0 0 0.0 1.0 0
cell 39.27700008159603 2.403265233072916 0.0 1.0 1.0 1 0 0 0.0 1.0 0
cell 21.41418854042557 33.57292089303661 0.0 1.0 1.0 1 0 0 0.0 1.0 0
cell 16.132645895678746 38.71171902882384 0.0 1.0 1.0 1 0 0 0.0 1.0 0
cell 37.65135349804174 6.756066119265084 0.0 1.0 1.0 1 0 0 0.0 1.0 0
cell 0.7909344556144974 6.07364557583532 0.0 1.0 1.0 1 0 0 0.0 1.0 0
cell 17.331704703445187 11.644540169657006 0.0 1.0 1.0 1 0 0 0.0 1.0 0
cell 38.999943812503254 12.035859024559084 0.0 1.0 1.0 1 0 0 0.0 1.0 0
cell 38.09108918272715 13.881923716539367 0.0 1.0 1.0 1 0 0 0.0 1.0 0
cell 30.292565748004222 28.452903719778014 0.0 1.0 1.0 1 0 0 0.0 1.0 0
cell 3.5289458552113198 38.18378941429875 0.0 1.0 1.0 1 0 0 0.0 1.0 0
cell 41.07279673161201 30.453745045850972 0.0 1.0 1.0 1 0 0 0.0 1.0 0
cell 40.90534393922239 24.344940405612093 0.0 1.0 1.0 1 0 0 0.0 1.0 0
cell 1.2144705481857112 16.85662592992234 0.0 1.0 1.0 1 0 0 0.0 1.0 0
cell 12.131197075575193 24.567343381823573 0.0 1.0 1.0 1 0 0 0.0 1.0 0
cell 37.559136321629985 36.509193078929975 0.0 1.0 1.0 1 0 0 0.0 1.0 0
cell 43.07868525156807 11.647472961248864 0.0 1.0 1.0 1 0 0 0.0 1.0 0
cell 1.5527290284415984 1.630959292529131 0.0 1.0 1.0 1 0 0 0.0 1.0 0
cell 12.043475707569872 10.564577451563721 0.0 1.0 1.0 1 0 0 0.0 1.0 0
cell 33.96995992794693 3.3825523395771055 0.0 1.0 1.0 1 0 0 0.0 1.0 0
cell 3.6890047458972566 20.06657224162225 0.0 1.0 1.0 1 0 0 0.0 1.0 0
cell 35.649538856587405 25.37895142106264 0.0 1.0 1.0 1 0 0 0.0 1.0 0
cell 25.05768322754807 37.6599356796564 0.0 1.0 1.0 1 0 0 0.0 1.0 0
cell 28.595087911566115 35.57136671945477 0.0 1.0 1.0 1 0 0 0.0 1.0 0
cell 5.305650678067719 43.16039998192489 0.0 1.0 1.0 1 0 0 0.0 1.0 0
cell 32.08762498539074 21.298680718308052 0.0 1.0 1.0 1 0 0 0.0 1.0 0
cell 25.971078343637064 18.048060047050434 0.0 1.0 1.0 1 0 0 0.0 1.0 0
cell 19.646254206300416 14.97527064397299 0.0 1.0 1.0 1 0 0 0.0 1.0 0
cell 5.195680565822644 28.98155503113258 0.0 1.0 1.0 1 0 0 0.0 1.0 0
cell 12.504023641340389 34.77537469569032 0.0 1.0 1.0 1 0 0 0.0 1.0 0
cell 30.39067347313733 1.437109043298055 0.0 1.0 1.0 1 0 0 0.0 1.0 0
cell 25.026254191834646 39.663545577813466 0.0 1.0 1.0 1 0 0 0.0 1.0 0
cell 14.490760997511414 13.883898642421402 0.0 1.0 1.0 1 0 0 0.0 1.0 0
cell 23.222490532674477 34.58968374673358 0.0 1.0 1.0 1 0 0 0.0 1.0 0
cell 31.9614250677767 14.224284772111826 0.0 1.0 1.0 1 0 0 0.0 1.0 0
cell 35.7097680217056 31.406910112923693 0.0 1.0 1.0 1 0 0 0.0 1.0 0
cell 7.116980365335733 0.9213817886502726 0.0 1.0 1.0 1 0 0 0.0 1.0 0
cell 14.143748910775516 29.63765183365431 0.0 1.0 1.0 1 0 0 0.0 1.0 0
cell 5.384886077670039 1.9227260698805408 0.0 1.0 1.0 1 0 0 0.0 1.0 0
cell 38.740580634328396 8.449992872074997 0.0 1.0 1.0 1 0 0 0.0 1.0 0
cell 14.038033249783089 10.256710496513115 0.0 1.0 1.0 1 0 0 0.0 1.0 0
cell 18.102950826711897 4.563056162940126 0.0 1.0 1.0 1 0 0 0.0 1.0 0
cell 13.82614001071229 23.5016396566346 0.0 1.0 1.0 1 0 0 0.0 1.0 0
cell 33.94244148613908 32.481618749528785 0.0 1.0 1.0 1 0 0 0.0 1.0 0
cell 23.51119882176922 11.168529740295579 0.0 1.0 1.0 1 0 0 0.0 1.0 0
