500
 Lattice="43.243446059915044 0.0 0.0 0.0 43.243446059915044 0.0 0.0 0.0 1.0"Properties=species:S:1:pos:R:3:aspherical_shape:R:3:orientation:R:4:Color:R:1
cell 5.738649840272995 38.81006150218622 0.0 1.0 1.0 1 0 0 0.0 1.0 0
cell 39.95218960446979 32.30283017288293 0.0 1.0 1.0 1 0 0 0.0 1.0 0
cell 15.093041058700553 18.203877028659928 0.0 1.0 1.0 1 0 0 0.0 1.0 0
cell 8.084917649241692 8.06743683400777 0.0 1.0 1.0 1 0 0 0.0 1.0 0
cell 31.210077608701187 25.981911412653492 0.0 1.0 1.0 1 0 0 0.0 1.0 0
cell 5.27066247535502 35.265199555652785 0.0 1.0 1.0 1 0 0 0.0 1.0 0
cell 13.860551924263653 37.91776587077784 0.0 1.0 1.0 1 0 0 0.0 1.0 0
cell 30.78525937892075 41.071529328292065 0.0 1.0 1.0 1 0 0 0.0 1.0 0
cell 13.928383760618358 16.53059951175006 0.0 1.0 1.0 1 0 0 0.0 1.0 0
cell 21.765340919711498 4.718837963261752 0.0 1.0 1.0 1 0 0 0.0 1.0 0
cell 42.261171354640474 10.622603765597898 0.0 1.0 1.0 1 0 0 0.0 1.0 0
cell 9.277822640026887 22.28997126531087 0.0 1.0 1.0 1 0 0 0.0 1.0 0
cell 11.563966131358914 25.691503381275933 0.0 1.0 1.0 1 0 0 0.0 1.0 0
cell 10.994257004653404 31.133814831896355 0.0 1.0 1.0 1 0 0 0.0 1.0 0
cell 31.671673391421063 8.04109959236705 0.0 1.0 1.0 1 0 0 0.0 1.0 0
cell 21.214090215956126 2.8024353656700463 0.0 1.0 1.0 1 0 0 0.0 1.0 0
cell 16.74967147116579 37.74879475338194 0.0 1.0 1.0 1 0 0 0.0 1.0 0
cell 35.056895586998415 34.52210283104681 0.0 1.0 1.0 1 0 0 0.0 1.0 0
cell 2.838132300889082 19.270950808406837 0.0 1.0 1.0 1 0 0 0.0 1.0 0
cell 38.77100100344094 5.513677749301129 0.0 1.0 1.0 1 0 0 0.0 1.0 0
cell 31.386709257894672 38.6783069200051 0.0 1.0 1.0 1 0 0 0.0 1.0 0
cell 10.195098795762258 32.979831405218015 0.0 1.0 1.0 1 0 0 0.0 1.0 0
cell 6.634536850664343 27.95763489789146 0.0 1.0 1.0 1 0 0 0.0 1.0 0
cell 22.48654473445866 32.02197552035677 0.0 1.0 1.0 1 0 0 0.0 1.0 0
cell 12.746186684416115 14.926543940776956 0.0 1.0 1.0 1 0 0 0.0 1.0 0
cell 23.614356177376578 21.157104716685534 0.0 1.0 1.0 1 0 0 0.0 1.0 0
cell 2.5016597014613646 15.672596748211744 0.0 1.0 1.0 1 0 0 0.0 1.0 0
cell 20.38480774209681 19.59693613164724 0.0 1.0 1.0 1 0 0 0.0 1.0 0
cell 15.287329058404266 1.2653446979140044 0.0 1.0 1.0 1 0 0 0.0 1.0 0
cell 37.652822653370244 28.966919035267313 0.0 1.0 1.0 1 0 0 0.0 1.0 0
cell 15.979543441766115 16.37593105358735 0.0 1.0 1.0 1 0 0 0.0 1.0 0
cell 13.717411982958415 2.7629985670389523 0.0 1.0 1.0 1 0 0 0.0 1.0 0
cell 20.64487352291044 36.558537617967836 0.0 1.0 1.0 1 0 0 0.0 1.0 0
cell 2.398012647880099 37.31410631542007 0.0 1.0 1.0 1 0 0 0.0 1.0 0
cell 17.477014341882345 21.631686130949156 0.0 1.0 1.0 1 0 0 0.0 1.0 0
cell 4.801567595398055 6.478322156774549 0.0 1.0 1.0 1 0 0 0.0 1.0 0
cell 31.742623706997932 20.58877900377931 0.0 1.0 1.0 1 0 0 0.0 1.0 0
cell 20.6792740434805 0.7960912156517007 0.0 1.0 1.0 1 0 0 0.0 1.0 0
cell 22.14049166927596 28.426578159751223 0.0 1.0 1.0 1 0 0 0.0 1.0 0
cell 1.369513598159981 13.968066530579225 0.0 1.0 1.0 1 0 0 0.0 1.0 0
cell 41.2577964527792 34.070422295545946 0.0 1.0 1.0 1 0 0 0.0 1.0 0
cell 10.362072083843398 11.53935012648904 0.0 1.0 1.0 1 0 0 0.0 1.0 0
cell 39.68227864138953 28.80755668292709 0.0 1.0 1.0 1 0 0 0.0 1.0 0
cell 34.902598659039775 9.489028497033084 0.0 1.0 1.0 1 0 0 0.0 1.0 0
cell 10.411309129624799 23.939773085438226 0.0 1.0 1.0 1 0 0 0.0 1.0 0
cell 8.145944613081147 33.19684379213559 0.0 1.0 1.0 1 0 0 0.0 1.0 0
cell 19.79313358739722 12.19754334815046 0.0 1.0 1.0 1 0 0 0.0 1.0 0
cell 18.07225274051933 16.2138414248599 0.0 1.0 1.0 1 0 0 0.0 1.0 0
cell 42.04449510710065 41.26619460056501 0.0 1.0 1.0 1 0 0 0.0 1.0 0
cell 13.059946666245004 30.92952432351431 0.0 1.0 1.0 1 0 0 0.0 1.0 0
cell 43.20295497897183 21.278601960049993 0.0 1.0 1.0 1 0 0 0.0 1.0 0
cell 2.821589591411944 31.869970910705366 0.0 1.0 1.0 1 0 0 0.0 1.0 0
cell 16.718238346477996 35.763443037093545 0.0 1.0 1.0 1 0 0 0.0 1.0 0
cell 40.5388085048923 26.899387493436738 0.0 1.0 1.0 1 0 0 0.0 1.0 0
cell 39.141167962774446 34.27198573670619 0.0 1.0 1.0 1 0 0 0.0 1.0 0
cell 19.764886243630283 4.268688600611009 0.0 1.0 1.0 1 0 0 0.0 1.0 0
cell 29.14101904981435 13.609497583831713 0.0 1.0 1.0 1 0 0 0.0 1.0 0
cell 17.168853171845996 30.49319713409486 0.0 1.0 1.0 1 0 0 0.0 1.0 0
cell 1.6603719433948447 30.153286953185983 0.0 1.0 1.0 1 0 0 0.0 1.0 0
cell 36.73511906770046 5.756136260810336 0.0 1.0 1.0 1 0 0 0.0 1.0 0
cell 0.8077019576146386 19.414948405771664 0.0 1.0 1.0 1 0 0 0.0 1.0 0
cell 41.704536088119944 3.5458153034902953 0.0 1.0 1.0 1 0 0 0.0 1.0 0
cell 35.62334016652156 29.140730918671135 0.0 1.0 1.0 1 0 0 0.0 1.0 0
cell 22.96948178571985 26.571439473545922 0.0 1.0 1.0 1 0 0 0.0 1.0 0
cell 30.01217990864005 11.786645473649845 0.0 1.0 1.0 1 0 0 0.0 1.0 0
cell 28.188106238417763 36.912109462996355 0.0 1.0 1.0 1 0 0 0.0 1.0 0
cell 29.407862789115836 42.52777005071662 0.0 1.0 1.0 1 0 0 0.0 1.0 0
cell 19.536812101818573 21.427867256973425 0.0 1.0 1.0 1 0 0 0.0 1.0 0
cell 35.883598014947964 20.218948320658434 0.0 1.0 1.0 1 0 0 0.0 1.0 0
cell 18.941002316791362 7.731491066013542 0.0 1.0 1.0 1 0 0 0.0 1.0 0
cell 42.83720264330681 17.689486399337756 0.0 1.0 1.0 1 0 0 0.0 1.0 0
cell 34.978922952447626 22.03516743543658 0.0 1.0 1.0 1 0 0 0.0 1.0 0
cell 5.4107642997607694 13.65593360639502 0.0 1.0 1.0 1 0 0 0.0 1.0 0
cell 37.19571657877483 0.2243706267609784 0.0 1.0 1.0 1 0 0 0.0 1.0 0
cell 3.682075507561965 4.77470059876715 0.0 1.0 1.0 1 0 0 0.0 1.0 0
cell 37.63524912301063 3.7606392510991093 0.0 1.0 1.0 1 0 0 0.0 1.0 0
cell 11.199399282283084 40.13069793936699 0.0 1.0 1.0 1 0 0 0.0 1.0 0
cell 21.48421161216878 40.59059759124396 0.0 1.0 1.0 1 0 0 0.0 1.0 0
cell 28.544662151157056 2.742596190545281 0.0 1.0 1.0 1 0 0 0.0 1.0 0
cell 28.790197070701215 40.56878972769364 0.0 1.0 1.0 1 0 0 0.0 1.0 0
cell 38.11701590458404 10.949887348757349 0.0 1.0 1.0 1 0 0 0.0 1.0 0
cell 27.385737064610424 17.351768927254525 0.0 1.0 1.0 1 0 0 0.0 1.0 0
cell 1.0439088529280276 10.434848524715767 0.0 1.0 1.0 1 0 0 0.0 1.0 0
cell 30.565805684271236 18.860711100213674 0.0 1.0 1.0 1 0 0 0.0 1.0 0
cell 25.369805995014975 17.49681233296236 0.0 1.0 1.0 1 0 0 0.0 1.0 0
cell 7.419704604152225 13.49000942789111 0.0 1.0 1.0 1 0 0 0.0 1.0 0
cell 39.39282591141679 25.226295006841855 0.0 1.0 1.0 1 0 0 0.0 1.0 0
cell 32.20642923598293 36.597275254903906 0.0 1.0 1.0 1 0 0 0.0 1.0 0
cell 32.31266861980616 15.163305882003488 0.0 1.0 1.0 1 0 0 0.0 1.0 0
cell 16.216288592444187 19.894225827939305 0.0 1.0 1.0 1 0 0 0.0 1.0 0
cell 42.571369653576525 26.78813150184459 0.0 1.0 1.0 1 0 0 0.0 1.0 0
cell 7.309443357828154 0.8798995263225858 0.0 1.0 1.0 1 0 0 0.0 1.0 0
cell 18.673996771489968 0.3105170544647021 0.0 1.0 1.0 1 0 0 0.0 1.0 0
cell 34.05636200365292 11.38205000946069 0.0 1.0 1.0 1 0 0 0.0 1.0 0
cell 32.6633678844056 40.31501523679872 0.0 1.0 1.0 1 0 0 0.0 1.0 0
cell 17.493189230575297 9.121950457607614 0.0 1.0 1.0 1 0 0 0.0 1.0 0
cell 39.24879378993525 12.708457080570373 0.0 1.0 1.0 1 0 0 0.0 1.0 0
cell 30.898615439873524 9.943712468997177 0.0 1.0 1.0 1 0 0 0.0 1.0 0
cell 37.872356467759154 7.42486450598311 0.0 1.0 1.0 1 0 0 0.0 1.0 0
cell 4.497510013310443 2.921436412195299 0.0 1.0 1.0 1 0 0 0.0 1.0 0
cell 31.015278835069363 34.88993269055646 0.0 1.0 1.0 1 0 0 0.0 1.0 0
cell 35.42616823081035 38.190526861142956 0.0 1.0 1.0 1 0 0 0.0 1.0 0
cell 25.424524526062076 41.57825813828355 0.0 1.0 1.0 1 0 0 0.0 1.0 0
cell 0.7475065703539293 6.924705838624346 0.0 1.0 1.0 1 0 0 0.0 1.0 0
cell 24.412158637961856 19.294864830374827 0.0 1.0 1.0 1 0 0 0.0 1.0 0
cell 25.79432866317556 5.743791021296701 0.0 1.0 1.0 1 0 0 0.0 1.0 0
cell 39.92293099994261 19.766980115007637 0.0 1.0 1.0 1 0 0 0.0 1.0 0
cell 39.975641634917075 41.394980972173144 0.0 1.0 1.0 1 0 0 0.0 1.0 0
cell 16.39214808044933 5.229783049473362 0.0 1.0 1.0 1 0 0 0.0 1.0 0
cell 23.43604869004004 41.08356275487212 0.0 1.0 1.0 1 0 0 0.0 1.0 0
cell 4.537260224348055 15.548024838201153 0.0 1.0 1.0 1 0 0 0.0 1.0 0
cell 5.7532534702954665 29.851381008447245 0.0 1.0 1.0 1 0 0 0.0 1.0 0
cell 36.72016909217165 39.82649496317835 0.0 1.0 1.0 1 0 0 0.0 1.0 0
cell 17.771688190401505 12.635926138889099 0.0 1.0 1.0 1 0 0 0.0 1.0 0
cell 15.624454630189863 25.28372498636889 0.0 1.0 1.0 1 0 0 0.0 1.0 0
cell 36.17083633125223 23.714212752836207 0.0 1.0 1.0 1 0 0 0.0 1.0 0
cell 15.356479451859084 21.746330838304846 0.0 1.0 1.0 1 0 0 0.0 1.0 0
cell 27.110577677371346 13.812064652505391 0.0 1.0 1.0 1 0 0 0.0 1.0 0
cell 13.302071145291668 21.948908279477394 0.0 1.0 1.0 1 0 0 0.0 1.0 0
cell 36.47195754198076 27.263703657464855 0.0 1.0 1.0 1 0 0 0.0 1.0 0
cell 24.54977215843017 37.59695875157886 0.0 1.0 1.0 1 0 0 0.0 1.0 0
cell 40.44533397476126 14.355947445249724 0.0 1.0 1.0 1 0 0 0.0 1.0 0
cell 30.514370450953475 3.270673784348494 0.0 1.0 1.0 1 0 0 0.0 1.0 0
cell 23.3277819892243 30.154409958433213 0.0 1.0 1.0 1 0 0 0.0 1.0 0
cell 12.729101252535163 27.324827914626894 0.0 1.0 1.0 1 0 0 0.0 1.0 0
cell 20.44485912337874 32.491355520513466 0.0 1.0 1.0 1 0 0 0.0 1.0 0
cell 7.848148489338258 4.368225712485678 0.0 1.0 1.0 1 0 0 0.0 1.0 0
cell 3.09858867376036 22.854855893281275 0.0 1.0 1.0 1 0 0 0.0 1.0 0
cell 22.688395058136575 36.827736507260504 0.0 1.0 1.0 1 0 0 0.0 1.0 0
cell 8.060639888736132 20.66702241269683 0.0 1.0 1.0 1 0 0 0.0 1.0 0
cell 6.891979719459421 31.53155192443891 0.0 1.0 1.0 1 0 0 0.0 1.0 0
cell 25.32539744510842 29.990779715975783 0.0 1.0 1.0 1 0 0 0.0 1.0 0
cell 25.130990072026318 3.7454051215607147 0.0 1.0 1.0 1 0 0 0.0 1.0 0
cell 36.724556465573684 18.306299566497643 0.0 1.0 1.0 1 0 0 0.0 1.0 0
cell 36.44096707922308 2.114699465617989 0.0 1.0 1.0 1 0 0 0.0 1.0 0
cell 10.662601091515327 15.047949028427494 0.0 1.0 1.0 1 0 0 0.0 1.0 0
cell 39.24030424015388 0.0012378917394639853 0.0 1.0 1.0 1 0 0 0.0 1.0 0
cell 23.61118788481991 33.701337298438304 0.0 1.0 1.0 1 0 0 0.0 1.0 0
cell 16.795269645236473 26.968427774347603 0.0 1.0 1.0 1 0 0 0.0 1.0 0
cell 25.92915464830694 12.179936719422788 0.0 1.0 1.0 1 0 0 0.0 1.0 0
cell 21.218933458408454 30.312089211807816 0.0 1.0 1.0 1 0 0 0.0 1.0 0
cell 2.844588231086715 40.90412893551055 0.0 1.0 1.0 1 0 0 0.0 1.0 0
cell 2.2342275315512277 24.722499209665763 0.0 1.0 1.0 1 0 0 0.0 1.0 0
cell 1.3322798787238428 26.65212819164871 0.0 1.0 1.0 1 0 0 0.0 1.0 0
cell 6.040245472769695 20.779746124146808 0.0 1.0 1.0 1 0 0 0.0 1.0 0
cell 34.26688118568161 36.41926765334782 0.0 1.0 1.0 1 0 0 0.0 1.0 0
cell 19.257585142515374 2.260118351885606 0.0 1.0 1.0 1 0 0 0.0 1.0 0
cell 20.961213606162637 26.62982283005948 0.0 1.0 1.0 1 0 0 0.0 1.0 0
cell 5.301935711743242 1.0304384841671403 0.0 1.0 1.0 1 0 0 0.0 1.0 0
cell 1.2672466082393754 1.4577842288233642 0.0 1.0 1.0 1 0 0 0.0 1.0 0
cell 41.94180794185463 7.0824707277018515 0.0 1.0 1.0 1 0 0 0.0 1.0 0
cell 32.67400655725286 31.150588339740406 0.0 1.0 1.0 1 0 0 0.0 1.0 0
cell 38.414088565756835 14.606299138324193 0.0 1.0 1.0 1 0 0 0.0 1.0 0
cell 6.917713387796617 18.97837672008578 0.0 1.0 1.0 1 0 0 0.0 1.0 0
cell 1.6714167388371266 17.554041643051473 0.0 1.0 1.0 1 0 0 0.0 1.0 0
cell 27.11312583741671 4.174100504563793 0.0 1.0 1.0 1 0 0 0.0 1.0 0
cell 9.223716687495683 9.830632915086916 0.0 1.0 1.0 1 0 0 0.0 1.0 0
cell 38.44814820239217 1.8839542712310304 0.0 1.0 1.0 1 0 0 0.0 1.0 0
cell 39.034187564224545 9.110052916835476 0.0 1.0 1.0 1 0 0 0.0 1.0 0
cell 11.31426515065988 22.059104286976744 0.0 1.0 1.0 1 0 0 0.0 1.0 0
cell 28.564866958609336 31.524490045076526 0.0 1.0 1.0 1 0 0 0.0 1.0 0
cell 8.925449977624542 18.776181706310147 0.0 1.0 1.0 1 0 0 0.0 1.0 0
cell 5.156327767512663 10.093876187610856 0.0 1.0 1.0 1 0 0 0.0 1.0 0
cell 12.203885784309048 7.903250685502193 0.0 1.0 1.0 1 0 0 0.0 1.0 0
cell 2.231268019414199 12.111991656482695 0.0 1.0 1.0 1 0 0 0.0 1.0 0
cell 6.115924819569559 42.35528988620584 0.0 1.0 1.0 1 0 0 0.0 1.0 0
cell 4.252119269973047 24.543610058357324 0.0 1.0 1.0 1 0 0 0.0 1.0 0
cell 35.196837985739386 0.409184774008794 0.0 1.0 1.0 1 0 0 0.0 1.0 0
cell 6.036823564902327 8.270876969649159 0.0 1.0 1.0 1 0 0 0.0 1.0 0
cell 37.57964760401901 16.44779411508863 0.0 1.0 1.0 1 0 0 0.0 1.0 0
cell 29.46035523666399 29.613156491026064 0.0 1.0 1.0 1 0 0 0.0 1.0 0
cell 9.367399280644678 0.610836126458798 0.0 1.0 1.0 1 0 0 0.0 1.0 0
cell 34.72414217103656 40.09368485811678 0.0 1.0 1.0 1 0 0 0.0 1.0 0
cell 18.29390925865155 19.793385678868024 0.0 1.0 1.0 1 0 0 0.0 1.0 0
cell 0.19794348627637712 24.88693081895428 0.0 1.0 1.0 1 0 0 0.0 1.0 0
cell 23.864564333904045 12.207047164956897 0.0 1.0 1.0 1 0 0 0.0 1.0 0
cell 17.514831681867037 39.624405308203315 0.0 1.0 1.0 1 0 0 0.0 1.0 0
cell 10.62668483672861 36.51124546780932 0.0 1.0 1.0 1 0 0 0.0 1.0 0
cell 34.721286045981216 30.991649647884863 0.0 1.0 1.0 1 0 0 0.0 1.0 0
cell 28.999919509164453 35.06499949803618 0.0 1.0 1.0 1 0 0 0.0 1.0 0
cell 41.114199280993695 21.471246534260487 0.0 1.0 1.0 1 0 0 0.0 1.0 0
cell 11.403502745213254 34.64885570073857 0.0 1.0 1.0 1 0 0 0.0 1.0 0
cell 10.965705296101182 18.58872501722175 0.0 1.0 1.0 1 0 0 0.0 1.0 0
cell 37.212424036198534 12.827626371507366 0.0 1.0 1.0 1 0 0 0.0 1.0 0
cell 14.745941941687768 27.155655544199142 0.0 1.0 1.0 1 0 0 0.0 1.0 0
cell 3.992541475213902 8.337990643440609 0.0 1.0 1.0 1 0 0 0.0 1.0 0
cell 29.111174500535217 4.733741740031327 0.0 1.0 1.0 1 0 0 0.0 1.0 0
cell 32.394575217745434 2.5306833650452583 0.0 1.0 1.0 1 0 0 0.0 1.0 0
cell 18.348291994484985 32.16328273347324 0.0 1.0 1.0 1 0 0 0.0 1.0 0
cell 13.341307047357509 39.89123973495739 0.0 1.0 1.0 1 0 0 0.0 1.0 0
cell 27.97375100464176 11.946570437313035 0.0 1.0 1.0 1 0 0 0.0 1.0 0
cell 17.150158245372598 18.067421340385245 0.0 1.0 1.0 1 0 0 0.0 1.0 0
cell 11.841170689408946 29.29568264055299 0.0 1.0 1.0 1 0 0 0.0 1.0 0
cell 27.35674531036093 29.813567032869386 0.0 1.0 1.0 1 0 0 0.0 1.0 0
cell 5.135544267648657 22.636730421607542 0.0 1.0 1.0 1 0 0 0.0 1.0 0
cell 3.1226256629390923 10.261349393158739 0.0 1.0 1.0 1 0 0 0.0 1.0 0
cell 16.886219361568934 14.536182327546411 0.0 1.0 1.0 1 0 0 0.0 1.0 0
cell 3.7340549867605346 17.43867070548285 0.0 1.0 1.0 1 0 0 0.0 1.0 0
cell 16.525818393474683 10.951362818791644 0.0 1.0 1.0 1 0 0 0.0 1.0 0
cell 7.310511652990634 35.08185838159824 0.0 1.0 1.0 1 0 0 0.0 1.0 0
cell 1.6571310333427467 39.24495762658466 0.0 1.0 1.0 1 0 0 0.0 1.0 0
cell 9.920166823583614 4.245064925921444 0.0 1.0 1.0 1 0 0 0.0 1.0 0
cell 29.744647258678803 20.73799220453897 0.0 1.0 1.0 1 0 0 0.0 1.0 0
cell 18.935503686991527 14.377647355389305 0.0 1.0 1.0 1 0 0 0.0 1.0 0
cell 10.13467253930067 20.408007474665965 0.0 1.0 1.0 1 0 0 0.0 1.0 0
cell 27.40857481469819 42.06628479304545 0.0 1.0 1.0 1 0 0 0.0 1.0 0
cell 40.48093493362851 1.8235894196569424 0.0 1.0 1.0 1 0 0 0.0 1.0 0
cell 13.607825032893624 13.08062439842764 0.0 1.0 1.0 1 0 0 0.0 1.0 0
cell 20.05791772951192 42.06611944336991 0.0 1.0 1.0 1 0 0 0.0 1.0 0
cell 42.3069588199386 23.173737847648233 0.0 1.0 1.0 1 0 0 0.0 1.0 0
cell 11.350948445712005 0.3836558002911011 0.0 1.0 1.0 1 0 0 0.0 1.0 0
cell 38.75296965765548 18.116319585502637 0.0 1.0 1.0 1 0 0 0.0 1.0 0
cell 10.167839119670317 7.967201842860928 0.0 1.0 1.0 1 0 0 0.0 1.0 0
cell 19.5047684133361 40.113474107067276 0.0 1.0 1.0 1 0 0 0.0 1.0 0
cell 40.7754908397504 17.93275345725266 0.0 1.0 1.0 1 0 0 0.0 1.0 0
cell 26.511430705739574 31.7023119622085 0.0 1.0 1.0 1 0 0 0.0 1.0 0
cell 36.96444966661553 9.245458209096713 0.0 1.0 1.0 1 0 0 0.0 1.0 0
cell 33.046780175350875 34.72312401657493 0.0 1.0 1.0 1 0 0 0.0 1.0 0
cell 42.856944439759914 30.330348750110705 0.0 1.0 1.0 1 0 0 0.0 1.0 0
cell 32.3884732865245 27.612620184481464 0.0 1.0 1.0 1 0 0 0.0 1.0 0
cell 37.025460802820575 21.88487820419309 0.0 1.0 1.0 1 0 0 0.0 1.0 0
cell 40.77559692123887 5.433363591849491 0.0 1.0 1.0 1 0 0 0.0 1.0 0
cell 35.2260545991847 13.077866237548248 0.0 1.0 1.0 1 0 0 0.0 1.0 0
cell 20.346823412719328 6.2273295724143 0.0 1.0 1.0 1 0 0 0.0 1.0 0
cell 33.46398902891484 16.817191734671493 0.0 1.0 1.0 1 0 0 0.0 1.0 0
cell 24.875117612449873 39.583377400652296 0.0 1.0 1.0 1 0 0 0.0 1.0 0
cell 30.247750066708562 36.791381004240655 0.0 1.0 1.0 1 0 0 0.0 1.0 0
cell 8.163128346012838 42.16825875475316 0.0 1.0 1.0 1 0 0 0.0 1.0 0
cell 8.349822568921406 24.14132441396103 0.0 1.0 1.0 1 0 0 0.0 1.0 0
cell 12.112763241471368 4.072592385190235 0.0 1.0 1.0 1 0 0 0.0 1.0 0
cell 41.9898409639697 32.15023570872519 0.0 1.0 1.0 1 0 0 0.0 1.0 0
cell 33.8301694930755 20.398080208175895 0.0 1.0 1.0 1 0 0 0.0 1.0 0
cell 2.482435592313706 3.1485212500751776 0.0 1.0 1.0 1 0 0 0.0 1.0 0
cell 8.999283481615695 40.3297898916907 0.0 1.0 1.0 1 0 0 0.0 1.0 0
cell 32.96205722162581 22.244833751034715 0.0 1.0 1.0 1 0 0 0.0 1.0 0
cell 22.3891690589918 19.429997834553674 0.0 1.0 1.0 1 0 0 0.0 1.0 0
cell 40.246108458414334 23.375316979707723 0.0 1.0 1.0 1 0 0 0.0 1.0 0
cell 39.66833348077711 3.7136955921509065 0.0 1.0 1.0 1 0 0 0.0 1.0 0
cell 32.64927369927351 18.679219289502715 0.0 1.0 1.0 1 0 0 0.0 1.0 0
cell 26.539875331894503 38.13737402128239 0.0 1.0 1.0 1 0 0 0.0 1.0 0
cell 38.4982884392902 27.11940243957613 0.0 1.0 1.0 1 0 0 0.0 1.0 0
cell 7.747445840972847 29.636524263364425 0.0 1.0 1.0 1 0 0 0.0 1.0 0
cell 20.70869452854666 23.12951157437359 0.0 1.0 1.0 1 0 0 0.0 1.0 0
cell 18.949391449541462 26.78244865852646 0.0 1.0 1.0 1 0 0 0.0 1.0 0
cell 21.817150395624267 12.385647974066371 0.0 1.0 1.0 1 0 0 0.0 1.0 0
cell 14.226443782917487 20.054439937190214 0.0 1.0 1.0 1 0 0 0.0 1.0 0
cell 23.876278497306146 24.750042837090312 0.0 1.0 1.0 1 0 0 0.0 1.0 0
cell 22.116845556348185 15.92864029296993 0.0 1.0 1.0 1 0 0 0.0 1.0 0
cell 35.26254657078464 25.588430897631746 0.0 1.0 1.0 1 0 0 0.0 1.0 0
cell 33.92595007527296 41.941016603971796 0.0 1.0 1.0 1 0 0 0.0 1.0 0
cell 24.79000864235496 35.57277254779145 0.0 1.0 1.0 1 0 0 0.0 1.0 0
cell 31.378986751215486 42.99035546352308 0.0 1.0 1.0 1 0 0 0.0 1.0 0
cell 16.494519316116925 23.42780198767151 0.0 1.0 1.0 1 0 0 0.0 1.0 0
cell 26.849113402527415 40.11634368382643 0.0 1.0 1.0 1 0 0 0.0 1.0 0
cell 22.624998741158 1.3206855550717405 0.0 1.0 1.0 1 0 0 0.0 1.0 0
cell 6.554808725760254 2.8468353299682385 0.0 1.0 1.0 1 0 0 0.0 1.0 0
cell 8.294134235838007 11.687808566988167 0.0 1.0 1.0 1 0 0 0.0 1.0 0
cell 41.72890006167009 28.672272124856107 0.0 1.0 1.0 1 0 0 0.0 1.0 0
cell 8.874305419004688 6.140714492340741 0.0 1.0 1.0 1 0 0 0.0 1.0 0
cell 33.590280841977105 29.284826027759415 0.0 1.0 1.0 1 0 0 0.0 1.0 0
cell 3.3039930186068163 1.2625218540380025 0.0 1.0 1.0 1 0 0 0.0 1.0 0
cell 18.663007958300344 23.30064590656622 0.0 1.0 1.0 1 0 0 0.0 1.0 0
cell 30.08213583007729 24.27593856868229 0.0 1.0 1.0 1 0 0 0.0 1.0 0
cell 26.846343976325226 22.761950132497923 0.0 1.0 1.0 1 0 0 0.0 1.0 0
cell 4.45445800237104 37.14272506380767 0.0 1.0 1.0 1 0 0 0.0 1.0 0
cell 29.79181689605931 33.193154728997406 0.0 1.0 1.0 1 0 0 0.0 1.0 0
cell 27.783506947126526 6.265670755337871 0.0 1.0 1.0 1 0 0 0.0 1.0 0
cell 12.626522172922375 36.27158356812856 0.0 1.0 1.0 1 0 0 0.0 1.0 0
cell 17.279453289703323 1.7812028644898208 0.0 1.0 1.0 1 0 0 0.0 1.0 0
cell 8.584878250820351 2.4958646477675477 0.0 1.0 1.0 1 0 0 0.0 1.0 0
cell 11.871250497322785 38.23848798411758 0.0 1.0 1.0 1 0 0 0.0 1.0 0
cell 4.103943237009661 33.55984775140637 0.0 1.0 1.0 1 0 0 0.0 1.0 0
cell 28.867825484305154 10.123301024698405 0.0 1.0 1.0 1 0 0 0.0 1.0 0
cell 37.3397364065747 25.47631751678057 0.0 1.0 1.0 1 0 0 0.0 1.0 0
cell 20.901150516858976 38.600387560542664 0.0 1.0 1.0 1 0 0 0.0 1.0 0
cell 26.19426697047466 28.110649724451612 0.0 1.0 1.0 1 0 0 0.0 1.0 0
cell 29.634578317919907 8.273295442740409 0.0 1.0 1.0 1 0 0 0.0 1.0 0
cell 26.507458591319537 19.208321916239044 0.0 1.0 1.0 1 0 0 0.0 1.0 0
cell 24.011081882527055 43.0710839895512 0.0 1.0 1.0 1 0 0 0.0 1.0 0
cell 14.452870416068004 4.673309488694306 0.0 1.0 1.0 1 0 0 0.0 1.0 0
cell 19.186902188090915 30.344147217422467 0.0 1.0 1.0 1 0 0 0.0 1.0 0
cell 9.489106459911701 13.39122664727078 0.0 1.0 1.0 1 0 0 0.0 1.0 0
cell 5.491990470302328 26.245260313070766 0.0 1.0 1.0 1 0 0 0.0 1.0 0
cell 30.585811516488576 31.29096852459559 0.0 1.0 1.0 1 0 0 0.0 1.0 0
cell 35.64640924920196 4.054286885989797 0.0 1.0 1.0 1 0 0 0.0 1.0 0
cell 38.29643433758901 36.096210605022165 0.0 1.0 1.0 1 0 0 0.0 1.0 0
cell 16.105617714743747 41.1070436067068 0.0 1.0 1.0 1 0 0 0.0 1.0 0
cell 15.726877450257149 12.829006057770282 0.0 1.0 1.0 1 0 0 0.0 1.0 0
cell 14.691028741803947 36.05694893148337 0.0 1.0 1.0 1 0 0 0.0 1.0 0
cell 35.724804103479876 7.6368670425416285 0.0 1.0 1.0 1 0 0 0.0 1.0 0
cell 21.974315329195743 34.91898342736989 0.0 1.0 1.0 1 0 0 0.0 1.0 0
cell 34.44052716563704 27.427358760274057 0.0 1.0 1.0 1 0 0 0.0 1.0 0
cell 2.0581621521075317 33.72963997042782 0.0 1.0 1.0 1 0 0 0.0 1.0 0
cell 9.366037194794078 34.882648211752894 0.0 1.0 1.0 1 0 0 0.0 1.0 0
cell 25.05075160409661 13.940879925933844 0.0 1.0 1.0 1 0 0 0.0 1.0 0
cell 21.204639227699854 17.779487409251274 0.0 1.0 1.0 1 0 0 0.0 1.0 0
cell 7.004845611101443 40.515387441611075 0.0 1.0 1.0 1 0 0 0.0 1.0 0
cell 0.4771701089680232 3.3191845532995727 0.0 1.0 1.0 1 0 0 0.0 1.0 0
cell 3.6812299131228663 29.989545937981898 0.0 1.0 1.0 1 0 0 0.0 1.0 0
cell 40.847033280772784 30.484156045862377 0.0 1.0 1.0 1 0 0 0.0 1.0 0
cell 27.702362283725165 20.909317779335897 0.0 1.0 1.0 1 0 0 0.0 1.0 0
cell 16.85449578544138 7.2271693526992165 0.0 1.0 1.0 1 0 0 0.0 1.0 0
cell 25.652419519189873 8.673977396737621 0.0 1.0 1.0 1 0 0 0.0 1.0 0
cell 31.17894231199266 13.42956537966042 0.0 1.0 1.0 1 0 0 0.0 1.0 0
cell 3.2402593211256976 35.38786582473728 0.0 1.0 1.0 1 0 0 0.0 1.0 0
cell 14.270555884221377 32.518416129873785 0.0 1.0 1.0 1 0 0 0.0 1.0 0
cell 3.997400897473083 20.960847092228352 0.0 1.0 1.0 1 0 0 0.0 1.0 0
cell 2.5187651079585187 28.28200198264229 0.0 1.0 1.0 1 0 0 0.0 1.0 0
cell 37.90984834016355 20.042651578764406 0.0 1.0 1.0 1 0 0 0.0 1.0 0
cell 29.955832611562922 1.2871130772128798 0.0 1.0 1.0 1 0 0 0.0 1.0 0
cell 27.646819381830475 8.286843479252456 0.0 1.0 1.0 1 0 0 0.0 1.0 0
cell 3.451267111575515 26.467242274186837 0.0 1.0 1.0 1 0 0 0.0 1.0 0
cell 7.5107651497473675 25.96875733767503 0.0 1.0 1.0 1 0 0 0.0 1.0 0
cell 34.425160004077156 2.2944265203098557 0.0 1.0 1.0 1 0 0 0.0 1.0 0
cell 9.826978752752266 38.410146375084196 0.0 1.0 1.0 1 0 0 0.0 1.0 0
cell 32.058047863586566 11.593795267636752 0.0 1.0 1.0 1 0 0 0.0 1.0 0
cell 19.848040332369322 24.987452067374235 0.0 1.0 1.0 1 0 0 0.0 1.0 0
cell 40.333964061206785 35.9165646639594 0.0 1.0 1.0 1 0 0 0.0 1.0 0
cell 4.872052938411736 19.08564457052091 0.0 1.0 1.0 1 0 0 0.0 1.0 0
cell 1.9653363799207357 21.175147510308527 0.0 1.0 1.0 1 0 0 0.0 1.0 0
cell 20.08739426793279 16.058447541043158 0.0 1.0 1.0 1 0 0 0.0 1.0 0
cell 1.6354137729915565 5.044868155639822 0.0 1.0 1.0 1 0 0 0.0 1.0 0
cell 12.486005078156206 11.33639343865411 0.0 1.0 1.0 1 0 0 0.0 1.0 0
cell 36.43151131239995 14.725286207322387 0.0 1.0 1.0 1 0 0 0.0 1.0 0
cell 15.428523341306057 34.14498330821556 0.0 1.0 1.0 1 0 0 0.0 1.0 0
cell 0.015794591970495625 33.956674472343224 0.0 1.0 1.0 1 0 0 0.0 1.0 0
cell 29.33078069402816 38.588693602782385 0.0 1.0 1.0 1 0 0 0.0 1.0 0
cell 31.516163246969093 29.471466098775267 0.0 1.0 1.0 1 0 0 0.0 1.0 0
cell 31.44290209845114 16.988678380679357 0.0 1.0 1.0 1 0 0 0.0 1.0 0
cell 9.803534031298446 29.414156142025572 0.0 1.0 1.0 1 0 0 0.0 1.0 0
cell 4.137013449007979 42.60522934054444 0.0 1.0 1.0 1 0 0 0.0 1.0 0
cell 37.92502044764764 32.49888280297981 0.0 1.0 1.0 1 0 0 0.0 1.0 0
cell 15.087139941101137 30.66409496075112 0.0 1.0 1.0 1 0 0 0.0 1.0 0
cell 19.96822189832947 34.499963646211384 0.0 1.0 1.0 1 0 0 0.0 1.0 0
cell 34.39069404763584 14.957777361812715 0.0 1.0 1.0 1 0 0 0.0 1.0 0
cell 10.928684376792667 2.346206814081925 0.0 1.0 1.0 1 0 0 0.0 1.0 0
cell 31.834959611689968 32.99584682759114 0.0 1.0 1.0 1 0 0 0.0 1.0 0
cell 34.66947354718807 18.525017716047017 0.0 1.0 1.0 1 0 0 0.0 1.0 0
cell 25.609123069915782 21.019575751022973 0.0 1.0 1.0 1 0 0 0.0 1.0 0
cell 14.497698999317569 23.603029128376665 0.0 1.0 1.0 1 0 0 0.0 1.0 0
cell 28.28811795627681 27.95702895678387 0.0 1.0 1.0 1 0 0 0.0 1.0 0
cell 14.889795917853322 6.727894665439959 0.0 1.0 1.0 1 0 0 0.0 1.0 0
cell 28.521879234177575 19.061255969652816 0.0 1.0 1.0 1 0 0 0.0 1.0 0
cell 34.15524291390029 23.888692433749412 0.0 1.0 1.0 1 0 0 0.0 1.0 0
cell 21.856981321400756 24.855112303321835 0.0 1.0 1.0 1 0 0 0.0 1.0 0
cell 33.418678656182344 38.26145486916931 0.0 1.0 1.0 1 0 0 0.0 1.0 0
cell 9.7990472533785 16.90044826463641 0.0 1.0 1.0 1 0 0 0.0 1.0 0
cell 0.15790872026948355 12.35073483458348 0.0 1.0 1.0 1 0 0 0.0 1.0 0
cell 7.761455716872712 17.02557412882597 0.0 1.0 1.0 1 0 0 0.0 1.0 0
cell 26.933801831245958 35.24227925551303 0.0 1.0 1.0 1 0 0 0.0 1.0 0
cell 40.137806316020736 10.799063109804479 0.0 1.0 1.0 1 0 0 0.0 1.0 0
cell 23.30401729862277 17.616050382817324 0.0 1.0 1.0 1 0 0 0.0 1.0 0
cell 39.082693429660594 21.695403126101347 0.0 1.0 1.0 1 0 0 0.0 1.0 0
cell 30.276668149358894 15.323918856056485 0.0 1.0 1.0 1 0 0 0.0 1.0 0
cell 33.59114231752807 4.154145111984453 0.0 1.0 1.0 1 0 0 0.0 1.0 0
cell 26.57105070291492 2.2355388096608717 0.0 1.0 1.0 1 0 0 0.0 1.0 0
cell 33.210002168215475 13.297764222974626 0.0 1.0 1.0 1 0 0 0.0 1.0 0
cell 5.753396666985502 17.21333670875019 0.0 1.0 1.0 1 0 0 0.0 1.0 0
cell 30.33057406292249 6.3524339309326185 0.0 1.0 1.0 1 0 0 0.0 1.0 0
cell 33.20299173997341 0.6393621947932959 0.0 1.0 1.0 1 0 0 0.0 1.0 0
cell 17.67556512479058 25.164580451073892 0.0 1.0 1.0 1 0 0 0.0 1.0 0
cell 15.931466873968851 28.841757764888367 0.0 1.0 1.0 1 0 0 0.0 1.0 0
cell 17.83222485820941 3.749335898970803 0.0 1.0 1.0 1 0 0 0.0 1.0 0
cell 38.774159942806385 39.678085899267785 0.0 1.0 1.0 1 0 0 0.0 1.0 0
cell 0.803254815506893 41.08222736700283 0.0 1.0 1.0 1 0 0 0.0 1.0 0
cell 41.08768778912803 8.957035697078103 0.0 1.0 1.0 1 0 0 0.0 1.0 0
cell 17.96962929200531 28.611917047314943 0.0 1.0 1.0 1 0 0 0.0 1.0 0
cell 15.84933115466547 3.2106099138884847 0.0 1.0 1.0 1 0 0 0.0 1.0 0
cell 30.366452153485653 27.793458654499137 0.0 1.0 1.0 1 0 0 0.0 1.0 0
cell 39.92276631764935 7.270909066080842 0.0 1.0 1.0 1 0 0 0.0 1.0 0
cell 41.99712101654726 19.638130912516488 0.0 1.0 1.0 1 0 0 0.0 1.0 0
cell 18.34805732317933 5.765412557732094 0.0 1.0 1.0 1 0 0 0.0 1.0 0
cell 41.37146016589418 12.498052546064224 0.0 1.0 1.0 1 0 0 0.0 1.0 0
cell 19.329537872137173 10.135256782707616 0.0 1.0 1.0 1 0 0 0.0 1.0 0
cell 24.24978570946174 7.18228686518034 0.0 1.0 1.0 1 0 0 0.0 1.0 0
cell 22.891980917411995 8.760734566444754 0.0 1.0 1.0 1 0 0 0.0 1.0 0
cell 20.903655790024406 8.35564774236024 0.0 1.0 1.0 1 0 0 0.0 1.0 0
cell 22.729066705929963 23.006915483929117 0.0 1.0 1.0 1 0 0 0.0 1.0 0
cell 13.349220749534963 0.7773204969646224 0.0 1.0 1.0 1 0 0 0.0 1.0 0
cell 5.728283203862411 4.66940069858085 0.0 1.0 1.0 1 0 0 0.0 1.0 0
cell 38.182819242725216 23.574540174351675 0.0 1.0 1.0 1 0 0 0.0 1.0 0
cell 22.987621656694582 14.07271466201764 0.0 1.0 1.0 1 0 0 0.0 1.0 0
cell 39.47280274517296 37.79183814364788 0.0 1.0 1.0 1 0 0 0.0 1.0 0
cell 24.98959692978537 26.414273714119478 0.0 1.0 1.0 1 0 0 0.0 1.0 0
cell 33.868708723103495 32.80365242768584 0.0 1.0 1.0 1 0 0 0.0 1.0 0
cell 16.26940205447727 32.324990216881034 0.0 1.0 1.0 1 0 0 0.0 1.0 0
cell 17.976577551374092 34.152057818963186 0.0 1.0 1.0 1 0 0 0.0 1.0 0
cell 38.80968817544135 30.649226094447386 0.0 1.0 1.0 1 0 0 0.0 1.0 0
cell 37.082929033451755 34.412874599374575 0.0 1.0 1.0 1 0 0 0.0 1.0 0
cell 1.1928699337052249 35.61102468855382 0.0 1.0 1.0 1 0 0 0.0 1.0 0
cell 41.616053580846916 16.09822618494183 0.0 1.0 1.0 1 0 0 0.0 1.0 0
cell 42.40884732830472 35.813766351829145 0.0 1.0 1.0 1 0 0 0.0 1.0 0
cell 27.99497640773104 24.39326163680174 0.0 1.0 1.0 1 0 0 0.0 1.0 0
cell 42.84938128739539 39.40102665777135 0.0 1.0 1.0 1 0 0 0.0 1.0 0
cell 19.20162592876594 17.931438338377507 0.0 1.0 1.0 1 0 0 0.0 1.0 0
cell 11.563020226249158 13.214750863905433 0.0 1.0 1.0 1 0 0 0.0 1.0 0
cell 20.09337605284382 28.509786502695647 0.0 1.0 1.0 1 0 0 0.0 1.0 0
cell 14.521829220058681 11.218051167113554 0.0 1.0 1.0 1 0 0 0.0 1.0 0
cell 28.864266858354085 22.581276637834204 0.0 1.0 1.0 1 0 0 0.0 1.0 0
cell 22.05163842177842 42.54498749237328 0.0 1.0 1.0 1 0 0 0.0 1.0 0
cell 1.0587064073948091 23.052425441595023 0.0 1.0 1.0 1 0 0 0.0 1.0 0
cell 13.069843769807138 18.366044778041648 0.0 1.0 1.0 1 0 0 0.0 1.0 0
cell 32.10182121347428 24.04238892505497 0.0 1.0 1.0 1 0 0 0.0 1.0 0
cell 12.161510644285961 20.202409782491486 0.0 1.0 1.0 1 0 0 0.0 1.0 0
cell 42.49406106638547 1.6171179946286898 0.0 1.0 1.0 1 0 0 0.0 1.0 0
cell 4.622180737231585 28.126056108063747 0.0 1.0 1.0 1 0 0 0.0 1.0 0
cell 6.1052198125069115 33.37780565703057 0.0 1.0 1.0 1 0 0 0.0 1.0 0
cell 10.863731663001525 6.020130648417379 0.0 1.0 1.0 1 0 0 0.0 1.0 0
cell 22.887690390133702 39.08079384139771 0.0 1.0 1.0 1 0 0 0.0 1.0 0
cell 10.215178711403897 41.96362068351641 0.0 1.0 1.0 1 0 0 0.0 1.0 0
cell 3.676994069260629 39.0422705424977 0.0 1.0 1.0 1 0 0 0.0 1.0 0
cell 33.24417758564786 25.775000850269933 0.0 1.0 1.0 1 0 0 0.0 1.0 0
cell 13.883003372145465 29.02636468643307 0.0 1.0 1.0 1 0 0 0.0 1.0 0
cell 26.209641715255124 15.658987993451577 0.0 1.0 1.0 1 0 0 0.0 1.0 0
cell 13.437120321093676 9.50318311043219 0.0 1.0 1.0 1 0 0 0.0 1.0 0
cell 0.5008285953139032 28.50790169013945 0.0 1.0 1.0 1 0 0 0.0 1.0 0
cell 24.749473965179227 22.87248816406958 0.0 1.0 1.0 1 0 0 0.0 1.0 0
cell 37.46579960848221 37.92983350050447 0.0 1.0 1.0 1 0 0 0.0 1.0 0
cell 21.673641032690632 10.354690424142632 0.0 1.0 1.0 1 0 0 0.0 1.0 0
cell 0.420208802139894 15.823885232839345 0.0 1.0 1.0 1 0 0 0.0 1.0 0
cell 34.57209629238332 5.979158191024525 0.0 1.0 1.0 1 0 0 0.0 1.0 0
cell 4.924207510695623 40.66729001208448 0.0 1.0 1.0 1 0 0 0.0 1.0 0
cell 40.81004095917748 39.52964112038856 0.0 1.0 1.0 1 0 0 0.0 1.0 0
cell 6.53270296621598 15.343914925669331 0.0 1.0 1.0 1 0 0 0.0 1.0 0
cell 24.29114574806851 10.2482946870348 0.0 1.0 1.0 1 0 0 0.0 1.0 0
cell 15.322720292119953 8.81097268038586 0.0 1.0 1.0 1 0 0 0.0 1.0 0
cell 7.754406702279252 38.633663822662754 0.0 1.0 1.0 1 0 0 0.0 1.0 0
cell 18.881415970869732 38.09872989410314 0.0 1.0 1.0 1 0 0 0.0 1.0 0
cell 12.319853216446706 41.79509815983216 0.0 1.0 1.0 1 0 0 0.0 1.0 0
cell 25.975245213707463 0.3031394487825068 0.0 1.0 1.0 1 0 0 0.0 1.0 0
cell 7.211697224887599 9.949246196267508 0.0 1.0 1.0 1 0 0 0.0 1.0 0
cell 12.894410559599308 5.99082653260147 0.0 1.0 1.0 1 0 0 0.0 1.0 0
cell 0.36720380631607574 37.483370490442134 0.0 1.0 1.0 1 0 0 0.0 1.0 0
cell 10.699047533758055 27.574498173958638 0.0 1.0 1.0 1 0 0 0.0 1.0 0
cell 18.083289763001467 41.58964032952705 0.0 1.0 1.0 1 0 0 0.0 1.0 0
cell 27.080550326355056 26.25071596745532 0.0 1.0 1.0 1 0 0 0.0 1.0 0
cell 35.913978978872215 32.69026334025141 0.0 1.0 1.0 1 0 0 0.0 1.0 0
cell 11.249691078686455 9.728599276781841 0.0 1.0 1.0 1 0 0 0.0 1.0 0
cell 14.84425208409524 14.695065486395597 0.0 1.0 1.0 1 0 0 0.0 1.0 0
cell 41.270920329628844 43.191723617508444 0.0 1.0 1.0 1 0 0 0.0 1.0 0
cell 41.44572502831943 25.00751034290026 0.0 1.0 1.0 1 0 0 0.0 1.0 0
cell 12.214099402597975 32.776378806680455 0.0 1.0 1.0 1 0 0 0.0 1.0 0
cell 24.591245264286894 1.7874485774144055 0.0 1.0 1.0 1 0 0 0.0 1.0 0
cell 24.143545804633685 28.263656065954734 0.0 1.0 1.0 1 0 0 0.0 1.0 0
cell 1.9715442873680928 8.574193745520466 0.0 1.0 1.0 1 0 0 0.0 1.0 0
cell 2.7882043532238625 6.715660972240998 0.0 1.0 1.0 1 0 0 0.0 1.0 0
cell 8.93188739788165 31.300609687632278 0.0 1.0 1.0 1 0 0 0.0 1.0 0
cell 25.657054833443276 33.58079104939086 0.0 1.0 1.0 1 0 0 0.0 1.0 0
cell 24.48811948503918 31.885780746899275 0.0 1.0 1.0 1 0 0 0.0 1.0 0
cell 8.663509219456103 27.696901000457338 0.0 1.0 1.0 1 0 0 0.0 1.0 0
cell 29.392146539221283 17.15309059791822 0.0 1.0 1.0 1 0 0 0.0 1.0 0
cell 3.3439661658675304 13.825504887777743 0.0 1.0 1.0 1 0 0 0.0 1.0 0
cell 27.97518710265765 0.7650409989560295 0.0 1.0 1.0 1 0 0 0.0 1.0 0
cell 8.64902564331938 15.222107736097472 0.0 1.0 1.0 1 0 0 0.0 1.0 0
cell 36.253376171669956 36.238368486110176 0.0 1.0 1.0 1 0 0 0.0 1.0 0
cell 13.583038917594916 25.48711644535742 0.0 1.0 1.0 1 0 0 0.0 1.0 0
cell 32.897411120744344 9.708681348341898 0.0 1.0 1.0 1 0 0 0.0 1.0 0
cell 6.274631404914207 11.808622191322243 0.0 1.0 1.0 1 0 0 0.0 1.0 0
cell 25.92742815711378 24.549963896706924 0.0 1.0 1.0 1 0 0 0.0 1.0 0
cell 39.59193448327903 16.278759493114123 0.0 1.0 1.0 1 0 0 0.0 1.0 0
cell 26.780383989795336 10.3256941245634 0.0 1.0 1.0 1 0 0 0.0 1.0 0
cell 0.06937098614564711 42.96179184791829 0.0 1.0 1.0 1 0 0 0.0 1.0 0
cell 2.133474125329553 42.82429290672286 0.0 1.0 1.0 1 0 0 0.0 1.0 0
cell 20.969614017429773 14.2502661625721 0.0 1.0 1.0 1 0 0 0.0 1.0 0
cell 23.74591183945342 5.2250102419247035 0.0 1.0 1.0 1 0 0 0.0 1.0 0
cell 9.505579973846935 25.763587505516323 0.0 1.0 1.0 1 0 0 0.0 1.0 0
cell 36.092177436860574 11.09617257444871 0.0 1.0 1.0 1 0 0 0.0 1.0 0
cell 29.145795677206955 26.112858959098798 0.0 1.0 1.0 1 0 0 0.0 1.0 0
cell 43.112255202102425 8.729980643597099 0.0 1.0 1.0 1 0 0 0.0 1.0 0
cell 24.15692912465009 15.784557579568721 0.0 1.0 1.0 1 0 0 0.0 1.0 0
cell 42.8117285598972 5.2615367951029075 0.0 1.0 1.0 1 0 0 0.0 1.0 0
cell 4.289068974256615 11.965659470483635 0.0 1.0 1.0 1 0 0 0.0 1.0 0
cell 11.87186668632535 16.76177761533004 0.0 1.0 1.0 1 0 0 0.0 1.0 0
cell 14.429187827119053 42.26097426718081 0.0 1.0 1.0 1 0 0 0.0 1.0 0
cell 4.878318381564164 31.66662025272942 0.0 1.0 1.0 1 0 0 0.0 1.0 0
cell 36.75741516949383 30.840820332382066 0.0 1.0 1.0 1 0 0 0.0 1.0 0
cell 15.39334691262204 39.23945076149308 0.0 1.0 1.0 1 0 0 0.0 1.0 0
cell 35.939747324141855 41.771165192377836 0.0 1.0 1.0 1 0 0 0.0 1.0 0
cell 22.27659374661066 6.782866691060496 0.0 1.0 1.0 1 0 0 0.0 1.0 0
cell 41.555522374538974 37.63941868884763 0.0 1.0 1.0 1 0 0 0.0 1.0 0
cell 30.903890033883094 22.4175162991503 0.0 1.0 1.0 1 0 0 0.0 1.0 0
cell 6.305247634624151 24.36004645215202 0.0 1.0 1.0 1 0 0 0.0 1.0 0
cell 31.729497522254313 4.927080652060193 0.0 1.0 1.0 1 0 0 0.0 1.0 0
cell 28.22857740638565 15.505220094779496 0.0 1.0 1.0 1 0 0 0.0 1.0 0
cell 16.69672351473391 43.07866127580557 0.0 1.0 1.0 1 0 0 0.0 1.0 0
cell 6.595422996244972 36.96427646060443 0.0 1.0 1.0 1 0 0 0.0 1.0 0
cell 42.527133118710175 14.188227446207375 0.0 1.0 1.0 1 0 0 0.0 1.0 0
cell 37.95316900552718 41.582504598026176 0.0 1.0 1.0 1 0 0 0.0 1.0 0
cell 12.444099825637455 23.753968283655365 0.0 1.0 1.0 1 0 0 0.0 1.0 0
cell 27.69364501117493 33.3758257165698 0.0 1.0 1.0 1 0 0 0.0 1.0 0
cell 0.7844656079874966 32.003410700969155 0.0 1.0 1.0 1 0 0 0.0 1.0 0
cell 7.185186022793321 22.473588952511335 0.0 1.0 1.0 1 0 0 0.0 1.0 0
cell 33.7108956045924 7.842003870028899 0.0 1.0 1.0 1 0 0 0.0 1.0 0
cell 13.42657483009904 34.43110770413652 0.0 1.0 1.0 1 0 0 0.0 1.0 0
cell 35.53925744296413 16.599440702714936 0.0 1.0 1.0 1 0 0 0.0 1.0 0
cell 21.583343160028647 21.287356918378084 0.0 1.0 1.0 1 0 0 0.0 1.0 0
cell 23.17423919690598 3.27072397769921 0.0 1.0 1.0 1 0 0 0.0 1.0 0
cell 8.567253341312906 36.752784681352495 0.0 1.0 1.0 1 0 0 0.0 1.0 0
cell 18.697723867700603 36.064635172484756 0.0 1.0 1.0 1 0 0 0.0 1.0 0
cell 6.840082493093388 6.414239603896902 0.0 1.0 1.0 1 0 0 0.0 1.0 0
