500
 Lattice="46.07274399156211 0.0 0.0 0.0 46.07274399156211 0.0 0.0 0.0 1.0"Properties=species:S:1:pos:R:3:aspherical_shape:R:3:orientation:R:4:Color:R:1
cell 26.506047715996537 18.150808515705833 0.0 2.23606797749979 0.4472135954999579 1 0 0 0.5572917140943434 -0.8303167741300839 5.1009443755711095
cell 17.638668870959837 40.066491222420424 0.0 2.23606797749979 0.4472135954999579 1 0 0 0.9078392866862439 0.41931829145532373 2.2762041006155846
cell 30.3105960235011 5.855935885305926 0.0 2.23606797749979 0.4472135954999579 1 0 0 0.5232920085651699 -0.8521534332336109 5.181766201342595
cell 42.993033153786534 21.723864747235734 0.0 2.23606797749979 0.4472135954999579 1 0 0 0.5670239214170093 -0.8237013248386076 5.077408732236897
cell 14.715671521925474 35.77995024444474 0.0 2.23606797749979 0.4472135954999579 1 0 0 0.5309193783815063 -0.8474223348832594 5.163815089650153
cell 4.429080213664433 21.080612552762478 0.0 2.23606797749979 0.4472135954999579 1 0 0 0.9057627232143727 0.4237851923265886 2.266352122476405
cell 6.664105920589568 40.759594650715435 0.0 2.23606797749979 0.4472135954999579 1 0 0 0.5491423858003972 -0.8357288077585023 5.120509898603357
cell 24.612212570494815 2.820866391526212 0.0 2.23606797749979 0.4472135954999579 1 0 0 0.5042863758039658 -0.8635364793559687 5.226074570290884
cell 7.511183915912581 5.939334578204482 0.0 2.23606797749979 0.4472135954999579 1 0 0 0.5588595178498206 -0.8292623464915467 5.097165578237263
cell 2.3242736996317728 28.66739704556429 0.0 2.23606797749979 0.4472135954999579 1 0 0 0.4529785397660308 -0.8915214201080277 5.3429783531795705
cell 1.6120325257555643 19.53714288889234 0.0 2.23606797749979 0.4472135954999579 1 0 0 0.7955183144207569 0.6059295432813601 1.8397250071842957
cell 42.844737919597236 34.96304569393629 0.0 2.23606797749979 0.4472135954999579 1 0 0 0.8402680900116168 0.542171132492527 1.9955550159162792
cell 4.952655125811827 40.13407551561453 0.0 2.23606797749979 0.4472135954999579 1 0 0 0.5061746110556463 -0.8624310193416429 5.221698509907866
cell 19.921655698527015 36.24757989906115 0.0 2.23606797749979 0.4472135954999579 1 0 0 0.9110891656601287 0.4122093305794164 2.2918373151504974
cell 10.311586781549638 18.063335591159724 0.0 2.23606797749979 0.4472135954999579 1 0 0 0.4187022213763753 -0.9081235873021297 5.419153764448567
cell 11.955533387531496 22.867163212029382 0.0 2.23606797749979 0.4472135954999579 1 0 0 0.5063123101189212 -0.8623501867698767 5.221379167228355
cell 13.464493378950012 33.805681260945285 0.0 2.23606797749979 0.4472135954999579 1 0 0 0.5900548048895056 -0.8073631941244334 5.02093186632571
cell 32.16348429187149 16.809202030132056 0.0 2.23606797749979 0.4472135954999579 1 0 0 0.49218497663073546 -0.8704906368129426 5.253989249608909
cell 38.067654711705515 2.0737335835262645 0.0 2.23606797749979 0.4472135954999579 1 0 0 0.5230386470328833 -0.8523089661091281 5.1823607853721825
cell 26.392430369467355 13.886001082327809 0.0 2.23606797749979 0.4472135954999579 1 0 0 0.5046191300063779 -0.8633420722005886 5.225303805727288
cell 3.1176358963165707 13.574011216831256 0.0 2.23606797749979 0.4472135954999579 1 0 0 0.5505299083981967 -0.8348154406568395 5.117187574683957
cell 41.571353509138206 13.36406647019904 0.0 2.23606797749979 0.4472135954999579 1 0 0 -0.5133356471945356 0.8581879242446653 5.20505102425816
cell 7.117809128380153 21.15944863779916 0.0 2.23606797749979 0.4472135954999579 1 0 0 -0.42011314976244335 0.9074717303567527 5.416045300600217
cell 37.03978993998787 5.6485182557012745 0.0 2.23606797749979 0.4472135954999579 1 0 0 0.4833988767001181 -0.8754002090501601 5.274118860304238
cell 45.10290470164678 17.565849381776744 0.0 2.23606797749979 0.4472135954999579 1 0 0 0.5365595612440145 -0.8438624516102317 5.150475734861186
cell 44.168226922731364 13.714338109135722 0.0 2.23606797749979 0.4472135954999579 1 0 0 0.5664403012055597 -0.8241027758539313 5.078825454496055
cell 44.584707677319926 4.960312179610449 0.0 2.23606797749979 0.4472135954999579 1 0 0 0.4285762369731636 -0.9035056220643691 5.397352575167902
cell 9.296818402400314 17.787082489792617 0.0 2.23606797749979 0.4472135954999579 1 0 0 0.40846681396665896 -0.9127731711043696 5.441637849970341
cell 34.034024143807144 42.104827905353474 0.0 2.23606797749979 0.4472135954999579 1 0 0 0.550361715127542 -0.8349263335898984 5.1175904951179545
cell 25.835313298417017 36.99511638429754 0.0 2.23606797749979 0.4472135954999579 1 0 0 0.4125292979059348 -0.9109443332988226 5.432727528695336
cell 45.14332526782701 31.137015686940682 0.0 2.23606797749979 0.4472135954999579 1 0 0 0.875177124424298 0.48380264662816486 2.1316036084077816
cell 42.55014956175214 44.57723538637007 0.0 2.23606797749979 0.4472135954999579 1 0 0 0.42615475797655605 -0.9046502762139317 5.402709364483056
cell 11.49908491445175 44.13618669482933 0.0 2.23606797749979 0.4472135954999579 1 0 0 -0.5330905940322545 0.8460581649947821 5.158686682299177
cell 44.185628051786566 17.575281962234627 0.0 2.23606797749979 0.4472135954999579 1 0 0 0.5363021807782868 -0.8440260487049281 5.151085681462955
cell 21.517824087632498 10.420266600435877 0.0 2.23606797749979 0.4472135954999579 1 0 0 0.567883451905367 -0.8231089751983298 5.075320986221978
cell 39.6780602610814 5.9035832947685565 0.0 2.23606797749979 0.4472135954999579 1 0 0 0.5432050803182265 -0.8396000480684057 5.134685696041139
cell 17.818887242960095 20.088499646361274 0.0 2.23606797749979 0.4472135954999579 1 0 0 -0.5124415167142204 0.8587221273192099 5.207134139558622
cell 28.148992413936075 17.2531927487964 0.0 2.23606797749979 0.4472135954999579 1 0 0 0.5217154619989463 -0.8531195559306012 5.185464251161178
cell 30.787465672508507 34.547563643149154 0.0 2.23606797749979 0.4472135954999579 1 0 0 0.4550858896948524 -0.8904475464622521 5.338247970134846
cell 46.040283454867016 19.570640646155134 0.0 2.23606797749979 0.4472135954999579 1 0 0 0.5873149714013174 -0.8093584646915541 5.027710598707647
cell 32.311926501652025 3.356101351738392 0.0 2.23606797749979 0.4472135954999579 1 0 0 0.5548247819299813 -0.8319672237272023 5.106880618370667
cell 26.91211892290211 29.11738198335724 0.0 2.23606797749979 0.4472135954999579 1 0 0 -0.451872666365989 0.8920824476421961 5.3454584403297005
cell 31.640787770845094 40.02792769816457 0.0 2.23606797749979 0.4472135954999579 1 0 0 0.5436827140386974 -0.8392908354411575 5.1335477216503635
cell 43.924348099999655 9.557371706566911 0.0 2.23606797749979 0.4472135954999579 1 0 0 0.44736325048702275 -0.8943523478549633 5.355555436453108
cell 16.110298297752454 39.04323101446154 0.0 2.23606797749979 0.4472135954999579 1 0 0 0.8763355538682552 0.4817011490814801 2.1364028806353064
cell 5.057175551079857 14.050282667887162 0.0 2.23606797749979 0.4472135954999579 1 0 0 0.8505488195010377 0.5258960977658907 2.034056008021587
cell 29.519058681487383 3.3257069245987774 0.0 2.23606797749979 0.4472135954999579 1 0 0 0.5336555249222227 -0.8457019455576456 5.15735095895295
cell 8.214778277806536 38.93514723460183 0.0 2.23606797749979 0.4472135954999579 1 0 0 0.5979662730911236 -0.8015212637513192 5.001262574609495
cell 22.278343307230063 44.03485511661936 0.0 2.23606797749979 0.4472135954999579 1 0 0 0.4482797404601634 -0.8938933237769306 5.3535054051683995
cell 41.87685458967754 32.081375824046496 0.0 2.23606797749979 0.4472135954999579 1 0 0 0.5806692948611936 -0.8141395273571995 5.044084230099465
cell 21.314517268810437 31.789139120769335 0.0 2.23606797749979 0.4472135954999579 1 0 0 0.885196476961487 0.46521736551312404 2.1738323503663786
cell 20.644804121187597 39.5926681810491 0.0 2.23606797749979 0.4472135954999579 1 0 0 0.42712281078112757 -0.9041936211400903 5.4005686541352675
cell 0.8598190900177445 38.083248577803225 0.0 2.23606797749979 0.4472135954999579 1 0 0 0.42197539705324655 -0.9066072822792429 5.411939092163473
cell 20.852955020695134 18.2031324057149 0.0 2.23606797749979 0.4472135954999579 1 0 0 0.48338968940294097 -0.8754052822429896 5.274139850179408
cell 31.700947207273913 26.923369521147897 0.0 2.23606797749979 0.4472135954999579 1 0 0 -0.43051929964545327 0.9025813717514828 5.393049212308222
cell 22.458459940511393 26.165936904485488 0.0 2.23606797749979 0.4472135954999579 1 0 0 0.5377342303710668 -0.8431144035581627 5.1476904709529
cell 39.303778776036786 20.139678425996266 0.0 2.23606797749979 0.4472135954999579 1 0 0 0.5401618919072255 -0.841561127031903 5.141926370242258
cell 25.34015679623433 3.462118342372161 0.0 2.23606797749979 0.4472135954999579 1 0 0 0.5306397345102335 -0.8475974705949215 5.164475008473123
cell 41.28445356731331 21.722346939776713 0.0 2.23606797749979 0.4472135954999579 1 0 0 0.5761832107730396 -0.8173205660102228 5.05508314524289
cell 32.76068603969726 22.66767809784048 0.0 2.23606797749979 0.4472135954999579 1 0 0 0.44848636193543784 -0.8937896750119211 5.3530430827667335
cell 22.248263778874687 1.0269512448742535 0.0 2.23606797749979 0.4472135954999579 1 0 0 0.4470928849854751 -0.8944875360760287 5.356159996988498
cell 36.61363593951549 41.58027448449471 0.0 2.23606797749979 0.4472135954999579 1 0 0 0.5179480932004431 -0.8554120485181543 5.194284369402707
cell 2.850870486132623 20.08686222404702 0.0 2.23606797749979 0.4472135954999579 1 0 0 0.8938343655401121 0.44839728698945674 2.211649743896113
cell 11.461675691325096 0.5811268063003019 0.0 2.23606797749979 0.4472135954999579 1 0 0 0.8493485772290672 0.527832354407116 2.029499837025452
cell 6.6563169637442465 26.53260253889509 0.0 2.23606797749979 0.4472135954999579 1 0 0 -0.4674776241996469 0.884004904326132 5.310314771778576
cell 19.083305999348486 35.66314250986322 0.0 2.23606797749979 0.4472135954999579 1 0 0 0.9119433746833709 0.4103160749606393 2.2959913933608194
cell 18.737012962719856 8.106110679058382 0.0 2.23606797749979 0.4472135954999579 1 0 0 0.5072446600750791 -0.8618020972504752 5.219216133547584
cell 4.961805508077185 19.060205083754408 0.0 2.23606797749979 0.4472135954999579 1 0 0 0.9123172677254412 0.4094840692993877 2.2978157063657094
cell 12.459852162799246 30.41294036689449 0.0 2.23606797749979 0.4472135954999579 1 0 0 0.5625286567347576 -0.8267777877714116 5.088303153214593
cell 38.38555309751003 40.30809331854801 0.0 2.23606797749979 0.4472135954999579 1 0 0 0.5502912441502616 -0.8349727819585241 5.1177592980751685
cell 0.9655357012590314 33.382862062553144 0.0 2.23606797749979 0.4472135954999579 1 0 0 -0.4140247860376717 0.9102656076917661 5.429442925944281
cell 29.771948792175074 16.514360469698246 0.0 2.23606797749979 0.4472135954999579 1 0 0 0.8298295299233327 0.5580169811638538 1.9576042446135702
cell 10.53981288616084 26.306067837555837 0.0 2.23606797749979 0.4472135954999579 1 0 0 0.514363186876216 -0.8575724529079412 5.202655492638437
cell 23.364524057154487 6.838026144674076 0.0 2.23606797749979 0.4472135954999579 1 0 0 -0.5673882070811714 0.823450437163776 5.076524088413233
cell 38.848153159963516 29.85223868479462 0.0 2.23606797749979 0.4472135954999579 1 0 0 0.5877472494199149 -0.8090446037143592 5.026642192408237
cell 3.5098284363645162 34.43138443475863 0.0 2.23606797749979 0.4472135954999579 1 0 0 -0.48632451737698335 0.8737782692411412 5.267428547142953
cell 20.77791924353739 4.1145851718635456 0.0 2.23606797749979 0.4472135954999579 1 0 0 0.4473216726035447 -0.8943731442855197 5.355648414126101
cell 6.821562993137496 27.80121664072668 0.0 2.23606797749979 0.4472135954999579 1 0 0 -0.4781226893344557 0.878293056982456 5.286153282853141
cell 4.721524426984307 34.151424724626914 0.0 2.23606797749979 0.4472135954999579 1 0 0 0.4988903759017183 -0.8666650984276696 5.238549376642125
cell 28.049397066741427 37.33948009654706 0.0 2.23606797749979 0.4472135954999579 1 0 0 0.4523988096126915 -0.891815741653521 5.3442786796581485
cell 0.1562139641064922 44.382704296234365 0.0 2.23606797749979 0.4472135954999579 1 0 0 0.43736963143996715 -0.899281827623614 5.377842067186616
cell 16.420751708026792 25.376746603002918 0.0 2.23606797749979 0.4472135954999579 1 0 0 0.5242887526720893 -0.8515405473737259 5.179426006437776
cell 24.568961393135616 22.216443922745785 0.0 2.23606797749979 0.4472135954999579 1 0 0 -0.5681727479054876 0.8229093076017109 5.074617966091121
cell 18.26216383514279 21.327577529960326 0.0 2.23606797749979 0.4472135954999579 1 0 0 0.5016328094769524 -0.8650806462152876 5.232214887202966
cell 19.41115107202172 4.405751439548159 0.0 2.23606797749979 0.4472135954999579 1 0 0 0.4579614302995358 -0.8889720627545071 5.33178397909714
cell 24.640219003779958 19.561321185693398 0.0 2.23606797749979 0.4472135954999579 1 0 0 0.517371113976192 -0.8557611409868026 5.195633103022247
cell 4.086528178507171 24.44074574403387 0.0 2.23606797749979 0.4472135954999579 1 0 0 0.44202376180943526 -0.89700334112858 5.367478189477568
cell 38.44781140381112 5.491804231552211 0.0 2.23606797749979 0.4472135954999579 1 0 0 0.505730777262392 -0.8626913590210445 5.222727616686674
cell 20.34286790797355 25.872679641703172 0.0 2.23606797749979 0.4472135954999579 1 0 0 0.5309439587557173 -0.8474069345130515 5.163757077023977
cell 33.83702896707094 7.686600486875059 0.0 2.23606797749979 0.4472135954999579 1 0 0 0.8375183723803067 0.5464091653014633 1.985451170426125
cell 11.682224805202805 36.804486346155585 0.0 2.23606797749979 0.4472135954999579 1 0 0 0.5840011467848181 -0.8117528321810878 5.035887261240714
cell 11.043305194936716 18.593409724929685 0.0 2.23606797749979 0.4472135954999579 1 0 0 0.4290564141499369 -0.9032776945528976 5.396289520929905
cell 11.954380485328526 27.323174283014808 0.0 2.23606797749979 0.4472135954999579 1 0 0 0.5743178465535422 -0.8186324029319276 5.059644067094577
cell 16.74208157247748 12.109638605854224 0.0 2.23606797749979 0.4472135954999579 1 0 0 -0.5040757107322607 0.8636594686852951 5.226562447930707
cell 28.706634800968327 11.586047998297879 0.0 2.23606797749979 0.4472135954999579 1 0 0 0.5101333660112781 -0.8600953138356257 5.212505621742236
cell 25.173731389260027 40.640460138638616 0.0 2.23606797749979 0.4472135954999579 1 0 0 0.46036595517100487 -0.8877292308578604 5.326370523471085
cell 12.846208039538123 32.48993400586912 0.0 2.23606797749979 0.4472135954999579 1 0 0 0.6104360158961148 -0.7920655720941785 4.969963399624268
cell 30.982478892408093 45.158288527513946 0.0 2.23606797749979 0.4472135954999579 1 0 0 0.5579700322356946 -0.8298610986947743 5.099310049238471
cell 29.785096365939275 25.941912195821324 0.0 2.23606797749979 0.4472135954999579 1 0 0 -0.509033591645865 0.8607466541184524 5.215061984816042
cell 4.212517187423042 30.318442451512244 0.0 2.23606797749979 0.4472135954999579 1 0 0 -0.4594741112373919 0.888191162477205 5.3283792708496005
cell 4.420181408296058 44.422168521176914 0.0 2.23606797749979 0.4472135954999579 1 0 0 0.5191292361179791 -0.854695756516647 5.191521636606003
cell 28.910579125589997 33.745428003571554 0.0 2.23606797749979 0.4472135954999579 1 0 0 0.40510531866783633 -0.9142700261886697 5.448997263279994
cell 38.315651081552396 15.862519565397582 0.0 2.23606797749979 0.4472135954999579 1 0 0 0.4882020335342693 -0.8727306425541641 5.2631285051074235
cell 44.837476015312454 20.780609111308344 0.0 2.23606797749979 0.4472135954999579 1 0 0 -0.601808641119161 0.7986403192140432 4.991657642997561
cell 21.50326251115825 4.636980158553687 0.0 2.23606797749979 0.4472135954999579 1 0 0 0.47855336441954144 -0.878058470378105 5.2851724425834234
cell 41.94084524888331 2.462675241646258 0.0 2.23606797749979 0.4472135954999579 1 0 0 0.5595833298092423 -0.8287740928622231 5.095419387631889
cell 35.086306442710125 32.475913650317175 0.0 2.23606797749979 0.4472135954999579 1 0 0 0.5357505155411711 -0.8443763290721557 5.15239263346621
cell 28.520251170457765 14.171729031494456 0.0 2.23606797749979 0.4472135954999579 1 0 0 0.5449357661821687 -0.8384777938236962 5.130560296832345
cell 41.0320157599501 44.84088896753719 0.0 2.23606797749979 0.4472135954999579 1 0 0 -0.4391338939123788 0.8984216288677336 5.373916476679172
cell 3.4879031469135007 37.60727454158831 0.0 2.23606797749979 0.4472135954999579 1 0 0 0.48473750839341984 -0.874659675506159 5.271059236015846
cell 11.015565831618394 14.876315978389563 0.0 2.23606797749979 0.4472135954999579 1 0 0 0.4062355255608536 -0.9137684048884034 5.446524215165037
cell 36.987454710244194 9.392010928373898 0.0 2.23606797749979 0.4472135954999579 1 0 0 -0.49064608373350005 0.8713589504429154 5.257523177011379
cell 40.60737459126511 30.21653956687178 0.0 2.23606797749979 0.4472135954999579 1 0 0 0.5860125985736755 -0.8103019402129852 5.030927007636338
cell 29.488996239117007 43.37173304693921 0.0 2.23606797749979 0.4472135954999579 1 0 0 0.5386576057058674 -0.8425247674788097 5.14549931341858
cell 43.757105383229224 21.857536664468093 0.0 2.23606797749979 0.4472135954999579 1 0 0 0.5859913047221768 -0.8103173395590156 5.030979564956279
cell 16.130066240983474 31.567837594384713 0.0 2.23606797749979 0.4472135954999579 1 0 0 0.5733290687837623 -0.8193251972736735 5.062058727033389
cell 30.619469162184107 7.543927173861043 0.0 2.23606797749979 0.4472135954999579 1 0 0 -0.5486638047872779 0.8360430786247487 5.121654985451494
cell 32.11228855584218 30.59792876065141 0.0 2.23606797749979 0.4472135954999579 1 0 0 0.41641878738702376 -0.9091729172776325 5.424179763853525
cell 19.440873643979955 8.585323524888704 0.0 2.23606797749979 0.4472135954999579 1 0 0 0.5080987383254697 -0.8612988285792951 5.217233479675965
cell 26.63999099015612 15.559901096257438 0.0 2.23606797749979 0.4472135954999579 1 0 0 0.510567733929979 -0.8598375364390684 5.211495424374596
cell 9.650385536786453 32.47902276456243 0.0 2.23606797749979 0.4472135954999579 1 0 0 0.5272202132124567 -0.8497286901006765 5.172533604989368
cell 17.9811967353242 7.6207091040564015 0.0 2.23606797749979 0.4472135954999579 1 0 0 -0.4637291846101297 0.8859769993294545 5.318785895642298
cell 18.23655431736923 35.09488375541674 0.0 2.23606797749979 0.4472135954999579 1 0 0 0.9042906656166847 0.4269173129290184 2.2594305200626845
cell 34.22401213485912 9.417207646758662 0.0 2.23606797749979 0.4472135954999579 1 0 0 0.8465477329267205 0.5323128176895893 2.0189320851379398
cell 15.551346455318118 16.584988320948636 0.0 2.23606797749979 0.4472135954999579 1 0 0 -0.5242202097963117 0.8515827450348621 5.179586988032112
cell 33.63998451267394 36.70535615189445 0.0 2.23606797749979 0.4472135954999579 1 0 0 0.5604152546499708 -0.8282117738571508 5.093411103101441
cell 26.36690709123817 5.577916693742874 0.0 2.23606797749979 0.4472135954999579 1 0 0 0.48401945954413894 -0.8750572340039249 5.2727007559784616
cell 36.186408375125325 38.22118966153199 0.0 2.23606797749979 0.4472135954999579 1 0 0 0.5583775720334273 -0.8295869376081416 5.098327699009663
cell 19.9570196377223 43.82444554308624 0.0 2.23606797749979 0.4472135954999579 1 0 0 0.42703966373786684 -0.904232893448723 5.400752564385491
cell 14.810618272650935 37.56650889011053 0.0 2.23606797749979 0.4472135954999579 1 0 0 0.5324645075224265 -0.8464523307481053 5.1601663457525975
cell 37.18755766850664 1.397708873593952 0.0 2.23606797749979 0.4472135954999579 1 0 0 0.8439054970330835 0.5364918564874441 2.0090435411416934
cell 17.185922742550716 1.2633316071867662 0.0 2.23606797749979 0.4472135954999579 1 0 0 0.44430464986007834 -0.8958757604225673 5.362389420651715
cell 10.134429793908904 38.966647186681925 0.0 2.23606797749979 0.4472135954999579 1 0 0 0.6316490678858664 -0.7752544453525668 4.915828298716832
cell 12.469522439604354 14.657739987034653 0.0 2.23606797749979 0.4472135954999579 1 0 0 0.43266136238443337 -0.9015565126488999 5.388299992748118
cell 8.801101651425194 43.03724515299119 0.0 2.23606797749979 0.4472135954999579 1 0 0 0.6225951331328111 -0.782544120289289 4.93907606132047
cell 5.3832691498135175 1.3171489465300503 0.0 2.23606797749979 0.4472135954999579 1 0 0 0.5951573574716053 -0.8036091835260569 5.008262411306833
cell 16.676627743030284 4.963383432203781 0.0 2.23606797749979 0.4472135954999579 1 0 0 0.4599487015513071 -0.8879454892848246 5.3273104560100455
cell 35.024125412382325 13.421886809485994 0.0 2.23606797749979 0.4472135954999579 1 0 0 0.4946029558233275 -0.869119045983246 5.248429433152729
cell 15.743005729489639 4.720482286958431 0.0 2.23606797749979 0.4472135954999579 1 0 0 -0.473834414772541 0.8806139604714223 5.295905398281367
cell 9.439459141494176 26.56133417709218 0.0 2.23606797749979 0.4472135954999579 1 0 0 0.5044859962400698 -0.8634198744513959 5.2256122067001085
cell 22.908972262475867 14.246966632251782 0.0 2.23606797749979 0.4472135954999579 1 0 0 0.47824411411942747 -0.8782269452198128 5.2858767706935845
cell 42.78909412811921 41.17506151685906 0.0 2.23606797749979 0.4472135954999579 1 0 0 0.4685400504475218 -0.8834422568151433 5.30791034092877
cell 36.24472696711312 34.13451855122696 0.0 2.23606797749979 0.4472135954999579 1 0 0 -0.5585113549975863 0.8294968754243502 5.098005152402148
cell 1.2915606397502584 13.12421149598819 0.0 2.23606797749979 0.4472135954999579 1 0 0 0.5284183128852277 -0.8489841497975859 5.1697124113279855
cell 13.100913911695303 8.346788545917702 0.0 2.23606797749979 0.4472135954999579 1 0 0 0.46238780720516637 -0.8866777970311414 5.321812716547737
cell 1.245166297196137 26.632915347634224 0.0 1.0 1.0 1 0 0 0.0 1.0 0
cell 34.75865158437149 18.693996026938088 0.0 2.23606797749979 0.4472135954999579 1 0 0 0.4893954305491848 -0.872061988942058 5.260392599860523
cell 38.962785076377266 34.365531313656575 0.0 2.23606797749979 0.4472135954999579 1 0 0 0.5685702172611133 -0.8226347354954386 5.073651794812842
cell 45.58680978672069 32.158956132167056 0.0 2.23606797749979 0.4472135954999579 1 0 0 0.4582928841261994 -0.8888012333245775 5.3310382061157275
cell 37.81270192979549 21.293693928908347 0.0 2.23606797749979 0.4472135954999579 1 0 0 0.50994991913338 -0.8602040920478461 5.212932168136603
cell 42.45777167927816 4.286617597806861 0.0 2.23606797749979 0.4472135954999579 1 0 0 0.3402254771166857 -0.9403438864164129 5.588871969816781
cell 2.9979500362062446 17.97908523100422 0.0 2.23606797749979 0.4472135954999579 1 0 0 0.8355109985112313 0.5494737221803835 1.978124213697766
cell 0.39623186601388855 16.612216715372814 0.0 2.23606797749979 0.4472135954999579 1 0 0 0.5490967909798191 -0.8357587655153039 5.120619010561581
cell 30.125257987286776 33.834485243922884 0.0 2.23606797749979 0.4472135954999579 1 0 0 0.4264636462067909 -0.9045047033951836 5.402026419725498
cell 21.208621297122733 6.990940825960386 0.0 2.23606797749979 0.4472135954999579 1 0 0 0.5292206943083846 -0.8484842112353956 5.167821639442476
cell 14.798772359077155 22.41179445025135 0.0 2.23606797749979 0.4472135954999579 1 0 0 0.5790622744957142 -0.8152833141036618 5.048029233946333
cell 32.291115178422416 6.061997430926881 0.0 2.23606797749979 0.4472135954999579 1 0 0 0.5636413194433132 -0.8260196505024568 5.085610354896531
cell 31.967072178339173 12.59259833671808 0.0 2.23606797749979 0.4472135954999579 1 0 0 0.81253405070828 0.5829137298430997 1.8969725010470082
cell 7.825630783474951 42.94639149788896 0.0 2.23606797749979 0.4472135954999579 1 0 0 0.6293814164977137 -0.7770965400562091 4.921671435472614
cell 37.13714612275454 38.44251485189283 0.0 2.23606797749979 0.4472135954999579 1 0 0 0.5426915530794445 -0.8399320676198883 5.135908720520355
cell 38.62646236118185 25.147038885949375 0.0 2.23606797749979 0.4472135954999579 1 0 0 0.5412354625832096 -0.8408710805125474 5.139373945186537
cell 12.203074556700454 6.8509631657328764 0.0 2.23606797749979 0.4472135954999579 1 0 0 0.4613152838116524 -0.8872362757021236 5.324231149952855
cell 39.53092050992953 11.422121161320641 0.0 2.23606797749979 0.4472135954999579 1 0 0 -0.4559544864558823 0.8900030934107772 5.336296561491058
cell 15.17883753364914 43.75209883337397 0.0 2.23606797749979 0.4472135954999579 1 0 0 0.9177670070839091 0.3971192776839774 2.3248409174860942
cell 15.295487721481825 11.200707840140794 0.0 2.23606797749979 0.4472135954999579 1 0 0 0.4619853050440111 -0.8868875790783136 5.32272049735958
cell 7.06025181142503 30.367829020723708 0.0 2.23606797749979 0.4472135954999579 1 0 0 0.5064783834578337 -0.8622526584997808 5.220993980948848
cell 28.89437763567842 25.253197727582325 0.0 2.23606797749979 0.4472135954999579 1 0 0 0.462662817283124 -0.8865343295685975 5.321192350666798
cell 11.206904510971356 42.443489954397016 0.0 2.23606797749979 0.4472135954999579 1 0 0 0.5652666337599735 -0.8249082571763164 5.081672414822927
cell 18.92077014481643 22.189918544165668 0.0 2.23606797749979 0.4472135954999579 1 0 0 0.49612741830124857 -0.8682497249119852 5.244919615059488
cell 25.938177911910355 45.64991095730048 0.0 2.23606797749979 0.4472135954999579 1 0 0 0.45639419983007834 -0.889777688167928 5.335308319860852
cell 45.61900986858551 37.89461545285766 0.0 2.23606797749979 0.4472135954999579 1 0 0 0.4895199047341577 -0.871992123169161 5.2601071174689
cell 5.818600054775295 16.75230144550352 0.0 2.23606797749979 0.4472135954999579 1 0 0 0.9090447339726426 0.416698538078318 2.2819716708769358
cell 45.324539532738314 5.447358843067444 0.0 2.23606797749979 0.4472135954999579 1 0 0 -0.4455763347144544 0.895243949961368 5.359549443773963
cell 17.69084308506875 18.082626934384027 0.0 2.23606797749979 0.4472135954999579 1 0 0 0.5628431585514839 -0.8265637173695619 5.087542265492473
cell 35.619625574813476 19.29934550580709 0.0 2.23606797749979 0.4472135954999579 1 0 0 0.4828977719536391 -0.875676733642165 5.27526353812069
cell 2.567379965612516 40.627719116292006 0.0 2.23606797749979 0.4472135954999579 1 0 0 0.5019396801957843 -0.8649026288808201 5.23150535267733
cell 28.599493576331735 42.520215814246576 0.0 2.23606797749979 0.4472135954999579 1 0 0 0.46774503598363504 -0.8838634404208989 5.30970972269165
cell 19.190529342051327 42.952804460190144 0.0 2.23606797749979 0.4472135954999579 1 0 0 0.31668880364144186 -0.948529494348042 5.63871216695709
cell 32.780900558031774 32.99160668284129 0.0 2.23606797749979 0.4472135954999579 1 0 0 0.493947694935177 -0.8694916185152248 5.2499369836825975
cell 43.162878234047504 17.66316521910322 0.0 2.23606797749979 0.4472135954999579 1 0 0 0.561045376526119 -0.8277850478709224 5.091889066736469
cell 5.916421172344053 30.659999495109876 0.0 2.23606797749979 0.4472135954999579 1 0 0 -0.4943999412373422 0.8692345472336638 5.248896575363276
cell 33.8749307875354 4.96977548862632 0.0 2.23606797749979 0.4472135954999579 1 0 0 0.5617797944562631 -0.8272868079092515 5.090114115686758
cell 4.746174683795277 24.9263780147961 0.0 2.23606797749979 0.4472135954999579 1 0 0 -0.4263789599158116 0.9045446271694453 5.402213670099464
cell 39.73604562920052 30.04230762306966 0.0 2.23606797749979 0.4472135954999579 1 0 0 0.5879756008198039 -0.8088786638554578 5.026077638073801
cell 6.8025423424818054 43.14211369889986 0.0 2.23606797749979 0.4472135954999579 1 0 0 0.6076944852926913 -0.7941708963093844 4.976876688855203
cell 22.63696250704414 23.62900236036927 0.0 2.23606797749979 0.4472135954999579 1 0 0 0.5009934572883086 -0.8654510706875969 5.233692703883953
cell 15.861704061502929 22.16521320070997 0.0 2.23606797749979 0.4472135954999579 1 0 0 0.5583151115700768 -0.8296289750198534 5.0984782772746025
cell 39.89758777965037 39.1458604959781 0.0 2.23606797749979 0.4472135954999579 1 0 0 0.5734102653243843 -0.819268373379944 5.061860516709586
cell 34.13374978769724 27.250328343898595 0.0 2.23606797749979 0.4472135954999579 1 0 0 0.43494143460352536 -0.9004587433442064 5.383238834703551
cell 12.359082371316646 38.126024176592956 0.0 2.23606797749979 0.4472135954999579 1 0 0 0.6063271498821263 -0.7952153087785833 4.98031785392601
cell 25.361218180994282 29.19029291822822 0.0 2.23606797749979 0.4472135954999579 1 0 0 0.8163019473225276 0.5776254242997354 1.909959166294289
cell 3.195652133436128 15.487465754281644 0.0 2.23606797749979 0.4472135954999579 1 0 0 0.8386936820521201 0.5446034407583716 1.9897602286739833
cell 0.8754785522451112 1.3207374611826967 0.0 2.23606797749979 0.4472135954999579 1 0 0 0.44274203802041545 -0.8966490326596739 5.3658763714595805
cell 13.432010710860707 14.87946443676567 0.0 2.23606797749979 0.4472135954999579 1 0 0 0.4554136611195183 -0.8902799544332763 5.337511706061203
cell 0.9170285883333403 5.916793673011109 0.0 2.23606797749979 0.4472135954999579 1 0 0 0.5184719483963758 -0.8550946372923092 5.193059340155174
cell 29.704192739771898 30.202922356308193 0.0 2.23606797749979 0.4472135954999579 1 0 0 0.4154048645354537 -0.9096366299354272 5.426409624034526
cell 45.00925257492255 13.991786860066698 0.0 2.23606797749979 0.4472135954999579 1 0 0 0.5753000392296874 -0.8179424581609149 5.057243461826653
cell 6.110417492919147 20.82466841809325 0.0 2.23606797749979 0.4472135954999579 1 0 0 0.4266567099441737 -0.904413650858728 5.401599504411834
cell 5.400769641558368 25.424113882307882 0.0 2.23606797749979 0.4472135954999579 1 0 0 0.42130355901803823 -0.9069196828599181 5.413420929527655
cell 9.156366879937226 8.86715502041395 0.0 2.23606797749979 0.4472135954999579 1 0 0 0.8531053675769888 0.5217386623697067 2.043817207624457
cell 6.042355952991257 26.008376946468662 0.0 2.23606797749979 0.4472135954999579 1 0 0 0.4624380225652251 -0.8866516087426698 5.321699448567447
cell 0.7227327412233212 41.06986394513094 0.0 2.23606797749979 0.4472135954999579 1 0 0 0.40088373387026865 -0.9161289384787665 5.458222743393789
cell 39.66617412150863 1.9650083944730063 0.0 2.23606797749979 0.4472135954999579 1 0 0 0.4445683606947507 -0.8957449261196974 5.361800655775871
cell 21.724429046541893 12.363252956382766 0.0 2.23606797749979 0.4472135954999579 1 0 0 0.4737355464261462 -0.8806671516823599 5.2961299356266185
cell 23.617466201814047 44.002332059331096 0.0 2.23606797749979 0.4472135954999579 1 0 0 -0.4696026993313901 0.8828778538284172 5.305503871684019
cell 30.579181231543046 10.199207253690956 0.0 2.23606797749979 0.4472135954999579 1 0 0 0.5501886808850827 -0.835040367542751 5.1180049566559545
cell 2.3588017699196917 22.503332270643096 0.0 2.23606797749979 0.4472135954999579 1 0 0 0.8661865536202447 0.49972077636164286 2.0950398817684794
cell 41.14540207947751 17.985081965588616 0.0 2.23606797749979 0.4472135954999579 1 0 0 0.5424116215367554 -0.8401128690966874 5.136575206360063
cell 20.412653780306865 10.542071781996178 0.0 2.23606797749979 0.4472135954999579 1 0 0 -0.5623294675697619 0.8269132783446569 5.088784958233955
cell 43.80738089160502 4.465650507336684 0.0 2.23606797749979 0.4472135954999579 1 0 0 0.4064057704947614 -0.9136926998222976 5.446151578104852
cell 15.449968729188798 8.104014320905117 0.0 2.23606797749979 0.4472135954999579 1 0 0 0.4690573138728433 -0.8831677282953635 5.306739140913149
cell 14.500925813882734 4.887617398583312 0.0 2.23606797749979 0.4472135954999579 1 0 0 0.47633064436876127 -0.8792662379707529 5.290231766804882
cell 16.148090966451004 11.435741434299512 0.0 2.23606797749979 0.4472135954999579 1 0 0 0.4857118531753594 -0.8741189825675667 5.26883060707731
cell 7.2888914564660165 33.130812233352806 0.0 2.23606797749979 0.4472135954999579 1 0 0 0.5136721549061439 -0.857986548422572 5.2042667037530945
cell 6.236895406048878 36.44085731471708 0.0 2.23606797749979 0.4472135954999579 1 0 0 0.5189206360938888 -0.8548224221649277 5.192009727404115
cell 7.477433888021752 1.2163402622781772 0.0 2.23606797749979 0.4472135954999579 1 0 0 0.6055228850410036 -0.7958278932606091 4.982339834904499
cell 23.46399572642219 15.272093692495945 0.0 2.23606797749979 0.4472135954999579 1 0 0 0.49345570453227006 -0.8697709282705194 5.251068475625993
cell 18.740449735171598 30.068885863641746 0.0 2.23606797749979 0.4472135954999579 1 0 0 0.5700818792259663 -0.8215878839042058 5.069974284185987
cell 40.32592325363827 33.44786543914942 0.0 2.23606797749979 0.4472135954999579 1 0 0 0.5612942321209157 -0.8276163271636149 5.091287748900988
cell 24.345135600081345 9.476592897652182 0.0 2.23606797749979 0.4472135954999579 1 0 0 0.473309468998759 -0.8808962178123555 5.297097433989622
cell 14.020709100444574 8.600975170684745 0.0 2.23606797749979 0.4472135954999579 1 0 0 0.4552091422756962 -0.8903845443338653 5.337971127458248
cell 2.2502946864414657 2.2623819416239455 0.0 2.23606797749979 0.4472135954999579 1 0 0 0.5028325523614127 -0.8643838408286606 5.229440056725678
cell 22.357508987604113 21.866349815305046 0.0 2.23606797749979 0.4472135954999579 1 0 0 0.5168293657487623 -0.8560884339247506 5.196898981093039
cell 43.316694678581285 28.075903360387098 0.0 2.23606797749979 0.4472135954999579 1 0 0 0.6081637433492654 -0.793811603137299 4.975694665645052
cell 28.154765206746088 1.5035340708563831 0.0 2.23606797749979 0.4472135954999579 1 0 0 0.5341470720926242 -0.8453915692594035 5.156188286038055
cell 12.288605145868155 1.1144439873055414 0.0 2.23606797749979 0.4472135954999579 1 0 0 0.8778288097087025 0.4789745095987914 2.142620399001003
cell 43.125294203431785 13.959650346869177 0.0 2.23606797749979 0.4472135954999579 1 0 0 0.5310110908976408 -0.8473648690757114 5.1635986317589655
cell 30.905883553112513 39.34879796173509 0.0 2.23606797749979 0.4472135954999579 1 0 0 0.5306305907044515 -0.8476031950203142 5.1644965842215695
cell 23.740631821370645 0.7584397402733521 0.0 2.23606797749979 0.4472135954999579 1 0 0 0.4231837688999415 -0.9060438718625279 5.409272563273047
cell 42.26687756644908 17.534538281521318 0.0 2.23606797749979 0.4472135954999579 1 0 0 0.5681281286367132 -0.8229401129193704 5.074726406798289
cell 32.962508210992645 35.92686820816896 0.0 2.23606797749979 0.4472135954999579 1 0 0 0.5407306057510127 -0.841195822626422 5.140574508175072
cell 32.16069395237014 9.12373121279938 0.0 2.23606797749979 0.4472135954999579 1 0 0 -0.5703331978910762 0.8214134424169953 5.069362431574248
cell 44.86997830196822 37.222194013256235 0.0 2.23606797749979 0.4472135954999579 1 0 0 0.4875365073824179 -0.8731026022005396 5.264653338298939
cell 35.83672201013477 9.092299942663628 0.0 2.23606797749979 0.4472135954999579 1 0 0 0.44450825970339286 -0.8957747524101475 5.3619348457422005
cell 19.46702154700503 23.27259835995903 0.0 2.23606797749979 0.4472135954999579 1 0 0 0.5131016016914471 -0.8583278781104989 5.205596420930458
cell 28.88685279039905 21.02364365065976 0.0 2.23606797749979 0.4472135954999579 1 0 0 0.8319855782491531 0.5547972580911178 1.9653541297317745
cell 13.790435455242013 20.678619899719294 0.0 2.23606797749979 0.4472135954999579 1 0 0 0.5464209587633719 -0.8375106780358788 5.12701566101324
cell 4.968784350919936 36.912372372454115 0.0 2.23606797749979 0.4472135954999579 1 0 0 0.5090021892762442 -0.8607652242696556 5.215134949446752
cell 3.434819989887663 9.16837129942324 0.0 2.23606797749979 0.4472135954999579 1 0 0 0.5149885275050102 -0.8571970698376316 5.201196776250542
cell 2.2329595016573 13.324541901852992 0.0 2.23606797749979 0.4472135954999579 1 0 0 0.567359701242185 -0.8234700780273553 5.0765933226931415
cell 31.01495350737645 30.403388727060957 0.0 2.23606797749979 0.4472135954999579 1 0 0 0.41411616608641605 -0.9102240388969564 5.4292421446899874
cell 1.6390600641870956 28.234714160669057 0.0 2.23606797749979 0.4472135954999579 1 0 0 0.4657853785702464 -0.8848977235309018 5.31414142698616
cell 3.8288495520785686 2.9858105580238936 0.0 2.23606797749979 0.4472135954999579 1 0 0 -0.5470228857990305 0.8371176514756459 5.1255779043501555
cell 7.690942102254524 13.136884879038059 0.0 2.23606797749979 0.4472135954999579 1 0 0 0.8773136667166723 0.47991742017991756 2.1404714897173887
cell 22.98823961275887 27.67992850864939 0.0 2.23606797749979 0.4472135954999579 1 0 0 0.8407188515645834 0.5414718945835768 1.9972188905159591
cell 14.732294573088483 16.099226454110024 0.0 2.23606797749979 0.4472135954999579 1 0 0 0.4698816578158559 -0.8827294192719664 5.304871888600591
cell 14.742717325457761 29.52496069357979 0.0 2.23606797749979 0.4472135954999579 1 0 0 0.5498774297751455 -0.8352453604922806 5.118750340756675
cell 13.280961476243531 42.51883199814118 0.0 2.23606797749979 0.4472135954999579 1 0 0 0.8489103972437343 0.5285367891183028 2.027840644449115
cell 5.2132575700037185 9.761112169648797 0.0 2.23606797749979 0.4472135954999579 1 0 0 0.5370919556035533 -0.8435236992675136 5.149213677941742
cell 9.140469106843153 22.79209114311524 0.0 2.23606797749979 0.4472135954999579 1 0 0 -0.4430057016351916 0.8965187941804185 5.365288219901362
cell 1.9622333361080413 24.453387301751995 0.0 2.23606797749979 0.4472135954999579 1 0 0 0.906162884833525 0.422928866536896 2.268242543853826
cell 27.559855824693653 7.357393715119176 0.0 2.23606797749979 0.4472135954999579 1 0 0 0.5038136226865136 -0.8638123833307156 5.227169318701841
cell 35.19520635733566 27.452760492922017 0.0 2.23606797749979 0.4472135954999579 1 0 0 0.4515273437660671 -0.892257282307945 5.346232558822529
cell 28.16325308089219 8.285829946250956 0.0 2.23606797749979 0.4472135954999579 1 0 0 0.5275906323455093 -0.8494987490639793 5.171661634307522
cell 20.609512501673514 27.946949213455273 0.0 2.23606797749979 0.4472135954999579 1 0 0 0.5686882956568714 -0.822553112195731 5.073364706877635
cell 42.23483820882807 40.16697705142121 0.0 2.23606797749979 0.4472135954999579 1 0 0 0.4860656165748983 -0.8739223171333159 5.2680210989844065
cell 9.76117623645424 14.819655269756147 0.0 2.23606797749979 0.4472135954999579 1 0 0 0.41864968109753325 -0.9081478098398595 5.419269474642341
cell 17.326446274098707 34.49058519530681 0.0 2.23606797749979 0.4472135954999579 1 0 0 0.8645938539233224 0.5024713601370895 2.0886830234453084
cell 38.56587244535263 37.560751219082974 0.0 2.23606797749979 0.4472135954999579 1 0 0 0.5534963297363097 -0.8328516152163207 5.110072441722589
cell 32.78880647031023 0.21836644791900375 0.0 2.23606797749979 0.4472135954999579 1 0 0 0.5141385184195817 -0.8577071667400928 5.2031794152753665
cell 7.854611729317573 21.692307908855632 0.0 2.23606797749979 0.4472135954999579 1 0 0 0.42479895021099956 -0.9052877177448243 5.405705726825819
cell 45.95060452490816 9.79177294032233 0.0 2.23606797749979 0.4472135954999579 1 0 0 0.5749872366858743 -0.8181623785339573 5.058008211206977
cell 18.48015663772759 14.401672260907274 0.0 2.23606797749979 0.4472135954999579 1 0 0 -0.5588512786012456 0.8292678990566034 5.0971854494421365
cell 27.615985603384043 25.290827185308427 0.0 2.23606797749979 0.4472135954999579 1 0 0 0.8590605745876906 0.5118739387672193 2.066863138412334
cell 5.893552549945271 33.81932799520046 0.0 2.23606797749979 0.4472135954999579 1 0 0 -0.5047123893526934 0.8632875558201306 5.225087756275312
cell 1.9603031489379932 35.26946447121139 0.0 2.23606797749979 0.4472135954999579 1 0 0 0.4776077558115712 -0.878573179415713 5.287325673778462
cell 16.87843904375605 39.54879582498517 0.0 2.23606797749979 0.4472135954999579 1 0 0 0.8955684359086296 0.44492378741102484 2.2194143348822006
cell 10.786290191496963 23.15295872936782 0.0 2.23606797749979 0.4472135954999579 1 0 0 0.48417914350687313 -0.8749688891571806 5.272335769512996
cell 43.963033805491584 44.496453658045276 0.0 2.23606797749979 0.4472135954999579 1 0 0 -0.46393035346185885 0.8858716764502378 5.318331751101368
cell 33.94715061613519 18.02796826084404 0.0 2.23606797749979 0.4472135954999579 1 0 0 -0.492947078392272 0.8700592956256046 5.252237845185212
cell 34.59026666876787 23.825977281135334 0.0 2.23606797749979 0.4472135954999579 1 0 0 0.4747057054912947 -0.8801445865163361 5.293926045350489
cell 12.981382991900757 39.92175208963796 0.0 2.23606797749979 0.4472135954999579 1 0 0 0.6267520681506702 -0.7792187401935721 4.928429309995231
cell 38.08871179148816 34.199445651438936 0.0 2.23606797749979 0.4472135954999579 1 0 0 0.5782896673689589 -0.8158315148450069 5.049923906363657
cell 40.87223646334843 12.808682963691398 0.0 2.23606797749979 0.4472135954999579 1 0 0 0.4764570540680469 -0.8791977454638963 5.289944221082573
cell 13.283428094252422 1.4807070172616843 0.0 2.23606797749979 0.4472135954999579 1 0 0 0.874260415226284 0.4854572343351838 2.1278204788563166
cell 30.419055679979053 36.78885909778611 0.0 2.23606797749979 0.4472135954999579 1 0 0 0.5012941256834882 -0.8652769496266656 5.2329978092763065
cell 3.6010783701996187 29.744704656283957 0.0 2.23606797749979 0.4472135954999579 1 0 0 -0.437821052315267 0.8990621369791703 5.37683798593252
cell 19.581237356198045 14.272400903639166 0.0 2.23606797749979 0.4472135954999579 1 0 0 0.5604407047970654 -0.828194552268106 5.093349644396071
cell 45.16685487223354 27.686142553723958 0.0 2.23606797749979 0.4472135954999579 1 0 0 0.8288222401159838 0.5595120144278606 1.9539988275244928
cell 20.78306145915659 36.907208503669764 0.0 2.23606797749979 0.4472135954999579 1 0 0 0.9005856315009114 0.43467864030120534 2.242229829810315
cell 40.06649140234972 44.08588477418265 0.0 2.23606797749979 0.4472135954999579 1 0 0 0.5141723921104638 -0.8576868608014252 5.2031004277300354
cell 38.09430792414504 43.23588914151124 0.0 2.23606797749979 0.4472135954999579 1 0 0 0.5294831430566017 -0.848320459035913 5.167202950088957
cell 13.311931036298736 19.468540614593987 0.0 2.23606797749979 0.4472135954999579 1 0 0 0.4968200026670994 -0.8678536080180017 5.243323893616015
cell 0.5426028083607336 32.391222278411924 0.0 2.23606797749979 0.4472135954999579 1 0 0 0.4408275224632041 -0.8975918312011052 5.370144504839387
cell 11.132230354847106 12.039008127364491 0.0 2.23606797749979 0.4472135954999579 1 0 0 0.4020953298142818 -0.915597807850993 5.455576943151492
cell 25.77277109220238 32.333199734051306 0.0 2.23606797749979 0.4472135954999579 1 0 0 0.47265013244820403 -0.8812501644236415 5.2985941008418935
cell 35.04861118509156 42.44271176201201 0.0 2.23606797749979 0.4472135954999579 1 0 0 0.5276859334644762 -0.8494395538375432 5.171437256250464
cell 28.580842993167195 38.25986584903424 0.0 2.23606797749979 0.4472135954999579 1 0 0 0.4716460815576979 -0.8817879414866533 5.300872102159261
cell 10.612162251551998 4.950201424932183 0.0 2.23606797749979 0.4472135954999579 1 0 0 0.8671971930749623 0.4979648866365042 2.0990918157453446
cell 40.15572806059778 36.17193277149177 0.0 2.23606797749979 0.4472135954999579 1 0 0 -0.5552508444977058 0.8316829321830432 5.105856214154682
cell 42.23142190276727 26.03674104381144 0.0 2.23606797749979 0.4472135954999579 1 0 0 0.5923806210177031 -0.8056582401010247 5.015164269027869
cell 11.113650410914069 9.49880012226746 0.0 2.23606797749979 0.4472135954999579 1 0 0 0.4153472521760002 -0.9096629376367085 5.426536293353776
cell 4.331442078539017 9.424821670333067 0.0 2.23606797749979 0.4472135954999579 1 0 0 0.5330945531924975 -0.8460556703648356 5.158677323211956
cell 27.840648774806354 33.49022771317679 0.0 2.23606797749979 0.4472135954999579 1 0 0 0.4304664931179163 -0.90260655786603 5.393166222901204
cell 24.040397588576152 16.252014152093217 0.0 2.23606797749979 0.4472135954999579 1 0 0 0.5083023767099151 -0.8611786654527919 5.216760583201666
cell 23.36101773382894 3.069509461361117 0.0 2.23606797749979 0.4472135954999579 1 0 0 0.5098328056855025 -0.860273508976563 5.213204449386011
cell 35.561104193442574 24.154443168745903 0.0 2.23606797749979 0.4472135954999579 1 0 0 0.4801713862603705 -0.877174691732949 5.28148513444125
cell 22.006001703530522 20.262375007859482 0.0 2.23606797749979 0.4472135954999579 1 0 0 0.5151243209864796 -0.8571154729254502 5.200879929753073
cell 39.023815694363044 16.533062167903687 0.0 2.23606797749979 0.4472135954999579 1 0 0 0.48796235801327226 -0.8728646728801247 5.263677717212593
cell 37.85499373020317 9.97156694106784 0.0 2.23606797749979 0.4472135954999579 1 0 0 -0.500720668661114 0.8656089255406085 5.234323042810463
cell 11.786244333224907 20.371567549379403 0.0 2.23606797749979 0.4472135954999579 1 0 0 0.4635559689349146 -0.8860676405697324 5.319176891830009
cell 0.6439968119298056 10.361915956471254 0.0 2.23606797749979 0.4472135954999579 1 0 0 0.5779966448818479 -0.8160391403023063 5.0506421556514605
cell 3.2403445145323504 28.858167235421423 0.0 2.23606797749979 0.4472135954999579 1 0 0 -0.4418138572099589 0.8971067470358575 5.367946175472191
cell 21.73476739882056 39.98190093726239 0.0 2.23606797749979 0.4472135954999579 1 0 0 0.3661304919241396 -0.9305635189944788 5.533490587635578
cell 13.970292333049265 11.510504687730691 0.0 2.23606797749979 0.4472135954999579 1 0 0 0.4579867780378681 -0.8889590041967586 5.331726951603101
cell 10.5783509469037 28.970357765118226 0.0 2.23606797749979 0.4472135954999579 1 0 0 0.5763838842255716 -0.8171790611641019 5.054592050725186
cell 18.227786468764275 28.411916708874603 0.0 2.23606797749979 0.4472135954999579 1 0 0 -0.563926162567019 0.8258252134516335 5.084920597336125
cell 16.263580924487723 44.223508217949586 0.0 2.23606797749979 0.4472135954999579 1 0 0 0.919046897064866 0.3941481967425978 2.3313109868677055
cell 40.70399243973906 7.167664560584999 0.0 2.23606797749979 0.4472135954999579 1 0 0 0.4197040459821824 -0.907661012595664 5.416946840776653
cell 23.677862079404008 8.649275134266558 0.0 2.23606797749979 0.4472135954999579 1 0 0 0.4642928465786733 -0.8856817445425148 5.317513275954167
cell 37.1976175393196 20.464275884714738 0.0 2.23606797749979 0.4472135954999579 1 0 0 0.49601361236426733 -0.8683147449798088 5.2451817554839675
cell 19.47369331785101 1.4355192659530622 0.0 2.23606797749979 0.4472135954999579 1 0 0 0.4511450716993434 -0.8924506284839483 5.347089331090005
cell 19.795752527815825 16.12608239847873 0.0 2.23606797749979 0.4472135954999579 1 0 0 0.4847934659440967 -0.8746286614203252 5.27093128100814
cell 21.437988165768086 19.269411200001272 0.0 2.23606797749979 0.4472135954999579 1 0 0 0.5025230757805583 -0.8645637965517914 5.23015604504333
cell 16.671225134378314 7.94533485724193 0.0 2.23606797749979 0.4472135954999579 1 0 0 0.4693245052144958 -0.8830257690493345 5.306134017318218
cell 8.55628268088041 32.68575258913842 0.0 2.23606797749979 0.4472135954999579 1 0 0 0.5270126816560745 -0.8498574194379155 5.1730220334465935
cell 39.601035248783006 17.33960859422339 0.0 2.23606797749979 0.4472135954999579 1 0 0 -0.5160116363135482 0.8565815729917464 5.198808816308867
cell 43.98205889482779 41.42383650397587 0.0 2.23606797749979 0.4472135954999579 1 0 0 -0.42715647772874926 0.9041777167871196 5.400494185032795
cell 34.081283030372425 12.795147332676134 0.0 2.23606797749979 0.4472135954999579 1 0 0 0.467875835986784 -0.8837942080030101 5.309413737769396
cell 5.267396902787391 11.605786229322463 0.0 2.23606797749979 0.4472135954999579 1 0 0 0.837024678413498 0.5471651375286808 1.9836453711055244
cell 9.478719539217666 4.628964683597846 0.0 2.23606797749979 0.4472135954999579 1 0 0 0.8840665574464324 0.46736101891879467 2.1689859203782405
cell 9.73752124970584 2.191340533761998 0.0 2.23606797749979 0.4472135954999579 1 0 0 0.531607162238221 -0.8469910418989246 5.162191439062014
cell 19.211255460331717 11.020129253504313 0.0 2.23606797749979 0.4472135954999579 1 0 0 0.5400120407185419 -0.8416572912290345 5.142282476583923
cell 41.55093994552861 7.8930744395186 0.0 2.23606797749979 0.4472135954999579 1 0 0 0.4325711211810579 -0.9015998142857853 5.388500177728094
cell 37.34579291890409 29.007364754126357 0.0 2.23606797749979 0.4472135954999579 1 0 0 0.5354005565111527 -0.8445982737891121 5.153221441725179
cell 26.590425650968907 24.822877656597527 0.0 2.23606797749979 0.4472135954999579 1 0 0 0.8306299135880013 0.5568248796998833 1.9604759829479546
cell 18.544121071489617 40.59580657878162 0.0 2.23606797749979 0.4472135954999579 1 0 0 0.912061771350188 0.41005283225647576 2.2965686783600603
cell 41.95128519243194 29.276852412088573 0.0 2.23606797749979 0.4472135954999579 1 0 0 0.5761304934606847 -0.817357727378134 5.055212142642684
cell 9.204844181955353 38.77777658418801 0.0 2.23606797749979 0.4472135954999579 1 0 0 0.6178908965104332 -0.7862638488507107 4.951070448435771
cell 10.543291056341179 41.10152461903599 0.0 2.23606797749979 0.4472135954999579 1 0 0 0.5528562016321037 -0.8332766769308515 5.111609245522696
cell 9.253621528714154 24.038315704153245 0.0 2.23606797749979 0.4472135954999579 1 0 0 0.46490355277086404 -0.8853613311078299 5.316133961862079
cell 40.50973524712109 21.40484421069802 0.0 2.23606797749979 0.4472135954999579 1 0 0 0.5842098623365617 -0.8116026347595822 5.0353729794217434
cell 43.17763427959655 9.015189996561416 0.0 2.23606797749979 0.4472135954999579 1 0 0 0.4481502721344262 -0.8939582392851692 5.353795067527816
cell 31.795120097774944 45.89250919760499 0.0 2.23606797749979 0.4472135954999579 1 0 0 0.5419283422715094 -0.8404246973065783 5.137725503173619
cell 15.34474963369682 19.038143963839303 0.0 2.23606797749979 0.4472135954999579 1 0 0 0.5546467014318205 -0.8320859550495976 5.107308682809357
cell 8.093164411927134 36.674495176631176 0.0 2.23606797749979 0.4472135954999579 1 0 0 0.550286264284052 -0.8349760639325552 5.1177712262638
cell 1.6940209829949728 33.996980290938026 0.0 2.23606797749979 0.4472135954999579 1 0 0 -0.45871336202145124 0.8885842962279814 5.330091922081304
cell 14.193009339149844 34.63819401714352 0.0 2.23606797749979 0.4472135954999579 1 0 0 0.5681101738522657 -0.8229525079647965 5.074770042170899
cell 24.144672265691433 28.452480058667764 0.0 2.23606797749979 0.4472135954999579 1 0 0 0.8508179408641572 0.5254605898672854 2.0350799092737777
cell 6.492343163710516 0.9492466861606079 0.0 2.23606797749979 0.4472135954999579 1 0 0 0.6180016050580994 -0.7861768351621745 4.950788826245226
cell 37.46909237905967 15.37983878179538 0.0 2.23606797749979 0.4472135954999579 1 0 0 -0.48547885887610714 0.8742484072529688 5.26936366277082
cell 22.394882431224445 6.630086012513751 0.0 2.23606797749979 0.4472135954999579 1 0 0 -0.5477096196146948 0.8366684962286595 5.123936753769307
cell 35.24327791299136 37.96640453363838 0.0 2.23606797749979 0.4472135954999579 1 0 0 0.5464058207935881 -0.83752055437636 5.127051810714787
cell 24.103713038629795 40.463596862393466 0.0 2.23606797749979 0.4472135954999579 1 0 0 0.45132106015912427 -0.8923616423047576 5.346694917711991
cell 40.86042504900993 39.21057392932308 0.0 2.23606797749979 0.4472135954999579 1 0 0 0.8235471183010206 0.5672478681653064 1.9352722705825705
cell 33.03717444482951 41.6739583871133 0.0 2.23606797749979 0.4472135954999579 1 0 0 0.5625624374815854 -0.8267548027890599 5.088221435449812
cell 17.466597311335768 12.569050771695569 0.0 2.23606797749979 0.4472135954999579 1 0 0 0.5073726568485057 -0.8617267473407614 5.218919076092252
cell 27.021201217030367 37.06976359152418 0.0 2.23606797749979 0.4472135954999579 1 0 0 0.432760633785323 -0.9015088650954718 5.388079764680929
cell 3.6633640043665157 43.94831715106875 0.0 2.23606797749979 0.4472135954999579 1 0 0 0.5143763300215802 -0.8575645696468169 5.202624840520988
cell 34.47848989212697 45.50166025319069 0.0 2.23606797749979 0.4472135954999579 1 0 0 0.4836814405041055 -0.8752441168679018 5.273473237895733
cell 14.418303956523008 1.6048992696723157 0.0 2.23606797749979 0.4472135954999579 1 0 0 0.894305608003432 0.4474566789015579 2.2137538476353265
cell 42.092166562017916 38.5584955321079 0.0 2.23606797749979 0.4472135954999579 1 0 0 0.8463719335786337 0.5325922925187377 2.0182717470672347
cell 16.842799746914125 32.66346892426371 0.0 2.23606797749979 0.4472135954999579 1 0 0 -0.590242623397182 0.8072258949793498 5.020466562780438
cell 36.454307211012335 19.858875178154303 0.0 2.23606797749979 0.4472135954999579 1 0 0 -0.49576024133267804 0.8684594308968985 5.245765299466394
cell 6.80645922989629 9.93270190733743 0.0 2.23606797749979 0.4472135954999579 1 0 0 0.812279298767445 0.5832686694773411 1.8960987031336418
cell 14.280924079444253 28.267568987586632 0.0 2.23606797749979 0.4472135954999579 1 0 0 0.5480236199316859 -0.8364628575118987 5.123186064798945
cell 22.261637659134845 32.47576112581503 0.0 2.23606797749979 0.4472135954999579 1 0 0 0.9107620376946195 0.4129316053468717 2.290251511154464
cell 31.795551698136457 36.14923097576335 0.0 2.23606797749979 0.4472135954999579 1 0 0 0.5071558789461099 -0.861854346424266 5.2194221633030295
cell 6.594874963196572 5.569810479910185 0.0 2.23606797749979 0.4472135954999579 1 0 0 0.5296647454404138 -0.8482070840529108 5.166774775765804
cell 43.63194316895329 0.8357745673094644 0.0 2.23606797749979 0.4472135954999579 1 0 0 0.5165524641761892 -0.8562555411520014 5.19754581741609
cell 15.452196586077722 30.419843590285353 0.0 2.23606797749979 0.4472135954999579 1 0 0 0.5494243128891033 -0.8355434904338234 5.119835138215509
cell 0.25343077518015034 23.38632306044708 0.0 2.23606797749979 0.4472135954999579 1 0 0 0.8162546703559 0.5776922304499005 1.9097954815573448
cell 27.291220109792718 45.539374854608 0.0 2.23606797749979 0.4472135954999579 1 0 0 0.46565397566290145 -0.8849668778826324 5.314438405426203
cell 7.765686771594987 17.927986103519807 0.0 2.23606797749979 0.4472135954999579 1 0 0 0.3791687037325555 -0.9253275604399631 5.505389806379695
cell 30.235077551790962 44.213177589416645 0.0 2.23606797749979 0.4472135954999579 1 0 0 0.5513095491556634 -0.834300773708007 5.1153191830308025
cell 14.318186362039233 3.3860785930741195 0.0 2.23606797749979 0.4472135954999579 1 0 0 0.40848850446860924 -0.9127634642759311 5.441590323119269
cell 44.66685429282247 1.238453813477807 0.0 2.23606797749979 0.4472135954999579 1 0 0 -0.40987849708090673 0.9121401304792467 5.438543603615864
cell 44.20654204283005 36.127768062106824 0.0 2.23606797749979 0.4472135954999579 1 0 0 0.5361135602430686 -0.844145870405999 5.151532604035942
cell 32.75118839124351 27.358603032598698 0.0 2.23606797749979 0.4472135954999579 1 0 0 0.43352020539993097 -0.9011438461810644 5.3863943117594575
cell 25.55977200773472 11.358175015881663 0.0 2.23606797749979 0.4472135954999579 1 0 0 -0.49072576581283583 0.8713140781414046 5.257340280787077
cell 22.83828333382413 40.33247155395601 0.0 2.23606797749979 0.4472135954999579 1 0 0 -0.41354440211771254 0.9104839523446329 5.430498280111282
cell 36.71728896203728 14.693594518853757 0.0 2.23606797749979 0.4472135954999579 1 0 0 0.49054918252436447 -0.8714135066228189 5.257745584035642
cell 45.431714452553905 41.159585279159444 0.0 2.23606797749979 0.4472135954999579 1 0 0 -0.43864896637303213 0.8986584914748598 5.374995844309112
cell 9.63615673850933 34.72898751455619 0.0 2.23606797749979 0.4472135954999579 1 0 0 0.5820547542683941 -0.8131495944987979 5.040678666690148
cell 5.316206636888831 44.85476240450213 0.0 2.23606797749979 0.4472135954999579 1 0 0 0.5615382464713854 -0.8274507826752244 5.090698010038434
cell 23.66663716568716 36.28114931455684 0.0 2.23606797749979 0.4472135954999579 1 0 0 0.48031331220031653 -0.8770969855854945 5.2811615222175075
cell 31.893798798603967 22.02382110122768 0.0 2.23606797749979 0.4472135954999579 1 0 0 -0.4824692131067913 0.875912928551756 5.276242212173286
cell 39.33281997751299 22.026051943720447 0.0 2.23606797749979 0.4472135954999579 1 0 0 0.5448426165659497 -0.8385383254053267 5.130782476249836
cell 11.749992394914859 5.187041777153455 0.0 2.23606797749979 0.4472135954999579 1 0 0 0.8895098194743649 0.4569160547175845 2.1925424890969345
cell 39.40502495693254 25.76276414009977 0.0 2.23606797749979 0.4472135954999579 1 0 0 0.5827469565534495 -0.812653668316148 5.038975626084777
cell 40.45294330378784 25.685828511822315 0.0 2.23606797749979 0.4472135954999579 1 0 0 0.5770083684362256 -0.8167382339247777 5.053063248301408
cell 44.61686442916445 26.601335998801954 0.0 2.23606797749979 0.4472135954999579 1 0 0 0.5914691520529516 -0.8063276270659232 5.0174259982059715
cell 24.785857997727597 36.68756521915269 0.0 2.23606797749979 0.4472135954999579 1 0 0 0.4410692542252684 -0.8974730708924729 5.3696058462976906
cell 17.038783090968508 26.247246315270893 0.0 2.23606797749979 0.4472135954999579 1 0 0 0.5182212190273308 -0.8552466124749207 5.1936457245794125
cell 43.38145410398869 30.92072735766471 0.0 2.23606797749979 0.4472135954999579 1 0 0 0.6028181512127996 -0.7978786101709848 4.9891283652282485
cell 27.282112539088097 1.187208060981529 0.0 2.23606797749979 0.4472135954999579 1 0 0 0.5165959813749034 -0.856229287064686 5.197444170503982
cell 14.209181217501355 43.13325728112962 0.0 2.23606797749979 0.4472135954999579 1 0 0 0.8916627624139323 0.45270025195967745 2.2020099487432225
cell 36.40690453578952 44.297501313103595 0.0 2.23606797749979 0.4472135954999579 1 0 0 0.545422552123618 -0.8381612253230039 5.129398959365633
cell 0.12003582581264126 13.578910245654981 0.0 2.23606797749979 0.4472135954999579 1 0 0 0.5417538806378405 -0.8405371692042182 5.138140650326016
cell 34.1145926274472 1.9845054900116152 0.0 2.23606797749979 0.4472135954999579 1 0 0 -0.5270480411780528 0.8498354913101579 5.1729388195395405
cell 30.83588680609022 16.914613396628887 0.0 2.23606797749979 0.4472135954999579 1 0 0 0.8531941926451441 0.521593394931915 2.044157751432419
cell 28.443893969718886 9.94172654389103 0.0 2.23606797749979 0.4472135954999579 1 0 0 0.5109655043164844 -0.8596012176577001 5.210570075033803
cell 20.23460266713428 17.30569663365304 0.0 2.23606797749979 0.4472135954999579 1 0 0 0.48354189687417576 -0.8753212175923327 5.273792091758282
cell 2.250935874242642 37.86549761007192 0.0 2.23606797749979 0.4472135954999579 1 0 0 0.4709639512209642 -0.8821524565801182 5.302418935155384
cell 31.149585337854628 25.90985641537243 0.0 2.23606797749979 0.4472135954999579 1 0 0 0.43705337102355585 -0.8994355734998177 5.3785453692460825
cell 8.207290114013968 30.009390929790687 0.0 2.23606797749979 0.4472135954999579 1 0 0 0.5173092264819354 -0.855798553514004 5.195777737169518
cell 8.520234053264451 22.281390948134923 0.0 2.23606797749979 0.4472135954999579 1 0 0 0.44546584435723224 -0.8952989341617124 5.359796274739167
cell 3.222358627519707 24.171635391830048 0.0 2.23606797749979 0.4472135954999579 1 0 0 0.8792260991795783 0.47640472974295967 2.1484705930058405
cell 10.152428631661289 11.740028497709917 0.0 2.23606797749979 0.4472135954999579 1 0 0 0.38435978322477515 -0.9231833821291433 5.494156838856126
cell 8.32365120621509 26.859732328205116 0.0 2.23606797749979 0.4472135954999579 1 0 0 0.4926380536578814 -0.8702343064302708 5.252948127015307
cell 40.24026081246549 12.085515989574029 0.0 2.23606797749979 0.4472135954999579 1 0 0 -0.45638714047664014 0.8897813090909223 5.335324187507721
cell 1.556703347834358 1.806002941855728 0.0 2.23606797749979 0.4472135954999579 1 0 0 0.45923314555494804 -0.8883157760749878 5.328921831479648
cell 33.04000502551561 30.945676596561327 0.0 2.23606797749979 0.4472135954999579 1 0 0 0.44426624162553446 -0.89589480774917 5.362475164295952
cell 27.030076678937206 6.3356341924833375 0.0 2.23606797749979 0.4472135954999579 1 0 0 0.4943555589133598 -0.8692597893446238 5.248998692058255
cell 22.82787334854801 35.67514451685425 0.0 2.23606797749979 0.4472135954999579 1 0 0 0.4921632407849289 -0.8705029261410189 5.254039188554734
cell 35.745562204975364 33.144461490109435 0.0 2.23606797749979 0.4472135954999579 1 0 0 0.5397728894084749 -0.8418106840968618 5.142850711470392
cell 1.5585390973455406 43.96326074232339 0.0 2.23606797749979 0.4472135954999579 1 0 0 0.4686167141955958 -0.8834015933744535 5.307736780038219
cell 26.142256330094654 12.288439809026999 0.0 2.23606797749979 0.4472135954999579 1 0 0 0.5071314885218012 -0.8618686984394214 5.219478762707162
cell 18.436644708397843 1.155220119182316 0.0 2.23606797749979 0.4472135954999579 1 0 0 0.4672326270150268 -0.8841344197873063 5.310869020371345
cell 9.29338062180795 45.07007045930012 0.0 2.23606797749979 0.4472135954999579 1 0 0 0.5405148885737122 -0.8413344490927182 5.1410873481037065
cell 2.196716776754367 9.610653495331173 0.0 2.23606797749979 0.4472135954999579 1 0 0 0.513523450530187 -0.8580755594675626 5.2046133214539365
cell 27.732879399846716 20.49475711751861 0.0 2.23606797749979 0.4472135954999579 1 0 0 0.8276192332806729 0.561289947089658 1.9497054504083422
cell 14.12850570476186 15.392714970971548 0.0 2.23606797749979 0.4472135954999579 1 0 0 0.4640254137594779 -0.8858218869419209 5.318117130922141
cell 20.016302609943985 24.297763831066582 0.0 2.23606797749979 0.4472135954999579 1 0 0 0.5190773839263382 -0.8547272485981647 5.191642969222845
cell 41.074178327051584 1.8764251858947991 0.0 2.23606797749979 0.4472135954999579 1 0 0 0.4945262287626591 -0.8691627057494944 5.24860599155137
cell 8.10129540953491 15.404279955884245 0.0 2.23606797749979 0.4472135954999579 1 0 0 0.4662337668931727 -0.8846615593596246 5.313127867694499
cell 8.833378090004492 1.7157243733170113 0.0 2.23606797749979 0.4472135954999579 1 0 0 0.4860140693975133 -0.8739509850945126 5.268139064462349
cell 1.730379623577191 6.236402002293461 0.0 2.23606797749979 0.4472135954999579 1 0 0 0.5517959561847067 -0.8339791500620416 5.114152935068863
cell 25.369328457325707 24.195411565169145 0.0 2.23606797749979 0.4472135954999579 1 0 0 0.8366635392765718 0.547717191664823 1.9823259996472402
cell 4.424085913049203 31.5179493255684 0.0 2.23606797749979 0.4472135954999579 1 0 0 -0.4755721876369503 0.8796766987627928 5.291956567920288
cell 36.120364578063636 1.192989588431246 0.0 2.23606797749979 0.4472135954999579 1 0 0 0.5540056691857913 -0.8325128939001507 5.108849071269304
cell 3.7301609406319707 5.438524238156726 0.0 2.23606797749979 0.4472135954999579 1 0 0 0.5836514098818524 -0.8120043298794201 5.036748810998841
cell 41.13225288100641 16.12014065506027 0.0 2.23606797749979 0.4472135954999579 1 0 0 0.5226406830016047 -0.8525530578630377 5.18329450087163
cell 15.349987784530748 38.52609591333556 0.0 2.23606797749979 0.4472135954999579 1 0 0 0.8619620597270385 0.5069727878211229 2.078254360349639
cell 42.40597873006743 8.476369394871094 0.0 2.23606797749979 0.4472135954999579 1 0 0 -0.44142579694444944 0.8972977575988684 5.368811220691277
cell 37.21712816134647 34.00254880429045 0.0 2.23606797749979 0.4472135954999579 1 0 0 0.5764124727541239 -0.8171588959642282 5.0545220810388685
cell 14.132370371342455 26.282103157005043 0.0 2.23606797749979 0.4472135954999579 1 0 0 0.5655903172839586 -0.8246863603786782 5.0808875346678
cell 34.13298024153245 32.363221960070064 0.0 2.23606797749979 0.4472135954999579 1 0 0 0.5105764151043063 -0.8598323815367941 5.211475231721956
cell 33.021273110150766 17.434608972979355 0.0 2.23606797749979 0.4472135954999579 1 0 0 0.4611064169584778 -0.8873448440373756 5.324701946919839
cell 8.326211920108003 8.286017232057388 0.0 2.23606797749979 0.4472135954999579 1 0 0 0.833554200560391 0.5524376840224854 1.971020935220455
cell 16.5846820332989 18.36890876174194 0.0 2.23606797749979 0.4472135954999579 1 0 0 -0.5739327270835238 0.8189024513227868 5.060584796904186
cell 0.0004734377134596457 43.17441752039733 0.0 2.23606797749979 0.4472135954999579 1 0 0 0.4346034375355622 -0.9006219251618699 5.383989488619071
cell 13.601649580593007 23.17005320295416 0.0 2.23606797749979 0.4472135954999579 1 0 0 0.559862973142293 -0.8285852106478079 5.094744474642763
cell 28.713364670133572 29.60450130608331 0.0 2.23606797749979 0.4472135954999579 1 0 0 0.4314567794867825 -0.9021336084166768 5.390971366737464
cell 43.4283495616121 25.06373841707063 0.0 2.23606797749979 0.4472135954999579 1 0 0 0.5880888250432482 -0.8087963488167165 5.025797670287014
cell 23.188743314763034 33.14225224431735 0.0 2.23606797749979 0.4472135954999579 1 0 0 0.9046146322120698 0.4262304156061855 2.26094944378001
cell 17.194565966631053 14.966436435230596 0.0 2.23606797749979 0.4472135954999579 1 0 0 0.543007139951925 -0.8397280785833177 5.1351571711799
cell 5.666133655682307 5.305588111984336 0.0 2.23606797749979 0.4472135954999579 1 0 0 0.52760088373644 -0.8494923822380795 5.171637499064573
cell 9.505758712852392 29.397322393525883 0.0 2.23606797749979 0.4472135954999579 1 0 0 0.5243764131451625 -0.8514865690878594 5.179220113126628
cell 11.68126037225098 19.119326071301444 0.0 2.23606797749979 0.4472135954999579 1 0 0 0.42575807981524927 -0.9048370336541447 5.403586249671007
cell 24.336710191934188 17.852948136491822 0.0 2.23606797749979 0.4472135954999579 1 0 0 -0.5152150771948302 0.8570609221234656 5.200668151762132
cell 21.253342837428075 43.76403257633686 0.0 2.23606797749979 0.4472135954999579 1 0 0 0.46998192230063396 -0.8826760406347285 5.304644712494144
cell 45.82057964553582 1.2943812790323068 0.0 2.23606797749979 0.4472135954999579 1 0 0 0.4075002003747646 -0.9132051175363215 5.443755319838666
cell 45.907804532517616 22.251528297919585 0.0 2.23606797749979 0.4472135954999579 1 0 0 0.5856427454444795 -0.8105692905040585 5.031839734361985
cell 6.855555555782405 12.467644692273899 0.0 2.23606797749979 0.4472135954999579 1 0 0 0.8562384052152504 0.516580868242761 2.0558868183267887
cell 26.535645567628322 33.30416828092559 0.0 2.23606797749979 0.4472135954999579 1 0 0 0.44096818812431887 -0.8975227334515574 5.369831063761928
cell 11.395282138205044 30.617660959754925 0.0 2.23606797749979 0.4472135954999579 1 0 0 0.5612873988213621 -0.827620961506141 5.091304262061005
cell 4.79730549958799 5.005636162807502 0.0 2.23606797749979 0.4472135954999579 1 0 0 0.559871525924763 -0.828579431592818 5.094723830266816
cell 25.06527209377872 43.880158838691585 0.0 2.23606797749979 0.4472135954999579 1 0 0 0.45238649873015624 -0.8918219865907492 5.344306288140163
cell 36.532423125624675 28.60024139153134 0.0 2.23606797749979 0.4472135954999579 1 0 0 0.5279452945068236 -0.8492783795718005 5.170826534399046
cell 38.70761758601623 10.734907945638232 0.0 2.23606797749979 0.4472135954999579 1 0 0 0.463271745725226 -0.8862162769960286 5.319818376423837
cell 37.890708577638925 29.95302714449097 0.0 2.23606797749979 0.4472135954999579 1 0 0 0.5630961503202189 -0.8263913875970329 5.086930048582288
cell 30.238041941143592 13.241007932240878 0.0 2.23606797749979 0.4472135954999579 1 0 0 0.5164716558801228 -0.8563042850952248 5.197734560126897
cell 32.30747381826921 40.94206945112539 0.0 2.23606797749979 0.4472135954999579 1 0 0 0.5490525758964638 -0.8357878133243256 5.120724816966033
cell 41.677964672147645 35.03327455547578 0.0 2.23606797749979 0.4472135954999579 1 0 0 0.5599090164828622 -0.8285540979689823 5.094633335306877
cell 12.071617135801626 24.772797159967663 0.0 2.23606797749979 0.4472135954999579 1 0 0 0.5527097244402959 -0.8333738419875754 5.111960794188161
cell 35.91738145037212 14.025296340949323 0.0 2.23606797749979 0.4472135954999579 1 0 0 -0.49511603152455697 0.8688268615365055 5.247248554774169
cell 25.51783250333056 5.067443845441619 0.0 2.23606797749979 0.4472135954999579 1 0 0 0.466811478458771 -0.8843568530741063 5.311821580454072
cell 3.2710858044748963 2.110176415068409 0.0 2.23606797749979 0.4472135954999579 1 0 0 0.5343443501619443 -0.8452668900708281 5.155721537553555
cell 13.121486260928902 26.539941036114676 0.0 2.23606797749979 0.4472135954999579 1 0 0 0.5842871930542798 -0.8115469647732969 5.035182409882911
cell 4.878177335072098 16.355921801791805 0.0 2.23606797749979 0.4472135954999579 1 0 0 0.8804782868561148 0.47408647562962725 2.15374023440826
cell 11.433289397060534 34.75912351338375 0.0 2.23606797749979 0.4472135954999579 1 0 0 0.6001712423588101 -0.7998715395896284 4.995754949323206
cell 30.953337292572435 21.345717026718344 0.0 2.23606797749979 0.4472135954999579 1 0 0 -0.43539372369740315 0.9002401376104652 5.382234137940199
cell 22.31580009509816 13.377891092146442 0.0 2.23606797749979 0.4472135954999579 1 0 0 0.4763344177289224 -0.8792641937932242 5.2902231838196965
cell 0.8802891794652188 23.904850228144014 0.0 2.23606797749979 0.4472135954999579 1 0 0 0.829558661483651 0.5584195798478536 1.956633769644096
cell 25.003784243526592 10.32305182178672 0.0 2.23606797749979 0.4472135954999579 1 0 0 0.48205026507032644 -0.8761435624060865 5.277198683681236
cell 41.34662747494846 25.860613661142168 0.0 2.23606797749979 0.4472135954999579 1 0 0 0.579499175530955 -0.8149728250432302 5.046957252644034
cell 20.931687034182694 1.071226254931678 0.0 2.23606797749979 0.4472135954999579 1 0 0 0.46461030502690776 -0.885515253659023 5.316796340581857
cell 20.238645137193892 31.210362278423236 0.0 2.23606797749979 0.4472135954999579 1 0 0 0.8787598025664859 0.47726429721204866 2.146514792564584
cell 18.159567973785553 4.5330578458693225 0.0 2.23606797749979 0.4472135954999579 1 0 0 0.4665113160250383 -0.8845152299540052 5.312500346168634
cell 15.966538203938414 24.140375373189116 0.0 2.23606797749979 0.4472135954999579 1 0 0 0.531140217583277 -0.8472839366266713 5.163293844867542
cell 34.39700140037144 37.392871086661145 0.0 2.23606797749979 0.4472135954999579 1 0 0 0.5755639236762987 -0.8177567913275583 5.0565981489565655
cell 10.603653423999972 34.52558986053748 0.0 2.23606797749979 0.4472135954999579 1 0 0 0.5854548228932318 -0.8107050328886917 5.032303375949827
cell 35.13896371900701 29.219452204567116 0.0 2.23606797749979 0.4472135954999579 1 0 0 0.4963735911916545 -0.8681090127210409 5.244352513611104
cell 9.942136193965297 9.270147598194354 0.0 2.23606797749979 0.4472135954999579 1 0 0 0.8629390741007581 0.5053079797411935 2.0821150049520156
cell 33.86232072541316 23.078348727684986 0.0 2.23606797749979 0.4472135954999579 1 0 0 0.479282504067455 -0.8776606868800892 5.283511266641972
cell 28.9010308640355 2.2648845760351555 0.0 2.23606797749979 0.4472135954999579 1 0 0 0.5377307286377786 -0.8431166369362448 5.147698777604133
cell 37.37894223436448 25.340747341463818 0.0 2.23606797749979 0.4472135954999579 1 0 0 0.5320571451322632 -0.8467084470546552 5.161128717165032
cell 26.616328279646975 43.42762046063699 0.0 2.23606797749979 0.4472135954999579 1 0 0 0.4277250870013059 -0.9039088725915491 5.399236260202974
cell 2.6270645820135865 43.90200248640166 0.0 2.23606797749979 0.4472135954999579 1 0 0 0.47562555307365195 -0.8796478461653747 5.291835236272096
cell 45.950753492820525 6.033369972828159 0.0 2.23606797749979 0.4472135954999579 1 0 0 0.4866462315028888 -0.8735991331062759 5.266692096913396
cell 44.96498182144398 9.898118212283899 0.0 2.23606797749979 0.4472135954999579 1 0 0 0.5599499538212327 -0.8285264324181815 5.094534517325225
cell 43.109164346945256 12.22638222826486 0.0 2.23606797749979 0.4472135954999579 1 0 0 0.5111351439082283 -0.8595003575693931 5.210175358180214
cell 30.339998720928985 3.9821621084703716 0.0 2.23606797749979 0.4472135954999579 1 0 0 0.4931874003242282 -0.8699230932452762 5.251685375385597
cell 37.0486836585798 23.989144968670377 0.0 2.23606797749979 0.4472135954999579 1 0 0 0.45773035514765004 -0.8890910650638697 5.332303814747449
cell 42.17937888891235 21.61921724371164 0.0 2.23606797749979 0.4472135954999579 1 0 0 0.5673078964388608 -0.8235057684303825 5.076719140696893
cell 26.141284591280517 41.04912718817122 0.0 2.23606797749979 0.4472135954999579 1 0 0 0.4798362350180453 -0.8773580726041718 5.282249215329475
cell 17.606884774215917 27.346958094633496 0.0 2.23606797749979 0.4472135954999579 1 0 0 0.5407136743347535 -0.8412067060998801 5.140614763502723
cell 45.02970988459059 29.781065241949676 0.0 2.23606797749979 0.4472135954999579 1 0 0 0.8697630612096033 0.49346957085042215 2.1094439369032028
cell 7.307924620327351 36.30824577484825 0.0 2.23606797749979 0.4472135954999579 1 0 0 0.5192374717049704 -0.8546300064808339 5.191268354079782
cell 3.8993174989767825 40.21401324799154 0.0 2.23606797749979 0.4472135954999579 1 0 0 0.5074657479898641 -0.8616719298068655 5.218703012003305
cell 2.333189868026214 7.181836149027423 0.0 2.23606797749979 0.4472135954999579 1 0 0 0.577527988441546 -0.8163708854232012 5.051790534845511
cell 39.19346392228294 43.39051692550259 0.0 2.23606797749979 0.4472135954999579 1 0 0 0.8539053980445492 0.5204282574864473 2.04688784936203
cell 5.901282717173261 40.29653874562508 0.0 2.23606797749979 0.4472135954999579 1 0 0 -0.5344444080870677 0.845203629112218 5.155484779978972
cell 17.003395946331946 45.917520715864406 0.0 2.23606797749979 0.4472135954999579 1 0 0 0.3971018713131729 -0.9177745386529179 5.466471502924054
cell 12.771848584945984 11.634153037602502 0.0 2.23606797749979 0.4472135954999579 1 0 0 0.446080865766208 -0.8949926598566439 5.358422149123347
cell 29.420223041746844 39.941695033677625 0.0 2.23606797749979 0.4472135954999579 1 0 0 0.46665541532703153 -0.8844392140480631 5.3121745055520755
cell 27.934681727495274 40.48298750744199 0.0 2.23606797749979 0.4472135954999579 1 0 0 -0.4415285417568403 0.8972472049630905 5.368582204836178
cell 44.66803754486315 23.831535963852843 0.0 2.23606797749979 0.4472135954999579 1 0 0 0.6002043011701316 -0.7998467333538808 4.995672287739911
cell 1.2978312029568373 17.668884592416493 0.0 2.23606797749979 0.4472135954999579 1 0 0 -0.6013316142971822 0.7989995554734338 4.992851971745512
