500
 Lattice="46.07274399156211 0.0 0.0 0.0 46.07274399156211 0.0 0.0 0.0 1.0"Properties=species:S:1:pos:R:3:aspherical_shape:R:3:orientation:R:4:Color:R:1
cell 3.6491333816770894 37.98528939231107 0.0 2.23606797749979 0.4472135954999579 1 0 0 0.9897255141474095 0.14298044147940647 2.854648360813723
cell 8.482224527046803 41.99799262965976 0.0 2.23606797749979 0.4472135954999579 1 0 0 0.9955576359721056 0.09415409421598489 2.953005124213599
cell 43.63722334139449 24.706062546979226 0.0 2.23606797749979 0.4472135954999579 1 0 0 0.059663069122017146 -0.9982185723492333 6.163788261445645
cell 10.067316411138146 45.459126316820324 0.0 2.23606797749979 0.4472135954999579 1 0 0 0.9993914090484507 -0.034882825575809365 3.2113724611023184
cell 44.28287666995735 13.09877714300383 0.0 2.23606797749979 0.4472135954999579 1 0 0 0.9967043273386696 -0.08112018160957314 3.3040114824734186
cell 7.47113008995864 39.53354888072113 0.0 2.23606797749979 0.4472135954999579 1 0 0 0.9926736957092824 0.12082604788237931 2.8993486840335665
cell 44.22717400422382 44.44101008839504 0.0 2.23606797749979 0.4472135954999579 1 0 0 0.9989515630286508 0.045779632180866774 3.050001377763581
cell 13.169270240189901 33.537252627228895 0.0 2.23606797749979 0.4472135954999579 1 0 0 0.9833715598997388 0.1816049976744981 2.776355966300411
cell 12.791775995727297 31.38085578331306 0.0 2.23606797749979 0.4472135954999579 1 0 0 0.9952517945304614 0.09733378387741898 2.946616392255781
cell 32.378022630954646 3.0410248938991007 0.0 2.23606797749979 0.4472135954999579 1 0 0 0.9944319422533329 -0.10538079628786326 3.352746297062199
cell 1.2016654567606853 45.44031106713781 0.0 2.23606797749979 0.4472135954999579 1 0 0 0.9998710027700066 -0.016061687946834078 3.1737174108302404
cell 26.008470169108836 11.120493458035796 0.0 2.23606797749979 0.4472135954999579 1 0 0 0.9921285867542323 -0.12522326998225913 3.3926983922896827
cell 6.428747506397949 23.871306430775363 0.0 2.23606797749979 0.4472135954999579 1 0 0 -0.024840232676685 0.9996914338137384 6.233499731291527
cell 20.103537674103148 35.119835087586246 0.0 2.23606797749979 0.4472135954999579 1 0 0 0.9862518909894683 0.16524892592600357 2.8095718498541715
cell 25.249653661276298 39.49932777772105 0.0 2.23606797749979 0.4472135954999579 1 0 0 0.9972485253862068 0.07413082095212549 2.9931948824700236
cell 24.83007479688724 24.251192641645673 0.0 2.23606797749979 0.4472135954999579 1 0 0 0.9721561993376494 0.234333787767314 2.668526217539725
cell 6.838434246697086 11.457443893663374 0.0 2.23606797749979 0.4472135954999579 1 0 0 0.98299036196295 -0.18365714875263772 3.5110038528248824
cell 37.10474565578821 8.907249384251125 0.0 2.23606797749979 0.4472135954999579 1 0 0 0.9856357160330764 -0.16888527253720148 3.480989825991123
cell 12.316927454347907 2.7328306324638896 0.0 2.23606797749979 0.4472135954999579 1 0 0 0.9950824541542522 -0.09905003500428693 3.340018085740476
cell 40.99432604049668 7.7371059705587255 0.0 2.23606797749979 0.4472135954999579 1 0 0 0.9867451120048361 -0.16227779864961026 3.4675898799434095
cell 36.94874594768682 5.3220063434070495 0.0 2.23606797749979 0.4472135954999579 1 0 0 0.9906753774411788 -0.13624351922854072 3.4149298099671648
cell 19.121120349851473 36.259310394443276 0.0 2.23606797749979 0.4472135954999579 1 0 0 0.9891368599037159 0.14699752508058347 2.8465283861537647
cell 33.167095501311245 6.288014542979001 0.0 2.23606797749979 0.4472135954999579 1 0 0 0.9878544717478867 -0.1553819250997486 3.453620778415012
cell 16.707219767267667 42.41275138596404 0.0 2.23606797749979 0.4472135954999579 1 0 0 0.9959840587814967 0.0895307469707258 2.962291073791044
cell 40.600653385538244 11.568386310781648 0.0 2.23606797749979 0.4472135954999579 1 0 0 0.9955176850270256 -0.09457557189058743 3.331026916716061
cell 25.967161816777196 30.49349176821506 0.0 2.23606797749979 0.4472135954999579 1 0 0 0.9570893474762537 0.28979299671917347 2.5535715606119895
cell 25.577758461997757 16.980462641544076 0.0 2.23606797749979 0.4472135954999579 1 0 0 0.09796129922156663 -0.995190224959441 6.08694798861866
cell 34.014265548386675 37.927445007860804 0.0 2.23606797749979 0.4472135954999579 1 0 0 0.993884242310899 0.11042695724364726 2.920287405134352
cell 24.370808704887235 13.96307744176478 0.0 2.23606797749979 0.4472135954999579 1 0 0 0.9861709730125932 -0.16573114368577563 3.4745913769368033
cell 10.310457373767209 11.904816927885756 0.0 2.23606797749979 0.4472135954999579 1 0 0 0.9794144028658289 -0.2018599203878071 3.5481057798807285
cell 43.791451756840644 0.7326352443601587 0.0 2.23606797749979 0.4472135954999579 1 0 0 0.9975587748474101 -0.06983187470585527 3.2813701643153723
cell 23.418101695699384 43.28526761840152 0.0 2.23606797749979 0.4472135954999579 1 0 0 0.9987844010218373 0.049292192844807986 3.042968302107049
cell 42.57478386805863 35.46701971343761 0.0 2.23606797749979 0.4472135954999579 1 0 0 0.9914648523149295 0.13037425598688962 2.8800997572699396
cell 28.166095325223893 7.877175599126485 0.0 2.23606797749979 0.4472135954999579 1 0 0 0.9924622832030076 -0.12255046478685135 3.387311279772175
cell 13.463358190313897 2.4123815202824233 0.0 2.23606797749979 0.4472135954999579 1 0 0 0.9964926497148591 -0.08368033857639014 3.3091492698338683
cell 10.763468315799843 22.842331873860367 0.0 2.23606797749979 0.4472135954999579 1 0 0 0.08959799579259373 -0.9959780113787404 6.103748687014658
cell 41.12787335858351 37.80912578929502 0.0 2.23606797749979 0.4472135954999579 1 0 0 0.9945244946871317 0.10450372944208892 2.9322028834182507
cell 30.984793230535352 35.39064807524829 0.0 2.23606797749979 0.4472135954999579 1 0 0 0.9945294997978847 0.10445608661906268 2.9322986934327586
cell 1.963645543958997 3.8473163969746933 0.0 2.23606797749979 0.4472135954999579 1 0 0 0.9916588689755722 -0.128890215230206 3.4000922107372538
cell 29.75346674242416 42.11491062607982 0.0 2.23606797749979 0.4472135954999579 1 0 0 0.9970874477619637 0.07626677858368844 2.988910836364198
cell 28.82214159343582 14.370662689731951 0.0 2.23606797749979 0.4472135954999579 1 0 0 0.9971301334350167 -0.07570665093547467 3.293150967264391
cell 29.57299681322871 38.43603183741605 0.0 2.23606797749979 0.4472135954999579 1 0 0 0.9915283525636692 0.12989043868728767 2.881075690599033
cell 9.036037638226354 35.22905883070807 0.0 2.23606797749979 0.4472135954999579 1 0 0 0.9862398801455703 0.16532059403005778 2.809426514689642
cell 11.57305467054711 44.1787312508054 0.0 2.23606797749979 0.4472135954999579 1 0 0 0.999160486125988 0.04096734021729311 3.059635037019278
cell 36.07150098652212 35.32963870204561 0.0 2.23606797749979 0.4472135954999579 1 0 0 0.9927112707910798 0.12051694007217169 2.899971450525558
cell 4.49418092482108 1.5234923875901436 0.0 2.23606797749979 0.4472135954999579 1 0 0 0.9925987716618262 -0.12144002015577027 3.385073677029369
cell 2.8355188055150493 9.485675458130558 0.0 2.23606797749979 0.4472135954999579 1 0 0 0.9842812429399295 -0.17660813910074372 3.496671354013026
cell 26.49764906464782 43.54656302144403 0.0 2.23606797749979 0.4472135954999579 1 0 0 0.9996563741242341 0.0262132346876394 3.089160178358515
cell 23.84592588546593 7.287678225093347 0.0 2.23606797749979 0.4472135954999579 1 0 0 0.9946040798086264 -0.10374355125999589 3.3494537580836483
cell 43.61516976258626 4.728970490595144 0.0 2.23606797749979 0.4472135954999579 1 0 0 0.9950127451081486 -0.0997478675077641 3.341420696982661
cell 2.5479001859873387 43.53959240410791 0.0 2.23606797749979 0.4472135954999579 1 0 0 0.9945914068741545 0.1038649766383743 2.9334873792714227
cell 36.747306906557256 41.18356095200216 0.0 2.23606797749979 0.4472135954999579 1 0 0 0.9961092382790512 0.08812709807504437 2.9651095134001935
cell 10.666259311205312 1.3538975705084286 0.0 2.23606797749979 0.4472135954999579 1 0 0 0.9955015216543934 -0.0947455560107561 3.3313684184337444
cell 32.72161353009 5.333385768471795 0.0 2.23606797749979 0.4472135954999579 1 0 0 0.9911183749830933 -0.13298258070466384 3.4083480239929247
cell 10.77983106650467 39.84801236675661 0.0 2.23606797749979 0.4472135954999579 1 0 0 0.9959606904818424 0.08979032807007457 2.961769812148671
cell 5.111484202619851 45.951374203600906 0.0 2.23606797749979 0.4472135954999579 1 0 0 0.9989678340482113 -0.0454231938223779 3.2324703103276105
cell 21.08011620716685 33.91096507851712 0.0 2.23606797749979 0.4472135954999579 1 0 0 0.9833815240291406 0.18155103469307127 2.7764657166943048
cell 5.292269130266384 38.85238409558076 0.0 2.23606797749979 0.4472135954999579 1 0 0 0.9915512077812404 0.12971585233718871 2.8814278425815134
cell 10.378596977891087 21.70063289479458 0.0 2.23606797749979 0.4472135954999579 1 0 0 0.0198199829253392 -0.9998035648450346 6.243542745564002
cell 8.478497551827985 9.02248155431914 0.0 2.23606797749979 0.4472135954999579 1 0 0 0.9863505766529543 -0.16465885927087087 3.472416933145379
cell 24.947756633148334 38.26171202881373 0.0 2.23606797749979 0.4472135954999579 1 0 0 0.9924657846998455 0.12252210494486299 2.895931177774611
cell 22.58538137038641 8.739971143260762 0.0 2.23606797749979 0.4472135954999579 1 0 0 0.9944973491573572 -0.10476174167600245 3.3515012963584665
cell 7.139682651473166 4.017383104165703 0.0 2.23606797749979 0.4472135954999579 1 0 0 0.9923553180948941 -0.12341362424295649 3.3890508036480753
cell 25.338493340995942 0.6966547209632014 0.0 2.23606797749979 0.4472135954999579 1 0 0 0.9969340095395167 -0.07824692085611215 3.298246627913864
cell 23.287537592841105 34.7207146960925 0.0 2.23606797749979 0.4472135954999579 1 0 0 0.9885243677577181 0.15106149194683455 2.838308654505015
cell 41.22914712698528 10.607470229019563 0.0 2.23606797749979 0.4472135954999579 1 0 0 0.9940651129519333 -0.10878672350916739 3.359597549633479
cell 24.680079573490694 3.4657197628991567 0.0 2.23606797749979 0.4472135954999579 1 0 0 0.992974530346072 -0.11832828099823706 3.3788049855499316
cell 31.79496492524585 36.00456737028769 0.0 2.23606797749979 0.4472135954999579 1 0 0 0.9946005463681469 0.10377742126389379 2.933663441464478
cell 43.46113169962653 32.64768051982774 0.0 2.23606797749979 0.4472135954999579 1 0 0 0.9947221510076377 0.10260527420526855 2.9360203178516486
cell 25.282075033434204 11.955751742432657 0.0 2.23606797749979 0.4472135954999579 1 0 0 0.9957374169520657 -0.09223338051718567 3.3263219639635886
cell 26.079801154134042 35.330378031246745 0.0 2.23606797749979 0.4472135954999579 1 0 0 -0.9914355290972623 -0.13059705832686885 2.879650309902578
cell 23.989276154710165 37.75913775711446 0.0 2.23606797749979 0.4472135954999579 1 0 0 0.9938860258957722 0.11041090312604226 2.920319710915078
cell 11.497441537170019 43.62368611009785 0.0 2.23606797749979 0.4472135954999579 1 0 0 0.9955072184785162 0.09468567978933169 2.9519371819825304
cell 14.334252440555016 6.645523059577446 0.0 2.23606797749979 0.4472135954999579 1 0 0 0.9925080332709881 -0.12217939225808573 3.3865635153922984
cell 41.439669629283806 43.50148198263509 0.0 2.23606797749979 0.4472135954999579 1 0 0 0.9976998891603099 0.06778592161728968 3.0059167712062296
cell 32.45216689903789 39.67245249271471 0.0 2.23606797749979 0.4472135954999579 1 0 0 0.9957252521161898 0.09236461605046739 2.9565997469455176
cell 34.993307665091265 31.17634773668047 0.0 2.23606797749979 0.4472135954999579 1 0 0 0.9817726209965336 0.19005925565885198 2.7591476496594978
cell 44.21682576062421 44.98910006463426 0.0 2.23606797749979 0.4472135954999579 1 0 0 0.9997538656815607 0.022185762433956226 3.09721748791175
cell 38.45826789166525 31.637895523272288 0.0 2.23606797749979 0.4472135954999579 1 0 0 0.9870502997647561 0.16041105240694972 2.8193784853483725
cell 37.31523153791659 45.79350624353109 0.0 2.23606797749979 0.4472135954999579 1 0 0 0.9998844532091848 -0.015201323316391945 3.1719964712527844
cell 21.372904121742206 3.215379214294536 0.0 2.23606797749979 0.4472135954999579 1 0 0 0.9940235972435053 -0.1091654163326531 3.360359473016402
cell 38.30235302719361 16.789537559772203 0.0 2.23606797749979 0.4472135954999579 1 0 0 0.1340052793088919 -0.9909806179322307 6.014366067076448
cell 23.139042112081025 7.992948168793727 0.0 2.23606797749979 0.4472135954999579 1 0 0 0.9939572077920937 -0.10976825168574286 3.3615724330874146
cell 9.877367516936557 29.811591618782302 0.0 2.23606797749979 0.4472135954999579 1 0 0 -0.9992299661623101 -0.03923614052463277 3.0631002242305296
cell 38.565536424474914 30.59740267553225 0.0 2.23606797749979 0.4472135954999579 1 0 0 0.983757070345764 0.17950494852432225 2.780626248009646
cell 16.42823980526306 4.765535097100374 0.0 2.23606797749979 0.4472135954999579 1 0 0 0.993032264441933 -0.11784278415468087 3.3778271503579087
cell 32.86557734995788 7.9281573527316365 0.0 2.23606797749979 0.4472135954999579 1 0 0 0.9877359874055013 -0.15613333783686084 3.4551421720771374
cell 25.518232284119247 2.1630849151402756 0.0 2.23606797749979 0.4472135954999579 1 0 0 0.9944648913056893 -0.10506940544403828 3.352120038653967
cell 1.4350561369229256 31.27769972308631 0.0 2.23606797749979 0.4472135954999579 1 0 0 0.9947291254694701 0.10253763671327315 2.9361563101079438
cell 0.04481443767716681 43.67617374054766 0.0 2.23606797749979 0.4472135954999579 1 0 0 0.9962415065005884 0.08661905520979803 2.968137178245253
cell 5.035934270718427 28.853216799817993 0.0 2.23606797749979 0.4472135954999579 1 0 0 0.994616303961621 0.10362628958775007 2.9339673433258118
cell 8.48969987806366 8.016432091001812 0.0 2.23606797749979 0.4472135954999579 1 0 0 0.9913040548352287 -0.13159130239964142 3.4055407957136663
cell 6.779066029210846 40.38009184850742 0.0 2.23606797749979 0.4472135954999579 1 0 0 0.9954250584761857 0.09554555435854832 2.950209600335069
cell 16.224368598761824 33.21691867533136 0.0 2.23606797749979 0.4472135954999579 1 0 0 0.9819132684919519 0.18933127887238246 2.7606305278672947
cell 41.47809808002144 9.630749956678605 0.0 2.23606797749979 0.4472135954999579 1 0 0 0.9928990364942172 -0.11896009132837468 3.3800775948829123
cell 38.096899156498836 0.865752364824353 0.0 2.23606797749979 0.4472135954999579 1 0 0 0.9981473536429636 -0.06084291590274624 3.263353688065484
cell 28.112936025624066 19.13889110889944 0.0 2.23606797749979 0.4472135954999579 1 0 0 0.012527074947686206 -0.9999215331181017 6.2581305019566384
cell 10.162945154926389 25.79971086813078 0.0 2.23606797749979 0.4472135954999579 1 0 0 -0.008971829183268294 0.9999597523306157 6.265241408079031
cell 16.079492695117207 3.946643641813677 0.0 2.23606797749979 0.4472135954999579 1 0 0 0.9946439193030244 -0.10336089102517727 3.3486843010219456
cell 33.634489642591824 44.04762411575753 0.0 2.23606797749979 0.4472135954999579 1 0 0 0.9999885333009211 0.004788869039006698 3.132014878903265
cell 20.455081428684657 4.521056649977473 0.0 2.23606797749979 0.4472135954999579 1 0 0 0.9942612893779391 -0.10697891588774826 3.3559607078731903
cell 34.71048810649444 34.01969772834589 0.0 2.23606797749979 0.4472135954999579 1 0 0 -0.9917460882521035 -0.12821737962012325 2.8844500267692865
cell 44.84759109815547 7.6900941729191254 0.0 2.23606797749979 0.4472135954999579 1 0 0 0.9855578464322019 -0.16933910161542798 3.481910748378147
cell 28.986129932100564 4.751574041602462 0.0 2.23606797749979 0.4472135954999579 1 0 0 0.9909071563236456 -0.1345474174653168 3.411506079044786
cell 17.272817363284382 0.9180015426800847 0.0 2.23606797749979 0.4472135954999579 1 0 0 0.9909123962712294 -0.13450882095985361 3.411428177894991
cell 2.018289371562209 36.181626579309246 0.0 2.23606797749979 0.4472135954999579 1 0 0 0.9928023405801363 0.11976440430529926 2.901487503050262
cell 18.709438580850048 19.163010073326312 0.0 2.23606797749979 0.4472135954999579 1 0 0 -0.08460412998732797 0.9964146432028622 6.113774532745502
cell 19.68554980139202 23.774294612726077 0.0 2.23606797749979 0.4472135954999579 1 0 0 0.14092681084171446 -0.9900200169622752 6.000390294942514
cell 44.17038813113524 33.4558741715183 0.0 2.23606797749979 0.4472135954999579 1 0 0 0.9952706889317183 0.0971403919766787 2.947005017657882
cell 37.97936866677262 42.758906437788696 0.0 2.23606797749979 0.4472135954999579 1 0 0 0.9990128394836986 0.04442236538859488 3.052718676593891
cell 23.71537535395554 41.31819065914098 0.0 2.23606797749979 0.4472135954999579 1 0 0 -0.9930728197042434 -0.11750053091226073 2.9060474521500357
cell 33.75623905602832 41.18496001022486 0.0 2.23606797749979 0.4472135954999579 1 0 0 0.9974956011968605 0.07072853450279953 3.000017377856229
cell 45.713506400463814 43.01964521160352 0.0 2.23606797749979 0.4472135954999579 1 0 0 0.9971813724240862 0.07502873109959826 2.9913940468772693
cell 12.902527978383409 0.06932031437301794 0.0 2.23606797749979 0.4472135954999579 1 0 0 0.9968706775941862 -0.07904968154842934 3.2998571380187287
cell 35.27831933794437 45.20553607500793 0.0 2.23606797749979 0.4472135954999579 1 0 0 0.9999408135576593 -0.010879769374688826 3.1633526216392296
cell 28.690583219780308 6.306258082039484 0.0 2.23606797749979 0.4472135954999579 1 0 0 0.9919843675521544 -0.12636065262633092 3.394991371662693
cell 17.170032818819593 30.49514362309127 0.0 2.23606797749979 0.4472135954999579 1 0 0 0.9966440675657054 0.08185720851632804 2.977694852189266
cell 1.9954854233140962 24.85725806862291 0.0 2.23606797749979 0.4472135954999579 1 0 0 -0.0807508831895448 0.9967343150830659 6.121507506202102
cell 0.5626014655573461 28.061723253027505 0.0 2.23606797749979 0.4472135954999579 1 0 0 0.990505976298925 0.13746967271406937 2.865779896830539
cell 6.30174559970239 22.71667700479034 0.0 2.23606797749979 0.4472135954999579 1 0 0 0.03459338630979333 -0.9994014696925463 6.21398472779434
cell 8.456139947888088 20.60675676923496 0.0 2.23606797749979 0.4472135954999579 1 0 0 -0.01758324169969134 -0.9998454028555266 0.035168295724093745
cell 0.9513210360953271 30.321382139084143 0.0 2.23606797749979 0.4472135954999579 1 0 0 -0.9942339168871782 -0.1072330103614536 2.9267134701439588
cell 38.39563782538091 36.99908700463349 0.0 2.23606797749979 0.4472135954999579 1 0 0 0.9923068744771006 0.12380253174102543 2.8933506774586477
cell 41.96153925193269 16.546159043641023 0.0 2.23606797749979 0.4472135954999579 1 0 0 -0.18830896526112595 0.9821098378502702 5.904305261888069
cell 5.857519522516718 21.557039446588483 0.0 2.23606797749979 0.4472135954999579 1 0 0 0.012774740939768646 0.9999183996676538 0.025550176850958853
cell 15.438900709931097 40.339736378213075 0.0 2.23606797749979 0.4472135954999579 1 0 0 0.9917249006104187 0.12838115714253032 2.884119742085609
cell 20.215236215639333 13.202414764669804 0.0 2.23606797749979 0.4472135954999579 1 0 0 0.9802041451476884 -0.19798947910252562 3.5402053928256447
cell 41.65600616772167 42.03883274902335 0.0 2.23606797749979 0.4472135954999579 1 0 0 0.9975543297475352 0.06989534463714875 3.0016878920710117
cell 39.9660145240765 4.995363935604438 0.0 2.23606797749979 0.4472135954999579 1 0 0 0.9900094098864806 -0.14100130615076775 3.4245381591640007
cell 40.261981839112316 2.292497500565089 0.0 2.23606797749979 0.4472135954999579 1 0 0 0.9972199828392581 -0.07451379621298311 3.290758499521617
cell 38.032065945664876 40.34842598604767 0.0 2.23606797749979 0.4472135954999579 1 0 0 0.9969764447052787 0.0777043673342901 2.9860271002773615
cell 15.094379500769596 43.26626671377175 0.0 2.23606797749979 0.4472135954999579 1 0 0 0.9973287383797423 0.07304373759516643 2.9953749599612682
cell 1.941558643049594 23.668089852778742 0.0 2.23606797749979 0.4472135954999579 1 0 0 -0.023009025638044592 0.999735257325252 6.237163194492742
cell 26.39276192699396 44.64489758038445 0.0 2.23606797749979 0.4472135954999579 1 0 0 0.9994387493942115 -0.033499047886984296 3.208603286418992
cell 27.427799252127496 44.15015915471113 0.0 2.23606797749979 0.4472135954999579 1 0 0 0.9999983127367058 -0.0018369876813705856 3.145266631018857
cell 42.6320154949129 30.90643550950311 0.0 2.23606797749979 0.4472135954999579 1 0 0 0.9908154642171931 0.13522098900713592 2.8703196604356704
cell 5.652131420417304 45.28121441335838 0.0 2.23606797749979 0.4472135954999579 1 0 0 0.9999368308263722 0.011239855733554287 3.119112468769125
cell 29.164217404973755 5.6456937903021505 0.0 2.23606797749979 0.4472135954999579 1 0 0 0.9927013975558102 -0.120598239169323 3.3833776494985126
cell 21.61230442121881 0.9986233540741918 0.0 2.23606797749979 0.4472135954999579 1 0 0 0.9905630705646002 -0.1370576638996554 3.4165735184790975
cell 27.522276301146828 8.62851566545949 0.0 2.23606797749979 0.4472135954999579 1 0 0 0.9933258049577044 -0.11534229582043413 3.3727918305896045
cell 28.151486224031398 40.80598938250109 0.0 2.23606797749979 0.4472135954999579 1 0 0 0.9950279148272566 0.09959642922575977 2.942069002533747
cell 36.01649396015762 2.768964719023058 0.0 2.23606797749979 0.4472135954999579 1 0 0 0.9960994313884758 -0.0882378761505237 3.318298216414234
cell 24.673526936324464 1.3183052808387214 0.0 2.23606797749979 0.4472135954999579 1 0 0 0.9946741663463723 -0.10306940769767432 3.348098204052296
cell 42.545372392402044 29.914632346664913 0.0 2.23606797749979 0.4472135954999579 1 0 0 0.986017861224634 0.16663966318376439 2.806751268083967
cell 0.6329642376225717 33.68085729904697 0.0 2.23606797749979 0.4472135954999579 1 0 0 0.9853246432453369 0.1706907947531141 2.798531233549252
cell 1.6228538339557568 1.3196822596830304 0.0 2.23606797749979 0.4472135954999579 1 0 0 0.9941830658940622 -0.1077034423288444 3.3574181817162203
cell 13.820404045204826 32.23332726098995 0.0 2.23606797749979 0.4472135954999579 1 0 0 0.9875695867039388 0.15718241446615938 2.825918751828461
cell 9.107948848910473 7.277063757550724 0.0 2.23606797749979 0.4472135954999579 1 0 0 0.9924089753525531 -0.12298140363362063 3.388179726706737
cell 21.26199165393365 0.31044046519748913 0.0 2.23606797749979 0.4472135954999579 1 0 0 0.995855065115187 -0.09095432526508428 3.3237530547358887
cell 30.498089294307675 43.71166007722317 0.0 2.23606797749979 0.4472135954999579 1 0 0 0.9997916556012676 0.02041189334863949 3.100766031520455
cell 12.765761742942097 0.8207063857408604 0.0 2.23606797749979 0.4472135954999579 1 0 0 0.9935909902197848 -0.11303514565862874 3.368147148677444
cell 39.0813646813174 29.34190220660913 0.0 2.23606797749979 0.4472135954999579 1 0 0 0.979851688786017 0.19972648292900563 2.7394351104933823
cell 30.335151409414614 34.75203454324814 0.0 2.23606797749979 0.4472135954999579 1 0 0 -0.993450272453706 -0.1142652885248066 2.9125618280260124
cell 45.20392462172732 8.762814201783332 0.0 2.23606797749979 0.4472135954999579 1 0 0 0.9833275231964996 -0.18184329001708463 3.5073139952799806
cell 41.3285706317062 1.6932282790882067 0.0 2.23606797749979 0.4472135954999579 1 0 0 0.995971705828468 -0.08966806114292741 3.321169970780755
cell 2.6263388972303483 44.879939215246644 0.0 2.23606797749979 0.4472135954999579 1 0 0 0.9999921866584273 0.003953052250757395 3.1336865284971824
cell 19.073770242667628 32.9652992822764 0.0 2.23606797749979 0.4472135954999579 1 0 0 0.9798803547908119 0.1995857968269099 2.739722264244458
cell 32.54851701252868 30.202259517169345 0.0 2.23606797749979 0.4472135954999579 1 0 0 0.9774474513240774 0.21117878657683706 2.7160310784255826
cell 10.68475732825843 39.15336994841531 0.0 2.23606797749979 0.4472135954999579 1 0 0 0.9915450365807691 0.1297630164262576 2.881332710357459
cell 4.835421123754779 27.70496400929954 0.0 2.23606797749979 0.4472135954999579 1 0 0 0.993483333795493 0.11397747790942311 2.913141234630169
cell 31.689984062803912 31.662341040530578 0.0 2.23606797749979 0.4472135954999579 1 0 0 0.9852042139850288 0.1713845288996112 2.7971230143997774
cell 35.80012957000678 1.831069090605496 0.0 2.23606797749979 0.4472135954999579 1 0 0 0.9956586717008125 -0.09307958673615697 3.3280216884390175
cell 4.196114020902203 39.885810042448746 0.0 2.23606797749979 0.4472135954999579 1 0 0 0.9930431993289133 0.11775060197976159 2.9055438137647993
cell 9.21496875292356 43.57040304637574 0.0 2.23606797749979 0.4472135954999579 1 0 0 0.9942908246998902 0.10670405764361637 2.927777480451297
cell 13.883534894038636 28.846112709280145 0.0 2.23606797749979 0.4472135954999579 1 0 0 0.9999996842223524 -0.0007947044705646679 3.1431820626982225
cell 41.1325511890002 6.959953901577205 0.0 2.23606797749979 0.4472135954999579 1 0 0 0.9867844554554278 -0.1620383857964984 3.4671046318764236
cell 12.168316755779147 9.54341260583698 0.0 2.23606797749979 0.4472135954999579 1 0 0 0.9893207976323883 -0.14575444889270098 3.4341436986284215
cell 35.67399928506836 29.790433012881838 0.0 2.23606797749979 0.4472135954999579 1 0 0 0.9850049938637401 0.17252583013419548 2.79480589781667
cell 16.914350876280178 35.55905558603115 0.0 2.23606797749979 0.4472135954999579 1 0 0 0.9864792225268385 0.16388637381687404 2.8123346225059986
cell 7.9807329573240375 2.0534789035950523 0.0 2.23606797749979 0.4472135954999579 1 0 0 0.9930924321923676 -0.11733465439608019 3.376803791153171
cell 34.461175261862536 32.360766463996264 0.0 2.23606797749979 0.4472135954999579 1 0 0 0.9873668347166557 0.15845104512628638 2.82334929091443
cell 15.633598314013971 41.05375978214961 0.0 2.23606797749979 0.4472135954999579 1 0 0 0.9914248870554128 0.13067782262940417 2.879487385065645
cell 32.87645080458797 45.614171501649984 0.0 2.23606797749979 0.4472135954999579 1 0 0 0.9997209054774847 -0.023624376209290684 3.1888458021218162
cell 4.900538371522719 6.591780031900477 0.0 2.23606797749979 0.4472135954999579 1 0 0 0.9922272198356714 -0.12443931941783615 3.39111813028015
cell 9.564222692021048 31.074613171567552 0.0 2.23606797749979 0.4472135954999579 1 0 0 0.9930463605084523 0.11772393928558925 2.9055975126406404
cell 33.27828088547025 14.067668223304057 0.0 2.23606797749979 0.4472135954999579 1 0 0 0.9999981267022574 0.001935611525084241 3.137721428122305
cell 22.12127880005124 20.535573002921563 0.0 2.23606797749979 0.4472135954999579 1 0 0 0.9988075735810824 0.04882039488851534 3.043913035473058
cell 39.76222558285503 45.306697273273016 0.0 2.23606797749979 0.4472135954999579 1 0 0 0.9999847055382549 -0.0055307042562090245 3.1526541184953194
cell 21.813675644838526 39.51486617313012 0.0 2.23606797749979 0.4472135954999579 1 0 0 0.9969298207832249 0.07830027096458266 2.9848316506760137
cell 5.732313418084189 35.68491066665036 0.0 2.23606797749979 0.4472135954999579 1 0 0 0.9890755202441288 0.14740968507464497 2.8456949872887414
cell 33.09614202046769 3.878294824613111 0.0 2.23606797749979 0.4472135954999579 1 0 0 0.9931630929106524 -0.11673504563817504 3.3755962753383875
cell 16.039746812167134 1.2061795089337237 0.0 2.23606797749979 0.4472135954999579 1 0 0 0.993016497089806 -0.11797557589387409 3.378094599458993
cell 20.789351965739947 45.164299986136854 0.0 2.23606797749979 0.4472135954999579 1 0 0 0.9994589202328104 -0.03289174314421317 3.2073880071511978
cell 13.734085738928773 27.639441932799322 0.0 2.23606797749979 0.4472135954999579 1 0 0 0.9968697634984692 0.07906120807643896 2.983305043727332
cell 29.2131911331104 13.199549117824072 0.0 2.23606797749979 0.4472135954999579 1 0 0 0.9996697649398124 -0.02569749141803763 3.1929932946483763
cell 34.92565670036064 43.47411990804204 0.0 2.23606797749979 0.4472135954999579 1 0 0 0.9991056323694394 0.04228398476566082 3.056999463417454
cell 28.436206907715118 45.43241498336906 0.0 2.23606797749979 0.4472135954999579 1 0 0 0.9995643873633581 -0.029513310809101995 3.200627847615807
cell 40.38520151480359 3.6458473708340837 0.0 2.23606797749979 0.4472135954999579 1 0 0 0.9949907754786789 -0.09996677804319382 3.341860717379172
cell 40.71936942067161 5.984240989007326 0.0 2.23606797749979 0.4472135954999579 1 0 0 0.9892133972094123 -0.14648158512732398 3.435613748938963
cell 2.811624662616395 13.946682044811078 0.0 2.23606797749979 0.4472135954999579 1 0 0 0.19667253419352923 -0.9804692316915892 5.887259287162764
cell 21.887061120834993 19.438643217448675 0.0 2.23606797749979 0.4472135954999579 1 0 0 -0.12610430234198772 0.9920169882269358 6.030303424001319
cell 19.356944901133183 22.713213404039497 0.0 2.23606797749979 0.4472135954999579 1 0 0 -0.09473206431599633 0.9955028056165537 6.093436647640379
cell 21.200590370007415 3.916408120863822 0.0 2.23606797749979 0.4472135954999579 1 0 0 0.9959244989357635 -0.0901908666082571 3.3222198356322954
cell 13.941711777528456 30.095098064270452 0.0 2.23606797749979 0.4472135954999579 1 0 0 0.9954992861399115 0.09476904185928388 2.951769704739819
cell 41.921256896101795 23.758146217991193 0.0 2.23606797749979 0.4472135954999579 1 0 0 0.04289783636526601 -0.9990794641244404 6.1973632987533795
cell 16.4797554209767 10.353718489847921 0.0 2.23606797749979 0.4472135954999579 1 0 0 0.9910977384478837 -0.13313629423823645 3.408658209208801
cell 23.12308125224305 30.97810809327799 0.0 2.23606797749979 0.4472135954999579 1 0 0 0.9712952095030774 0.23787731290808944 2.6612329634910328
cell 25.364314369867166 4.420460293643066 0.0 2.23606797749979 0.4472135954999579 1 0 0 0.9942356997681593 -0.10721647870788656 3.35643858200688
cell 18.83269982113741 0.7651844877366138 0.0 2.23606797749979 0.4472135954999579 1 0 0 0.9925801086478859 -0.12159246652877338 3.385380846069329
cell 22.450305096350792 35.834190598608274 0.0 2.23606797749979 0.4472135954999579 1 0 0 0.9898435169338736 0.1421612182839617 2.8563037173803587
cell 9.766773600502857 34.01180114001321 0.0 2.23606797749979 0.4472135954999579 1 0 0 0.9877785086320846 0.1558641006921564 2.828588283505212
cell 17.964225134995075 41.56950356134668 0.0 2.23606797749979 0.4472135954999579 1 0 0 0.994365432649729 0.1060065391913027 2.9291804749027146
cell 20.105457144003573 5.181873873658855 0.0 2.23606797749979 0.4472135954999579 1 0 0 0.9929252134137975 -0.1187414020768015 3.3796370941675056
cell 36.571301264380295 4.443156019476477 0.0 2.23606797749979 0.4472135954999579 1 0 0 0.990776182896199 -0.1355085067648442 3.413446024151359
cell 10.852769676689892 24.03491323694513 0.0 2.23606797749979 0.4472135954999579 1 0 0 -0.10872140897795399 0.9940722585556084 6.065311819623314
cell 24.827963201036436 5.03365890086515 0.0 2.23606797749979 0.4472135954999579 1 0 0 0.9939772669306889 -0.1095864627816682 3.3612066485892242
cell 28.353999382514584 37.18415909206414 0.0 2.23606797749979 0.4472135954999579 1 0 0 0.9939227900071261 0.11007945995711618 2.9209866627128624
cell 14.49721543083175 45.89849664871989 0.0 2.23606797749979 0.4472135954999579 1 0 0 0.996086922475011 -0.08837897303239839 3.3185815169827078
cell 36.21206338384752 10.675730770678111 0.0 2.23606797749979 0.4472135954999579 1 0 0 0.9904776705914873 -0.13767346897518534 3.417816915533791
cell 17.306534944425938 45.96172634217076 0.0 2.23606797749979 0.4472135954999579 1 0 0 0.9950298783214572 -0.09957681079240342 3.341076871754145
cell 9.529645946599233 37.431738083263596 0.0 2.23606797749979 0.4472135954999579 1 0 0 0.9887468323832989 0.14959846741191166 2.8412683380685544
cell 28.465422717392332 31.991375341552132 0.0 2.23606797749979 0.4472135954999579 1 0 0 0.9876435178793285 0.15671720260055885 2.826860851404287
cell 29.426204304041143 30.704441731070865 0.0 2.23606797749979 0.4472135954999579 1 0 0 0.9795019291589294 0.20143478044750776 2.735947639788757
cell 39.9879789136875 38.69126859540575 0.0 2.23606797749979 0.4472135954999579 1 0 0 -0.9961978661337467 -0.08711952427883034 2.9671324419097225
cell 32.830787915917945 15.34017476063154 0.0 2.23606797749979 0.4472135954999579 1 0 0 0.9988463932031806 0.048019608338648205 3.0455164893650513
cell 12.512063496756543 4.227104239322494 0.0 2.23606797749979 0.4472135954999579 1 0 0 0.9933965147018159 -0.11473170694400413 3.371562491489392
cell 37.429717507284536 1.4828160224686326 0.0 2.23606797749979 0.4472135954999579 1 0 0 0.9975311833752718 -0.07022491149107833 3.2821581724520854
cell 30.836240293182666 45.054106491686845 0.0 2.23606797749979 0.4472135954999579 1 0 0 0.9998629088627218 -0.01655788273229884 3.174709932430029
cell 9.325194110845482 10.344114144518713 0.0 2.23606797749979 0.4472135954999579 1 0 0 0.9845454081485484 -0.17512949292911298 3.4936672380482086
cell 15.577811775186834 43.66934199405997 0.0 2.23606797749979 0.4472135954999579 1 0 0 0.9983961241312093 0.05661430313780218 3.028303473574883
cell 41.093702018199366 40.3592532911211 0.0 2.23606797749979 0.4472135954999579 1 0 0 0.9955418205173138 0.0943211726022981 2.9526694737057824
cell 4.054153534508402 33.35298212000427 0.0 2.23606797749979 0.4472135954999579 1 0 0 0.9925396826395162 0.12192201764180433 2.8971404183427634
cell 9.524692487685245 0.5543494997500056 0.0 2.23606797749979 0.4472135954999579 1 0 0 0.9977601094217685 -0.06689367717998801 3.2754799872107196
cell 31.905456040629264 39.0636918511008 0.0 2.23606797749979 0.4472135954999579 1 0 0 0.9911890704655268 0.13245462086950677 2.8759026271601926
cell 35.599645332511855 11.727195068682823 0.0 2.23606797749979 0.4472135954999579 1 0 0 0.9780276080577014 -0.2084754131233016 3.561624377133892
cell 26.623585500708746 34.364558722597664 0.0 2.23606797749979 0.4472135954999579 1 0 0 0.9895335954301163 0.14430268020777337 2.8519761719623102
cell 15.127597108332521 22.723273357055678 0.0 2.23606797749979 0.4472135954999579 1 0 0 -0.09694614993882292 0.995289628204795 6.088987997600646
cell 3.018215936966779 42.123307560955524 0.0 2.23606797749979 0.4472135954999579 1 0 0 0.9963823021754648 0.0849841627100061 2.9714190664286972
cell 20.272870351854824 6.03093099450508 0.0 2.23606797749979 0.4472135954999579 1 0 0 0.9941692283097284 -0.10783109700841893 3.3576749866692888
cell 19.597048407059432 38.477032836583014 0.0 2.23606797749979 0.4472135954999579 1 0 0 0.9940682781178641 0.10875779714477848 2.9236459555815446
cell 39.82285119625103 12.565645770758522 0.0 2.23606797749979 0.4472135954999579 1 0 0 0.9873368059172513 -0.158638052437365 3.4602148220903373
cell 24.890810424049324 45.89024813201608 0.0 2.23606797749979 0.4472135954999579 1 0 0 0.99508794310813 -0.09899487603321222 3.3399072229296607
cell 0.9925539024439735 40.118872016592626 0.0 2.23606797749979 0.4472135954999579 1 0 0 0.9937052653143781 0.11202609377498333 2.917069162775653
cell 18.74858788110257 25.316621464846133 0.0 2.23606797749979 0.4472135954999579 1 0 0 0.06343715974366299 -0.997985834951407 6.156225737064814
cell 3.1209591206047564 10.78159140088773 0.0 2.23606797749979 0.4472135954999579 1 0 0 0.9771416640398173 -0.212589201036875 3.570040593369776
cell 20.079519577150418 40.44302023706997 0.0 2.23606797749979 0.4472135954999579 1 0 0 0.9941070100079866 0.10840319484674185 2.924359378178424
cell 44.04774475286463 40.25637637001671 0.0 2.23606797749979 0.4472135954999579 1 0 0 0.9943669377742487 0.10599241983020985 2.929208873618002
cell 37.27857025087439 8.030426097500893 0.0 2.23606797749979 0.4472135954999579 1 0 0 0.983078903688951 -0.18318261140656958 3.5100383988703476
cell 17.89036386592826 34.33042939505269 0.0 2.23606797749979 0.4472135954999579 1 0 0 0.984244111017817 0.17681495956719034 2.7860936985525777
cell 16.172927104005698 11.2951995971054 0.0 2.23606797749979 0.4472135954999579 1 0 0 0.984813310284107 -0.17361665786225441 3.4905944920723355
cell 12.578585035188494 10.723214745865036 0.0 2.23606797749979 0.4472135954999579 1 0 0 0.9828971345531713 -0.18415543132681422 3.5120177105647357
cell 8.469197434848065 38.51182022355899 0.0 2.23606797749979 0.4472135954999579 1 0 0 0.9902984740566153 0.13895658415900733 2.8627772558270133
cell 11.375115383435995 42.44238875981512 0.0 2.23606797749979 0.4472135954999579 1 0 0 0.99368623755107 0.11219474721036873 2.9167297159485184
cell 11.262814083725448 41.96011084527713 0.0 2.23606797749979 0.4472135954999579 1 0 0 0.9922986132534674 0.12386872944874196 2.893217255056863
cell 22.16293855068955 36.70256911886834 0.0 2.23606797749979 0.4472135954999579 1 0 0 -0.9924622434888699 -0.12255078640726529 2.895873379281179
cell 18.171521539259437 8.051343730932597 0.0 2.23606797749979 0.4472135954999579 1 0 0 0.9933091095448989 -0.1154859857087434 3.373081143713037
cell 1.429653611220741 5.2467403150655745 0.0 2.23606797749979 0.4472135954999579 1 0 0 0.9921390547019596 -0.12514030579754076 3.3925311483495273
cell 30.840926076837164 32.8581316838363 0.0 2.23606797749979 0.4472135954999579 1 0 0 0.9874029929008525 0.15822556560315684 2.823806011528643
cell 45.01503486012398 41.8093297786702 0.0 2.23606797749979 0.4472135954999579 1 0 0 0.996913854002746 0.07850329736636327 2.9844243441180396
cell 22.986781583003356 23.807780440609804 0.0 2.23606797749979 0.4472135954999579 1 0 0 0.14629305300649334 -0.9892412964701985 5.989545382288072
cell 17.46408961012041 44.80143056352076 0.0 2.23606797749979 0.4472135954999579 1 0 0 0.9999939034706169 0.0034918507411488197 3.1346089379153472
cell 39.210512490651496 4.0193821149030855 0.0 2.23606797749979 0.4472135954999579 1 0 0 0.9920027435585151 -0.1262163094547565 3.394700355313824
cell 36.89010571877463 6.118169008831589 0.0 2.23606797749979 0.4472135954999579 1 0 0 0.9905948094242697 -0.13682808023828563 3.4161099841739095
cell 2.3208031599279098 39.045750176685964 0.0 2.23606797749979 0.4472135954999579 1 0 0 0.9920311805449047 0.1259926062381548 2.8889359587017567
cell 6.321243486093978 4.5775903059011 0.0 2.23606797749979 0.4472135954999579 1 0 0 0.9915228389606019 -0.1299325202538165 3.4021944990418884
cell 4.633180407309218 0.9420495040436165 0.0 2.23606797749979 0.4472135954999579 1 0 0 0.9967030865682788 -0.08113542521775623 3.3040420705169393
cell 36.3006669323334 36.11739707969133 0.0 2.23606797749979 0.4472135954999579 1 0 0 0.9929721324532987 0.11834840164171419 2.9043397955795784
cell 20.282391732518356 31.369404941211563 0.0 2.23606797749979 0.4472135954999579 1 0 0 0.9723087005256015 0.23370021583690573 2.669829551753742
cell 10.096003497664135 44.863223891455505 0.0 2.23606797749979 0.4472135954999579 1 0 0 0.999994357003306 0.0033594585195492227 3.1348737239123907
cell 6.989780241715791 43.41910821054026 0.0 2.23606797749979 0.4472135954999579 1 0 0 0.9962972271175121 0.08597578285747944 2.969428540504097
cell 11.705462610515069 38.127053691631325 0.0 2.23606797749979 0.4472135954999579 1 0 0 -0.9912492660706171 -0.13200338069330939 2.876813102225345
cell 39.230092074939876 2.7254604905486848 0.0 2.23606797749979 0.4472135954999579 1 0 0 0.9974045041121722 -0.07200177203897039 3.28572091402649
cell 44.37814399482179 22.67928978488583 0.0 2.23606797749979 0.4472135954999579 1 0 0 0.046958000561078184 0.9988968646378392 0.09395055038828075
cell 14.189427241359745 38.71662567920164 0.0 2.23606797749979 0.4472135954999579 1 0 0 0.9925698931183082 0.12167582863950535 2.8976364897013287
cell 15.907065793170265 36.70820753328099 0.0 2.23606797749979 0.4472135954999579 1 0 0 0.989330768830994 0.1456867524666341 2.8491784622088536
cell 14.963649258250097 25.063924658284552 0.0 2.23606797749979 0.4472135954999579 1 0 0 -0.12619818400407204 0.9920050495607744 6.0301141485593615
cell 17.865291806236236 2.866488590611766 0.0 2.23606797749979 0.4472135954999579 1 0 0 0.9954776026828412 -0.09499653970973453 3.331872660180091
cell 12.067435374186752 34.916282353875474 0.0 2.23606797749979 0.4472135954999579 1 0 0 0.9840825416158456 0.17771198971059143 2.784270769253523
cell 38.68411185263803 32.52207848744341 0.0 2.23606797749979 0.4472135954999579 1 0 0 0.9919994965035177 0.1262418272078133 2.8884335048410765
cell 1.5745880261836804 37.15931638979584 0.0 2.23606797749979 0.4472135954999579 1 0 0 0.9907122880429686 0.13597485914927818 2.8687978647304924
cell 7.880061866921205 36.48823956805169 0.0 2.23606797749979 0.4472135954999579 1 0 0 0.9865559824575769 0.1634236625374835 2.813272692480095
cell 15.95978966285613 5.432610856569506 0.0 2.23606797749979 0.4472135954999579 1 0 0 0.9935883953871196 -0.11305795218404098 3.3681930560083604
cell 43.6601309512532 3.242996397353854 0.0 2.23606797749979 0.4472135954999579 1 0 0 0.9950451325128985 -0.09942426395195585 3.3407702564972963
cell 30.907491177076047 42.936395751066875 0.0 2.23606797749979 0.4472135954999579 1 0 0 0.9977596378477798 0.0669007106230375 3.007691221500417
cell 30.38531038149329 12.165176364833222 0.0 2.23606797749979 0.4472135954999579 1 0 0 0.9914312732477131 -0.13062936280338522 3.4036001644914182
cell 25.40684218304821 40.26413159567914 0.0 2.23606797749979 0.4472135954999579 1 0 0 0.9916978503249074 0.1285899438562655 2.883698678622733
cell 9.445962349460567 6.54260091919552 0.0 2.23606797749979 0.4472135954999579 1 0 0 0.9907459371333813 -0.13572946641646394 3.413892064391779
cell 31.388594077973764 10.30230414380192 0.0 2.23606797749979 0.4472135954999579 1 0 0 0.9881104543743527 -0.15374566646286378 3.45030845593145
cell 34.010143237431656 0.8089161833853066 0.0 2.23606797749979 0.4472135954999579 1 0 0 0.9979330476179349 -0.06426221651935494 3.2702057112002816
cell 27.802309819062746 46.07092918092172 0.0 2.23606797749979 0.4472135954999579 1 0 0 0.9962152872396413 -0.0869200866890911 3.3156524712276236
cell 4.873586634856803 36.80846095840988 0.0 2.23606797749979 0.4472135954999579 1 0 0 0.9887217265106446 0.14976430658140838 2.8409328805597873
cell 45.67079729729986 11.122744548366478 0.0 2.23606797749979 0.4472135954999579 1 0 0 0.9965004813822834 -0.08358702414177288 3.3089619848240144
cell 2.582365220591936 44.19265991174544 0.0 2.23606797749979 0.4472135954999579 1 0 0 0.9956245923750585 0.09344341099295597 2.9544327849926755
cell 30.843195045687654 44.427082905554514 0.0 2.23606797749979 0.4472135954999579 1 0 0 0.9997972456925878 -0.0201362237153689 3.1818678230453554
cell 8.428291251200287 32.374456915363496 0.0 2.23606797749979 0.4472135954999579 1 0 0 0.9926527124591689 0.12099831588685296 2.899001601552152
cell 6.840848865425973 42.81802972419478 0.0 2.23606797749979 0.4472135954999579 1 0 0 0.9976424381208737 0.06862627529043519 3.004232140730606
cell 1.137198809080892 35.48799766115824 0.0 2.23606797749979 0.4472135954999579 1 0 0 0.9957956437914478 0.09160259715737352 2.958130273403907
cell 18.275594456654257 37.322738352422185 0.0 2.23606797749979 0.4472135954999579 1 0 0 0.9901919345251955 0.1397137530855535 2.861248000474147
cell 26.19283720821993 38.71545220499737 0.0 2.23606797749979 0.4472135954999579 1 0 0 0.9957814529041012 0.09175673300743258 2.9578206979423154
cell 39.68951382586699 41.18709235889715 0.0 2.23606797749979 0.4472135954999579 1 0 0 0.9961829097012024 0.08729037987800242 2.9667894239468398
cell 37.776504030377936 18.14789237860985 0.0 2.23606797749979 0.4472135954999579 1 0 0 -0.11971157053292626 0.9928087126332747 6.043186589916149
cell 3.1848859448049835 40.71880680467363 0.0 2.23606797749979 0.4472135954999579 1 0 0 0.9955719331641876 0.09400279727605138 2.9533090661408097
cell 35.08364024631078 0.22889451678045053 0.0 2.23606797749979 0.4472135954999579 1 0 0 0.9994942947547916 -0.03179865960416921 3.2052006954664685
cell 12.395580372448462 19.453978651450267 0.0 2.23606797749979 0.4472135954999579 1 0 0 -0.022986438833979956 0.9997357769079447 6.237208380051676
cell 29.196172273373612 28.39326057309649 0.0 2.23606797749979 0.4472135954999579 1 0 0 0.060742150304514186 0.9981534907900607 0.12155912984107133
cell 39.09093487800926 33.27612895032949 0.0 2.23606797749979 0.4472135954999579 1 0 0 0.9920976723366477 0.12546795823717566 2.8899936480508925
cell 44.714742908639984 42.605873023860354 0.0 2.23606797749979 0.4472135954999579 1 0 0 0.9969334083742701 0.07825457984847052 2.984923314167142
cell 35.61834949865901 39.55876507561574 0.0 2.23606797749979 0.4472135954999579 1 0 0 0.9965543999918246 0.08294171361223752 2.9755184407449673
cell 4.1200734675430315 42.709669962127975 0.0 2.23606797749979 0.4472135954999579 1 0 0 0.9967472167443333 0.08059147543273504 2.9802347106173617
cell 7.114003468183462 44.56359832996515 0.0 2.23606797749979 0.4472135954999579 1 0 0 0.9982589930473986 0.058982902607397955 3.0235583409014786
cell 5.2165393185391755 32.18180740396764 0.0 2.23606797749979 0.4472135954999579 1 0 0 0.9930592729510846 0.11761496675960613 2.9058169823889517
cell 9.388155177869356 28.732269744732292 0.0 2.23606797749979 0.4472135954999579 1 0 0 0.99782819067499 0.06587034153756882 3.0097565157043196
cell 32.92389065954151 4.630787646141595 0.0 2.23606797749979 0.4472135954999579 1 0 0 0.9935443819538768 -0.11344408793713703 3.3689703281718293
cell 4.984361080522109 2.444757446344883 0.0 2.23606797749979 0.4472135954999579 1 0 0 0.9944984092259347 -0.10475167801560703 3.351481057682033
cell 28.492945154117457 7.096935886122636 0.0 2.23606797749979 0.4472135954999579 1 0 0 0.9915221474512611 -0.12993779709399247 3.4022051429560953
cell 14.917361253259024 37.749715650559324 0.0 2.23606797749979 0.4472135954999579 1 0 0 0.9902146824097661 0.13955243724179875 2.861573824155039
cell 36.85680283374177 6.941200828437182 0.0 2.23606797749979 0.4472135954999579 1 0 0 0.9888486340004068 -0.14892407137709313 3.440552896387081
cell 33.070487568479926 7.118944314940552 0.0 2.23606797749979 0.4472135954999579 1 0 0 0.9894094586278328 -0.14515138021313748 3.4329245963096837
cell 24.318185561815007 6.522477617452548 0.0 2.23606797749979 0.4472135954999579 1 0 0 0.9935281586841794 -0.11358608146081961 3.369256162776328
cell 16.59880155280498 18.359229451251732 0.0 2.23606797749979 0.4472135954999579 1 0 0 0.05628121491948273 -0.9984149562417357 6.17056336748301
cell 5.235602337179534 8.594199196183402 0.0 2.23606797749979 0.4472135954999579 1 0 0 0.9851783797790309 -0.171532970638194 3.486363638800164
cell 39.045538027510325 39.519253197866895 0.0 2.23606797749979 0.4472135954999579 1 0 0 0.9976543476458997 0.06845292267854204 3.004579663189808
cell 39.78232876918947 44.693495887767526 0.0 2.23606797749979 0.4472135954999579 1 0 0 0.9998227763232468 0.018825938098133887 3.1039385529678576
cell 22.29369054020666 45.84030292649507 0.0 2.23606797749979 0.4472135954999579 1 0 0 0.996461363673408 -0.08405207139703444 3.3098953639511155
cell 32.363487104921305 42.16054184098517 0.0 2.23606797749979 0.4472135954999579 1 0 0 0.9961092688820171 0.0881267521660323 2.9651102079204197
cell 38.20616867103535 36.3117147436092 0.0 2.23606797749979 0.4472135954999579 1 0 0 0.9904628061925822 0.13778036706699315 2.8651525384327243
cell 23.233026899442976 44.01018276381346 0.0 2.23606797749979 0.4472135954999579 1 0 0 0.9999066211531987 -0.013665612829050806 3.1689247299991163
cell 41.80212170273564 46.031857548647224 0.0 2.23606797749979 0.4472135954999579 1 0 0 0.998965309528303 -0.045478680269131565 3.232581398022247
cell 22.29896028214572 9.594143895075016 0.0 2.23606797749979 0.4472135954999579 1 0 0 0.9950236089053555 -0.09963943858213095 3.3412027533751343
cell 34.67273416578247 40.4564167856293 0.0 2.23606797749979 0.4472135954999579 1 0 0 0.9976543620493256 0.06845271275817548 3.004580084017654
cell 18.725557312443048 7.34601108572071 0.0 2.23606797749979 0.4472135954999579 1 0 0 0.9934264145351756 -0.11447252466764932 3.371040689025628
cell 42.25689590184584 1.205071970909854 0.0 2.23606797749979 0.4472135954999579 1 0 0 0.9969083922307073 -0.07857262564014504 3.2989000492291023
cell 21.25349326225928 38.8282069244232 0.0 2.23606797749979 0.4472135954999579 1 0 0 0.9952534309480938 0.09731704982194922 2.946650020010695
cell 17.261577990311988 31.792854146089358 0.0 2.23606797749979 0.4472135954999579 1 0 0 0.9789390022644456 0.2041529569844427 2.7303959282248482
cell 39.77112207927917 33.974735237566385 0.0 2.23606797749979 0.4472135954999579 1 0 0 0.9929835619522134 0.11825246590534476 2.9045330239311777
cell 39.908829222159035 34.83076854994773 0.0 2.23606797749979 0.4472135954999579 1 0 0 0.9892831766392245 0.14600957646197393 2.848525835670535
cell 19.46054864248605 6.668269307297967 0.0 2.23606797749979 0.4472135954999579 1 0 0 0.9939150036092209 -0.11014974171772868 3.362340067998984
cell 42.36816424613025 44.02025091567944 0.0 2.23606797749979 0.4472135954999579 1 0 0 0.997534186812135 0.07018223522411107 3.0011126983738827
cell 13.859759973050162 45.09924363992442 0.0 2.23606797749979 0.4472135954999579 1 0 0 0.999899767893147 -0.014158183754656325 3.1699099672067628
cell 30.918783481825752 0.08175795825720905 0.0 2.23606797749979 0.4472135954999579 1 0 0 0.9988411202465916 -0.04812916480195794 3.2378881843820535
cell 43.06634638259797 31.773641559251594 0.0 2.23606797749979 0.4472135954999579 1 0 0 0.9941733459489125 0.10779312689009415 2.9255867059758844
cell 21.0683233039067 41.39971746722179 0.0 2.23606797749979 0.4472135954999579 1 0 0 0.9944492310823683 0.10521752135308281 2.930767385561034
cell 2.7610326288927745 3.3673107173880923 0.0 2.23606797749979 0.4472135954999579 1 0 0 0.9915864988324297 -0.12944580075554396 3.4012127690298835
cell 15.05411670750053 6.005036247964195 0.0 2.23606797749979 0.4472135954999579 1 0 0 0.9926582018056257 -0.12095327357298641 3.38409295447398
cell 18.623707377994563 39.800833594963365 0.0 1.0 1.0 1 0 0 0.0 1.0 0
cell 19.54603373526218 42.94778547499771 0.0 2.23606797749979 0.4472135954999579 1 0 0 0.9962237969192087 0.08682249968686272 2.967728750603359
cell 6.357663295834556 25.05936399052508 0.0 2.23606797749979 0.4472135954999579 1 0 0 -0.07553334160023083 0.9971432767194005 6.131974607495979
cell 10.931465545413568 40.585563935550724 0.0 2.23606797749979 0.4472135954999579 1 0 0 0.9965014582785445 0.08357537704811258 2.9742466983361537
cell 10.726980614102894 5.299322532253947 0.0 2.23606797749979 0.4472135954999579 1 0 0 0.9911972945587224 -0.13239306348698646 3.4071584713715004
cell 0.8374442967430163 5.953855138701437 0.0 2.23606797749979 0.4472135954999579 1 0 0 0.9920200109571466 -0.1260805213368923 3.394426592087383
cell 0.6629058254202486 34.71520948375037 0.0 2.23606797749979 0.4472135954999579 1 0 0 0.9938043594544256 0.11114357889405459 2.9188452846357555
cell 44.66829574344673 2.665344410857899 0.0 2.23606797749979 0.4472135954999579 1 0 0 0.9938008005915194 -0.11117539630536494 3.3644040541974958
cell 5.423026653309733 29.944084918426096 0.0 2.23606797749979 0.4472135954999579 1 0 0 -0.9979843964740508 -0.0634597856466959 3.0145877403077215
cell 38.37747487089989 42.08612578042099 0.0 2.23606797749979 0.4472135954999579 1 0 0 0.9973098863618053 0.07330068597907512 2.9948596818967603
cell 13.827021854910226 7.339056797072249 0.0 2.23606797749979 0.4472135954999579 1 0 0 0.9923241439945475 -0.12366403375876324 3.389555488700269
cell 14.924372810906409 23.90533622950789 0.0 2.23606797749979 0.4472135954999579 1 0 0 -0.11521435040389351 0.9933406532811434 6.052243738427668
cell 41.22203078203227 42.79053480310982 0.0 2.23606797749979 0.4472135954999579 1 0 0 0.9976702620482759 0.06822058504970888 3.005045427259783
cell 44.72086723129318 14.598267714350056 0.0 2.23606797749979 0.4472135954999579 1 0 0 -0.13634315274205752 0.9906616701479652 6.009647006804925
cell 17.220441310287516 9.586784734713673 0.0 2.23606797749979 0.4472135954999579 1 0 0 0.9927239202407623 -0.12041269942083602 3.3830038459687928
cell 12.182160063206137 3.4864330536724353 0.0 2.23606797749979 0.4472135954999579 1 0 0 0.9928721751563806 -0.1191840752795334 3.380528772639735
cell 21.6306618886163 1.8826922422593797 0.0 2.23606797749979 0.4472135954999579 1 0 0 0.9959216593590379 -0.09022221688442651 3.322282792856248
cell 37.82816012209979 43.54802470784343 0.0 2.23606797749979 0.4472135954999579 1 0 0 0.9986050754927595 0.05280059848240643 3.035942327312001
cell 17.468557316916687 20.480834346367587 0.0 2.23606797749979 0.4472135954999579 1 0 0 -0.0031602291570338764 -0.9999950064633698 0.0063204688345690485
cell 30.335622825854433 41.31925986189568 0.0 2.23606797749979 0.4472135954999579 1 0 0 -0.9966129758172101 -0.08223488574057215 2.9769369424736514
cell 42.36151104597725 34.713558373563814 0.0 2.23606797749979 0.4472135954999579 1 0 0 0.9894611612104646 0.14479851676049404 2.8509739731627803
cell 31.610719423317413 2.079869445597048 0.0 2.23606797749979 0.4472135954999579 1 0 0 0.9939354033024949 -0.10996551305708 3.3619693586951436
cell 3.7821544450100033 2.812424256859431 0.0 2.23606797749979 0.4472135954999579 1 0 0 0.992877925683149 -0.11913616030041912 3.3804322549981953
cell 20.313740471203435 12.04509488135034 0.0 2.23606797749979 0.4472135954999579 1 0 0 0.9886217262891399 -0.15042301123525242 3.4435849308512623
cell 8.464073194007717 45.90780156907216 0.0 2.23606797749979 0.4472135954999579 1 0 0 0.9987806794419458 -0.049367543725457555 3.2403678905307403
cell 33.39140841319955 28.3882684423645 0.0 2.23606797749979 0.4472135954999579 1 0 0 -0.12693121411119337 -0.9919115217015368 0.25454910398220587
cell 13.495814548382716 8.098527070550638 0.0 2.23606797749979 0.4472135954999579 1 0 0 0.9934401866706181 -0.11435294271616923 3.3707999442242143
cell 19.050328870678687 44.17421598877858 0.0 2.23606797749979 0.4472135954999579 1 0 0 0.9995750566551124 0.02914971891680945 3.083284956366209
cell 24.310022133678387 5.711407031844508 0.0 2.23606797749979 0.4472135954999579 1 0 0 0.9937768303495986 -0.11138945847927048 3.3648348543227247
cell 18.53100371178713 37.96295180681039 0.0 2.23606797749979 0.4472135954999579 1 0 0 0.9929511271591003 0.1185245083241113 2.903985085635812
cell 6.592046240663114 0.652965946706221 0.0 2.23606797749979 0.4472135954999579 1 0 0 0.9973252224420565 -0.07309172785550094 3.2879065849844027
cell 28.709443634773475 30.004355225411782 0.0 2.23606797749979 0.4472135954999579 1 0 0 0.9781291850645697 0.20799831087035484 2.7225365210518224
cell 6.239705164479221 10.025321336533809 0.0 2.23606797749979 0.4472135954999579 1 0 0 0.9806929235947753 -0.19555405802777923 3.535237422071201
cell 18.36487906544224 29.201400811118447 0.0 2.23606797749979 0.4472135954999579 1 0 0 0.9982529946080215 0.05908433596239634 3.0233551197727535
cell 13.57252462992318 42.597576519482274 0.0 2.23606797749979 0.4472135954999579 1 0 0 0.9948407962041218 0.10144846084563772 2.938346081368484
cell 5.547272196201937 34.76640079417831 0.0 2.23606797749979 0.4472135954999579 1 0 0 0.9932469899032623 0.11601903743829636 2.90903084524129
cell 21.947654559773188 44.49434743073237 0.0 2.23606797749979 0.4472135954999579 1 0 0 0.9999280516303966 -0.011995480925704693 3.1655841908279587
cell 35.29455124470374 42.134100317232324 0.0 2.23606797749979 0.4472135954999579 1 0 0 0.9965060953330178 0.08352006922975064 2.9743577020666665
cell 10.751211949949878 36.238631120142394 0.0 2.23606797749979 0.4472135954999579 1 0 0 -0.9863289591470488 -0.1647883016111863 2.810505903951702
cell 22.566807986897057 42.803678434396055 0.0 2.23606797749979 0.4472135954999579 1 0 0 0.99522646325532 0.09759245276304503 2.9460965797269916
cell 29.70463363849511 39.1265912388177 0.0 2.23606797749979 0.4472135954999579 1 0 0 0.9911569097356898 0.1326950650295541 2.875417456233887
cell 22.279219738042702 40.50299536798936 0.0 2.23606797749979 0.4472135954999579 1 0 0 0.9937325724936649 0.11178360508197557 2.9175572055957937
cell 1.1806298265475037 4.431290334882325 0.0 2.23606797749979 0.4472135954999579 1 0 0 0.9919425193507126 -0.12668874576757438 3.395652874141274
cell 11.753206904106209 41.00042948949253 0.0 2.23606797749979 0.4472135954999579 1 0 0 0.99534207261682 0.09640621597621779 2.9484802939775223
cell 45.043291564424436 12.12496517405192 0.0 2.23606797749979 0.4472135954999579 1 0 0 0.9967003660247093 -0.08116883864027173 3.3041091185045786
cell 31.093113487789356 11.24855415128424 0.0 2.23606797749979 0.4472135954999579 1 0 0 0.9888224548786094 -0.14909779585171773 3.4409042682105446
cell 1.8352844729810207 22.321900476073964 0.0 2.23606797749979 0.4472135954999579 1 0 0 0.1223079035700198 0.9924922048682835 0.24522982663139603
cell 0.6395512656610517 29.242509562369598 0.0 2.23606797749979 0.4472135954999579 1 0 0 0.9904938813530001 0.1375567919161716 2.8656039872731314
cell 9.297395703292997 27.523027523104357 0.0 2.23606797749979 0.4472135954999579 1 0 0 0.9969022918672802 0.07864998709322331 2.984130054743567
cell 35.58711082372458 38.29821269036825 0.0 2.23606797749979 0.4472135954999579 1 0 0 0.9908044858526617 0.13530140728847853 2.870157332071353
cell 31.449869260806 0.8987479671335488 0.0 2.23606797749979 0.4472135954999579 1 0 0 0.9966964458732585 -0.08121696118185404 3.3042056824025154
cell 37.18673772011652 28.15322688272158 0.0 2.23606797749979 0.4472135954999579 1 0 0 -0.04699833798773278 -0.9988949675648541 0.09403131441183721
cell 5.061590129240436 34.03156765671949 0.0 2.23606797749979 0.4472135954999579 1 0 0 0.9923225944241894 0.1236764674270967 2.8936047587685034
cell 19.458735653858547 42.32283361402189 0.0 2.23606797749979 0.4472135954999579 1 0 0 0.9950625062497002 0.09925023252398688 2.9427648436766702
cell 0.583911845125745 1.7137305239269816 0.0 2.23606797749979 0.4472135954999579 1 0 0 -0.9943234186786494 0.10639990163154954 3.3547960318350207
cell 26.576566225461097 36.04675300015301 0.0 2.23606797749979 0.4472135954999579 1 0 0 0.9941471204108369 0.10803473042888162 2.925100660508494
cell 11.5386504325986 4.77675197142067 0.0 2.23606797749979 0.4472135954999579 1 0 0 0.9928833128852165 -0.11909125490176534 3.3803418002188916
cell 5.21467886851538 44.22232798165519 0.0 2.23606797749979 0.4472135954999579 1 0 0 0.9978837878479236 0.06502265720716165 3.0114555269615577
cell 42.5952191762619 28.68364437707971 0.0 2.23606797749979 0.4472135954999579 1 0 0 0.9761610325515894 0.21704754900209036 2.704014863672665
cell 43.89051471090264 45.723199993141314 0.0 2.23606797749979 0.4472135954999579 1 0 0 0.9992069505559621 -0.03981796027743271 3.221249632565798
cell 14.937632487147939 34.65887761943255 0.0 2.23606797749979 0.4472135954999579 1 0 0 0.9841567675395136 0.17730047068796975 2.7851070883224716
cell 24.088708163206203 21.376505013776296 0.0 2.23606797749979 0.4472135954999579 1 0 0 -0.07313218576330482 0.9973222565477426 6.136790242836474
cell 16.73606920209859 3.3864072636359905 0.0 2.23606797749979 0.4472135954999579 1 0 0 0.9955747470091035 -0.09397299142710938 3.32981636428688
cell 43.16728719823058 5.405381439431791 0.0 2.23606797749979 0.4472135954999579 1 0 0 0.9894847065072517 -0.1446375317414464 3.431885938519499
cell 6.5662149018155604 37.740300761441844 0.0 2.23606797749979 0.4472135954999579 1 0 0 0.9878809024437365 0.1552137963808267 2.829904915884656
cell 20.867282320100777 11.165697880299975 0.0 2.23606797749979 0.4472135954999579 1 0 0 0.9921829800147937 -0.12479156289174188 3.391828151767104
cell 21.601908713490676 10.375511527232547 0.0 2.23606797749979 0.4472135954999579 1 0 0 0.9930446199737456 -0.11773862043186668 3.3776173624619092
cell 28.849027055033126 2.552139645620985 0.0 2.23606797749979 0.4472135954999579 1 0 0 0.9941387795721018 -0.10811145615008602 3.3582390021813677
cell 31.250968703654397 40.56523660899488 0.0 2.23606797749979 0.4472135954999579 1 0 0 0.9954765581128804 0.09500748521949795 2.9512906565187924
cell 43.38243410410657 38.51455594824528 0.0 2.23606797749979 0.4472135954999579 1 0 0 0.9941287565886812 0.10820358276620425 2.9247609645158605
cell 39.90035125372773 22.753819314289125 0.0 2.23606797749979 0.4472135954999579 1 0 0 -0.013835527526505256 0.9999042845083039 6.255513369243227
cell 9.456656966872869 33.09627967943549 0.0 2.23606797749979 0.4472135954999579 1 0 0 0.9894156722978911 0.14510901905571616 2.8503463397751614
cell 25.189448882639443 32.16824557835009 0.0 2.23606797749979 0.4472135954999579 1 0 0 0.9827107841487369 0.18514727845089873 2.7691491940016633
cell 42.73028881562371 41.148980581790575 0.0 2.23606797749979 0.4472135954999579 1 0 0 0.9956842770787412 0.09280528205972198 2.955714613083092
cell 44.304648510771294 37.53282227044206 0.0 2.23606797749979 0.4472135954999579 1 0 0 0.9918185478196601 0.1276556626276351 2.8855827692416165
cell 24.728747218474293 12.880287961310032 0.0 2.23606797749979 0.4472135954999579 1 0 0 0.9940808420911336 -0.10864289846733062 3.3593081844765176
cell 26.982514710459224 9.457438580766748 0.0 2.23606797749979 0.4472135954999579 1 0 0 0.9918157284371472 -0.1276775658629628 3.39764670582837
cell 27.99709337386105 40.13337156549866 0.0 2.23606797749979 0.4472135954999579 1 0 0 0.9937567394534327 0.11156855646140777 2.9179900101768013
cell 29.3683056487007 37.75771983726205 0.0 2.23606797749979 0.4472135954999579 1 0 0 0.9964640035890122 0.08402076857156787 2.9733527711215335
cell 42.38580717982136 39.390323587199525 0.0 2.23606797749979 0.4472135954999579 1 0 0 0.9950539914694495 0.09933556292042038 2.9425933353323517
cell 44.08632460287269 36.68961392685568 0.0 2.23606797749979 0.4472135954999579 1 0 0 0.9952839949969737 0.0970039653976273 2.947279165522172
cell 5.235638963356218 5.818921160924782 0.0 2.23606797749979 0.4472135954999579 1 0 0 0.990443248971908 -0.13792088516961779 3.4183165138583935
cell 13.83988454213014 1.6540746846810417 0.0 2.23606797749979 0.4472135954999579 1 0 0 0.9921141403731787 -0.12533767379199565 3.39292901691649
cell 24.667418990738955 45.16999981229417 0.0 2.23606797749979 0.4472135954999579 1 0 0 0.9989311165994594 -0.046223633450402264 3.234072873029669
cell 12.831275476511422 8.80722826647603 0.0 2.23606797749979 0.4472135954999579 1 0 0 0.9914753148226667 -0.13029466641921317 3.402925001308226
cell 8.682145912410121 2.957967562199791 0.0 2.23606797749979 0.4472135954999579 1 0 0 0.9921636601477384 -0.12494507386144975 3.3921375956239275
cell 14.55113811792755 44.51186510961414 0.0 2.23606797749979 0.4472135954999579 1 0 0 0.9991261828108706 0.04179558375927628 3.057977129758163
cell 26.002786181806282 42.508773906312825 0.0 2.23606797749979 0.4472135954999579 1 0 0 0.9961732743913204 0.08740027110069487 2.966568798290728
cell 29.24491236901045 3.2885622011346367 0.0 2.23606797749979 0.4472135954999579 1 0 0 0.9948769467557642 -0.10109332724729317 3.3441252881768224
cell 1.7823363762305569 32.20976062812692 0.0 2.23606797749979 0.4472135954999579 1 0 0 0.9950627177704812 0.09924811183707098 2.9427691060957186
cell 15.739235057165066 41.53431599094585 0.0 2.23606797749979 0.4472135954999579 1 0 0 0.9928104584927296 0.11969709063906238 2.9016231058550837
cell 39.79375030786446 27.5513802846118 0.0 2.23606797749979 0.4472135954999579 1 0 0 0.09937934079974294 0.9950496201809277 0.1990873094133979
cell 33.8006931633342 37.22034261545554 0.0 2.23606797749979 0.4472135954999579 1 0 0 0.996463680017266 0.08402460595830007 2.973345069112547
cell 39.688645499063185 37.41400204447753 0.0 2.23606797749979 0.4472135954999579 1 0 0 0.9920646017441068 0.12572917706843853 2.8894670402564273
cell 7.328344598148026 41.59837402336732 0.0 2.23606797749979 0.4472135954999579 1 0 0 0.9942487006012023 0.1070958512400026 2.926989377250266
cell 45.003549614688886 9.788460331336994 0.0 2.23606797749979 0.4472135954999579 1 0 0 0.9844958755903447 -0.17540772772486585 3.494232456860427
cell 45.461532780281594 39.24522471760454 0.0 2.23606797749979 0.4472135954999579 1 0 0 0.9926643808667913 0.12090255149644225 2.8991945468315903
cell 2.5089323510927684 41.620566005502866 0.0 2.23606797749979 0.4472135954999579 1 0 0 0.9957338758315107 0.09227160192365598 2.9567865730278378
cell 40.7084105525201 8.534455473272882 0.0 2.23606797749979 0.4472135954999579 1 0 0 0.9888469591592925 -0.148935191816509 3.4405753880980483
cell 19.427662511007682 21.566050267812034 0.0 2.23606797749979 0.4472135954999579 1 0 0 -0.003525911176648214 0.9999937839558676 6.2761334702147735
cell 5.580924554314441 5.13119686541682 0.0 2.23606797749979 0.4472135954999579 1 0 0 0.9914398558660349 -0.1305642071945296 3.4034687275909046
cell 18.10388613377563 28.042538693523696 0.0 2.23606797749979 0.4472135954999579 1 0 0 0.9999427878810365 0.010696773564973118 3.1201986984604555
cell 24.25224093545356 33.522680907096486 0.0 2.23606797749979 0.4472135954999579 1 0 0 0.9854880027463233 0.1697450925448585 2.800450649151934
cell 8.136645148361039 3.571771944152455 0.0 2.23606797749979 0.4472135954999579 1 0 0 0.9932439093410774 -0.11604540730616458 3.3742075603297903
cell 42.799796521620735 36.16320246166236 0.0 2.23606797749979 0.4472135954999579 1 0 0 0.9947039335912293 0.10278173231725232 2.9356655258583455
cell 24.82875797401837 2.8421651015612004 0.0 2.23606797749979 0.4472135954999579 1 0 0 0.9969783357808767 -0.07768010030627862 3.2971095257019334
cell 2.189405087124171 0.08000235649789118 0.0 2.23606797749979 0.4472135954999579 1 0 0 0.9987363156887572 -0.05025705646421401 3.2421491273004457
cell 6.523776935148014 41.16225471515896 0.0 2.23606797749979 0.4472135954999579 1 0 0 0.9956054685911208 0.0936469482228591 2.954023917663512
cell 44.13666838884653 6.560011814005703 0.0 2.23606797749979 0.4472135954999579 1 0 0 0.9872944458861834 -0.1589014698556752 3.460748425347162
cell 28.697871653815792 0.9916209216958886 0.0 2.23606797749979 0.4472135954999579 1 0 0 0.9950633399144547 -0.09924187401641714 3.340403663545093
cell 36.808058124558684 38.751656631982634 0.0 2.23606797749979 0.4472135954999579 1 0 0 0.9947035918973881 0.10278503911773489 2.9356588770436804
cell 33.03655432397879 1.8253243908725274 0.0 2.23606797749979 0.4472135954999579 1 0 0 0.995884364351026 -0.09063295670534455 3.323107651924263
cell 35.77841021425293 3.4826002525043505 0.0 2.23606797749979 0.4472135954999579 1 0 0 0.9915480156079042 -0.12974025105582074 3.401806677906904
cell 37.02488085296705 15.875825012006652 0.0 2.23606797749979 0.4472135954999579 1 0 0 0.08848374873989723 -0.9960776205742877 6.105986068177352
cell 45.916486580294716 40.9674458468538 0.0 2.23606797749979 0.4472135954999579 1 0 0 0.9954091934488349 0.09571069740389421 2.9498777936167397
cell 35.386411800601586 34.69078131649169 0.0 2.23606797749979 0.4472135954999579 1 0 0 0.9927433295495788 0.12025257433758549 2.900504055467476
cell 4.614570891288171 7.426960978694951 0.0 2.23606797749979 0.4472135954999579 1 0 0 0.9893864466982708 -0.14530815217932463 3.433241500070071
cell 34.31585558897618 33.28908065175349 0.0 2.23606797749979 0.4472135954999579 1 0 0 0.9899457930990608 0.14144725775168443 2.8577462153223547
cell 43.5253189719062 3.872502155804202 0.0 2.23606797749979 0.4472135954999579 1 0 0 0.991838817949731 -0.12749807531127746 3.397284766696332
cell 18.28037263092052 45.433946575462166 0.0 2.23606797749979 0.4472135954999579 1 0 0 0.9977614469370641 -0.06687372433217798 3.2754399919568558
cell 0.16718966128031995 0.4091911948444283 0.0 2.23606797749979 0.4472135954999579 1 0 0 0.9982222135389373 -0.059602117390444874 3.2608675785336083
cell 28.510706006401982 3.9318164791162507 0.0 2.23606797749979 0.4472135954999579 1 0 0 0.9939947798645082 -0.1094274992956885 3.3608867980442487
cell 9.03560931228631 1.7007169399235271 0.0 2.23606797749979 0.4472135954999579 1 0 0 0.9951993609658344 -0.0978684419677503 3.3376433609377076
cell 15.361965043459827 39.824493100556275 0.0 2.23606797749979 0.4472135954999579 1 0 0 0.9953479324134115 0.09634569757050387 2.9486018968499783
cell 32.52084463445374 8.743461416616032 0.0 2.23606797749979 0.4472135954999579 1 0 0 0.9866098311668037 -0.16309825580002726 3.4692529504538223
cell 31.900524621808735 9.501131030850448 0.0 2.23606797749979 0.4472135954999579 1 0 0 0.988699590256266 -0.14991037398089496 3.442547897085263
cell 30.31075943936202 33.9306379022779 0.0 2.23606797749979 0.4472135954999579 1 0 0 0.9908874429413183 0.13469252177168514 2.871386353573203
cell 35.290938013106455 44.67840862911496 0.0 2.23606797749979 0.4472135954999579 1 0 0 0.9999929593272266 -0.0037525052932235376 3.149097681789731
cell 2.160995187348726 8.23553554579409 0.0 2.23606797749979 0.4472135954999579 1 0 0 0.984455499343448 -0.17563419317559578 3.4946925300803438
cell 13.393417089153177 12.187822830703599 0.0 2.23606797749979 0.4472135954999579 1 0 0 0.9782251015842002 -0.2075467432425314 3.5597255021952257
cell 30.49912739247545 16.803007806945363 0.0 2.23606797749979 0.4472135954999579 1 0 0 -0.015024417465753066 0.9998871270697582 6.25313534163035
cell 14.934125382753956 21.56745476427269 0.0 2.23606797749979 0.4472135954999579 1 0 0 -0.03020160469821269 0.999543827490147 6.222772911345688
cell 20.374013087512328 2.219795443448849 0.0 2.23606797749979 0.4472135954999579 1 0 0 0.9945130417450759 -0.10461266557619531 3.3512014968195403
cell 26.716803022795602 10.336083881278888 0.0 2.23606797749979 0.4472135954999579 1 0 0 0.9922000580544841 -0.12465570503060946 3.3915542976606865
cell 27.903436793554278 42.811570560250004 0.0 2.23606797749979 0.4472135954999579 1 0 0 0.9988853237172419 0.04720286074276497 3.0471518391839676
cell 36.81877475232111 9.796062769966314 0.0 2.23606797749979 0.4472135954999579 1 0 0 0.9866621911545523 -0.16278120452342684 3.4686102589844543
cell 26.892585538621258 41.59313995138077 0.0 2.23606797749979 0.4472135954999579 1 0 0 0.9947323814780031 0.10250604489053569 2.936219828447202
cell 28.14669370050083 1.6386673987510545 0.0 2.23606797749979 0.4472135954999579 1 0 0 0.9958897291400374 -0.09057398850322831 3.3229892284498503
cell 32.45525078763959 36.682709374425286 0.0 2.23606797749979 0.4472135954999579 1 0 0 0.9941696781730593 0.10782694932750195 2.9255186645222837
cell 27.492782737895887 33.22285497506813 0.0 2.23606797749979 0.4472135954999579 1 0 0 0.9890777021868825 0.14739504413892812 2.845724592549953
cell 30.58680259345712 18.121290583567813 0.0 2.23606797749979 0.4472135954999579 1 0 0 -0.025043879405926686 -0.999686352864888 0.050092996096275044
cell 38.102110565594145 44.19693440862028 0.0 2.23606797749979 0.4472135954999579 1 0 0 0.9997599710757894 0.02190890765275004 3.097771332099967
cell 17.9075025350098 8.843204502937478 0.0 2.23606797749979 0.4472135954999579 1 0 0 0.9941162003728354 -0.10831888180865057 3.358656304106733
cell 16.626669671793888 12.62946129395563 0.0 2.23606797749979 0.4472135954999579 1 0 0 0.9768383843156244 -0.21397843566032665 3.572884500380066
cell 27.365352982464515 36.60159317581351 0.0 2.23606797749979 0.4472135954999579 1 0 0 0.9950093921205095 0.0997813088307332 2.941697392205044
cell 0.6270957439283747 38.19478907899914 0.0 2.23606797749979 0.4472135954999579 1 0 0 0.9911698838789704 0.13259811948647077 2.8756130759335616
cell 44.338385719004016 26.44943511916822 0.0 2.23606797749979 0.4472135954999579 1 0 0 0.006762812401721458 0.9999771319227351 0.013525727906063708
cell 5.857382462383919 30.955051362371716 0.0 2.23606797749979 0.4472135954999579 1 0 0 0.9971141595351949 0.07591674949852595 2.989612930034742
cell 17.044451113910494 2.0497473082608435 0.0 2.23606797749979 0.4472135954999579 1 0 0 0.9943959654329892 -0.10571974238803888 3.353427997264784
cell 13.726989269774743 35.9598192358829 0.0 2.23606797749979 0.4472135954999579 1 0 0 0.9870937319849503 0.1601435739454538 2.819920448762505
cell 24.103287787417464 22.489546911802893 0.0 2.23606797749979 0.4472135954999579 1 0 0 0.06987642099879013 -0.9975556554841438 6.1433184857012
cell 1.1726385881015717 6.937611622350154 0.0 2.23606797749979 0.4472135954999579 1 0 0 0.9871761717206996 -0.15963460147118388 3.4622336469053447
cell 9.977054502463139 5.893486105020822 0.0 2.23606797749979 0.4472135954999579 1 0 0 0.9909680712520648 -0.13409803040672386 3.4105990854164516
cell 25.879832768609706 15.689546803455121 0.0 2.23606797749979 0.4472135954999579 1 0 0 -0.08735148829428653 0.9961775531966042 6.108259392074031
cell 34.0109512444509 42.889496673310326 0.0 2.23606797749979 0.4472135954999579 1 0 0 0.9975887058924967 0.06940298174958824 3.002675015036674
cell 22.00431825276012 32.60386686547209 0.0 2.23606797749979 0.4472135954999579 1 0 0 0.9788926388428026 0.20437514922165642 2.729941972467684
cell 45.41719346844915 2.197805127753176 0.0 2.23606797749979 0.4472135954999579 1 0 0 0.9937905678218073 -0.11126682932666793 3.3645880618817543
cell 12.69790549170578 37.096160097327434 0.0 2.23606797749979 0.4472135954999579 1 0 0 0.988292222938365 0.15257287465190159 2.8352504397617935
cell 18.97526696658726 43.56433172934339 0.0 2.23606797749979 0.4472135954999579 1 0 0 0.9989183245987453 0.0464992557019542 3.0485605962704065
cell 43.55335029548695 20.19486561980358 0.0 2.23606797749979 0.4472135954999579 1 0 0 0.09456792885124074 -0.9955184110968449 6.09376639895193
cell 12.940667857209824 20.57123922138638 0.0 2.23606797749979 0.4472135954999579 1 0 0 -0.021111770305100534 0.9997771217399329 6.240958629386611
cell 23.87419133158208 41.840291935329304 0.0 2.23606797749979 0.4472135954999579 1 0 0 0.994053311904854 0.10889450441133891 2.9233709074818086
cell 22.95194975462627 37.270921390794555 0.0 2.23606797749979 0.4472135954999579 1 0 0 0.9937189726562302 0.11190443862084484 2.9173140126706323
cell 25.214560643284422 27.159859482056483 0.0 2.23606797749979 0.4472135954999579 1 0 0 -0.04326200452047148 -0.9990637612109002 0.08655102153508931
cell 39.48193425965424 0.3534764986004659 0.0 2.23606797749979 0.4472135954999579 1 0 0 0.9991048743525321 -0.04230189174269938 3.226221689789321
cell 15.17336325699683 39.11298829161077 0.0 2.23606797749979 0.4472135954999579 1 0 0 0.9944917290688977 0.10481507913250931 2.931576745362344
