500
 Lattice="396.33272976060107 0.0 0.0 0.0 396.33272976060107 0.0 0.0 0.0 1.0"Properties=species:S:1:pos:R:3:aspherical_shape:R:3:orientation:R:4:Color:R:1
cell 26.041862069391577 203.24637388293476 0.0 2.23606797749979 0.4472135954999579 1 0 0 0.7601057919578932 -0.6497993421296023 4.556233493911692
cell 7.076817444060115 101.5285222554095 0.0 2.23606797749979 0.4472135954999579 1 0 0 0.502454029176902 -0.8646039258318788 5.230315767209609
cell 186.02252761332565 11.535683537063537 0.0 2.23606797749979 0.4472135954999579 1 0 0 -0.11659358916689014 -0.9931797092999748 0.2337187636246325
cell 234.68605977839195 264.66295334831096 0.0 2.23606797749979 0.4472135954999579 1 0 0 -0.9387572833435508 0.3445791098854314 3.845173453607401
cell 96.001510138337 46.558292267885506 0.0 2.23606797749979 0.4472135954999579 1 0 0 -0.004478635810543541 0.9999899708603465 6.274228005613803
cell 9.625187651458791 254.24520606263815 0.0 2.23606797749979 0.4472135954999579 1 0 0 -0.39911763958873453 -0.9168997272161864 0.8211086279077673
cell 375.46991336847566 137.63285719729237 0.0 2.23606797749979 0.4472135954999579 1 0 0 0.1573318761373439 0.9875457866606001 0.3159765912607201
cell 14.810269661662295 102.34558308351185 0.0 2.23606797749979 0.4472135954999579 1 0 0 0.37140891542469745 -0.9284693950492121 5.5221332646400665
cell 94.39922191475705 349.0172153805218 0.0 2.23606797749979 0.4472135954999579 1 0 0 0.5385117485162041 -0.8426180016531931 5.145845532604208
cell 106.33514769962316 29.914188183395652 0.0 2.23606797749979 0.4472135954999579 1 0 0 -0.21435995535157598 -0.9767547335650185 0.43207301188121683
cell 378.2819990702058 293.18366784874183 0.0 2.23606797749979 0.4472135954999579 1 0 0 0.9981191088453023 -0.06130452314356212 3.264278629181838
cell 361.60600479016813 340.57153745217266 0.0 2.23606797749979 0.4472135954999579 1 0 0 0.9564430831312614 -0.29191887354257684 3.7340576241100436
cell 103.41592160495468 354.4873838610035 0.0 2.23606797749979 0.4472135954999579 1 0 0 0.027931411747889646 -0.9996098420072552 6.227315217440773
cell 49.94410011137876 286.2257618536119 0.0 2.23606797749979 0.4472135954999579 1 0 0 0.06237343515552435 0.998052881658532 0.12482789906333043
cell 195.01645730218553 67.29738002240929 0.0 2.23606797749979 0.4472135954999579 1 0 0 -0.19542982457621844 -0.9807176880561034 0.3933914131652765
cell 114.06292644222475 135.45494919646248 0.0 2.23606797749979 0.4472135954999579 1 0 0 -0.017759960332210886 0.9998422794666159 6.247663518990401
cell 90.79256834971336 45.91523448737408 0.0 2.23606797749979 0.4472135954999579 1 0 0 0.055224376342902066 0.9984739697445986 0.1105049697156129
cell 254.30529957212556 172.14256060658758 0.0 2.23606797749979 0.4472135954999579 1 0 0 0.958596240916109 -0.28476876040307714 3.7191230380152
cell 388.81321794972433 166.3404826673337 0.0 2.23606797749979 0.4472135954999579 1 0 0 -0.10856094703722334 -0.9940897951283784 0.21755065282540187
cell 37.15900411662915 119.98840674103586 0.0 2.23606797749979 0.4472135954999579 1 0 0 0.656439066961371 0.7543790501908737 1.4321773176964174
cell 387.0641395183687 41.768009706911805 0.0 2.23606797749979 0.4472135954999579 1 0 0 0.0749056860763313 -0.9971906227965815 6.133233484965452
cell 204.80570681159654 246.69191972605628 0.0 2.23606797749979 0.4472135954999579 1 0 0 0.19098328565179704 -0.9815932887920761 5.898857760784609
cell 231.57642235114392 228.31687221924764 0.0 2.23606797749979 0.4472135954999579 1 0 0 -0.10897324609185342 0.9940446829173246 6.0648051349161936
cell 256.0955766026131 203.1914990162342 0.0 2.23606797749979 0.4472135954999579 1 0 0 0.4250792004515548 -0.9051561596451007 5.40508654112928
cell 245.8180423321528 81.98699336878397 0.0 2.23606797749979 0.4472135954999579 1 0 0 0.9766965011780957 -0.2146251257110084 3.574208643668955
cell 386.2330743748256 185.06482812489236 0.0 2.23606797749979 0.4472135954999579 1 0 0 0.9511600888792594 -0.3086980487842436 3.769240502353137
cell 108.13797900401013 140.2345519828829 0.0 2.23606797749979 0.4472135954999579 1 0 0 -0.06308312710516778 -0.9980082760551804 0.12625008378346525
cell 26.65139916976621 353.49622893073666 0.0 2.23606797749979 0.4472135954999579 1 0 0 0.9256662458297027 -0.3783411176855411 3.9175997399950697
cell 119.29163326245977 139.03749118275215 0.0 2.23606797749979 0.4472135954999579 1 0 0 -0.9440367863692244 0.32984018248489283 3.813861210645859
cell 292.7622594476741 210.28547035425007 0.0 2.23606797749979 0.4472135954999579 1 0 0 0.4201673295460036 0.9074466459148879 0.867259416431079
cell 104.96241188832755 355.94004526502107 0.0 2.23606797749979 0.4472135954999579 1 0 0 0.02026668447944248 -0.999794609657509 6.242649162938516
cell 377.10323141972094 214.5678988751534 0.0 2.23606797749979 0.4472135954999579 1 0 0 0.9375052992815072 -0.3479709956578157 3.8524045994156597
cell 304.5728342357023 392.57307223135524 0.0 2.23606797749979 0.4472135954999579 1 0 0 0.6288895965742203 -0.7774946143355043 4.922936899786356
cell 52.389937371280354 306.35347959982937 0.0 2.23606797749979 0.4472135954999579 1 0 0 0.18292985336042772 0.9831259678950264 0.3679315403807447
cell 328.7622513103056 121.97446428115006 0.0 2.23606797749979 0.4472135954999579 1 0 0 0.9012366334655941 0.4333272787392945 2.245229817844224
cell 344.9678385726969 260.0197245547163 0.0 2.23606797749979 0.4472135954999579 1 0 0 0.8443124987765642 -0.5358511028351759 4.2726235885914
cell 94.02119358729666 140.29781900102353 0.0 2.23606797749979 0.4472135954999579 1 0 0 -0.7913843911403595 -0.6113188574380825 1.8261405740151808
cell 275.82863685627706 224.86144576751005 0.0 2.23606797749979 0.4472135954999579 1 0 0 0.18100457219858493 0.9834822544627876 0.3640155991680847
cell 134.45505445177983 172.27457277988017 0.0 2.23606797749979 0.4472135954999579 1 0 0 -0.5521914225994792 0.8337173578662995 5.113204401794421
cell 384.74296124544065 169.51422142222881 0.0 2.23606797749979 0.4472135954999579 1 0 0 -0.9512296023490516 -0.30848378176958524 2.5143953266406505
cell 161.44569895775433 290.1419034823922 0.0 2.23606797749979 0.4472135954999579 1 0 0 0.8973356085351949 0.4413488480270131 2.2273900760432905
cell 293.0899415047368 132.79105687440352 0.0 2.23606797749979 0.4472135954999579 1 0 0 0.4325192994204985 0.9016246755877976 0.8945701759094655
cell 74.67311197003227 180.22374827257178 0.0 2.23606797749979 0.4472135954999579 1 0 0 0.34986318289326257 0.9368008076724718 0.7148501049837671
cell 374.59993898789423 98.77682066339317 0.0 2.23606797749979 0.4472135954999579 1 0 0 0.9393904358419365 -0.34284925120043164 3.8414892743957894
cell 315.03935434346835 282.57735016489033 0.0 2.23606797749979 0.4472135954999579 1 0 0 0.8962141750150007 -0.44362163213957645 4.060864023576561
cell 351.93179180502784 70.51066138644961 0.0 2.23606797749979 0.4472135954999579 1 0 0 0.061650745282968454 -0.9980977835893908 6.159805575037846
cell 82.8670270872738 273.67824790012185 0.0 2.23606797749979 0.4472135954999579 1 0 0 0.3949280250278443 0.9187120631882475 0.8119790127947922
cell 226.5734591185911 267.1140940405397 0.0 2.23606797749979 0.4472135954999579 1 0 0 -0.9745507799144268 0.22416685162660077 3.593768747512044
cell 50.051651957921045 307.78814806996184 0.0 2.23606797749979 0.4472135954999579 1 0 0 0.21637375613961132 0.9763106051119367 0.4361974004195631
cell 387.76800185990066 85.31480202061383 0.0 2.23606797749979 0.4472135954999579 1 0 0 -0.9643730360308899 -0.26454611578430715 2.6061261740020147
cell 248.25479860102803 312.31891028721145 0.0 2.23606797749979 0.4472135954999579 1 0 0 0.9773324404807683 0.2117104172777181 2.7149432205240305
cell 155.49679978647686 284.5076090789601 0.0 2.23606797749979 0.4472135954999579 1 0 0 -0.23876985856006716 0.9710761837483224 5.800987563674031
cell 371.3476128026987 193.26889909518442 0.0 2.23606797749979 0.4472135954999579 1 0 0 -0.5367616012466648 -0.8437339529893985 1.1331884545941255
cell 372.1557113481074 189.7219323858802 0.0 2.23606797749979 0.4472135954999579 1 0 0 -0.5701386713591875 -0.8215484741759188 1.2133492759947444
cell 66.59423831049735 78.15307407499662 0.0 2.23606797749979 0.4472135954999579 1 0 0 -0.9322624955447034 0.3617825858174517 3.881951239372796
cell 200.67835431298133 28.204512401628026 0.0 2.23606797749979 0.4472135954999579 1 0 0 0.45137809421834335 0.8923327944549704 0.936618218765485
cell 75.59021275955897 184.24063934909196 0.0 2.23606797749979 0.4472135954999579 1 0 0 0.29459876353849884 0.9556210381325788 0.5980712432625355
cell 26.609613753592512 283.44233074760893 0.0 2.23606797749979 0.4472135954999579 1 0 0 0.9941947371413627 -0.10759565344574422 3.3572013438842347
cell 386.1892445293295 170.0015414896058 0.0 2.23606797749979 0.4472135954999579 1 0 0 0.940029694093744 0.341092618246162 2.445434701780168
cell 66.75996708615666 161.65353411884786 0.0 2.23606797749979 0.4472135954999579 1 0 0 -0.8082687068711597 0.5888138054536624 4.4007736144040965
cell 70.51551287507432 93.66831745405072 0.0 2.23606797749979 0.4472135954999579 1 0 0 0.29786198994426627 0.9546089434666123 0.6049043958418563
cell 206.7674524245526 256.0538390012368 0.0 2.23606797749979 0.4472135954999579 1 0 0 -0.3235572429216834 0.946208597801203 5.624212201555808
cell 224.39264028487167 195.0377136685182 0.0 2.23606797749979 0.4472135954999579 1 0 0 0.23190040728164005 -0.9727395340493823 5.815123518266449
cell 174.85413658928135 47.825039675959786 0.0 2.23606797749979 0.4472135954999579 1 0 0 -0.4846472526296201 0.874709689278998 5.27126560927363
cell 37.2370517963069 267.835434203284 0.0 2.23606797749979 0.4472135954999579 1 0 0 0.9934819648567428 0.11398940961504152 2.913117214672445
cell 78.1618418064792 326.9558994190298 0.0 2.23606797749979 0.4472135954999579 1 0 0 0.5892958321234756 -0.8079173362677028 5.022811348424069
cell 390.6786899453397 41.88866077441441 0.0 2.23606797749979 0.4472135954999579 1 0 0 -0.1537914415311719 0.9881033308879007 5.974376852780462
cell 313.34270145463256 103.68001911385133 0.0 2.23606797749979 0.4472135954999579 1 0 0 0.30233958673987954 0.9532002802611625 0.6142923126599305
cell 62.36102396354324 381.17003605118833 0.0 2.23606797749979 0.4472135954999579 1 0 0 0.7385471958771251 -0.6742017794859603 4.621359393675487
cell 94.47133274138538 47.77702500222643 0.0 2.23606797749979 0.4472135954999579 1 0 0 0.06174047550110503 -0.9980922370627363 6.159625772078914
cell 94.5251429981958 117.69145375601327 0.0 2.23606797749979 0.4472135954999579 1 0 0 -0.7553059650961127 -0.6553723362259272 1.7122417017832472
cell 168.11827310896803 141.5739122369191 0.0 2.23606797749979 0.4472135954999579 1 0 0 -0.9997133887567482 -0.02394034963192389 3.0937073794192056
cell 35.90464313677975 119.65291466653832 0.0 2.23606797749979 0.4472135954999579 1 0 0 0.6151144971945497 0.7884377942115004 1.3250623572081761
cell 234.66951679060244 67.43071277636211 0.0 2.23606797749979 0.4472135954999579 1 0 0 0.7440317679250574 -0.6681442421500865 4.605016240895816
cell 370.9924124084285 23.99355932981935 0.0 2.23606797749979 0.4472135954999579 1 0 0 0.559477353355964 0.8288456376683211 1.187510187907486
cell 84.90063846955805 67.58618959876144 0.0 2.23606797749979 0.4472135954999579 1 0 0 -0.3828591607559927 -0.9238067238471568 0.7857785924660057
cell 52.02016684436813 54.592859631617785 0.0 2.23606797749979 0.4472135954999579 1 0 0 0.9408386873643294 -0.33885478358518956 3.8329914555788824
cell 1.6188708955879425 374.6219868386083 0.0 2.23606797749979 0.4472135954999579 1 0 0 0.9948346719727477 -0.10150849935288944 3.3449599259115836
cell 206.6655542368967 83.63350584119598 0.0 2.23606797749979 0.4472135954999579 1 0 0 -0.4234183453791905 0.905934271785955 5.408754728157296
cell 312.8618319177805 137.98414183487824 0.0 2.23606797749979 0.4472135954999579 1 0 0 0.9144775666867695 0.404636602430681 2.308429827667176
cell 287.7454226256827 341.88009100019025 0.0 2.23606797749979 0.4472135954999579 1 0 0 0.769480540504182 -0.6386702574767295 4.527130492564017
cell 26.359822960761406 383.61258702082876 0.0 2.23606797749979 0.4472135954999579 1 0 0 -0.2982766936687446 -0.9544794466168677 0.6057733000164554
cell 142.17384690469012 46.85307070544966 0.0 2.23606797749979 0.4472135954999579 1 0 0 -0.15967383892418896 0.9871698258978605 5.962464819280923
cell 301.58910096575767 124.24777679988588 0.0 2.23606797749979 0.4472135954999579 1 0 0 0.4875588439107307 0.8730901292102847 1.018583135118852
cell 237.85462118566926 156.74432278055303 0.0 2.23606797749979 0.4472135954999579 1 0 0 0.841310393347494 0.5405523305337652 1.999405687115317
cell 169.81596357404473 138.4496915543709 0.0 2.23606797749979 0.4472135954999579 1 0 0 -0.999919975969186 -0.01265075720194191 3.1162904642545826
cell 258.5085802876292 52.55196193258768 0.0 2.23606797749979 0.4472135954999579 1 0 0 0.38525080267137846 0.9228119088097306 0.7909591761248966
cell 66.09699317906158 188.92499754721706 0.0 2.23606797749979 0.4472135954999579 1 0 0 0.9597971634509157 -0.28069450481186153 3.7106279098389594
cell 249.6836124562859 193.44400812600878 0.0 2.23606797749979 0.4472135954999579 1 0 0 0.5505859865095573 -0.8347784565136416 5.1170532231834285
cell 144.2646856396411 208.24869141075632 0.0 2.23606797749979 0.4472135954999579 1 0 0 0.7352612290299713 0.6777838335969192 1.6521040337885657
cell 259.94980753511675 204.65549602847932 0.0 2.23606797749979 0.4472135954999579 1 0 0 -0.34872327948092297 0.937225732866992 5.5707682590327385
cell 14.844042497858778 338.5553092377992 0.0 2.23606797749979 0.4472135954999579 1 0 0 -0.13419571537723826 0.9909548475961916 6.013981723446552
cell 231.7304722004203 233.35098670749397 0.0 2.23606797749979 0.4472135954999579 1 0 0 0.15078950162084948 0.9885658937071093 0.3027337150040348
cell 300.0448843957958 273.9394818365967 0.0 2.23606797749979 0.4472135954999579 1 0 0 0.09131414056190265 0.9958221365954069 0.18288303891610116
cell 273.7806245380438 176.33067855852465 0.0 2.23606797749979 0.4472135954999579 1 0 0 -0.5364371837280555 -0.843940251388635 1.1324195443061758
cell 96.79025201376551 19.231708962733833 0.0 2.23606797749979 0.4472135954999579 1 0 0 0.22254611085572434 0.9749221653768015 0.44885059940562877
cell 178.09286334269942 208.36239856903023 0.0 2.23606797749979 0.4472135954999579 1 0 0 -0.7177319150052462 0.6963195374128907 4.682106148484682
cell 39.71620822330796 230.84881802685513 0.0 2.23606797749979 0.4472135954999579 1 0 0 -0.12246985097171512 -0.9924722341723047 0.24555617484832304
cell 253.703984100134 190.65220733156588 0.0 2.23606797749979 0.4472135954999579 1 0 0 0.5411702404378788 -0.8409130578510531 5.139529071266776
cell 374.3383952748305 128.2606648182427 0.0 2.23606797749979 0.4472135954999579 1 0 0 0.8136485184631111 -0.5813571091874463 4.3823839121086685
cell 295.2236839434205 325.8635170026475 0.0 2.23606797749979 0.4472135954999579 1 0 0 0.7391216781006054 0.6735719300577668 1.6635308946433536
cell 92.60557899856498 236.01356382033202 0.0 2.23606797749979 0.4472135954999579 1 0 0 0.7102398578323779 -0.7039597604595335 4.703507552316812
cell 389.12489700246954 116.61206702636622 0.0 2.23606797749979 0.4472135954999579 1 0 0 0.9917932086449593 0.1278523808371835 2.885186082322894
cell 106.0903578730175 202.23373977749165 0.0 2.23606797749979 0.4472135954999579 1 0 0 0.09791828107053682 -0.995194458501549 6.087034440552059
cell 304.2362527959046 378.34377609693513 0.0 2.23606797749979 0.4472135954999579 1 0 0 0.524783913674128 -0.8512354809034133 5.1782628211923685
cell 143.05626526331937 212.89407073338802 0.0 2.23606797749979 0.4472135954999579 1 0 0 0.7372934090727271 0.6755726673999742 1.6581103699280915
cell 311.1979321169965 100.71179174277313 0.0 2.23606797749979 0.4472135954999579 1 0 0 0.3707487260382159 0.9287332136523598 0.7596301419766398
cell 311.3364695610137 96.8782979483573 0.0 2.23606797749979 0.4472135954999579 1 0 0 0.6168276782198268 0.787098224735603 1.3294118111831434
cell 366.4583545728973 32.37997189309992 0.0 2.23606797749979 0.4472135954999579 1 0 0 0.5325664165038042 -0.8463882158987662 5.1599255457990365
cell 57.961181228819285 205.45853079765905 0.0 2.23606797749979 0.4472135954999579 1 0 0 0.9808328723585114 0.1948509083913959 2.7493817680738104
cell 298.60421265164337 283.11633312335215 0.0 2.23606797749979 0.4472135954999579 1 0 0 0.13920145339627663 0.9902640836526205 0.279309942577976
cell 71.39231410221865 66.24870135635473 0.0 2.23606797749979 0.4472135954999579 1 0 0 0.43171464683791144 0.90201023481201 0.8927856628141291
cell 309.6083834566169 94.97851001212112 0.0 2.23606797749979 0.4472135954999579 1 0 0 -0.5662004273279817 -0.8242675998082242 1.2037777653579491
cell 20.8444375585984 317.2181769228092 0.0 2.23606797749979 0.4472135954999579 1 0 0 0.9738487155681883 0.227197445377781 2.6831948555166556
cell 159.759981270561 314.89772148238416 0.0 2.23606797749979 0.4472135954999579 1 0 0 -0.5862221236498888 0.81015036983477 5.030409806176606
cell 271.025543618165 1.6092022623403064 0.0 2.23606797749979 0.4472135954999579 1 0 0 0.6348608546964393 0.7726264913747823 1.3756568256514898
cell 145.96983208335115 212.6542484907361 0.0 2.23606797749979 0.4472135954999579 1 0 0 -0.719441784756229 -0.6945527469867007 1.605996558829438
cell 142.692592139182 168.9155417780047 0.0 2.23606797749979 0.4472135954999579 1 0 0 -0.5474407399962186 0.8368444516111656 5.1245794249037235
cell 273.5263327836857 178.60075031555314 0.0 2.23606797749979 0.4472135954999579 1 0 0 -0.5341124756862302 -0.8454134274521112 1.1269151751416526
cell 224.23743981959856 370.51466543877103 0.0 2.23606797749979 0.4472135954999579 1 0 0 0.8595556644979871 0.5110421309729989 2.0687991325228317
cell 98.07427554768067 145.41956510883486 0.0 2.23606797749979 0.4472135954999579 1 0 0 -0.9924997389444099 -0.12224675126676451 2.8964860562811694
cell 74.48476078869567 379.79270956948034 0.0 2.23606797749979 0.4472135954999579 1 0 0 -0.08040398953977393 -0.9967623580704118 0.16098175036262052
cell 95.78138412723744 17.47381974497195 0.0 2.23606797749979 0.4472135954999579 1 0 0 -0.2397224072674674 -0.9708414739049267 0.4841598218197385
cell 355.91512337554497 256.77682909368724 0.0 2.23606797749979 0.4472135954999579 1 0 0 0.9055440102755203 -0.4242523370049107 4.017864803830583
cell 238.2048060265875 225.5562959691381 0.0 2.23606797749979 0.4472135954999579 1 0 0 0.4099956700416683 -0.912087468693153 5.4382866774282475
cell 368.3313280908704 188.5023971452792 0.0 2.23606797749979 0.4472135954999579 1 0 0 -0.5004879166660919 -0.8657435216455478 1.0483245298506594
cell 61.117556329903685 19.1686443823494 0.0 2.23606797749979 0.4472135954999579 1 0 0 0.8860218231996355 0.46364353636602523 2.177386579074965
cell 307.3009724486329 306.77946718313063 0.0 2.23606797749979 0.4472135954999579 1 0 0 0.3940150702746687 -0.9191039790994531 5.4731933369550445
cell 73.97682741705991 197.08525451352722 0.0 2.23606797749979 0.4472135954999579 1 0 0 0.8533703051940926 -0.5213052102299969 4.238352082421562
cell 284.2112582656849 323.375544545093 0.0 2.23606797749979 0.4472135954999579 1 0 0 0.8113174280178151 -0.5846058766336149 4.390381035062853
cell 250.3491543958372 59.99650117845402 0.0 2.23606797749979 0.4472135954999579 1 0 0 -0.4921360451960027 -0.8705183013692693 1.0290836367010385
cell 196.50218196041143 38.6582919984489 0.0 2.23606797749979 0.4472135954999579 1 0 0 -0.3660207825037696 -0.9306066767304693 0.7494589336486728
cell 180.41976446967078 344.3232545493183 0.0 2.23606797749979 0.4472135954999579 1 0 0 0.02140266379675357 -0.9997709367562168 6.240376710910854
cell 194.71847322294911 7.535895379949352 0.0 2.23606797749979 0.4472135954999579 1 0 0 0.28771095965354004 0.9577172879797248 0.583671753036001
cell 62.36733563503513 11.197194519156515 0.0 2.23606797749979 0.4472135954999579 1 0 0 0.5316163121650377 -0.8469852989515493 5.162169833266004
cell 396.25575122775757 205.51732247297812 0.0 2.23606797749979 0.4472135954999579 1 0 0 0.6593801433869696 0.7518097009928639 1.4399879528118353
cell 267.1115684975403 320.5154237383406 0.0 2.23606797749979 0.4472135954999579 1 0 0 0.7160956463309762 -0.6980021671211497 4.68680023857255
cell 251.75645492285855 189.348986073298 0.0 2.23606797749979 0.4472135954999579 1 0 0 0.5291440940581384 -0.8485319839130355 5.168002192227801
cell 170.0682409700011 253.05534928238706 0.0 2.23606797749979 0.4472135954999579 1 0 0 0.8449407407410628 0.5348599299217918 2.0129087267843544
cell 33.23578643658591 83.38180692150694 0.0 2.23606797749979 0.4472135954999579 1 0 0 0.9979861630901862 -0.06343199729259973 3.268541877966112
cell 331.0205916526407 22.00915872267739 0.0 2.23606797749979 0.4472135954999579 1 0 0 0.7072306737732612 -0.706982866888738 4.712038528525954
cell 289.5094827859132 164.5693330157664 0.0 2.23606797749979 0.4472135954999579 1 0 0 -0.5141308673230098 -0.8577117530182793 1.0799880511389501
cell 86.53795580644538 67.36736328933713 0.0 2.23606797749979 0.4472135954999579 1 0 0 -0.5833443111835328 -0.8122249778293017 1.2456802022431779
cell 319.05715030851525 179.15372111449452 0.0 2.23606797749979 0.4472135954999579 1 0 0 0.4842576771959668 -0.8749254265803268 5.272156253096869
cell 35.07973315976683 111.05653754239259 0.0 2.23606797749979 0.4472135954999579 1 0 0 0.6179028963073961 0.7862544185789554 1.3321453825150462
cell 87.95099209262435 5.922577624780375 0.0 2.23606797749979 0.4472135954999579 1 0 0 0.8277291782414693 -0.5611277996033541 4.333088042009695
cell 193.25549355977753 15.627660180516807 0.0 2.23606797749979 0.4472135954999579 1 0 0 0.3233995112762414 0.9462625196562993 0.6586397179305732
cell 327.5738800618757 209.74800807281827 0.0 2.23606797749979 0.4472135954999579 1 0 0 0.10335905937355999 0.9946441096419427 0.20708796440266514
cell 112.57462386703565 11.929925013586617 0.0 2.23606797749979 0.4472135954999579 1 0 0 0.046880252151277085 -0.9989005165471848 6.189390425049747
cell 101.38583440133647 99.05007425910249 0.0 2.23606797749979 0.4472135954999579 1 0 0 0.6422713364233377 -0.76647735153035 4.888269418540804
cell 368.8490362133115 187.01112295683416 0.0 2.23606797749979 0.4472135954999579 1 0 0 0.5532821400843165 0.8329939216247131 1.1725985569065926
cell 49.78970134010434 315.6937617781339 0.0 2.23606797749979 0.4472135954999579 1 0 0 0.942395103565586 -0.33450182178219656 3.8237457547598233
cell 200.84026027526696 250.25391853730383 0.0 2.23606797749979 0.4472135954999579 1 0 0 0.18475166191609016 -0.9827852376889077 5.9115469706241575
cell 25.421636743799503 368.43930361632135 0.0 2.23606797749979 0.4472135954999579 1 0 0 -0.9924292725266785 0.12281750295527037 3.387849421346786
cell 250.69729690757572 321.84905214433377 0.0 2.23606797749979 0.4472135954999579 1 0 0 -0.06885290860057995 0.9976268225029037 6.145370453016911
cell 64.40858761167847 345.6323863398884 0.0 2.23606797749979 0.4472135954999579 1 0 0 -0.9972757482543154 -0.07376368987378099 2.993931160446783
cell 51.4131749615588 79.19689558719571 0.0 2.23606797749979 0.4472135954999579 1 0 0 -0.9685943241908564 0.24864640585630451 3.6441576953561885
cell 261.66396779300226 201.82687331358082 0.0 2.23606797749979 0.4472135954999579 1 0 0 -0.3357838303293645 0.9419390740856547 5.598310802630965
cell 107.68633164480983 107.87576847297193 0.0 2.23606797749979 0.4472135954999579 1 0 0 -0.4353129921811531 0.9002791782765451 5.382413489564997
cell 372.8648172851516 25.93976386421846 0.0 2.23606797749979 0.4472135954999579 1 0 0 0.5763626109108271 0.8171940655340411 1.228541191685601
cell 376.22472049177213 71.27237882579867 0.0 2.23606797749979 0.4472135954999579 1 0 0 -0.7759808502744923 0.6307564664807457 4.506648009146316
cell 251.13297357923992 323.33658592884 0.0 2.23606797749979 0.4472135954999579 1 0 0 -0.06750247038524333 0.9977191070095277 6.1480776287284975
cell 182.69278570813216 49.306404167799066 0.0 2.23606797749979 0.4472135954999579 1 0 0 0.5362083766543686 -0.8440856454209411 5.151307951409068
cell 79.48491890012471 66.58255383818295 0.0 2.23606797749979 0.4472135954999579 1 0 0 -0.4274640879461679 -0.9040323299065973 0.8833715966635953
cell 1.167368960079994 74.4673800149537 0.0 2.23606797749979 0.4472135954999579 1 0 0 -0.9095592400235637 -0.41557428804938984 2.2844444464823734
cell 9.198893185626519 325.71729797443896 0.0 2.23606797749979 0.4472135954999579 1 0 0 -0.16359683054856028 0.9865272814445962 5.954514285344169
cell 181.83970907846935 42.30530193891603 0.0 2.23606797749979 0.4472135954999579 1 0 0 0.5684417305002433 -0.8227235252658628 5.073964156597319
cell 209.39306436201687 234.72981147673215 0.0 2.23606797749979 0.4472135954999579 1 0 0 -0.35469212296541486 -0.9349831538088197 0.7251695210238243
cell 343.69743340159454 24.280386729482704 0.0 2.23606797749979 0.4472135954999579 1 0 0 0.6043406267604498 -0.7967260550821635 4.985309299303744
cell 279.8798527823598 10.639018100854138 0.0 2.23606797749979 0.4472135954999579 1 0 0 0.3248466549447717 -0.9457666999694969 5.621486136738833
cell 30.07820098048952 327.91630045472346 0.0 2.23606797749979 0.4472135954999579 1 0 0 0.9964272614101509 0.08445538892614733 2.972480429804529
cell 342.84719686054274 155.49459492647242 0.0 2.23606797749979 0.4472135954999579 1 0 0 0.4747337675511419 0.8801294506756937 0.9893230293090514
cell 209.83242724712164 81.11248421213087 0.0 2.23606797749979 0.4472135954999579 1 0 0 0.4372912239163174 -0.8993199572375613 5.378016441579569
cell 303.8398153312634 330.77547579716105 0.0 2.23606797749979 0.4472135954999579 1 0 0 0.39256386670001575 0.9197247471725072 0.8068351710020115
cell 266.4168123633588 183.1778388405402 0.0 2.23606797749979 0.4472135954999579 1 0 0 0.9677299863988102 0.2519894311763066 2.6321216984282723
cell 58.267823764447726 289.71056396283217 0.0 2.23606797749979 0.4472135954999579 1 0 0 -0.7031575659587906 -0.7110340620778367 1.5596572215704336
cell 62.90797054763991 19.343274817648947 0.0 2.23606797749979 0.4472135954999579 1 0 0 -0.9531913661782371 -0.3023676891522404 2.5272413763148815
cell 140.66916366964577 281.2996561878731 0.0 2.23606797749979 0.4472135954999579 1 0 0 -0.9635758175948229 -0.26743530759132844 2.600131845596905
cell 37.98559003119687 266.291573616696 0.0 2.23606797749979 0.4472135954999579 1 0 0 0.9933679754376621 0.11497854310644347 2.911125854601159
cell 386.15804548246876 43.03446284460426 0.0 2.23606797749979 0.4472135954999579 1 0 0 0.08302665756361173 -0.9965473265900695 6.1169406184374395
cell 175.16376099710726 210.587526263221 0.0 2.23606797749979 0.4472135954999579 1 0 0 -0.7002980035386899 0.7138506189951264 4.731555566342421
cell 207.57897454202703 252.00112817965268 0.0 2.23606797749979 0.4472135954999579 1 0 0 0.41197572300843993 -0.9111948220066185 5.43394274846349
cell 382.357575685535 130.48131500347984 0.0 2.23606797749979 0.4472135954999579 1 0 0 0.5261046900818073 -0.8504198110779908 5.175158135657824
cell 289.4200734592508 166.72003311435964 0.0 2.23606797749979 0.4472135954999579 1 0 0 0.3025455052596493 0.953134941782738 0.6147243846619326
cell 53.47749677568785 75.30051175294244 0.0 2.23606797749979 0.4472135954999579 1 0 0 0.9384332263147621 -0.34546067757194376 3.8470519366216047
cell 158.02247783866807 277.5684987394435 0.0 2.23606797749979 0.4472135954999579 1 0 0 -0.6995500948341999 0.7145835604164581 4.73364991173663
cell 47.8783288618268 308.06976425517723 0.0 2.23606797749979 0.4472135954999579 1 0 0 -0.20678153148002512 -0.9783871412885471 0.41656848811186986
cell 221.49461795948824 165.95703720113656 0.0 2.23606797749979 0.4472135954999579 1 0 0 0.5340499122584358 -0.8454529503270759 5.156418135283106
cell 31.92223490349414 114.33437684424827 0.0 2.23606797749979 0.4472135954999579 1 0 0 -0.7768489612811048 -0.6296869788684443 1.7792922359800745
cell 103.77449174607601 111.18979075747954 0.0 2.23606797749979 0.4472135954999579 1 0 0 -0.3596977735788505 0.9330688675989667 5.547297372374097
cell 41.40853341293869 230.11486178952936 0.0 2.23606797749979 0.4472135954999579 1 0 0 0.13032092699505607 0.9914718634369557 0.26138532053814145
cell 39.253550226347166 84.64652973854969 0.0 2.23606797749979 0.4472135954999579 1 0 0 -0.9649970285221566 0.2622608147310763 3.672321213736478
cell 304.47447724955134 147.2915411035191 0.0 2.23606797749979 0.4472135954999579 1 0 0 -0.34190178757946654 0.9397356903140187 5.585305503717542
cell 217.90496925405935 373.09047880959855 0.0 2.23606797749979 0.4472135954999579 1 0 0 0.9186951990493497 0.39496725338143635 2.3295282414295095
cell 353.1328147675509 321.0535087917153 0.0 2.23606797749979 0.4472135954999579 1 0 0 -0.13149485493092578 0.9913168530428073 6.019431750855261
cell 276.00865336630284 91.05219544092023 0.0 2.23606797749979 0.4472135954999579 1 0 0 0.4076836667118303 -0.9131232271147182 5.4433534943137305
cell 341.69245484370856 43.17060073026587 0.0 2.23606797749979 0.4472135954999579 1 0 0 0.5101050269828343 0.8601121214393167 1.0706137886673215
cell 167.25300530975602 263.69618434268193 0.0 2.23606797749979 0.4472135954999579 1 0 0 0.049737546814795426 -0.9987623222953728 6.183669153853291
cell 382.96262693601267 164.75793340128064 0.0 2.23606797749979 0.4472135954999579 1 0 0 0.9961630762113809 0.08751643041782836 2.9663355860282166
cell 378.48676441004847 19.156602020168116 0.0 2.23606797749979 0.4472135954999579 1 0 0 -0.3793437654164036 -0.9252558065960487 0.7781738932278026
cell 189.1945808669188 38.776764613088744 0.0 2.23606797749979 0.4472135954999579 1 0 0 -0.2068499352362554 0.9783726816979085 5.866476988403986
cell 169.34611292693307 394.80095670425993 0.0 2.23606797749979 0.4472135954999579 1 0 0 0.49920052705721746 -0.8664864879418468 5.237833568158603
cell 217.01320941346944 76.77380494416012 0.0 2.23606797749979 0.4472135954999579 1 0 0 0.8296202309109367 -0.5583281046690056 4.3263310063337626
cell 195.5132531764106 65.35991381567905 0.0 2.23606797749979 0.4472135954999579 1 0 0 0.18089615844465254 0.9835022012481553 0.3637951322426693
cell 374.17257764217135 19.788188916673068 0.0 2.23606797749979 0.4472135954999579 1 0 0 0.44168830660095715 0.8971685682256032 0.9149592401930233
cell 18.52644081937636 94.54505099994812 0.0 2.23606797749979 0.4472135954999579 1 0 0 0.5033371001806575 0.8640901362599429 1.0549128649198534
cell 280.29782583711057 177.41954281039864 0.0 2.23606797749979 0.4472135954999579 1 0 0 -0.05333524801375334 -0.9985766627151424 0.10672113422350282
cell 379.9783022292787 87.2107595766207 0.0 2.23606797749979 0.4472135954999579 1 0 0 0.8833186993519011 -0.4687729465053052 4.117394903524622
cell 302.3427675301149 137.6135396075792 0.0 2.23606797749979 0.4472135954999579 1 0 0 0.3918179235887466 -0.9200427787633589 5.477971956456229
cell 105.97310686049642 106.24566547138483 0.0 2.23606797749979 0.4472135954999579 1 0 0 -0.3153046491662563 0.9489905048071577 5.641629984382566
cell 179.09036535152447 51.51662876891449 0.0 2.23606797749979 0.4472135954999579 1 0 0 0.5428106043322476 -0.8398551350229753 5.135625229248564
cell 100.7121511743668 380.53363505703857 0.0 2.23606797749979 0.4472135954999579 1 0 0 0.5824460680304069 -0.8128693485646501 5.039716036442505
cell 177.7201566712238 114.76991929301165 0.0 2.23606797749979 0.4472135954999579 1 0 0 0.9066403536359181 0.42190433650169723 2.270503197198603
cell 6.993380494527945 273.96112043552716 0.0 2.23606797749979 0.4472135954999579 1 0 0 0.7892353584646103 0.6140908311880564 1.8191256777154565
cell 71.3164613000461 182.0847099544853 0.0 2.23606797749979 0.4472135954999579 1 0 0 0.37860718611567373 0.925557452901532 0.7765819892189838
cell 15.462104885839839 92.30991154649159 0.0 2.23606797749979 0.4472135954999579 1 0 0 0.351753025060897 0.9360928422760789 0.71888630111543
cell 85.39270919940498 137.88299890304734 0.0 2.23606797749979 0.4472135954999579 1 0 0 -0.8624218228967647 -0.5061902798270838 2.080069519835207
cell 261.705632144038 217.93858262266565 0.0 2.23606797749979 0.4472135954999579 1 0 0 0.9611881938172314 0.27589355930570086 2.5825542158845796
cell 84.24516962875866 64.95668991951543 0.0 2.23606797749979 0.4472135954999579 1 0 0 0.4768898983331261 0.8789630395345532 0.9942258521321283
cell 352.06523828506795 51.22715083267744 0.0 2.23606797749979 0.4472135954999579 1 0 0 0.9945297491759334 0.10445371225597953 2.9323034682791276
cell 218.9096140865136 237.887276990122 0.0 2.23606797749979 0.4472135954999579 1 0 0 0.3946402176765316 -0.9188357299279452 5.471832797488632
cell 248.05815633830693 58.687807859696875 0.0 2.23606797749979 0.4472135954999579 1 0 0 0.4883915735137316 0.872624587621035 1.02049118923975
cell 104.22082125707175 145.53504041043334 0.0 2.23606797749979 0.4472135954999579 1 0 0 -0.59696859201719 0.802264607311711 5.0037508891987175
cell 35.48342264134953 107.88271762213293 0.0 2.23606797749979 0.4472135954999579 1 0 0 0.6679974656374009 0.7441635478186294 1.4630290785727755
cell 352.9200725165054 249.7799595486693 0.0 2.23606797749979 0.4472135954999579 1 0 0 0.9746076275140919 -0.22391956678984756 3.5932612775506825
cell 73.05662463121297 198.091378517542 0.0 2.23606797749979 0.4472135954999579 1 0 0 -0.8488293503549066 0.5286669404985215 4.255651308976217
cell 390.9695931988497 301.8099091134233 0.0 2.23606797749979 0.4472135954999579 1 0 0 0.37016608261131867 0.9289655920884209 0.7583755932715598
cell 285.56353075940746 118.68505079119693 0.0 2.23606797749979 0.4472135954999579 1 0 0 0.47188928523971324 -0.8816578148442583 5.300320446562029
cell 371.14855024203035 95.68515678013686 0.0 2.23606797749979 0.4472135954999579 1 0 0 -0.9527824050563092 0.30365389609737453 3.7586432476534286
cell 32.5215679007917 85.60824464445388 0.0 2.23606797749979 0.4472135954999579 1 0 0 0.9978976252675376 -0.064809948969346 3.2713034645191
cell 98.80809391420117 177.16720719915594 0.0 2.23606797749979 0.4472135954999579 1 0 0 -0.9978435234580966 -0.06563766215162582 3.010222883761232
cell 188.9913640467024 87.05555750513471 0.0 2.23606797749979 0.4472135954999579 1 0 0 0.9727312376466899 0.23193520497401612 2.673459318616178
cell 307.67017227647995 296.71616578717 0.0 2.23606797749979 0.4472135954999579 1 0 0 0.88805989894355 -0.4597277627992156 4.096969896469593
cell 387.11732981994106 128.2617240126247 0.0 2.23606797749979 0.4472135954999579 1 0 0 0.4684289633807348 -0.883501163703846 5.308161819420612
cell 374.20185091591884 143.1984786221951 0.0 2.23606797749979 0.4472135954999579 1 0 0 0.17982445849037915 0.9836987161365222 0.36161599570652947
cell 283.6839004097111 371.5222811687506 0.0 2.23606797749979 0.4472135954999579 1 0 0 0.5593890276729707 0.8289052513521002 1.1872970661809474
cell 115.49976869840404 1.9431118322564402 0.0 2.23606797749979 0.4472135954999579 1 0 0 0.9630202452700293 0.2694290392664693 2.5959924600726234
cell 287.18397590503275 163.80616273399198 0.0 2.23606797749979 0.4472135954999579 1 0 0 -0.3459816612522012 -0.9382412749805709 0.7065697231566475
cell 57.84250542263143 185.85916368312016 0.0 2.23606797749979 0.4472135954999579 1 0 0 0.13590141655743157 0.9907223652354293 0.27264652741309786
cell 8.78429029133736 102.22013428966842 0.0 2.23606797749979 0.4472135954999579 1 0 0 0.977440094825597 0.21121283348160436 2.715961413232143
cell 283.3198596844477 327.0990211525573 0.0 2.23606797749979 0.4472135954999579 1 0 0 0.8133691857799606 -0.5817478557103961 4.383344556886948
cell 32.3254919075371 101.18185199798722 0.0 2.23606797749979 0.4472135954999579 1 0 0 0.8367780040094186 0.5475423015676628 1.9827440365896722
cell 255.62460114632358 201.9406770412983 0.0 2.23606797749979 0.4472135954999579 1 0 0 -0.4181925720729892 0.9083583943923113 5.420276042115286
cell 271.9224151425212 326.07355219391053 0.0 2.23606797749979 0.4472135954999579 1 0 0 0.8123669300905394 0.5831466118355423 1.8963992181366034
cell 180.1399769897966 52.518175826551456 0.0 2.23606797749979 0.4472135954999579 1 0 0 0.5175449032464868 -0.8556560483766738 5.195226915049431
cell 238.3417678753858 227.2250807171159 0.0 2.23606797749979 0.4472135954999579 1 0 0 -0.41392767082675475 0.9103097732771728 5.429656298511745
cell 56.62261545875884 106.63474513779363 0.0 2.23606797749979 0.4472135954999579 1 0 0 0.9531317424353406 0.3025555842521692 2.526847119751613
cell 16.04968545106515 85.42261147333383 0.0 2.23606797749979 0.4472135954999579 1 0 0 0.7882938992385273 0.6152988935658169 1.8160625024730086
cell 65.06484673543589 329.3928844899186 0.0 2.23606797749979 0.4472135954999579 1 0 0 0.8641663161785056 -0.5032062976379281 4.196202779775947
cell 160.69995165930993 315.81066681841133 0.0 2.23606797749979 0.4472135954999579 1 0 0 0.5830661786605532 -0.8124246619239103 5.038189886475657
cell 313.1320711924331 100.98258861496639 0.0 2.23606797749979 0.4472135954999579 1 0 0 -0.5739981057330702 -0.8188566264095609 1.222760188583158
cell 97.06895288953062 198.36507646382478 0.0 2.23606797749979 0.4472135954999579 1 0 0 0.3069727452910748 -0.9517183058281798 5.659164181017528
cell 347.9696511702203 253.5420886884028 0.0 2.23606797749979 0.4472135954999579 1 0 0 0.6728462377300678 0.7397823601387729 1.476098975018097
cell 173.48127440016586 279.4504600474489 0.0 2.23606797749979 0.4472135954999579 1 0 0 0.6355559162724275 -0.7720548408572511 4.905728598239358
cell 177.41954516151924 212.82993266390932 0.0 2.23606797749979 0.4472135954999579 1 0 0 -0.6951674683016091 0.7188478218754866 4.745879622710332
cell 377.0052946067346 127.00537608585203 0.0 2.23606797749979 0.4472135954999579 1 0 0 0.913237601519007 -0.4074273961969315 3.9808631961760876
cell 142.8609744343219 105.43876461311785 0.0 2.23606797749979 0.4472135954999579 1 0 0 -0.8687607451438913 -0.4952320341991527 2.1053888581323257
cell 369.6214102889627 235.78472393526297 0.0 2.23606797749979 0.4472135954999579 1 0 0 -0.1839564023184773 0.9829344037350827 5.913165226935926
cell 167.54349759349182 395.594517938114 0.0 2.23606797749979 0.4472135954999579 1 0 0 -0.4954914566018833 0.8686128115763341 5.2463842368302585
cell 37.04573615223376 115.15817079717564 0.0 2.23606797749979 0.4472135954999579 1 0 0 -0.7193331243867385 -0.6946652835430982 1.605683691109955
cell 169.1704140623928 67.01548241225183 0.0 2.23606797749979 0.4472135954999579 1 0 0 -0.3136669720969425 0.9495330592536185 5.645080405950405
cell 229.9096506250456 238.87013926237339 0.0 2.23606797749979 0.4472135954999579 1 0 0 -0.24373753695390377 -0.9698412308618584 0.49243551562115506
cell 372.9514084398345 194.17969588788532 0.0 2.23606797749979 0.4472135954999579 1 0 0 0.5780666794030401 0.8159895306705489 1.2327148017506864
cell 40.6069169271929 83.42405917790407 0.0 2.23606797749979 0.4472135954999579 1 0 0 0.9652368629263067 -0.2613767366239432 3.670489149655064
cell 368.695334654991 129.4904708573854 0.0 2.23606797749979 0.4472135954999579 1 0 0 0.9387398378520211 0.3446266339526897 2.4379106037397107
cell 285.0307529680067 46.44358962486129 0.0 2.23606797749979 0.4472135954999579 1 0 0 -0.21026443527162098 0.9776445505703524 5.859494439353275
cell 95.08306442543554 44.64841531119095 0.0 2.23606797749979 0.4472135954999579 1 0 0 -0.16743282004931873 -0.9858834874214765 0.33645030336233983
cell 390.4248083041696 40.57560708427904 0.0 2.23606797749979 0.4472135954999579 1 0 0 -0.005165235248642345 -0.9999866600834364 0.010330516433401549
cell 339.9505289211511 261.5739215855125 0.0 2.23606797749979 0.4472135954999579 1 0 0 0.8520938429657632 -0.5233890357848904 4.243239489805987
cell 200.1119377380724 81.209017607944 0.0 2.23606797749979 0.4472135954999579 1 0 0 -0.9760841122063121 -0.21739320573195364 2.7033066396523786
cell 103.37804177851298 109.51971091725466 0.0 2.23606797749979 0.4472135954999579 1 0 0 0.3726173908426245 -0.9279850645574178 5.519529429698729
cell 285.0057337630091 11.347270523660228 0.0 2.23606797749979 0.4472135954999579 1 0 0 -0.31456136271422824 0.9492371405962621 5.643196258935229
cell 233.90007905563104 260.974107511264 0.0 2.23606797749979 0.4472135954999579 1 0 0 -0.9388733794803751 0.3442626574333901 3.844499300899287
cell 258.80901353005413 44.47791482291363 0.0 2.23606797749979 0.4472135954999579 1 0 0 0.37590606096437107 0.9266577757350609 0.7707487076549088
cell 320.1170459274422 175.80831648914622 0.0 2.23606797749979 0.4472135954999579 1 0 0 0.4624182040933451 -0.8866619448939294 5.3217441523861
cell 85.00296874291618 170.63614260655683 0.0 2.23606797749979 0.4472135954999579 1 0 0 0.02430230114154129 -0.9997046554654159 6.234575919296592
cell 259.8408813444736 43.889072512212245 0.0 2.23606797749979 0.4472135954999579 1 0 0 0.3803951398944053 0.924824057615672 0.780447036966426
cell 364.43060141809195 4.641185956299458 0.0 2.23606797749979 0.4472135954999579 1 0 0 0.8820762412676135 -0.47110668069047684 4.1226826332491635
cell 345.45178785176756 66.02066772528637 0.0 2.23606797749979 0.4472135954999579 1 0 0 -0.01953296019747288 -0.999809213533224 0.03906840500086606
cell 67.47585654686878 317.0125065916775 0.0 2.23606797749979 0.4472135954999579 1 0 0 -0.4040987110025295 -0.9147153829285337 0.8319865882539546
cell 206.76448520192972 301.2472483876815 0.0 2.23606797749979 0.4472135954999579 1 0 0 0.6703293018914271 -0.7420637621025244 4.813880380154618
cell 17.3019590245291 89.07267667573608 0.0 2.23606797749979 0.4472135954999579 1 0 0 0.07157084050957735 0.9974355191132671 0.14326416804297595
cell 182.6654530367685 43.38118390689386 0.0 2.23606797749979 0.4472135954999579 1 0 0 0.5903373627927476 -0.8071566131122905 5.020231824371215
cell 25.90663674355908 83.50624340465583 0.0 2.23606797749979 0.4472135954999579 1 0 0 0.9992736680855875 -0.038106905814761304 3.217824922756515
cell 53.1298756637922 122.06066248881928 0.0 2.23606797749979 0.4472135954999579 1 0 0 0.5651828115532498 0.824965689907625 1.2013096714819982
cell 16.46741871090523 94.46353383761534 0.0 2.23606797749979 0.4472135954999579 1 0 0 -0.28585709809966775 -0.9582722574853333 0.579801458483022
cell 261.58024177487465 216.6423522017618 0.0 2.23606797749979 0.4472135954999579 1 0 0 -0.9522711258183666 -0.305253506012004 2.521183393719081
cell 120.51343612528308 141.59110680634564 0.0 2.23606797749979 0.4472135954999579 1 0 0 -0.9177018235533275 0.39726988691177867 3.958672609328605
cell 380.8430107724289 207.43222694905637 0.0 2.23606797749979 0.4472135954999579 1 0 0 -0.9675979302058029 -0.2524960305855249 2.631074641971739
cell 64.77061695873364 347.6851955929707 0.0 2.23606797749979 0.4472135954999579 1 0 0 0.9946635721189145 0.10317159638020952 2.934881630360209
cell 76.62336494149946 183.47842719072815 0.0 2.23606797749979 0.4472135954999579 1 0 0 0.39447982341408916 0.9189046027304407 0.8110033977752291
cell 78.07168990536319 221.9547026947891 0.0 2.23606797749979 0.4472135954999579 1 0 0 -0.2857389173331226 -0.9583075034253331 0.5795548091782434
cell 292.09930446828497 219.46088022472046 0.0 2.23606797749979 0.4472135954999579 1 0 0 -0.7354454555970366 -0.6775839297398274 1.6526477284843208
cell 380.1997761532262 206.38841212585507 0.0 2.23606797749979 0.4472135954999579 1 0 0 0.9662068466837873 0.25776797594226547 2.6201698549754293
cell 374.1884368769054 124.70496291431587 0.0 2.23606797749979 0.4472135954999579 1 0 0 0.7985426361308054 -0.6019382512195616 4.433444914524325
cell 64.1848925784172 326.1993338534602 0.0 2.23606797749979 0.4472135954999579 1 0 0 -0.8910790635478689 0.4538481051041779 4.083750836206983
cell 269.5805910401554 366.6954490123236 0.0 2.23606797749979 0.4472135954999579 1 0 0 -0.5587395077959939 -0.829343211479958 1.185730304966767
cell 174.3987774856033 281.0819121210347 0.0 2.23606797749979 0.4472135954999579 1 0 0 0.6360434978139475 -0.7716532050659797 4.904465194769787
cell 312.76441918502957 360.9322005183351 0.0 2.23606797749979 0.4472135954999579 1 0 0 0.8150779741197854 -0.5793512717728221 4.377457765429811
cell 127.68323981794 335.7821304717797 0.0 2.23606797749979 0.4472135954999579 1 0 0 0.9877923933813693 -0.1557760815334184 3.454418808539519
cell 225.00954585775648 47.299613547297355 0.0 2.23606797749979 0.4472135954999579 1 0 0 0.4182498472466317 -0.9083320236995772 5.420149933290022
cell 135.25776094413706 76.8842052187327 0.0 2.23606797749979 0.4472135954999579 1 0 0 0.6604744267751074 0.7508485410361355 1.4429008791555384
cell 278.41376789786625 225.85108507724323 0.0 2.23606797749979 0.4472135954999579 1 0 0 0.8226031618623573 0.5686158968003379 1.9319480824168151
cell 388.7527250742917 118.87673921649868 0.0 2.23606797749979 0.4472135954999579 1 0 0 0.9992840017087616 0.037834956441414914 3.065904675690275
cell 217.729970328013 374.88564008257595 0.0 2.23606797749979 0.4472135954999579 1 0 0 0.9209903418627445 0.3895854080885795 2.341229871562565
cell 9.208881417777397 272.1495832236168 0.0 2.23606797749979 0.4472135954999579 1 0 0 0.7897123435412624 0.61347731372771 1.8206799215417486
cell 393.1755090386269 155.02405807544434 0.0 2.23606797749979 0.4472135954999579 1 0 0 0.8366497847206209 0.5477382018144606 1.9822757755814058
cell 156.466219264164 170.1742109483823 0.0 2.23606797749979 0.4472135954999579 1 0 0 -0.9634351046263561 0.2679417831798585 3.684104780121725
cell 199.89352156910363 32.140209432118006 0.0 2.23606797749979 0.4472135954999579 1 0 0 -0.34024525763129565 -0.9403367294003852 0.6943554083331618
cell 146.1247807894563 170.23345108376927 0.0 2.23606797749979 0.4472135954999579 1 0 0 -0.5420313600746074 0.8403582597295461 5.1374803369490625
cell 206.72076832216953 233.7759376421646 0.0 2.23606797749979 0.4472135954999579 1 0 0 -0.35233230996689 -0.9358749613882162 0.7201241106255472
cell 177.93174873944366 112.74308275222795 0.0 2.23606797749979 0.4472135954999579 1 0 0 -0.9005819809009677 -0.43468620368777394 2.2422130331801373
cell 134.08049537506406 77.17049906463932 0.0 2.23606797749979 0.4472135954999579 1 0 0 -0.6554889630067069 -0.7552047532797924 1.4296597924632302
cell 213.7895400645758 254.19815192785543 0.0 2.23606797749979 0.4472135954999579 1 0 0 -0.29289963968526 0.9561431906739936 5.688669153776454
cell 223.82538579355543 188.78268300421536 0.0 2.23606797749979 0.4472135954999579 1 0 0 -0.1265388022656141 -0.9919616582918837 0.25375790050323577
cell 340.4161899264484 93.03654128896939 0.0 2.23606797749979 0.4472135954999579 1 0 0 0.32248183862156493 0.946575651366152 0.6567004658659701
cell 219.93615136540825 240.65559405902965 0.0 2.23606797749979 0.4472135954999579 1 0 0 0.3828385554720825 -0.9238152631581972 5.4974513240201475
cell 38.057904088430206 117.0861024937204 0.0 2.23606797749979 0.4472135954999579 1 0 0 -0.7140904428133583 -0.7000534547322954 1.5906479516818788
cell 166.92826736981488 214.24569282254245 0.0 2.23606797749979 0.4472135954999579 1 0 0 0.9274564406513551 0.3739312111797027 2.3751044149403193
cell 18.346793209092493 49.283728497546655 0.0 2.23606797749979 0.4472135954999579 1 0 0 -0.5798476112384073 0.8147249522023446 5.046102037138414
cell 103.39972587854527 197.35993222120632 0.0 2.23606797749979 0.4472135954999579 1 0 0 0.15908765257895233 -0.987264462439988 5.963652372255416
cell 110.73013304672895 10.960309980746356 0.0 2.23606797749979 0.4472135954999579 1 0 0 -0.04230927914660202 0.9991045615440333 6.19854148293278
cell 348.45650206255834 249.1398314013156 0.0 2.23606797749979 0.4472135954999579 1 0 0 0.6789791432024158 0.7341575601300536 1.4927424487318606
cell 322.41407212464514 83.80358080660821 0.0 2.23606797749979 0.4472135954999579 1 0 0 0.9526052029842792 0.3042093477315914 2.5233759941730747
cell 221.8754136157663 168.1503982669711 0.0 2.23606797749979 0.4472135954999579 1 0 0 0.5336096515879412 -0.8457308908466074 5.157459442915855
cell 30.91955780457361 100.13474606028916 0.0 2.23606797749979 0.4472135954999579 1 0 0 0.8453830376618978 0.5341605747652499 2.0145636881014037
cell 38.0801986531934 107.3330457204634 0.0 2.23606797749979 0.4472135954999579 1 0 0 0.7996462837487864 0.6004713322771998 1.8534118447900336
cell 373.8837373456619 395.6145924442559 0.0 2.23606797749979 0.4472135954999579 1 0 0 0.999662857003145 -0.02596482867861258 3.193528147640915
cell 257.956001950107 189.1339098340024 0.0 2.23606797749979 0.4472135954999579 1 0 0 0.18399353757462156 -0.9829274531371969 5.913089666680235
cell 367.9662096981384 332.48053744151457 0.0 2.23606797749979 0.4472135954999579 1 0 0 0.9191070741923544 -0.39400785039078856 3.9515689131398353
cell 363.31469748083384 112.72679171495126 0.0 2.23606797749979 0.4472135954999579 1 0 0 0.9668783050107095 0.25523781714240046 2.625405335373812
cell 167.79808989025418 262.2525950673595 0.0 2.23606797749979 0.4472135954999579 1 0 0 0.0496445610497111 -0.9987669485711776 6.183855355410131
cell 64.39744246077794 323.8716629871433 0.0 2.23606797749979 0.4472135954999579 1 0 0 0.8625666194946383 -0.5059435017208856 4.2025435444273835
cell 99.75695195382104 27.97413005152494 0.0 2.23606797749979 0.4472135954999579 1 0 0 -0.3458769424934637 -0.9382798839639339 0.7063465042323536
cell 28.794521569255874 77.07114149778748 0.0 2.23606797749979 0.4472135954999579 1 0 0 0.9994139839440054 -0.03422993860893334 3.210065906805546
cell 188.70855888995325 32.33531178835193 0.0 2.23606797749979 0.4472135954999579 1 0 0 0.2050812167256567 -0.9787449588868002 5.870091933141888
cell 27.327283490764117 284.8829348223409 0.0 2.23606797749979 0.4472135954999579 1 0 0 -0.9938175660349033 0.11102542699967691 3.3641022471546114
cell 158.55821906497184 292.3798379365075 0.0 2.23606797749979 0.4472135954999579 1 0 0 0.8956114940811866 0.4448371068938209 2.219607906763361
cell 110.36321677857823 202.04642182639432 0.0 2.23606797749979 0.4472135954999579 1 0 0 -0.12986723247888485 0.9915313923060002 6.022715153082934
cell 305.39262634467565 122.12977704184055 0.0 2.23606797749979 0.4472135954999579 1 0 0 0.4700353617672118 0.8826475846499362 0.9786616817559286
cell 156.55046155231443 58.69777126614879 0.0 2.23606797749979 0.4472135954999579 1 0 0 -0.4115771398899331 -0.9113749271951815 0.8483677870102078
cell 306.99421238953653 305.330525888188 0.0 2.23606797749979 0.4472135954999579 1 0 0 0.3925460552923168 -0.9197323493682503 5.4763888680571755
cell 223.17503387172215 264.5899467761725 0.0 2.23606797749979 0.4472135954999579 1 0 0 -0.9775114623068276 0.21088229195161806 3.5665475773898683
cell 117.52280012076336 139.10243661852346 0.0 2.23606797749979 0.4472135954999579 1 0 0 -0.8662287850414309 0.49964756775716085 4.187976392956118
cell 361.66578441509773 81.17887195344478 0.0 2.23606797749979 0.4472135954999579 1 0 0 -0.8810756397959489 -0.47297538726466426 2.1562632073375774
cell 56.92786015447862 184.39006445164875 0.0 2.23606797749979 0.4472135954999579 1 0 0 -0.14531643369001684 -0.9893852303827942 0.2916655871902609
cell 68.99352979091113 88.1114210918177 0.0 2.23606797749979 0.4472135954999579 1 0 0 0.2821833267856301 0.9593605005857779 0.572138329442165
cell 335.0384991931805 230.62638937634128 0.0 2.23606797749979 0.4472135954999579 1 0 0 0.7096504504025727 0.7045539285558101 1.5780039127127174
cell 284.21350393134344 342.9142952578174 0.0 2.23606797749979 0.4472135954999579 1 0 0 0.7787189089733333 -0.6273729838041973 4.497942849671603
cell 181.79382861770344 148.31356120932836 0.0 2.23606797749979 0.4472135954999579 1 0 0 0.7786473421208351 -0.6274618048998354 4.498170981225063
cell 314.8585686039326 384.9150575572059 0.0 2.23606797749979 0.4472135954999579 1 0 0 0.8126211299300682 0.5827923293860165 1.897271304406352
cell 384.8828142170228 182.72234536175657 0.0 2.23606797749979 0.4472135954999579 1 0 0 0.9547138365391353 -0.2975256128818579 3.7457923449941375
cell 380.12639556179613 84.68750754406837 0.0 2.23606797749979 0.4472135954999579 1 0 0 -0.9657876991753502 -0.2593339933783906 2.616927574407896
cell 34.26440389021392 106.55047651435606 0.0 2.23606797749979 0.4472135954999579 1 0 0 -0.7173892181842688 -0.6966725985948949 1.600095099114939
cell 266.9828112766358 187.247264939578 0.0 2.23606797749979 0.4472135954999579 1 0 0 0.9633562873487729 0.268225024234482 2.5984925214153973
cell 196.53215474192686 64.50566077745465 0.0 2.23606797749979 0.4472135954999579 1 0 0 0.1867374703855473 0.9824098519223058 0.3756802920926883
cell 224.41238509634195 14.711577578067244 0.0 2.23606797749979 0.4472135954999579 1 0 0 0.7526583013754985 0.6584113314414852 1.7041805264121188
cell 60.30499695428499 146.31087623198565 0.0 2.23606797749979 0.4472135954999579 1 0 0 0.9750626928062477 0.22192959491115447 2.6940067120535636
cell 141.10245107000134 207.8328513740568 0.0 2.23606797749979 0.4472135954999579 1 0 0 0.7509121187110617 0.6604021426168032 1.6988843062009629
cell 356.0407148942594 81.313778768049 0.0 2.23606797749979 0.4472135954999579 1 0 0 0.9911022407643232 0.13310277364479484 2.8745947411829538
cell 134.44310061248257 169.6249036329696 0.0 2.23606797749979 0.4472135954999579 1 0 0 -0.5507882269872452 0.834645031742385 5.116568647572455
cell 46.497942365558586 71.73322282367113 0.0 2.23606797749979 0.4472135954999579 1 0 0 0.9997713732094339 0.021382266271910335 3.0988248617086267
cell 76.77627891507643 15.670116745856703 0.0 2.23606797749979 0.4472135954999579 1 0 0 0.4235731424663471 -0.905861906132046 5.408412974291897
cell 388.2089549548877 147.28536953656766 0.0 2.23606797749979 0.4472135954999579 1 0 0 0.8864663140640033 0.4627931222801175 2.179305720879699
cell 20.392472123407494 316.10094844025775 0.0 2.23606797749979 0.4472135954999579 1 0 0 0.9738325554475856 0.2272667022474368 2.6830526210131826
cell 14.712201584854167 85.63838095724293 0.0 2.23606797749979 0.4472135954999579 1 0 0 0.7859293261386091 0.6183163383861952 1.8083953785827718
cell 233.76090049135308 228.83331229997927 0.0 2.23606797749979 0.4472135954999579 1 0 0 0.3833775607896253 -0.9235917095140023 5.4962842713669495
cell 308.64493584434507 27.10220605357267 0.0 2.23606797749979 0.4472135954999579 1 0 0 -0.768660637750277 0.6396568017095865 4.529696041452568
cell 223.7188473741529 373.38035603658284 0.0 2.23606797749979 0.4472135954999579 1 0 0 -0.8769607268609736 -0.48056204962884125 2.139001641164006
cell 37.04667431607437 106.73680747795072 0.0 2.23606797749979 0.4472135954999579 1 0 0 -0.8087970799583309 -0.5880878195056222 1.8842075031999679
cell 144.17933038949803 295.52358434120094 0.0 2.23606797749979 0.4472135954999579 1 0 0 -0.2698481947341641 0.9629028776562633 5.736714558745478
cell 178.01824508110178 339.2051701448107 0.0 2.23606797749979 0.4472135954999579 1 0 0 -0.05490541847765716 0.9984915598150008 6.173319222527959
cell 300.45911539058545 135.6660824554719 0.0 2.23606797749979 0.4472135954999579 1 0 0 0.3860782287757212 -0.9224660434213293 5.490432523651779
cell 310.4486137115072 98.41249267128767 0.0 2.23606797749979 0.4472135954999579 1 0 0 0.41612851729858513 0.9093058105449899 0.8583670534025178
cell 324.8456091286538 238.14573709445358 0.0 2.23606797749979 0.4472135954999579 1 0 0 -0.0776285480011877 -0.996982351165369 0.1554134552184836
cell 176.91297219525507 208.3882396311479 0.0 2.23606797749979 0.4472135954999579 1 0 0 -0.675733177814421 0.7371463032538549 4.799267575632235
cell 334.6428717002664 21.036090951829234 0.0 2.23606797749979 0.4472135954999579 1 0 0 -0.6937190832029784 0.7202456758634648 4.749905447611514
cell 35.78147809265784 115.55454567986479 0.0 2.23606797749979 0.4472135954999579 1 0 0 0.6262481865383283 0.779623761090858 1.3534630337339044
cell 378.7822518010766 95.17521141732153 0.0 2.23606797749979 0.4472135954999579 1 0 0 0.9449115467025833 -0.32732578405639196 3.8085367729162907
cell 73.66122537488866 335.371071833646 0.0 2.23606797749979 0.4472135954999579 1 0 0 0.8752362585502159 -0.4836956602234711 4.151337216169921
cell 244.00546636515492 249.33123091479823 0.0 2.23606797749979 0.4472135954999579 1 0 0 -0.8493278135263048 0.5278657643479319 4.25376414303378
cell 36.48711267544067 104.43577074186413 0.0 2.23606797749979 0.4472135954999579 1 0 0 -0.756339015846855 -0.6541798629641628 1.7153971331958884
cell 382.1764148295366 87.28779428008583 0.0 2.23606797749979 0.4472135954999579 1 0 0 0.8516467077607326 -0.5241162897299657 4.244946918558786
cell 234.8474163026252 263.28199200266863 0.0 2.23606797749979 0.4472135954999579 1 0 0 -0.9408252201047008 0.33889217343417843 3.833070938102484
cell 219.7648284160705 42.20283736469092 0.0 2.23606797749979 0.4472135954999579 1 0 0 -0.44068478480933565 0.8976619187854353 5.370462538217272
cell 306.1379899628718 391.2077638827943 0.0 2.23606797749979 0.4472135954999579 1 0 0 0.6315179713077413 -0.7753612396266367 4.916166478135711
cell 276.41381700549937 74.94622103651106 0.0 2.23606797749979 0.4472135954999579 1 0 0 0.6225686189492784 0.782565214342925 1.3440414827119846
cell 91.41776060261908 47.14479557446222 0.0 2.23606797749979 0.4472135954999579 1 0 0 0.04429604122684858 -0.9990184486442827 6.1945642274477635
cell 329.8823167326161 23.673711380762498 0.0 2.23606797749979 0.4472135954999579 1 0 0 -0.7030598749912753 0.7111306575990466 4.723802852564091
cell 51.76540496873191 50.65903538156802 0.0 2.23606797749979 0.4472135954999579 1 0 0 -0.9090433676761092 0.41670151869663036 4.001220194000949
cell 35.48604253308277 103.36379332091994 0.0 2.23606797749979 0.4472135954999579 1 0 0 0.7507231489186299 0.6606169492812735 1.6983121122264722
cell 67.39751663691915 288.00844367170185 0.0 2.23606797749979 0.4472135954999579 1 0 0 0.9714094570390187 -0.23741033417936738 3.620990841453509
cell 225.00542102409213 196.07669281959815 0.0 2.23606797749979 0.4472135954999579 1 0 0 0.24242548829143065 -0.9701700276893022 5.793455030420626
cell 362.5782516522642 243.05234807601752 0.0 2.23606797749979 0.4472135954999579 1 0 0 -0.19361462891946324 0.9810776602636402 5.893494983713184
cell 67.02116377248035 328.1800723626643 0.0 2.23606797749979 0.4472135954999579 1 0 0 0.713764491562819 0.7003857869660625 1.5897169545062837
cell 47.174440311836214 337.4637329566905 0.0 2.23606797749979 0.4472135954999579 1 0 0 0.6914581824739814 0.7224164878307929 1.527011173981245
cell 189.63786137519054 7.537763733493842 0.0 2.23606797749979 0.4472135954999579 1 0 0 -0.08150221774424742 -0.9966731603202573 0.16318543958804455
cell 203.73380510853832 245.82110939035587 0.0 2.23606797749979 0.4472135954999579 1 0 0 0.18935755351606545 -0.9819082018836641 5.902169664079714
cell 151.67007766585357 331.4956070127962 0.0 2.23606797749979 0.4472135954999579 1 0 0 -0.8548751698184378 -0.5188337344736723 2.0506203884134635
cell 379.00572541028265 282.43496981646706 0.0 2.23606797749979 0.4472135954999579 1 0 0 -0.9838323013484757 0.1790921629311626 3.5017198889791636
cell 376.3063180087476 128.3136554199072 0.0 2.23606797749979 0.4472135954999579 1 0 0 -0.8427512196948634 0.538303243258686 4.278437568632166
cell 218.71707251330736 197.81386313398153 0.0 2.23606797749979 0.4472135954999579 1 0 0 -0.2698287940111205 -0.962908314390578 0.5464304522241301
cell 94.02778077225108 237.9074502385691 0.0 2.23606797749979 0.4472135954999579 1 0 0 0.7114502246526947 -0.7027364924647291 4.700065824170867
cell 73.06125751561706 181.2011126030889 0.0 2.23606797749979 0.4472135954999579 1 0 0 0.34420455047932663 0.9388946838859642 0.7027828685421831
cell 376.8238714638648 69.24568366654395 0.0 2.23606797749979 0.4472135954999579 1 0 0 0.8214639799929639 -0.5702604050555494 4.355238296653041
cell 303.174664366165 102.9449780394229 0.0 2.23606797749979 0.4472135954999579 1 0 0 0.47847706639570425 0.8781000495008304 0.997839080685598
cell 50.51719000637452 238.59161282843866 0.0 2.23606797749979 0.4472135954999579 1 0 0 0.2991461340382149 0.9542073100170583 0.607595370204375
cell 94.86734364605147 48.87655626339373 0.0 2.23606797749979 0.4472135954999579 1 0 0 0.08637199052494755 -0.9962629568807416 6.110225820051133
cell 381.04720781617254 95.2068797588602 0.0 2.23606797749979 0.4472135954999579 1 0 0 0.9735960285788022 -0.22827784197241752 3.6022095574671766
cell 20.31187482519936 46.922963208483175 0.0 2.23606797749979 0.4472135954999579 1 0 0 -0.5958951747879585 0.8030622271433444 5.006425527275439
cell 36.46338479598357 111.2164406649182 0.0 2.23606797749979 0.4472135954999579 1 0 0 0.7479662695536515 0.6637367396867483 1.6899854079457513
cell 309.98641597403014 26.934398373970264 0.0 2.23606797749979 0.4472135954999579 1 0 0 0.770064536567374 -0.6379659940163548 4.525300696420367
cell 375.1840421731647 67.30205622453234 0.0 2.23606797749979 0.4472135954999579 1 0 0 -0.6670837289690985 0.7449827505014344 4.822610618896492
cell 304.4690109123548 123.24827841553945 0.0 2.23606797749979 0.4472135954999579 1 0 0 -0.4700238199646746 -0.8826537308966723 0.978635529161048
cell 184.50366767768412 252.22862913972855 0.0 2.23606797749979 0.4472135954999579 1 0 0 0.7760867246460466 0.6306261934206123 1.7768730387237723
cell 82.71195133140696 178.45581179278375 0.0 2.23606797749979 0.4472135954999579 1 0 0 -0.010672330084413111 -0.9999430490635801 0.02134506537751868
cell 141.9315249880281 104.7406081328183 0.0 2.23606797749979 0.4472135954999579 1 0 0 0.8670537022484561 0.49821469008575575 2.0985156512510432
cell 370.7355128909713 96.90931686331288 0.0 2.23606797749979 0.4472135954999579 1 0 0 -0.9443506391636373 0.3289405270124522 3.811955552109456
cell 239.54714802888515 299.5828735377484 0.0 2.23606797749979 0.4472135954999579 1 0 0 -0.19999553530235498 0.9797968084552656 5.880478579120592
cell 27.47780227440078 208.90704460895333 0.0 2.23606797749979 0.4472135954999579 1 0 0 -0.222086728208897 -0.9750269150918182 0.4479082514378181
cell 320.33365513829665 179.28304773443756 0.0 2.23606797749979 0.4472135954999579 1 0 0 0.5151179069171241 -0.8571193277329132 5.200894896359405
cell 13.91007399206431 80.56067017637065 0.0 2.23606797749979 0.4472135954999579 1 0 0 0.8156666611179423 0.5785221671990692 1.9077612249749683
cell 111.04196535149588 136.74971049001985 0.0 2.23606797749979 0.4472135954999579 1 0 0 -0.07735586591191247 0.9970035456351287 6.1283188610207215
cell 224.18761329282697 275.82608795242805 0.0 2.23606797749979 0.4472135954999579 1 0 0 0.13796334654649758 -0.9904373352260561 6.0063757044846895
cell 9.505400743522078 98.68303874917204 0.0 2.23606797749979 0.4472135954999579 1 0 0 0.5505701048909822 -0.8347889311678328 5.117091272845135
cell 374.04992819537483 193.8732084600067 0.0 2.23606797749979 0.4472135954999579 1 0 0 0.591119143923605 0.806584253309612 1.2648912934840868
cell 68.62758395477842 187.1302741198044 0.0 2.23606797749979 0.4472135954999579 1 0 0 0.9552171614310279 -0.2959056851560131 3.7423997044450896
cell 300.0410255753746 253.99291428742796 0.0 2.23606797749979 0.4472135954999579 1 0 0 -0.5317144117282154 -0.8469237181473417 1.1212471264098562
cell 252.7729220278506 189.93553090792736 0.0 2.23606797749979 0.4472135954999579 1 0 0 0.533574095749773 -0.8457533235789334 5.157543524902219
cell 107.27396306021944 321.9962497028451 0.0 2.23606797749979 0.4472135954999579 1 0 0 -0.49108752143218976 -0.8711102377389377 1.026675491419562
cell 180.4153735576642 47.17169467008378 0.0 2.23606797749979 0.4472135954999579 1 0 0 -0.5494014618930637 0.8355585160057699 5.119889835046583
cell 318.49844494913947 64.07897256836563 0.0 2.23606797749979 0.4472135954999579 1 0 0 -0.621227883466808 0.7836299616549575 4.9425680085680606
cell 93.09298420597007 45.21051463549568 0.0 2.23606797749979 0.4472135954999579 1 0 0 -0.10785428845454964 -0.9941667126100948 0.2161289880650088
cell 105.27980400182135 205.81846041844878 0.0 2.23606797749979 0.4472135954999579 1 0 0 -0.1066659542722929 0.9942949130912725 6.0694467782020025
cell 375.89444082944124 124.44448580739001 0.0 2.23606797749979 0.4472135954999579 1 0 0 0.9306038216587753 -0.3660280414313668 3.8910671876825926
cell 342.91162304169785 22.87073803791993 0.0 2.23606797749979 0.4472135954999579 1 0 0 0.6029302859709444 -0.7977938770503288 4.988847268051082
cell 235.9316473134664 68.2510881597678 0.0 2.23606797749979 0.4472135954999579 1 0 0 -0.7447568635043096 0.667335908117661 4.6028444511979885
cell 158.83386682619755 59.525883401350335 0.0 2.23606797749979 0.4472135954999579 1 0 0 0.41566721961766984 0.9095167741912822 0.8573525560570472
cell 239.25814144157195 293.4617488956568 0.0 2.23606797749979 0.4472135954999579 1 0 0 -0.2121684389923697 0.9772331111334394 5.85559853700402
cell 58.85389031271119 128.29811543388172 0.0 2.23606797749979 0.4472135954999579 1 0 0 -0.42746274725486144 0.9040329638399954 5.399816676540086
cell 266.8566241121883 369.0242535771755 0.0 2.23606797749979 0.4472135954999579 1 0 0 -0.5619301844056195 -0.8271846636960011 1.1934347878473703
cell 184.98018434571597 3.035579457989369 0.0 2.23606797749979 0.4472135954999579 1 0 0 -0.03662389889030822 -0.9993291199750323 0.07326418233899812
cell 215.4249829509681 96.69653945766011 0.0 2.23606797749979 0.4472135954999579 1 0 0 0.62811607640651 -0.7781196531123548 4.92492587641159
cell 223.95236522782187 100.57200901349502 0.0 2.23606797749979 0.4472135954999579 1 0 0 0.8812062843999943 0.47273193707846367 2.1568157867661224
cell 71.6683958641186 64.7568225425246 0.0 2.23606797749979 0.4472135954999579 1 0 0 -0.4320980708349122 -0.9018266225726247 0.8936359037650368
cell 187.99261182713119 10.866377896748876 0.0 2.23606797749979 0.4472135954999579 1 0 0 -0.1204521550698199 -0.9927191336622037 0.24149068224178105
cell 161.4842733255577 317.19595278077225 0.0 2.23606797749979 0.4472135954999579 1 0 0 -0.5931728546293832 0.8050751297430747 5.013196883083979
cell 279.22798310224147 151.60932167023165 0.0 2.23606797749979 0.4472135954999579 1 0 0 0.04409100039725195 -0.9990275189823199 6.194974710153765
cell 352.357660049506 69.25413023516936 0.0 2.23606797749979 0.4472135954999579 1 0 0 0.05328427046661012 -0.9985793841857747 6.17656627323455
cell 180.20273703329562 43.38084053631565 0.0 2.23606797749979 0.4472135954999579 1 0 0 -0.559831883177507 0.8286062168351902 5.094819517185867
cell 61.040118153961146 380.9567900840695 0.0 2.23606797749979 0.4472135954999579 1 0 0 0.7360776298143201 -0.6768971287329654 4.6286706668845
cell 377.72600677279564 381.7485533896681 0.0 2.23606797749979 0.4472135954999579 1 0 0 -0.9932314775920883 0.11615176244998228 3.374421718822598
cell 65.72877473840096 335.0297789961005 0.0 2.23606797749979 0.4472135954999579 1 0 0 0.9917276717402573 0.1283597487713664 2.8841629160368525
cell 298.6710103072429 21.842652935349385 0.0 2.23606797749979 0.4472135954999579 1 0 0 -0.004099719571708557 -0.999991596114404 0.008199462112544076
cell 181.3835379203571 47.90696801172517 0.0 2.23606797749979 0.4472135954999579 1 0 0 -0.578523072456395 0.8156660190516782 5.049351658889187
cell 255.18953458408745 49.9438472470243 0.0 2.23606797749979 0.4472135954999579 1 0 0 0.7340439930035193 -0.6791019189602171 4.6346695952453345
cell 336.3438671805009 231.82594092954298 0.0 2.23606797749979 0.4472135954999579 1 0 0 0.7135675488533338 0.7005864352265501 1.5891546515424761
cell 108.53774117026907 145.86553681309783 0.0 2.23606797749979 0.4472135954999579 1 0 0 -0.5859327138810947 0.8103597070461581 5.031124173263478
cell 270.85480093888594 325.12847381125687 0.0 2.23606797749979 0.4472135954999579 1 0 0 -0.810269150089457 -0.5860579360552239 1.8892224490969678
cell 73.02700880059743 337.0070406360444 0.0 2.23606797749979 0.4472135954999579 1 0 0 -0.8817251270168863 0.47176350048202725 4.124172188191119
cell 212.93331913520163 186.47840693258098 0.0 2.23606797749979 0.4472135954999579 1 0 0 -0.7779493438168557 0.6283269996227471 4.500394279377063
cell 341.56205422586584 92.32845224845907 0.0 2.23606797749979 0.4472135954999579 1 0 0 -0.32596879305159715 -0.9453805297109122 0.6640726249397373
cell 389.9469862528666 117.61914713612232 0.0 2.23606797749979 0.4472135954999579 1 0 0 0.9968825926225631 0.07889928089733782 2.9836299129183286
cell 212.68380578861158 56.24219651443916 0.0 2.23606797749979 0.4472135954999579 1 0 0 0.851440019705322 0.5244519928880057 2.0374499304682514
cell 115.07844568909624 136.598778811034 0.0 2.23606797749979 0.4472135954999579 1 0 0 -0.16315724912970775 0.9866000770608253 5.9554054217620696
cell 117.51512325226994 277.50132616163404 0.0 2.23606797749979 0.4472135954999579 1 0 0 0.339957034795079 0.940440968106631 0.693742421834348
cell 302.88469744099586 104.72745091644217 0.0 2.23606797749979 0.4472135954999579 1 0 0 0.4740696235014207 0.8804873605414341 0.9878141398925968
cell 106.5563868058684 107.43800342883992 0.0 2.23606797749979 0.4472135954999579 1 0 0 0.4201341419197973 -0.9074620117632008 5.415999035203601
cell 138.74336507136243 320.0505831345426 0.0 2.23606797749979 0.4472135954999579 1 0 0 0.9938812089591273 -0.11045425513733449 3.3629528338656223
cell 65.3808059653321 288.2613580963637 0.0 2.23606797749979 0.4472135954999579 1 0 0 0.9707946073512859 -0.2399121304512607 3.6261433276089137
cell 112.08201945415068 13.116938075883073 0.0 2.23606797749979 0.4472135954999579 1 0 0 0.035137128003431224 -0.9993825004649973 6.212896582825513
cell 45.98679626753603 336.8076916637529 0.0 2.23606797749979 0.4472135954999579 1 0 0 0.6841339323509051 0.7293564030061621 1.5068311912021055
cell 209.3639741352959 251.621299431294 0.0 2.23606797749979 0.4472135954999579 1 0 0 -0.4223630578593708 0.9064267468227545 5.411083816875764
cell 22.608368340948637 376.55291185237246 0.0 2.23606797749979 0.4472135954999579 1 0 0 0.9999112620206563 -0.013321714764194739 3.168236871240857
cell 168.83809698179857 139.7740931743296 0.0 2.23606797749979 0.4472135954999579 1 0 0 0.9999712249147666 0.007586128291895743 3.126420251476668
cell 32.64712949037203 381.9274067961648 0.0 2.23606797749979 0.4472135954999579 1 0 0 0.29057115824568575 0.956853385841196 0.5896473934309754
cell 301.19726128575877 136.81169764532797 0.0 2.23606797749979 0.4472135954999579 1 0 0 0.3906498354053688 -0.9205393560830293 5.4805104751225695
cell 95.87296939909322 36.83974058045836 0.0 2.23606797749979 0.4472135954999579 1 0 0 0.38311603137962336 -0.9237002254519198 5.4968505693154315
cell 394.62668328355636 154.79258004445066 0.0 2.23606797749979 0.4472135954999579 1 0 0 0.8373586328290353 0.546653930770363 1.984866612953795
cell 286.6032122370039 161.51824669599276 0.0 2.23606797749979 0.4472135954999579 1 0 0 0.45367422016365694 0.8911676059860444 0.9417679225192099
cell 105.22220017752933 317.0412196938873 0.0 2.23606797749979 0.4472135954999579 1 0 0 -0.4558382537308246 0.8900626306253018 5.336557748981662
cell 60.54763088353064 144.86323937457925 0.0 2.23606797749979 0.4472135954999579 1 0 0 0.9729298275766124 0.23110073693466082 2.675174865076156
cell 222.16202999077467 306.8161539895691 0.0 2.23606797749979 0.4472135954999579 1 0 0 -0.02499677656455811 0.999687531762491 6.2331865462670795
cell 92.07771953807259 29.23656605149974 0.0 2.23606797749979 0.4472135954999579 1 0 0 -0.2793876970200218 -0.9601783765289909 0.5663127057523969
cell 11.50894333875337 216.12168416736074 0.0 2.23606797749979 0.4472135954999579 1 0 0 0.46444701853016085 0.8856009072818548 0.9660201901168067
cell 10.955853959332448 129.90861310830113 0.0 2.23606797749979 0.4472135954999579 1 0 0 0.2960231150987917 0.955180776255054 0.6010529262099839
cell 110.34177670049995 200.82788382777073 0.0 2.23606797749979 0.4472135954999579 1 0 0 0.05781236856595622 -0.9983274663359684 6.167496064802317
cell 272.78068317584837 2.019654362014481 0.0 2.23606797749979 0.4472135954999579 1 0 0 0.6358326051254504 0.7718269872577553 1.37817357429876
cell 254.15448885793577 353.5969781589831 0.0 2.23606797749979 0.4472135954999579 1 0 0 0.4723031619667413 -0.8814361708009367 5.29938146832764
cell 100.82463695955514 47.594376228234786 0.0 2.23606797749979 0.4472135954999579 1 0 0 0.32782594295841555 0.9447381389165073 0.6680028528984394
cell 7.366253700047802 103.96135618256811 0.0 2.23606797749979 0.4472135954999579 1 0 0 -0.9855433959871563 -0.16942318207997148 2.8011039324273432
cell 386.3365146671434 167.1274925590493 0.0 2.23606797749979 0.4472135954999579 1 0 0 0.17526660765396457 0.9845210085323072 0.3523531219896401
cell 371.0689816386223 190.11162486742955 0.0 2.23606797749979 0.4472135954999579 1 0 0 -0.5663565623365131 -0.8241603268165529 1.2041566354451216
cell 49.947857292410205 50.25572851058733 0.0 2.23606797749979 0.4472135954999579 1 0 0 0.8996279407806897 -0.4366572662474492 4.045351900504749
cell 109.52276928275735 141.52445395944233 0.0 2.23606797749979 0.4472135954999579 1 0 0 0.054937533954453485 0.9984897933193926 0.10993041269704039
cell 15.066060761687766 367.56070487236656 0.0 2.23606797749979 0.4472135954999579 1 0 0 0.9703150375828216 -0.2418444290047791 3.6301251694802295
cell 144.48161101811752 296.75829303636215 0.0 2.23606797749979 0.4472135954999579 1 0 0 0.2923711957199512 -0.9563049115806559 5.6897744260214616
cell 76.7958077316035 327.37235544914313 0.0 2.23606797749979 0.4472135954999579 1 0 0 0.5766410865614603 -0.816997587076742 5.0539624925093305
cell 18.10458387418471 356.4097418180046 0.0 2.23606797749979 0.4472135954999579 1 0 0 0.08905174934832888 -0.9960270006069125 6.104845564637528
cell 321.66297459487856 302.3253469937711 0.0 2.23606797749979 0.4472135954999579 1 0 0 0.31172255015736106 0.9501731693346174 0.6340107497623726
