step,msd_global,n_round,n_elongated
0,0.0,1000,0
100,19.22815247768401,1000,0
200,22.566835450032553,1000,0
300,23.25810752399735,1000,0
400,23.287544522124712,1000,0
500,23.353210764502627,1000,0
600,23.95183199587928,1000,0
700,23.960290519059757,1000,0
800,24.05745756442514,1000,0
900,23.4491672689434,1000,0
1000,24.006655589389638,1000,0
1100,24.04135261656159,1000,0
1200,24.068823449503306,1000,0
1300,24.682872642226286,1000,0
1400,26.60366505045555,1000,0
1500,26.01510899804486,1000,0
1600,26.65256063641647,1000,0
1700,26.65741850662035,1000,0
1800,27.34696448576446,1000,0
1900,27.996883111648806,1000,0
2000,27.9864431940106,1000,0
2100,27.31251789507219,1000,0
2200,27.966435702951934,1000,0
2300,27.294237339028296,1000,0
2400,27.299180573153027,1000,0
2500,27.28607342178013,1000,0
2600,27.27994256719602,1000,0
2700,27.392250806602966,1000,0
2800,26.72293253955462,1000,0
2900,27.396224674494697,1000,0
3000,27.410707714907666,1000,0
3100,28.010189252763432,1000,0
3200,28.029585256242164,1000,0
3300,28.014089713391623,1000,0
3400,28.01588237415158,1000,0
3500,28.022886357427822,1000,0
3600,28.029091957132945,1000,0
3700,27.455871420043884,1000,0
3800,28.042919061610103,1000,0
3900,28.04603383012998,1000,0
4000,28.056349069063035,1000,0
4100,28.072402789813623,1000,0
4200,28.068129107004374,1000,0
4300,27.39852479336883,1000,0
4400,27.408984413988374,1000,0
4500,28.0380691844955,1000,0
4600,28.11502497816184,1000,0
4700,26.812829196350307,1000,0
4800,27.44173070164076,1000,0
4900,26.323523459029733,1000,0
5000,26.22132239310231,1000,0
5100,26.904182100926928,1000,0
5200,26.89635414697386,1000,0
5300,26.915651648586078,1000,0
5400,26.92494442676909,1000,0
5500,26.250501101728787,1000,0
5600,25.661691054216902,1000,0
5700,26.26903266138638,1000,0
5800,26.275430041351036,1000,0
5900,26.971485318207673,1000,0
6000,27.59684119371156,1000,0
6100,27.60432940908397,1000,0
6200,27.62376116890082,1000,0
6300,27.635214935108646,1000,0
6400,27.660648033493292,1000,0
6500,28.311942788574658,1000,0
6600,28.33996704840467,1000,0
6700,28.372540279111615,1000,0
6800,29.039901241034826,1000,0
6900,29.049556492567447,1000,0
7000,30.385597138970557,1000,0
7100,29.714245396687158,1000,0
7200,29.15906447366554,1000,0
7300,29.120482203729605,1000,0
7400,27.218955148527233,1000,0
7500,27.217566112728115,1000,0
7600,28.427211778005564,1000,0
7700,28.432426200474286,1000,0
7800,28.432337095199248,1000,0
7900,28.52617745115402,1000,0
8000,27.862971667136794,1000,0
8100,27.840167273487083,1000,0
8200,28.527975991145198,1000,0
8300,27.84644878436285,1000,0
8400,27.842972058117056,1000,0
8500,27.848573070794746,1000,0
8600,27.847288694431594,1000,0
8700,27.840417351788595,1000,0
8800,28.503834150793452,1000,0
8900,29.145631779907163,1000,0
9000,28.521019517955008,1000,0
9100,28.531515630943336,1000,0
9200,28.525289143328205,1000,0
9300,28.5366395993779,1000,0
9400,28.521916191199043,1000,0
9500,27.844207988864426,1000,0
9600,28.510966270198775,1000,0
9700,28.498547509836506,1000,0
9800,28.5008235978913,1000,0
9900,28.485420723774716,1000,0
10000,28.494238062743666,1000,0
10100,28.496238954895613,1000,0
10200,28.485623367187106,1000,0
10300,27.824663522849605,1000,0
10400,28.50328620951344,1000,0
10500,28.49387995883218,1000,0
10600,29.120434709434637,1000,0
10700,27.95096294551004,1000,0
10800,28.579842945633207,1000,0
10900,28.52692004022492,1000,0
11000,27.95262137485189,1000,0
11100,27.97152888580934,1000,0
11200,28.560268446563125,1000,0
11300,28.011011860267455,1000,0
11400,28.01670918729545,1000,0
11500,28.558532402451615,1000,0
11600,28.017515861602508,1000,0
11700,28.016542910739364,1000,0
11800,28.037806945143082,1000,0
11900,28.036215991187806,1000,0
12000,28.591332025502457,1000,0
12100,27.368546021270006,1000,0
12200,28.03647060599299,1000,0
12300,28.60044162610057,1000,0
12400,27.372920716657525,1000,0
12500,28.619167126627588,1000,0
12600,28.61182459137591,1000,0
12700,28.620267556972834,1000,0
12800,27.941043351420294,1000,0
12900,28.05459782118537,1000,0
13000,28.617310219240977,1000,0
13100,27.941174656658696,1000,0
13200,27.937851194707427,1000,0
13300,27.370904365176916,1000,0
13400,27.38003149324555,1000,0
13500,27.9435341562851,1000,0
13600,27.935888872902506,1000,0
13700,27.930842583162978,1000,0
13800,27.38951466906304,1000,0
13900,27.951671883238514,1000,0
14000,27.93946870960164,1000,0
14100,27.37946822431069,1000,0
14200,27.947716012780493,1000,0
14300,27.974809910569363,1000,0
14400,27.966177932550693,1000,0
14500,28.58047164124268,1000,0
14600,29.12790968790857,1000,0
14700,27.909487851891132,1000,0
14800,27.97071272653606,1000,0
14900,28.02990896385772,1000,0
15000,27.312780856486913,1000,0
15100,27.313436722603765,1000,0
15200,27.381532202322663,1000,0
15300,28.495940411243428,1000,0
15400,27.944448846654414,1000,0
15500,27.888397959575254,1000,0
15600,26.759582277220073,1000,0
15700,27.306384391683032,1000,0
15800,27.315682423155838,1000,0
15900,27.882244114271664,1000,0
16000,27.37699189361617,1000,0
16100,28.497548275553523,1000,0
16200,28.505490081820632,1000,0
16300,27.912622886597124,1000,0
16400,27.95648470742845,1000,0
16500,27.949448525171654,1000,0
16600,27.95321828052978,1000,0
16700,27.956373874960416,1000,0
16800,27.967988236474767,1000,0
16900,27.96468815700543,1000,0
17000,27.350327355138965,1000,0
17100,27.957568601003775,1000,0
17200,27.908920865098153,1000,0
17300,28.537208390032095,1000,0
17400,28.519545185544732,1000,0
17500,28.52513891199575,1000,0
17600,27.96670694344707,1000,0
17700,27.969562651751964,1000,0
17800,27.962717808444406,1000,0
17900,27.975847703556326,1000,0
18000,27.978153581890776,1000,0
18100,29.208482148664373,1000,0
18200,27.987504610724045,1000,0
18300,28.556371556838247,1000,0
18400,28.554595430227636,1000,0
18500,27.97921902920935,1000,0
18600,27.988013435490423,1000,0
18700,27.933381617486162,1000,0
18800,27.977598298510355,1000,0
18900,27.983752979053754,1000,0
19000,27.982994417731376,1000,0
19100,27.981465863883468,1000,0
19200,28.030613148243013,1000,0
19300,28.635232264203626,1000,0
19400,28.014637634346276,1000,0
19500,28.651122639485152,1000,0
19600,28.62397397370391,1000,0
19700,28.636197160050532,1000,0
19800,28.637165838636257,1000,0
19900,27.97914370034726,1000,0
20000,28.028325207456444,1000,0
20100,29.214347056694606,1000,0
20200,29.188868957390156,1000,0
20300,28.017001297324292,1000,0
20400,28.030622086760268,1000,0
20500,28.008020901474435,1000,0
20600,28.60951218116569,1000,0
20700,28.565644112378557,1000,0
20800,28.56251553060877,1000,0
20900,28.61590306922623,1000,0
21000,28.563263855652636,1000,0
21100,29.170701187166046,1000,0
21200,28.620154871531273,1000,0
21300,29.28057454323404,1000,0
21400,28.57447094272131,1000,0
21500,28.56787358718981,1000,0
21600,28.00676657852921,1000,0
21700,28.606228155728495,1000,0
21800,28.607729544456763,1000,0
21900,28.608879579890466,1000,0
22000,27.991110165698394,1000,0
22100,29.171353464425057,1000,0
22200,29.15259653758883,1000,0
22300,28.542378837816145,1000,0
22400,28.54062073273809,1000,0
22500,28.607611525997378,1000,0
22600,28.595488348753072,1000,0
22700,29.16923615123375,1000,0
22800,28.552431345649747,1000,0
22900,29.167388227852847,1000,0
23000,28.552250670852278,1000,0
23100,28.555432928683725,1000,0
23200,27.97422497585108,1000,0
23300,27.984344159429586,1000,0
23400,28.641578538220827,1000,0
23500,27.96861319128961,1000,0
23600,29.13527957488376,1000,0
23700,28.53445937372559,1000,0
23800,29.204310580280108,1000,0
23900,29.215185652122482,1000,0
24000,28.644574019171575,1000,0
24100,28.54409582292409,1000,0
24200,29.193212892059375,1000,0
24300,27.979009096279455,1000,0
24400,27.97140914574893,1000,0
24500,29.163881348901157,1000,0
24600,28.547407858789175,1000,0
24700,27.999118386667824,1000,0
24800,27.97844500249276,1000,0
24900,28.654697570603428,1000,0
25000,28.64532334833362,1000,0
25100,29.146209727691428,1000,0
25200,28.607258749326615,1000,0
25300,28.551394753712444,1000,0
25400,28.656005711791792,1000,0
25500,27.994638681071855,1000,0
25600,27.99741530223058,1000,0
25700,27.98272816001103,1000,0
25800,28.657988905281115,1000,0
25900,27.990938479046243,1000,0
26000,27.974533531934473,1000,0
26100,28.651904681099317,1000,0
26200,27.97902007205475,1000,0
26300,27.96267340989208,1000,0
26400,28.64665688861693,1000,0
26500,28.636154897938148,1000,0
26600,28.6588754196199,1000,0
26700,28.645531779018533,1000,0
26800,27.975580593453177,1000,0
26900,27.97414238001971,1000,0
27000,28.63696352479812,1000,0
27100,28.633711284439144,1000,0
27200,28.642902914188472,1000,0
27300,28.650227145438855,1000,0
27400,28.64512614401139,1000,0
27500,28.667930003544154,1000,0
27600,28.660979526186534,1000,0
27700,28.645074108934395,1000,0
27800,28.641831193920844,1000,0
27900,28.637411005643752,1000,0
28000,28.63836360242338,1000,0
28100,28.630142661870558,1000,0
28200,28.644290096472325,1000,0
28300,27.995178029936028,1000,0
28400,28.637017432118025,1000,0
28500,28.644941320009526,1000,0
28600,27.980935302254746,1000,0
28700,27.975433665130126,1000,0
28800,27.97955333005295,1000,0
28900,27.979724240601346,1000,0
29000,27.982482422599535,1000,0
29100,28.080254950682694,1000,0
29200,27.408207039318214,1000,0
29300,27.967286159226294,1000,0
29400,27.983443893499658,1000,0
29500,27.976256699866962,1000,0
29600,27.976697664474447,1000,0
29700,28.6592358257181,1000,0
29800,27.98653521385765,1000,0
29900,27.97699522829287,1000,0
30000,28.642179187716515,1000,0
30100,28.62315308580145,1000,0
30200,27.973189062194596,1000,0
30300,28.632999636822476,1000,0
30400,27.97942432254638,1000,0
30500,28.005022168658385,1000,0
30600,27.979265335610528,1000,0
30700,27.9743994040213,1000,0
30800,27.987826638199586,1000,0
30900,28.625912244428743,1000,0
31000,27.987906290332628,1000,0
31100,27.98923603927605,1000,0
31200,28.64346037152891,1000,0
31300,27.978605644313234,1000,0
31400,27.980991485285077,1000,0
31500,28.641895833064286,1000,0
31600,27.98239135788702,1000,0
31700,27.99565722304782,1000,0
31800,27.992588998499993,1000,0
31900,27.989086774397755,1000,0
32000,27.995338588071107,1000,0
32100,28.006888188215097,1000,0
32200,27.997392443284067,1000,0
32300,27.992397165217152,1000,0
32400,28.001644208677998,1000,0
32500,27.997689223184032,1000,0
32600,28.541446501372054,1000,0
32700,27.992766960960004,1000,0
32800,27.986641352980275,1000,0
32900,28.599138831396058,1000,0
33000,27.425479311133298,1000,0
33100,27.99577682735207,1000,0
33200,28.66358912362309,1000,0
33300,28.003208325464048,1000,0
33400,28.674725343922994,1000,0
33500,29.280505984735317,1000,0
33600,28.660442633752293,1000,0
33700,28.572801534262094,1000,0
33800,28.004665936792314,1000,0
33900,27.999793213391193,1000,0
34000,28.553421210018918,1000,0
34100,28.660260516981722,1000,0
34200,28.54853862333704,1000,0
34300,27.99464440578301,1000,0
34400,29.159753132095144,1000,0
34500,29.82850013716666,1000,0
34600,28.547053177260366,1000,0
34700,29.151294241556673,1000,0
34800,29.150812747909484,1000,0
34900,28.546706969220367,1000,0
35000,27.993380962528814,1000,0
35100,28.56902831227629,1000,0
35200,29.170055468451082,1000,0
35300,28.552805210466587,1000,0
35400,29.169203806218306,1000,0
35500,29.222250757449217,1000,0
35600,29.23142308521107,1000,0
35700,28.552862755912603,1000,0
35800,29.17246767614307,1000,0
35900,28.540482123838043,1000,0
36000,28.537528230542208,1000,0
36100,29.204182510724305,1000,0
36200,28.550851636258948,1000,0
36300,29.160278166249075,1000,0
36400,29.82538065466128,1000,0
36500,28.55723381124063,1000,0
36600,29.162969776930005,1000,0
36700,29.160402784163963,1000,0
36800,29.17036185555174,1000,0
36900,29.18005589471347,1000,0
37000,29.175381658480312,1000,0
37100,29.169865522800546,1000,0
37200,29.186006736666435,1000,0
37300,29.170114087553635,1000,0
37400,28.543076209066438,1000,0
37500,27.982945641557002,1000,0
37600,29.178856776770736,1000,0
37700,29.172014163804413,1000,0
37800,29.17906444336557,1000,0
37900,29.178322336589645,1000,0
38000,29.178075043678618,1000,0
38100,29.17616915862325,1000,0
38200,29.193737950079463,1000,0
38300,29.19515438927377,1000,0
38400,29.2081783113657,1000,0
38500,29.18487682760702,1000,0
38600,29.196174468428765,1000,0
38700,29.200674978108452,1000,0
38800,29.185428748194617,1000,0
38900,29.179793152881903,1000,0
39000,29.163167378685138,1000,0
39100,29.174474511700126,1000,0
39200,29.151811100352102,1000,0
39300,29.172428193209605,1000,0
39400,28.5058741602806,1000,0
39500,28.521078325068114,1000,0
39600,29.1796555316851,1000,0
39700,29.183366986857806,1000,0
39800,29.194142146724253,1000,0
39900,29.184243274618005,1000,0
40000,28.527773805394734,1000,0
40100,28.517796030498122,1000,0
40200,28.54269177875472,1000,0
40300,27.9955257559975,1000,0
40400,28.543185476522524,1000,0
40500,28.560421704070812,1000,0
40600,28.570293613232995,1000,0
40700,28.570809047745353,1000,0
40800,28.601596308930258,1000,0
40900,27.99314189130391,1000,0
41000,27.98892445919122,1000,0
41100,28.013857317593146,1000,0
41200,28.005601442379138,1000,0
41300,28.033375943662758,1000,0
41400,28.01395184057982,1000,0
41500,28.024396808694487,1000,0
41600,28.024302273307057,1000,0
41700,28.030103745320854,1000,0
41800,28.01799283977958,1000,0
41900,28.017645320735152,1000,0
42000,28.612048605775723,1000,0
42100,28.61278784463677,1000,0
42200,28.611493003995502,1000,0
42300,28.61636757030123,1000,0
42400,28.625759629392903,1000,0
42500,28.623623148931888,1000,0
42600,28.63141837017948,1000,0
42700,28.632715582292715,1000,0
42800,28.63189552286117,1000,0
42900,28.62677199187498,1000,0
43000,28.625676087618512,1000,0
43100,28.636789636995356,1000,0
43200,28.63185269604491,1000,0
43300,28.08198867898286,1000,0
43400,28.64073048506287,1000,0
43500,28.637817781721353,1000,0
43600,28.637123458613722,1000,0
43700,28.6120925904123,1000,0
43800,28.06425639002634,1000,0
43900,28.070427197745637,1000,0
44000,28.083132294726045,1000,0
44100,28.635960854874238,1000,0
44200,28.626036841888336,1000,0
44300,28.63717939357929,1000,0
44400,28.078701399575074,1000,0
44500,28.652364173599643,1000,0
44600,28.65031527797798,1000,0
44700,28.098244069611866,1000,0
44800,28.092029551254807,1000,0
44900,28.644235343208326,1000,0
45000,28.647405395287333,1000,0
45100,28.658111552257417,1000,0
45200,28.07915657740922,1000,0
45300,28.641100089088475,1000,0
45400,28.636670475033636,1000,0
45500,28.070954130979676,1000,0
45600,28.6434024566927,1000,0
45700,28.625431311298463,1000,0
45800,28.644123727231083,1000,0
45900,28.6541059604878,1000,0
46000,28.636944041057372,1000,0
46100,28.6463149271691,1000,0
46200,28.084437661928416,1000,0
46300,28.643770335613386,1000,0
46400,28.654872727780763,1000,0
46500,28.643106827335593,1000,0
46600,28.063525410253185,1000,0
46700,28.626348988991015,1000,0
46800,28.06556465076311,1000,0
46900,28.087913273286205,1000,0
47000,28.641079495029487,1000,0
47100,28.089404097845822,1000,0
47200,28.649125941470047,1000,0
47300,28.642818394922145,1000,0
47400,28.081602001783278,1000,0
47500,28.071208418352924,1000,0
47600,28.72542876641941,1000,0
47700,28.074288292540913,1000,0
47800,28.074299094775704,1000,0
47900,28.067198816557976,1000,0
48000,28.056546016621972,1000,0
48100,28.068221994553603,1000,0
48200,28.07685811494375,1000,0
48300,28.069738031565514,1000,0
48400,28.069491239800325,1000,0
48500,28.08691759766554,1000,0
48600,28.075780961616335,1000,0
48700,28.075503845992266,1000,0
48800,28.09940320669441,1000,0
48900,28.077716170196794,1000,0
49000,28.095908327222492,1000,0
49100,28.66357058621553,1000,0
49200,28.107335127118347,1000,0
49300,28.083478295053343,1000,0
49400,28.08814277717366,1000,0
49500,28.08370905883531,1000,0
49600,28.073984271726648,1000,0
49700,28.075114397058282,1000,0
49800,28.085301087771573,1000,0
49900,28.07201533476481,1000,0
50000,28.072537655976717,1000,0
