step,msd_global,n_round,n_elongated
0,0.0,500,0
100,13.142471332564197,500,0
200,16.58569504806282,477,23
300,18.281415508290834,465,35
400,21.942175617251316,451,49
500,27.437246346122702,428,72
600,30.493660178893318,416,84
700,41.914186864388455,396,104
800,50.73028169734057,378,122
900,62.53781221509983,357,143
1000,74.0250039294541,348,152
1100,86.84718653657683,335,165
1200,105.07296786355856,318,182
1300,124.64433501240866,309,191
1400,140.37839630682387,299,201
1500,159.3771309411686,306,194
1600,182.28051058905706,305,195
1700,207.35122114741674,310,190
1800,231.3654253161148,306,194
1900,248.38299759486492,294,206
2000,250.29563223164675,282,218
2100,263.5143198261365,269,231
2200,297.1339486413549,269,231
2300,324.68344510359617,254,246
2400,352.20530780329034,248,252
2500,386.63393743177613,249,251
2600,433.5371942078522,248,252
2700,491.7668162127719,243,257
2800,538.7743222816116,234,266
2900,592.7072542999343,236,264
3000,648.7129130366606,238,262
3100,705.7144891013202,242,258
3200,757.1198467764858,238,262
3300,809.3344540534983,235,265
3400,844.0431612556474,228,272
3500,885.1900344611441,218,282
3600,905.2788825395284,221,279
3700,937.7936238338524,219,281
3800,994.4484154082909,213,287
3900,1069.1722940707193,208,292
4000,1162.5011619099964,202,298
4100,1264.128819794768,193,307
4200,1396.2049380454914,199,301
4300,1527.8120888476699,187,313
4400,1642.0840607885375,182,318
4500,1737.1945272883918,190,310
4600,1845.001060649426,196,304
4700,1934.3523184900519,197,303
4800,2023.0793954236015,192,308
4900,2154.285838527265,197,303
5000,2257.804185163269,202,298
5100,2350.6552773787134,208,292
5200,2481.246928798138,204,296
5300,2599.075444247274,201,299
5400,2758.782496671419,188,312
5500,2904.355531595607,184,316
5600,3069.861068431148,181,319
5700,3201.736444660018,178,322
5800,3310.424899699418,178,322
5900,3421.457129500039,179,321
6000,3547.942816162763,185,315
6100,3634.9484947116343,190,310
6200,3730.7267797433747,192,308
6300,3858.8748649958734,188,312
6400,3976.618349395376,186,314
6500,4132.0071938622095,179,321
6600,4280.624248743234,179,321
6700,4467.241563124573,178,322
6800,4601.604824007821,187,313
6900,4747.0707291957115,191,309
7000,4890.149156493417,196,304
7100,5049.463167013978,190,310
7200,5168.865242422211,196,304
7300,5283.548810569279,188,312
7400,5405.335363409137,179,321
7500,5608.896208185976,174,326
7600,5795.612288786052,179,321
7700,5992.985788477327,169,331
7800,6211.6411680532765,160,340
7900,6442.363743555661,146,354
8000,6737.867012720243,128,372
8100,6980.4535439747115,114,386
8200,7230.989125590289,105,395
8300,7436.1033547524,106,394
8400,7640.88799949384,106,394
8500,7877.572715198455,113,387
8600,8111.73514718163,111,389
8700,8329.522917226659,111,389
8800,8561.676215727312,106,394
8900,8791.532131080085,107,393
9000,8982.567389479918,104,396
9100,9212.498634184252,96,404
9200,9431.262791397705,83,417
9300,9687.421980285913,73,427
9400,9928.378025981223,68,432
9500,10185.053631666824,68,432
9600,10581.041415631227,66,434
9700,10852.773018055814,63,437
9800,11121.99798890686,58,442
9900,11403.030267924338,45,455
10000,11748.771276808675,42,458
10100,12139.426583741859,44,456
10200,12506.717124188792,48,452
10300,12814.265201497532,48,452
10400,13110.543102750687,50,450
10500,13433.819445213783,53,447
10600,13849.915827115134,47,453
10700,14225.549912609973,44,456
10800,14584.287565661654,45,455
10900,15006.326328014866,40,460
11000,15427.628992037357,38,462
11100,15913.404448290594,32,468
11200,16386.09568628843,26,474
11300,16808.808508140773,24,476
11400,17252.002578674146,27,473
11500,17705.33675721254,21,479
11600,18171.077898791576,14,486
11700,18660.499211288385,14,486
11800,19192.16937872956,11,489
11900,19679.945511651396,9,491
12000,20210.911187811053,9,491
12100,20788.495942228266,9,491
12200,21406.394371606188,11,489
12300,21977.85668784894,9,491
12400,22586.008622996265,8,492
12500,23140.63072234,6,494
12600,23797.163196506557,3,497
12700,24432.78601349362,3,497
12800,25160.508182462527,3,497
12900,25867.832429417595,4,496
13000,26538.292504956567,3,497
13100,27212.301612823616,2,498
13200,28028.24623091507,2,498
13300,28719.80139910466,2,498
13400,29426.760840922107,3,497
13500,30237.97567134296,3,497
13600,31006.220201205946,3,497
13700,31833.066843043078,3,497
13800,32633.667987446544,3,497
13900,33438.124374840416,3,497
14000,34323.04142132983,3,497
14100,35236.47755859832,3,497
14200,36185.202312492576,2,498
14300,37040.360210568404,2,498
14400,37941.53438037549,2,498
14500,38857.07491156435,2,498
14600,39863.64248386079,2,498
14700,40821.97795782371,2,498
14800,41742.09119848658,2,498
14900,42738.03261114488,2,498
15000,43730.057100040984,2,498
15100,44821.367935692404,2,498
15200,45862.44184847827,2,498
15300,46856.6179360135,2,498
15400,47910.97534730311,2,498
15500,48933.20916256768,2,498
15600,50066.5105143711,2,498
15700,51221.51533284845,2,498
15800,52325.80265605504,2,498
15900,53336.78130163655,2,498
16000,54550.01640318694,2,498
16100,55709.75292138478,2,498
16200,56897.14807473731,2,498
16300,58013.598422005605,2,498
16400,59183.87431674243,2,498
16500,60417.271960954815,1,499
16600,61738.02075603246,0,500
16700,63050.96075878516,0,500
16800,64301.46480791239,0,500
16900,65401.9267657466,0,500
17000,66711.21762081339,0,500
17100,67953.27676155808,0,500
17200,69270.8173774348,0,500
17300,70534.55845314321,0,500
17400,71898.55362663348,0,500
17500,73221.88458210444,0,500
17600,74649.68594223213,0,500
17700,76002.27888896408,0,500
17800,77360.46534739835,0,500
17900,78731.0067306977,0,500
18000,79959.92392964005,0,500
18100,81257.92900956361,0,500
18200,82810.85974095037,0,500
18300,84204.21338068826,0,500
18400,85648.15180043706,0,500
18500,87077.45566285237,0,500
18600,88622.8842145044,0,500
18700,90268.33383085219,0,500
18800,91795.32589649965,0,500
18900,93300.9777318379,0,500
19000,94644.45322755867,0,500
19100,96191.0103715381,0,500
19200,97883.46155404185,0,500
19300,99365.1337889701,0,500
19400,101005.28528206512,0,500
19500,102684.9798841713,0,500
19600,104461.35425104064,0,500
19700,106167.26578415633,0,500
19800,107773.96140558981,0,500
19900,109418.47159657093,0,500
20000,111099.04044824281,0,500
20100,112899.73997099491,0,500
20200,114770.1774175221,0,500
20300,116422.30445081506,0,500
20400,118063.42328352173,0,500
20500,120014.48202916593,0,500
20600,121881.60732563183,0,500
20700,123694.44006847587,0,500
20800,125535.4781035151,0,500
20900,127450.38258632559,0,500
21000,129209.40990042253,0,500
21100,131085.41129176394,0,500
21200,133014.63222634094,0,500
21300,134897.60194291247,0,500
21400,136759.277047305,0,500
21500,138795.19760289395,0,500
21600,140932.23725612697,0,500
21700,142967.47505010187,0,500
21800,144806.2286069306,0,500
21900,146786.4678240911,0,500
22000,148622.91399568584,0,500
22100,150613.49694297204,0,500
22200,152855.78109808342,0,500
22300,154887.6677107769,0,500
22400,156943.67858090682,0,500
22500,159120.06582136787,0,500
22600,161356.56126709943,0,500
22700,163548.79474857132,0,500
22800,165441.5209929648,0,500
22900,167521.75863138636,0,500
23000,169568.8709195257,0,500
23100,171914.74877616437,0,500
23200,174315.5581309308,0,500
23300,176341.12666218405,0,500
23400,178449.50289834244,0,500
23500,180850.31094847547,0,500
23600,183306.242350204,0,500
23700,185390.94725399947,0,500
23800,187490.1808583147,0,500
23900,189845.25240070248,0,500
24000,192066.1586349195,0,500
24100,194437.39679517184,0,500
24200,196532.07089106244,0,500
24300,198996.45626870907,0,500
24400,201417.90158028156,0,500
24500,203620.96402982695,0,500
24600,205762.54768023788,0,500
24700,208168.59364553328,0,500
24800,210580.23417992168,0,500
24900,213114.31703517737,0,500
25000,215419.13011903915,0,500
25100,217737.88686620694,0,500
25200,220224.4397109229,0,500
25300,222751.25612602715,0,500
25400,225106.26371019724,0,500
25500,227465.26516919857,0,500
25600,229969.4111645224,0,500
25700,232556.33322381286,0,500
25800,235220.63007977977,0,500
25900,237835.80728595125,0,500
26000,240386.22483926397,0,500
26100,242848.77888390172,0,500
26200,245393.69342829997,0,500
26300,248123.01427526295,0,500
26400,250812.08961284684,0,500
26500,253325.99328259288,0,500
26600,256012.79975307142,0,500
26700,258693.67089148992,0,500
26800,261481.91989595033,0,500
26900,264297.8852566411,0,500
27000,267009.58257099875,0,500
27100,269558.07919962966,0,500
27200,272454.5281103369,0,500
27300,275429.0246743456,0,500
27400,277977.5621247516,0,500
27500,280715.68704669323,0,500
27600,283610.3481299712,0,500
27700,286531.05834147544,0,500
27800,289482.01276125107,0,500
27900,292336.80846316187,0,500
28000,295199.75677355,0,500
28100,298187.9805633486,0,500
28200,301152.6119807378,0,500
28300,304066.7673764616,0,500
28400,306845.8538940246,0,500
28500,309845.2143460568,0,500
28600,313013.4608679418,0,500
28700,316025.02203017863,0,500
28800,319086.96569498925,0,500
28900,322126.387472955,0,500
29000,325200.93443894276,0,500
29100,328464.8532675731,0,500
29200,331524.5742582094,0,500
29300,334280.16149935924,0,500
29400,337281.3480815392,0,500
29500,340199.69760174956,0,500
29600,343288.73391703557,0,500
29700,346878.4309683935,0,500
29800,350063.55459030526,0,500
29900,353180.3483769739,0,500
30000,356342.23362612474,0,500
