step,msd_global,msd_round,msd_elongated,n_round,n_elongated
0,0.0,0.0,,500,0
100,10.453659975246735,10.453659975246735,,500,0
200,12.311657343304939,12.311657343304939,,500,0
300,12.955699245797613,12.955699245797613,,500,0
400,12.395921992962124,12.395921992962124,,500,0
500,14.302510448319739,14.302510448319739,,500,0
600,14.945823453392418,14.945823453392418,,500,0
700,16.521234048126527,16.521234048126527,,500,0
800,17.05451039132699,17.05451039132699,,500,0
900,17.596869219120972,17.596869219120972,,500,0
1000,17.120241531357475,17.120241531357475,,500,0
1100,17.122796983597983,17.122796983597983,,500,0
1200,17.131692001821666,17.131692001821666,,500,0
1300,17.13105047347213,17.13105047347213,,500,0
1400,17.796211133298712,17.796211133298712,,500,0
1500,17.765303313574094,17.765303313574094,,500,0
1600,17.799658407783586,17.799658407783586,,500,0
1700,17.79945698978976,17.79945698978976,,500,0
1800,17.835116694881087,17.835116694881087,,500,0
1900,16.68217100694799,16.68217100694799,,500,0
2000,16.112520150773737,16.112520150773737,,500,0
2100,16.158672324533235,16.158672324533235,,500,0
2200,16.177154524249847,16.177154524249847,,500,0
2300,16.178163374405067,16.178163374405067,,500,0
2400,16.174343669742466,16.174343669742466,,500,0
2500,16.177833376276123,16.177833376276123,,500,0
2600,16.175757828340874,16.175757828340874,,500,0
2700,16.189190885668076,16.189190885668076,,500,0
2800,16.20337108720512,16.20337108720512,,500,0
2900,16.210169969488692,16.210169969488692,,500,0
3000,16.20172270566686,16.20172270566686,,500,0
3100,16.20334174303322,16.20334174303322,,500,0
3200,16.204732360714637,16.204732360714637,,500,0
3300,16.202793644267988,16.202793644267988,,500,0
3400,16.216057332875565,16.216057332875565,,500,0
3500,16.20513726850588,16.20513726850588,,500,0
3600,16.1997486158828,16.1997486158828,,500,0
3700,16.213834787302044,16.213834787302044,,500,0
3800,16.209873115020784,16.209873115020784,,500,0
3900,16.221275838094904,16.221275838094904,,500,0
4000,16.205655513542037,16.205655513542037,,500,0
4100,16.210041827881046,16.210041827881046,,500,0
4200,16.204114073203147,16.204114073203147,,500,0
4300,16.203269119746047,16.203269119746047,,500,0
4400,16.21320010241706,16.21320010241706,,500,0
4500,16.216825876474637,16.216825876474637,,500,0
4600,16.206059976676276,16.206059976676276,,500,0
4700,16.20260189705519,16.20260189705519,,500,0
4800,16.210153510455967,16.210153510455967,,500,0
4900,16.197371702492127,16.197371702492127,,500,0
5000,16.19686054494006,16.19686054494006,,500,0
5100,16.21395477630522,16.21395477630522,,500,0
5200,16.2086862732921,16.2086862732921,,500,0
5300,16.209993347181463,16.209993347181463,,500,0
5400,16.203608644954304,16.203608644954304,,500,0
5500,16.216452659775772,16.216452659775772,,500,0
5600,16.20623942813236,16.20623942813236,,500,0
5700,16.208942631081314,16.208942631081314,,500,0
5800,16.208479389458482,16.208479389458482,,500,0
5900,16.20495973586977,16.20495973586977,,500,0
6000,16.21836272357786,16.21836272357786,,500,0
6100,16.20956701435159,16.20956701435159,,500,0
6200,16.22275967620543,16.22275967620543,,500,0
6300,16.186579208037475,16.186579208037475,,500,0
6400,16.215677337170202,16.215677337170202,,500,0
6500,16.20433560475036,16.20433560475036,,500,0
6600,16.222144541770625,16.222144541770625,,500,0
6700,16.20889461426232,16.20889461426232,,500,0
6800,16.209572341218237,16.209572341218237,,500,0
6900,16.198340312054604,16.198340312054604,,500,0
7000,16.218028212672408,16.218028212672408,,500,0
7100,16.213471795869197,16.213471795869197,,500,0
7200,16.2306790438425,16.2306790438425,,500,0
7300,16.22182010348277,16.22182010348277,,500,0
7400,16.209581616714438,16.209581616714438,,500,0
7500,16.219539825455122,16.219539825455122,,500,0
7600,16.21139831025846,16.21139831025846,,500,0
7700,16.2164979957882,16.2164979957882,,500,0
7800,16.21774558178661,16.21774558178661,,500,0
7900,16.210062205797797,16.210062205797797,,500,0
8000,16.196773225067197,16.196773225067197,,500,0
8100,16.217566183666,16.217566183666,,500,0
8200,16.2057177714076,16.2057177714076,,500,0
8300,16.206300960349047,16.206300960349047,,500,0
8400,16.210314292536687,16.210314292536687,,500,0
8500,16.20021578320398,16.20021578320398,,500,0
8600,16.19529069149876,16.19529069149876,,500,0
8700,16.20834792354777,16.20834792354777,,500,0
8800,16.196861829757086,16.196861829757086,,500,0
8900,16.200967780997612,16.200967780997612,,500,0
9000,16.221504017045877,16.221504017045877,,500,0
9100,16.219073914615446,16.219073914615446,,500,0
9200,16.203485238038432,16.203485238038432,,500,0
9300,16.205263141793207,16.205263141793207,,500,0
9400,16.21219773091065,16.21219773091065,,500,0
9500,16.21733031522699,16.21733031522699,,500,0
9600,16.20846935077196,16.20846935077196,,500,0
9700,16.21049607319321,16.21049607319321,,500,0
9800,16.213469579484727,16.213469579484727,,500,0
9900,16.212780951069224,16.212780951069224,,500,0
10000,16.20826705821142,16.20826705821142,,500,0
10100,16.21789353936072,16.21789353936072,,500,0
10200,16.2088314122923,16.2088314122923,,500,0
10300,16.217046835195752,16.217046835195752,,500,0
10400,16.209650863699334,16.209650863699334,,500,0
10500,16.194156241032257,16.194156241032257,,500,0
10600,16.203981981279682,16.203981981279682,,500,0
10700,16.212320633189314,16.212320633189314,,500,0
10800,16.203674066878783,16.203674066878783,,500,0
10900,16.214908161115012,16.214908161115012,,500,0
11000,16.20954164718909,16.20954164718909,,500,0
11100,16.20993009782827,16.20993009782827,,500,0
11200,16.21560329342867,16.21560329342867,,500,0
11300,16.207932242833884,16.207932242833884,,500,0
11400,16.222204332804665,16.222204332804665,,500,0
11500,16.209857626287143,16.209857626287143,,500,0
11600,16.207154454005323,16.207154454005323,,500,0
11700,16.20375356739838,16.20375356739838,,500,0
11800,16.21023228676986,16.21023228676986,,500,0
11900,16.225498942182497,16.225498942182497,,500,0
12000,16.203109414337067,16.203109414337067,,500,0
12100,16.21516335827821,16.21516335827821,,500,0
12200,16.20477317227113,16.20477317227113,,500,0
12300,16.201549382369578,16.201549382369578,,500,0
12400,16.209610319649748,16.209610319649748,,500,0
12500,16.214803203299002,16.214803203299002,,500,0
12600,16.218893202777345,16.218893202777345,,500,0
12700,16.22889988604154,16.22889988604154,,500,0
12800,16.21598119660961,16.21598119660961,,500,0
12900,16.214804201439655,16.214804201439655,,500,0
13000,16.21448768949322,16.21448768949322,,500,0
13100,16.22070203130811,16.22070203130811,,500,0
13200,16.20557940764198,16.20557940764198,,500,0
13300,16.21124385899875,16.21124385899875,,500,0
13400,16.218797087707134,16.218797087707134,,500,0
13500,16.20419757314502,16.20419757314502,,500,0
13600,16.21171813113079,16.21171813113079,,500,0
13700,16.202663679202182,16.202663679202182,,500,0
13800,16.204477894064997,16.204477894064997,,500,0
13900,16.218756456794715,16.218756456794715,,500,0
14000,16.197290361090293,16.197290361090293,,500,0
14100,16.20165646438979,16.20165646438979,,500,0
14200,16.212298729972236,16.212298729972236,,500,0
14300,16.210628081975518,16.210628081975518,,500,0
14400,16.202425509393457,16.202425509393457,,500,0
14500,16.212177406444404,16.212177406444404,,500,0
14600,16.210346841357726,16.210346841357726,,500,0
14700,16.217618768802893,16.217618768802893,,500,0
14800,16.21138678970424,16.21138678970424,,500,0
14900,16.204952613260158,16.204952613260158,,500,0
15000,16.206514144889155,16.206514144889155,,500,0
15100,16.20771927509081,16.20771927509081,,500,0
15200,16.20317776610446,16.20317776610446,,500,0
15300,16.219005938246305,16.219005938246305,,500,0
15400,16.196800949843283,16.196800949843283,,500,0
15500,16.21989831826484,16.21989831826484,,500,0
15600,16.21722389373579,16.21722389373579,,500,0
15700,16.23834292793393,16.23834292793393,,500,0
15800,16.219075031810924,16.219075031810924,,500,0
15900,16.216765405132804,16.216765405132804,,500,0
16000,16.214883729837478,16.214883729837478,,500,0
16100,16.20799889784065,16.20799889784065,,500,0
16200,16.199215429363257,16.199215429363257,,500,0
16300,16.195663473819334,16.195663473819334,,500,0
16400,16.208786013059694,16.208786013059694,,500,0
16500,16.21295218218286,16.21295218218286,,500,0
16600,16.218728657670578,16.218728657670578,,500,0
16700,16.234058134130393,16.234058134130393,,500,0
16800,16.213384552586906,16.213384552586906,,500,0
16900,16.219746484998385,16.219746484998385,,500,0
17000,16.2240354524809,16.2240354524809,,500,0
17100,16.227928337387333,16.227928337387333,,500,0
17200,16.21653749296577,16.21653749296577,,500,0
17300,16.229035763283566,16.229035763283566,,500,0
17400,16.221827793016804,16.221827793016804,,500,0
17500,16.221821213182274,16.221821213182274,,500,0
17600,16.22020296594386,16.22020296594386,,500,0
17700,16.220725602359796,16.220725602359796,,500,0
17800,16.211992365884647,16.211992365884647,,500,0
17900,16.218192045580192,16.218192045580192,,500,0
18000,16.22499312231095,16.22499312231095,,500,0
18100,16.20845900099939,16.20845900099939,,500,0
18200,16.205550852982523,16.205550852982523,,500,0
18300,16.23147158353758,16.23147158353758,,500,0
18400,16.20642416190789,16.20642416190789,,500,0
18500,16.218563809812405,16.218563809812405,,500,0
18600,16.219965255753905,16.219965255753905,,500,0
18700,16.229059847943194,16.229059847943194,,500,0
18800,16.217372168950682,16.217372168950682,,500,0
18900,16.23146062790441,16.23146062790441,,500,0
19000,16.219316171013674,16.219316171013674,,500,0
19100,16.23387053988491,16.23387053988491,,500,0
19200,16.223039618122606,16.223039618122606,,500,0
19300,16.21313599009977,16.21313599009977,,500,0
19400,16.220742916694665,16.220742916694665,,500,0
19500,16.221829518515413,16.221829518515413,,500,0
19600,16.22056555005837,16.22056555005837,,500,0
19700,16.221939050956223,16.221939050956223,,500,0
19800,16.23386418165169,16.23386418165169,,500,0
19900,16.24311213419583,16.24311213419583,,500,0
20000,16.222825300751705,16.222825300751705,,500,0
20100,16.229350334208004,16.229350334208004,,500,0
20200,16.22098142837303,16.22098142837303,,500,0
20300,16.222730269630148,16.222730269630148,,500,0
20400,16.229197615002782,16.229197615002782,,500,0
20500,16.222999801421267,16.222999801421267,,500,0
20600,16.223968995370956,16.223968995370956,,500,0
20700,16.228443142539238,16.228443142539238,,500,0
20800,16.21221418296055,16.21221418296055,,500,0
20900,16.210450106193882,16.210450106193882,,500,0
21000,16.220162599966034,16.220162599966034,,500,0
21100,16.236578416956593,16.236578416956593,,500,0
21200,16.222602443177426,16.222602443177426,,500,0
21300,16.215327368158256,16.215327368158256,,500,0
21400,16.237205699299615,16.237205699299615,,500,0
21500,16.222653623928714,16.222653623928714,,500,0
21600,16.215703116872696,16.215703116872696,,500,0
21700,16.22273210662447,16.22273210662447,,500,0
21800,16.227444750642373,16.227444750642373,,500,0
21900,16.22050926173806,16.22050926173806,,500,0
22000,16.2180789047309,16.2180789047309,,500,0
22100,16.217882401437684,16.217882401437684,,500,0
22200,16.215614644366603,16.215614644366603,,500,0
22300,16.212286000466133,16.212286000466133,,500,0
22400,16.21452659604169,16.21452659604169,,500,0
22500,16.235507931643962,16.235507931643962,,500,0
22600,16.22293123998409,16.22293123998409,,500,0
22700,16.224541502201426,16.224541502201426,,500,0
22800,16.221681472309648,16.221681472309648,,500,0
22900,16.214252143731542,16.214252143731542,,500,0
23000,16.218156810829015,16.218156810829015,,500,0
23100,16.217632905405644,16.217632905405644,,500,0
23200,16.23069294580938,16.23069294580938,,500,0
23300,16.229136361057826,16.229136361057826,,500,0
23400,16.229584887599117,16.229584887599117,,500,0
23500,16.229770309000283,16.229770309000283,,500,0
23600,16.231516036439213,16.231516036439213,,500,0
23700,16.22698351234503,16.22698351234503,,500,0
23800,16.230083215451298,16.230083215451298,,500,0
23900,16.225818681734722,16.225818681734722,,500,0
24000,16.213354773202173,16.213354773202173,,500,0
24100,16.227372721130447,16.227372721130447,,500,0
24200,16.21313416108458,16.21313416108458,,500,0
24300,16.221068067734397,16.221068067734397,,500,0
24400,16.21845644290155,16.21845644290155,,500,0
24500,16.236442867103246,16.236442867103246,,500,0
24600,16.221514322756285,16.221514322756285,,500,0
24700,16.214065055242106,16.214065055242106,,500,0
24800,16.231057792974056,16.231057792974056,,500,0
24900,16.20573206496508,16.20573206496508,,500,0
25000,16.21812134666506,16.21812134666506,,500,0
25100,16.230431077838542,16.230431077838542,,500,0
25200,16.22018994498204,16.22018994498204,,500,0
25300,16.222641934640773,16.222641934640773,,500,0
25400,16.216117738819204,16.216117738819204,,500,0
25500,16.231454265226155,16.231454265226155,,500,0
25600,16.233183567378042,16.233183567378042,,500,0
25700,16.228938419859908,16.228938419859908,,500,0
25800,16.228004628015047,16.228004628015047,,500,0
25900,16.226263083208565,16.226263083208565,,500,0
26000,16.2182935938062,16.2182935938062,,500,0
26100,16.221191747642624,16.221191747642624,,500,0
26200,16.225094903230975,16.225094903230975,,500,0
26300,16.223629334353962,16.223629334353962,,500,0
26400,16.21775372498987,16.21775372498987,,500,0
26500,16.228816203324723,16.228816203324723,,500,0
26600,16.225631070364948,16.225631070364948,,500,0
26700,16.21881312149766,16.21881312149766,,500,0
26800,16.215921370334133,16.215921370334133,,500,0
26900,16.233749443794263,16.233749443794263,,500,0
27000,16.217168613310516,16.217168613310516,,500,0
27100,16.22715404089303,16.22715404089303,,500,0
27200,16.23134837297872,16.23134837297872,,500,0
27300,16.22203290861304,16.22203290861304,,500,0
27400,16.247922218940406,16.247922218940406,,500,0
27500,16.232027573818694,16.232027573818694,,500,0
27600,16.231943946723433,16.231943946723433,,500,0
27700,16.242207916979712,16.242207916979712,,500,0
27800,16.228318760669485,16.228318760669485,,500,0
27900,16.23717282134447,16.23717282134447,,500,0
28000,16.238427462034252,16.238427462034252,,500,0
28100,16.2397709975399,16.2397709975399,,500,0
28200,16.23728447532614,16.23728447532614,,500,0
28300,16.235125804021177,16.235125804021177,,500,0
28400,16.242709695665873,16.242709695665873,,500,0
28500,16.22780729280237,16.22780729280237,,500,0
28600,16.21739172352397,16.21739172352397,,500,0
28700,16.233464530856942,16.233464530856942,,500,0
28800,16.226910088267786,16.226910088267786,,500,0
28900,16.248922291126746,16.248922291126746,,500,0
29000,16.236370370692946,16.236370370692946,,500,0
29100,16.230685115382656,16.230685115382656,,500,0
29200,16.238255804557234,16.238255804557234,,500,0
29300,16.245486558101966,16.245486558101966,,500,0
29400,16.23145368404024,16.23145368404024,,500,0
29500,16.22562378744424,16.22562378744424,,500,0
29600,16.219385563784304,16.219385563784304,,500,0
29700,16.225428629755683,16.225428629755683,,500,0
29800,16.215498427729436,16.215498427729436,,500,0
29900,16.215340125545623,16.215340125545623,,500,0
30000,16.228114953045587,16.228114953045587,,500,0
