step,msd_global,n_round,n_elongated
0,0.0,500,0
100,9.029563238859257,500,0
200,13.4225749703291,499,1
300,12.392833245106472,498,2
400,13.778288626085855,498,2
500,13.260604064781267,498,2
600,12.814581139042959,498,2
700,12.98848146619074,498,2
800,15.649810468698062,498,2
900,15.901497439181163,498,2
1000,14.955910843432331,498,2
1100,13.58465413806264,498,2
1200,13.9044780960625,498,2
1300,13.735116369020801,498,2
1400,14.319222313096764,498,2
1500,16.093142114523708,498,2
1600,16.108304406692582,498,2
1700,16.618697143869156,498,2
1800,17.986361649963904,498,2
1900,18.812963213014072,498,2
2000,19.705385298024645,498,2
2100,22.067040866378658,498,2
2200,20.053244802895215,498,2
2300,18.131302109287677,498,2
2400,17.68982987636563,498,2
2500,19.281741266160868,498,2
2600,19.714455511185225,498,2
2700,21.580455091081927,498,2
2800,22.088072909363486,498,2
2900,23.670027417008946,498,2
3000,25.736387260870533,498,2
3100,26.81447320823261,498,2
3200,28.87839097959755,498,2
3300,29.981992870176114,498,2
3400,33.599476561840056,498,2
3500,33.10248076451855,498,2
3600,27.73293982863236,498,2
3700,30.953540240870794,498,2
3800,32.17013370418387,498,2
3900,34.90525186745329,498,2
4000,36.1123576990401,498,2
4100,38.02619980918494,498,2
4200,40.58443815862952,498,2
4300,44.01947219823927,498,2
4400,46.07432305927857,498,2
4500,44.67423676599457,498,2
4600,47.19279731357991,498,2
4700,44.688081274725945,498,2
4800,40.05863235338706,498,2
4900,43.66091665406378,498,2
5000,46.187997522765045,498,2
5100,49.874823463436016,498,2
5200,51.4326626951975,498,2
5300,52.82291753717995,498,2
5400,57.23283549798203,498,2
5500,60.60931125143291,498,2
5600,63.79912631657205,498,2
5700,66.92040133120634,498,2
5800,69.27055417817962,498,2
5900,72.46968305780004,498,2
6000,67.20879174690312,498,2
6100,63.059548110725,498,2
6200,64.28694156706045,498,2
6300,68.90709501657243,498,2
6400,71.45202118997221,498,2
6500,73.8482389452114,498,2
6600,76.83656422950791,498,2
6700,80.99313884238364,498,2
6800,85.34907565280912,498,2
6900,83.58224796388069,498,2
7000,84.56418621946193,498,2
7100,87.0684597728412,499,1
7200,89.25778131996522,499,1
7300,91.58628124338732,499,1
7400,85.04286260060725,499,1
7500,86.97753256947269,499,1
7600,88.99334852455453,499,1
7700,91.27982409383776,499,1
7800,93.57916057129913,499,1
7900,95.94294832168329,499,1
8000,98.29888723352546,499,1
8100,100.81104348106933,499,1
8200,103.35559452120908,499,1
8300,106.07786866589075,499,1
8400,108.57020086317644,499,1
8500,110.40763284277237,499,1
8600,112.2302123851122,499,1
8700,103.44693627068834,499,1
8800,105.65981427834645,499,1
8900,108.23425388851709,499,1
9000,111.03501940936614,499,1
9100,106.64410522432127,499,1
9200,110.6986103269001,499,1
9300,112.89749935011898,499,1
9400,115.74886110951819,499,1
9500,118.8806394707218,499,1
9600,121.8483608967897,499,1
9700,124.87445531503023,499,1
9800,128.4350085427435,499,1
9900,118.42598710545703,499,1
10000,129.62473513409748,500,0
10100,129.5881971694341,500,0
10200,129.59388787958633,500,0
10300,129.58688257843065,500,0
10400,129.59143590627056,500,0
10500,129.5829696971985,500,0
10600,129.59989152531782,500,0
10700,129.57744414602104,500,0
10800,129.55927607271292,500,0
10900,129.57371991542573,500,0
11000,129.60229062986537,500,0
11100,129.54839593524267,500,0
11200,129.61392935984756,500,0
11300,129.61239225228917,500,0
11400,129.57441716038124,500,0
11500,129.59337366022285,500,0
11600,129.6115373996681,500,0
11700,129.62574290440466,500,0
11800,129.60096095449236,500,0
11900,129.59346436418554,500,0
12000,129.59697007005204,500,0
12100,129.57204451799333,500,0
12200,129.51994646707695,500,0
12300,129.59347420619534,500,0
12400,129.53861436160864,500,0
12500,129.5570745598066,500,0
12600,129.57687496872438,500,0
12700,129.59404362244317,500,0
12800,129.56938687550291,500,0
12900,129.570726821686,500,0
13000,129.59116220390106,500,0
13100,129.5684991857488,500,0
13200,129.58959719813842,500,0
13300,129.5545634216357,500,0
13400,129.56742480283694,500,0
13500,129.59379858268014,500,0
13600,129.5419572140235,500,0
13700,129.56093410251913,500,0
13800,129.58601709297568,500,0
13900,129.5756933199426,500,0
14000,129.61291218219404,500,0
14100,129.6000501115716,500,0
14200,129.59129646380802,500,0
14300,129.6118195799957,500,0
14400,129.58363973340494,500,0
14500,129.55829131007556,500,0
14600,129.61422714515072,500,0
14700,129.60952580551742,500,0
14800,129.6198215473557,500,0
14900,129.64480613029446,500,0
15000,129.63921564950166,500,0
15100,129.63029025257757,500,0
15200,129.59885219869264,500,0
15300,129.6180461708741,500,0
15400,129.59851084729277,500,0
15500,129.58460622224115,500,0
15600,129.5881092475737,500,0
15700,129.54640788334433,500,0
15800,129.56249660338597,500,0
15900,129.52353111116918,500,0
16000,129.5636414564214,500,0
16100,129.53999784265514,500,0
16200,129.55966530946014,500,0
16300,129.5950218325941,500,0
16400,129.61769556564627,500,0
16500,129.53697605460505,500,0
16600,129.5730877738036,500,0
16700,129.54385214675384,500,0
16800,129.536090177828,500,0
16900,129.58741750227884,500,0
17000,129.53493682089996,500,0
17100,129.51301205715973,500,0
17200,129.51690458092628,500,0
17300,129.5358503667449,500,0
17400,129.53455315525102,500,0
17500,129.5462410689414,500,0
17600,129.51691991345743,500,0
17700,129.54248209346656,500,0
17800,129.51505589282772,500,0
17900,129.57971245203802,500,0
18000,129.53118996296232,500,0
18100,129.55976882580174,500,0
18200,129.51237163960167,500,0
18300,129.52835973414435,500,0
18400,129.52888580373462,500,0
18500,129.5417792593355,500,0
18600,129.52314698008536,500,0
18700,129.5113709771809,500,0
18800,129.51381193663988,500,0
18900,129.52942261331324,500,0
19000,129.5239956319789,500,0
19100,129.53553646342982,500,0
19200,129.49264039998383,500,0
19300,129.5218393768105,500,0
19400,129.50094450151445,500,0
19500,129.51076086588554,500,0
19600,129.4776520908301,500,0
19700,129.4801645262511,500,0
19800,129.50342637690918,500,0
19900,129.50458558392296,500,0
20000,129.47920287016132,500,0
20100,129.4974232480603,500,0
20200,129.50838681980966,500,0
20300,129.49869097554472,500,0
20400,129.53721944521797,500,0
20500,129.4738698254783,500,0
20600,129.5073109043745,500,0
20700,129.49535165621103,500,0
20800,129.52888452247953,500,0
20900,129.5314448818923,500,0
21000,129.5247119755226,500,0
21100,129.492153206514,500,0
21200,129.456390451733,500,0
21300,129.5028487573974,500,0
21400,129.51409217653094,500,0
21500,129.47752233876616,500,0
21600,129.51725141274454,500,0
21700,129.52253635024792,500,0
21800,129.48764410537515,500,0
21900,129.4633118831043,500,0
22000,129.4412642253797,500,0
22100,129.47246654641097,500,0
22200,129.475591406843,500,0
22300,129.48023793521128,500,0
22400,129.46688320845237,500,0
22500,129.502656727709,500,0
22600,129.50107268806417,500,0
22700,129.49745455147874,500,0
22800,129.50796468589945,500,0
22900,129.47365755985015,500,0
23000,129.52347372043937,500,0
23100,129.49271079494525,500,0
23200,129.4954309443039,500,0
23300,129.50703911132936,500,0
23400,129.49217465056768,500,0
23500,129.47851580446377,500,0
23600,129.47293727238923,500,0
23700,129.45491332955604,500,0
23800,129.47322394447704,500,0
23900,129.52789082584542,500,0
24000,129.4951005476603,500,0
24100,129.4956089116144,500,0
24200,129.4694542649581,500,0
24300,129.46946878722738,500,0
24400,129.50750193257673,500,0
24500,129.49017600687787,500,0
24600,129.48620731271947,500,0
24700,129.49965369820697,500,0
24800,129.53982770461045,500,0
24900,129.52116580141774,500,0
25000,129.5338367447048,500,0
25100,129.51729866539722,500,0
25200,129.47925833381433,500,0
25300,129.47327205945834,500,0
25400,129.48342667657928,500,0
25500,129.5156478839761,500,0
25600,129.5121217951355,500,0
25700,129.5180542192184,500,0
25800,129.51733345082712,500,0
25900,129.4833817622907,500,0
26000,129.55486519536024,500,0
26100,129.48016407665534,500,0
26200,129.52894272022587,500,0
26300,129.52645790984053,500,0
26400,129.52119597186032,500,0
26500,129.50279182497752,500,0
26600,129.54607247778787,500,0
26700,129.52213920733516,500,0
26800,129.51343416224645,500,0
26900,129.50768561314808,500,0
27000,129.52082530202722,500,0
27100,129.53461822800236,500,0
27200,129.49073116300872,500,0
27300,129.50148539098126,500,0
27400,129.51744396273025,500,0
27500,129.5170492118623,500,0
27600,129.49687274599268,500,0
27700,129.51481211253505,500,0
27800,129.58117381040205,500,0
27900,129.57315323948913,500,0
28000,129.5662485709857,500,0
28100,129.54170097788904,500,0
28200,129.54835885515658,500,0
28300,129.55007225091146,500,0
28400,129.5580635999289,500,0
28500,129.59547966952556,500,0
28600,129.5816667435715,500,0
28700,129.55024661861913,500,0
28800,129.56627100852725,500,0
28900,129.59897617651083,500,0
29000,129.61231991820705,500,0
29100,129.56372611414642,500,0
29200,129.57301792569686,500,0
29300,129.53862655779207,500,0
29400,129.55625270656554,500,0
29500,129.5989177001388,500,0
29600,129.59261151360369,500,0
29700,129.60719779056996,500,0
29800,129.61412120614472,500,0
29900,129.6126628040875,500,0
30000,129.6471548455171,500,0
30100,129.6227143639692,500,0
30200,129.5825523430924,500,0
30300,129.59619809947984,500,0
30400,129.58993409046263,500,0
30500,129.5733990254247,500,0
30600,129.60049347057253,500,0
30700,129.63710471762118,500,0
30800,129.5668090074506,500,0
30900,129.62254568262156,500,0
31000,129.58538151857158,500,0
31100,129.56255606459877,500,0
31200,129.5876679410293,500,0
31300,129.59895809031238,500,0
31400,129.6020775199432,500,0
31500,129.63877606120283,500,0
31600,129.64814536505398,500,0
31700,129.63777905554494,500,0
31800,129.6516668049908,500,0
31900,129.64478928088963,500,0
32000,129.63031107035374,500,0
32100,129.6461162051978,500,0
32200,129.62779538253662,500,0
32300,129.61791612918705,500,0
32400,129.630590946548,500,0
32500,129.65984289754613,500,0
32600,129.6271542972382,500,0
32700,129.599463125922,500,0
32800,129.5886412870929,500,0
32900,129.5719978292272,500,0
33000,129.56863282204665,500,0
33100,129.641213373554,500,0
33200,129.62957949846157,500,0
33300,129.6367509943438,500,0
33400,129.64585706512702,500,0
33500,129.6648112040991,500,0
33600,129.635931987342,500,0
33700,129.62687949588187,500,0
33800,129.5940934598779,500,0
33900,129.58832207284613,500,0
34000,129.6078961799822,500,0
34100,129.62044433395366,500,0
34200,129.6283552327936,500,0
34300,129.58417109133157,500,0
34400,129.55860616667854,500,0
34500,129.56888470974857,500,0
34600,129.59182177794634,500,0
34700,129.60504714380903,500,0
34800,129.57884158641437,500,0
34900,129.57597198530829,500,0
35000,129.60150272861355,500,0
35100,129.57416812529553,500,0
35200,129.6116264224498,500,0
35300,129.60024128969988,500,0
35400,129.60824846583915,500,0
35500,129.56767581024647,500,0
35600,129.5878729349441,500,0
35700,129.5805794075088,500,0
35800,129.61950320778337,500,0
35900,129.647271168466,500,0
36000,129.6278011610221,500,0
36100,129.62637252507295,500,0
36200,129.60860062533752,500,0
36300,129.635422983905,500,0
36400,129.6059372644569,500,0
36500,129.5868927317322,500,0
36600,129.55994952927074,500,0
36700,129.6012131888253,500,0
36800,129.61192321928647,500,0
36900,129.62261005245998,500,0
37000,129.65121991668076,500,0
37100,129.60977662818289,500,0
37200,129.62473603953154,500,0
37300,129.58025003779764,500,0
37400,129.61348961330717,500,0
37500,129.595289308241,500,0
37600,129.63879011671926,500,0
37700,129.6012517993585,500,0
37800,129.6310522498356,500,0
37900,129.5872370271437,500,0
38000,129.53889098461053,500,0
38100,129.55645441065752,500,0
38200,129.5640763350473,500,0
38300,129.58749547648293,500,0
38400,129.56902570585652,500,0
38500,129.59327235392465,500,0
38600,129.56127718662617,500,0
38700,129.57759252650956,500,0
38800,129.57518296970693,500,0
38900,129.5745035064753,500,0
39000,129.5771273542706,500,0
39100,129.5991697614091,500,0
39200,129.55637760212304,500,0
39300,129.61989600414464,500,0
39400,129.58095508301002,500,0
39500,129.5921441350754,500,0
39600,129.62593036943164,500,0
39700,129.58287466152834,500,0
39800,129.6206022448772,500,0
39900,129.60783119834642,500,0
40000,129.58145294564392,500,0
40100,129.58882557603008,500,0
40200,129.58292986779568,500,0
40300,129.60667554422685,500,0
40400,129.60382221496408,500,0
40500,129.60229621695055,500,0
40600,129.62552158753002,500,0
40700,129.61222689659263,500,0
40800,129.6103118377855,500,0
40900,129.59540380451048,500,0
41000,129.61095194235696,500,0
41100,129.59631447110308,500,0
41200,129.58772543065166,500,0
41300,129.58105511584625,500,0
41400,129.5549807645225,500,0
41500,129.58838021236213,500,0
41600,129.6043778850341,500,0
41700,129.58882546945622,500,0
41800,129.62185067975838,500,0
41900,129.58433062610234,500,0
42000,129.59811687001846,500,0
42100,129.5911741795762,500,0
42200,129.5940578489823,500,0
42300,129.6074358508331,500,0
42400,129.57707408918517,500,0
42500,129.61119565479254,500,0
42600,129.59631370413905,500,0
42700,129.6369745575835,500,0
42800,129.6069207254557,500,0
42900,129.6243916609812,500,0
43000,129.6389075431949,500,0
43100,129.60437446032637,500,0
43200,129.5863556843704,500,0
43300,129.63654617782697,500,0
43400,129.58229177822457,500,0
43500,129.6004440533547,500,0
43600,129.56010093551046,500,0
43700,129.58305104452688,500,0
43800,129.60248221413386,500,0
43900,129.6446083454851,500,0
44000,129.5922373550194,500,0
44100,129.62913761362427,500,0
44200,129.60524398888774,500,0
44300,129.58550470699288,500,0
44400,129.60811329148154,500,0
44500,129.63440823457157,500,0
44600,129.62656535554603,500,0
44700,129.63649683602506,500,0
44800,129.63938698427032,500,0
44900,129.63286762392207,500,0
45000,129.65088578715518,500,0
45100,129.6345416852515,500,0
45200,129.66155896087935,500,0
45300,129.6364562126872,500,0
45400,129.6345346806288,500,0
45500,129.64770583370694,500,0
45600,129.61434107627107,500,0
45700,129.65951289592255,500,0
45800,129.6375951404622,500,0
45900,129.68320394972213,500,0
46000,129.63183414617905,500,0
46100,129.64300535675187,500,0
46200,129.68346498493415,500,0
46300,129.64760094824433,500,0
46400,129.63231335474322,500,0
46500,129.67593295161177,500,0
46600,129.66179745330277,500,0
46700,129.64340752599142,500,0
46800,129.65695170626248,500,0
46900,129.66352868003597,500,0
47000,129.6802955554912,500,0
47100,129.67820155604772,500,0
47200,129.61099986370874,500,0
47300,129.6564621946476,500,0
47400,129.67493988425383,500,0
47500,129.6260457088306,500,0
47600,129.65515081199896,500,0
47700,129.6058606598586,500,0
47800,129.65713731795367,500,0
47900,129.6261010748617,500,0
48000,129.68865784726646,500,0
48100,129.66211571397793,500,0
48200,129.65147463018513,500,0
48300,129.6657995903663,500,0
48400,129.67539707680623,500,0
48500,129.66794509549763,500,0
48600,129.69076515554653,500,0
48700,129.68007911987135,500,0
48800,129.6223735620084,500,0
48900,129.66480777697916,500,0
49000,129.6955623910641,500,0
49100,129.6660527024495,500,0
49200,129.69359529676322,500,0
49300,129.67721295785253,500,0
49400,129.6921332429107,500,0
49500,129.69017330034413,500,0
49600,129.66117136197548,500,0
49700,129.70298285059394,500,0
49800,129.69364304674272,500,0
49900,129.67404147846932,500,0
50000,129.70881437554286,500,0
