500
 Lattice="56.049912163979286 0.0 0.0 0.0 56.049912163979286 0.0 0.0 0.0 1.0"Properties=species:S:1:pos:R:3:aspherical_shape:R:3:orientation:R:4:Color:R:1
cell 55.63952101266402 42.899500364027716 0.0 2.23606797749979 0.4472135954999579 1 0 0 0.4305924937671912 0.9025464554865591 0.890298286424989
cell 34.50925108016881 16.557382002565365 0.0 2.23606797749979 0.4472135954999579 1 0 0 0.5106333838811432 0.8597985503977621 1.0718425894192205
cell 48.79593314918717 39.4456374817461 0.0 2.23606797749979 0.4472135954999579 1 0 0 0.3955132802084499 0.9184602578112742 0.8132532648703722
cell 44.50692513560689 46.12303531929195 0.0 2.23606797749979 0.4472135954999579 1 0 0 0.29656199710408293 0.9550136029783229 0.6021813600423812
cell 41.21355123783772 34.31908036977973 0.0 2.23606797749979 0.4472135954999579 1 0 0 0.40346196464727124 0.914996416978211 0.8305945737747648
cell 47.21563016002521 33.779357688735125 0.0 2.23606797749979 0.4472135954999579 1 0 0 0.4184818143269665 0.9082251764169557 0.8635461578694122
cell 40.24405366841882 10.398627043908586 0.0 2.23606797749979 0.4472135954999579 1 0 0 0.48092318435882814 0.8767627334382802 1.0034147106497269
cell 44.79708134314569 23.44161378320945 0.0 2.23606797749979 0.4472135954999579 1 0 0 0.4365998833530803 0.8996557907644883 0.9036316786090941
cell 4.938055917884941 10.4543616840618 0.0 2.23606797749979 0.4472135954999579 1 0 0 0.2971310945602436 0.9548366942286161 0.6033732805612808
cell 41.29093177324417 28.146129704569947 0.0 2.23606797749979 0.4472135954999579 1 0 0 0.46265377916893313 0.8865390463034913 0.9619725668000702
cell 29.5008930016065 26.85478398053672 0.0 2.23606797749979 0.4472135954999579 1 0 0 0.3629909486605193 0.9317926653448911 0.7429515619977867
cell 27.94817384027295 32.321253283388934 0.0 2.23606797749979 0.4472135954999579 1 0 0 0.2718520741409629 0.9623390513666461 0.5506341289484218
cell 55.29495323806086 2.8546437519046113 0.0 2.23606797749979 0.4472135954999579 1 0 0 -0.3235201781904471 -0.9462212713227395 0.658894762469644
cell 52.69322711852102 41.72135331794021 0.0 2.23606797749979 0.4472135954999579 1 0 0 0.4180885409848166 0.9084062812955376 0.8626802181449038
cell 52.833718195839765 39.38699532593057 0.0 2.23606797749979 0.4472135954999579 1 0 0 0.42512392248561215 0.9051351559465841 0.8781975833702884
cell 1.0091602468069278 42.03387355683671 0.0 2.23606797749979 0.4472135954999579 1 0 0 0.4618765139960458 0.8869442405353679 0.960219485440038
cell 38.809896079329654 16.787599192692728 0.0 2.23606797749979 0.4472135954999579 1 0 0 0.44201590368582944 0.8970072133984206 0.915689596905196
cell 27.81984532367196 16.409631449642756 0.0 2.23606797749979 0.4472135954999579 1 0 0 0.4769765914266233 0.878915997824047 0.9944231196154636
cell 48.05595590556738 2.138380186895272 0.0 2.23606797749979 0.4472135954999579 1 0 0 0.39602896800116344 0.918238017348407 0.8143763405244133
cell 15.81996339422912 8.285725561180117 0.0 2.23606797749979 0.4472135954999579 1 0 0 0.4550381834714783 0.8904719263306268 0.9448301873974002
cell 2.086762662335141 48.7786050593582 0.0 2.23606797749979 0.4472135954999579 1 0 0 0.40825747998475037 0.9128668194410953 0.8410888038447807
cell 54.20485645071486 26.057552684764755 0.0 2.23606797749979 0.4472135954999579 1 0 0 -0.48657912617853294 -0.8736365113520241 1.016339583994804
cell 10.083482978721893 2.5992607208919387 0.0 2.23606797749979 0.4472135954999579 1 0 0 0.43053214516030713 0.902575244499684 0.8901645589165067
cell 24.846159707204446 16.304618965128487 0.0 2.23606797749979 0.4472135954999579 1 0 0 0.43112153511015117 0.9022938667442368 0.8914707809028474
cell 17.363717364148663 52.900929037261065 0.0 2.23606797749979 0.4472135954999579 1 0 0 0.4933140972358209 0.8698512524957397 1.0317912268384961
cell 44.81182620348273 12.706199139458507 0.0 2.23606797749979 0.4472135954999579 1 0 0 -0.42320551638450293 -0.9060337139983954 0.8739607495432296
cell 51.71077346510545 22.33055364439018 0.0 2.23606797749979 0.4472135954999579 1 0 0 -0.5043991160201605 -0.8634706316708639 1.0573718596491464
cell 12.653955694452556 12.176213391638788 0.0 2.23606797749979 0.4472135954999579 1 0 0 0.34351686613893695 0.9391465075684856 0.701318184353607
cell 46.630014090286885 48.727236968264805 0.0 2.23606797749979 0.4472135954999579 1 0 0 0.30194182630769284 0.9533263520568258 0.6134577889356393
cell 25.78186876037839 12.46090876913092 0.0 2.23606797749979 0.4472135954999579 1 0 0 0.5084807144829737 0.8610733784056296 1.0668389206643045
cell 51.61020867964266 42.95384975476989 0.0 2.23606797749979 0.4472135954999579 1 0 0 0.42783165144376345 0.903858439150126 0.8841848393634799
cell 55.54931709190422 37.62984961349541 0.0 2.23606797749979 0.4472135954999579 1 0 0 0.4957116855660973 0.8684871471663923 1.0373081890374047
cell 18.39732514095668 16.047190710203203 0.0 2.23606797749979 0.4472135954999579 1 0 0 -0.34895195556250214 -0.9371406152275684 0.7129050553727074
cell 3.6557024956668784 55.38836531048926 0.0 2.23606797749979 0.4472135954999579 1 0 0 0.45075418396417016 0.8926481197195203 0.9352200856564746
cell 43.64101343296793 40.957007851082416 0.0 2.23606797749979 0.4472135954999579 1 0 0 -0.360741176519716 -0.9326659656935977 0.7381249147095366
cell 34.97442327982245 31.154364222232378 0.0 2.23606797749979 0.4472135954999579 1 0 0 0.38307467662093925 0.9237173767618334 0.7862451971807108
cell 34.229033370060826 22.801697455006895 0.0 2.23606797749979 0.4472135954999579 1 0 0 0.46315961490220736 0.8862748846287133 0.9631138839134371
cell 31.768107789760315 28.014626447596104 0.0 2.23606797749979 0.4472135954999579 1 0 0 -0.386959240758553 -0.9220968202914291 0.7946632891184153
cell 23.539616999727635 3.3453762869767765 0.0 2.23606797749979 0.4472135954999579 1 0 0 0.5278136783074002 0.8493601833095382 1.1120488393973333
cell 9.99987444437468 42.15673987139138 0.0 2.23606797749979 0.4472135954999579 1 0 0 0.47672548986819424 0.8790522210369133 0.9938517746866364
cell 55.30835282224148 0.3748112992354763 0.0 2.23606797749979 0.4472135954999579 1 0 0 -0.344752269021015 -0.9386937056382458 0.7039497239173187
cell 35.19182152865463 8.482765009132681 0.0 2.23606797749979 0.4472135954999579 1 0 0 0.42495255207502186 0.9052156254091761 0.877818937614243
cell 27.9385910435914 21.28664378845801 0.0 2.23606797749979 0.4472135954999579 1 0 0 -0.41509269083565176 -0.9097791259502594 0.8560893667916298
cell 35.67584700255661 14.516680492315887 0.0 2.23606797749979 0.4472135954999579 1 0 0 0.5511194385033867 0.8344263685333246 1.1674104219632275
cell 35.73042401103594 36.75002735448391 0.0 2.23606797749979 0.4472135954999579 1 0 0 0.29278584013333087 0.956178043994642 0.5942781190190929
cell 14.107716478640636 3.931233679028501 0.0 2.23606797749979 0.4472135954999579 1 0 0 -0.43667598853332695 -0.8996188532030894 0.9038008694115245
cell 9.34221455202367 49.93046844298197 0.0 2.23606797749979 0.4472135954999579 1 0 0 0.4573533723264163 0.8892850458776727 0.9500335664770655
cell 22.053684591345593 12.779609708185852 0.0 2.23606797749979 0.4472135954999579 1 0 0 0.4303686924909888 0.902653193936407 0.8898023827721662
cell 21.81636372843346 9.986248391727894 0.0 2.23606797749979 0.4472135954999579 1 0 0 0.4807213152651808 0.8768734327425565 1.0029542523251354
cell 3.834550035961957 45.488562637712946 0.0 2.23606797749979 0.4472135954999579 1 0 0 -0.49188392100437706 -0.8706607882851736 1.0285044333523157
cell 10.266370628129625 1.4237704555668302 0.0 2.23606797749979 0.4472135954999579 1 0 0 0.4392303349957944 0.8983744836199892 0.9094835261637738
cell 38.05026072135616 17.443748008015543 0.0 2.23606797749979 0.4472135954999579 1 0 0 0.4954162247954603 0.8686557224870012 1.036627851748056
cell 54.86195557851799 49.805116149364935 0.0 2.23606797749979 0.4472135954999579 1 0 0 0.44199587246033806 0.8970170838551652 0.9156449347999588
cell 22.856304335371682 20.878267781622316 0.0 2.23606797749979 0.4472135954999579 1 0 0 -0.33924464859310577 -0.9406981813530524 0.6922276244454943
cell 27.413389429688763 21.82278779724915 0.0 2.23606797749979 0.4472135954999579 1 0 0 0.39221580172474596 0.919873233047584 0.8060783426626487
cell 45.35343388433132 40.349124776973326 0.0 2.23606797749979 0.4472135954999579 1 0 0 -0.40333253046296696 -0.9150534792406069 0.8303116652390887
cell 29.403469990159117 20.730227744595513 0.0 2.23606797749979 0.4472135954999579 1 0 0 0.4358109784375316 0.900038216451569 0.9018782586124617
cell 48.124827087663945 53.756168575776584 0.0 2.23606797749979 0.4472135954999579 1 0 0 -0.3441876127356417 -0.938900893193387 0.7027467884834353
cell 11.991841120502098 6.891518168147596 0.0 2.23606797749979 0.4472135954999579 1 0 0 0.4253264014850699 0.9050400279544332 0.8786450074658434
cell 13.44805579533974 4.486330419016623 0.0 2.23606797749979 0.4472135954999579 1 0 0 0.45216613471503164 0.8919337344314698 0.9383848616581041
cell 43.04427862761209 41.699688408517076 0.0 2.23606797749979 0.4472135954999579 1 0 0 -0.3341123649011119 -0.942533250140379 0.6813266360690582
cell 50.05943619543417 37.226845718028045 0.0 2.23606797749979 0.4472135954999579 1 0 0 0.41648300364181823 0.9091435022467516 0.859146808628576
cell 40.2814219299207 21.307253864267352 0.0 2.23606797749979 0.4472135954999579 1 0 0 0.47462947629768926 0.8801856964467107 0.9890860461677062
cell 27.838440340859027 48.657295170139854 0.0 2.23606797749979 0.4472135954999579 1 0 0 0.9585097140073202 -0.285059867665733 3.719730427001022
cell 6.5984064374252345 48.89530429432906 0.0 2.23606797749979 0.4472135954999579 1 0 0 0.4833157583116249 0.8754461021488753 1.0088765538210027
cell 6.201765954835187 2.9810370137775486 0.0 2.23606797749979 0.4472135954999579 1 0 0 -0.45534764333011274 -0.8903137220742542 0.9455252959991496
cell 24.579293554541607 18.364565785554987 0.0 2.23606797749979 0.4472135954999579 1 0 0 0.40658517235848013 0.9136128817054984 0.8374264425102008
cell 0.908798055287813 8.533748951998438 0.0 2.23606797749979 0.4472135954999579 1 0 0 -0.2915963781969384 -0.9565414534783258 0.5917906413003085
cell 46.59915981030513 43.89898820857908 0.0 2.23606797749979 0.4472135954999579 1 0 0 0.32285177757092237 0.9464495389186344 0.6574821542376763
cell 5.85081284286508 6.360611911454903 0.0 2.23606797749979 0.4472135954999579 1 0 0 0.3482580793997582 0.9373986932638597 0.7114244224984649
cell 19.312828233762385 9.277524870365585 0.0 2.23606797749979 0.4472135954999579 1 0 0 0.43652911157861285 0.8996901326258875 0.9034743508301252
cell 38.44451084973848 25.081412146464995 0.0 2.23606797749979 0.4472135954999579 1 0 0 0.469957336164425 0.8826891311131216 0.9784848869223101
cell 43.15450196938273 32.55498927810261 0.0 2.23606797749979 0.4472135954999579 1 0 0 0.4155661445197477 0.9095629607283886 0.8571303006036377
cell 26.342122030688802 25.04260006273841 0.0 2.23606797749979 0.4472135954999579 1 0 0 -0.31927814928314646 -0.9476610487881882 0.6499353424080354
cell 40.443993637109195 15.620137965485773 0.0 2.23606797749979 0.4472135954999579 1 0 0 0.4638555156573916 0.8859108649261591 0.9646846012484351
cell 16.162888533683443 17.334882116720294 0.0 2.23606797749979 0.4472135954999579 1 0 0 -0.2995313160425644 -0.9540864691996263 0.6084027553215172
cell 35.80047001065062 33.16377230225269 0.0 2.23606797749979 0.4472135954999579 1 0 0 0.3706037199259738 0.9287910867235055 0.7593178852553292
cell 7.281355155850315 48.222815347110235 0.0 2.23606797749979 0.4472135954999579 1 0 0 -0.5040770240354423 -0.863658702173244 1.0566259005025493
cell 41.363263069072985 48.10839080677029 0.0 2.23606797749979 0.4472135954999579 1 0 0 0.38429765883435646 0.9232092446539043 0.7888938828848182
cell 32.19737155816716 30.64764875386021 0.0 2.23606797749979 0.4472135954999579 1 0 0 0.3245089989226926 0.9458826087936029 0.6609851775945558
cell 17.681387551884868 21.278479164074 0.0 2.23606797749979 0.4472135954999579 1 0 0 -0.2569019490471331 -0.966437472667417 0.5196303801574436
cell 12.891016888355402 13.502313459649448 0.0 2.23606797749979 0.4472135954999579 1 0 0 -0.3135251164449948 -0.9495799078319593 0.6378061182623069
cell 50.3979674797823 44.04472018082184 0.0 2.23606797749979 0.4472135954999579 1 0 0 -0.39214201954533695 -0.9199046888166755 0.8059179272592623
cell 1.1267382200706204 54.763179158191456 0.0 2.23606797749979 0.4472135954999579 1 0 0 -0.39105681116660934 -0.9203665413519784 0.8035591265886985
cell 4.974151223965572 13.48987197105844 0.0 2.23606797749979 0.4472135954999579 1 0 0 0.3802284125347504 0.9248926177137018 0.7800864901617676
cell 34.86919973744625 22.355877535982426 0.0 2.23606797749979 0.4472135954999579 1 0 0 0.479263307521944 0.8776711696661378 0.9996302959990789
cell 23.795035299409722 8.42085323184783 0.0 2.23606797749979 0.4472135954999579 1 0 0 0.5150969639036844 0.8571319138716085 1.0822415428061343
cell 52.269367808087516 5.8086539553461245 0.0 2.23606797749979 0.4472135954999579 1 0 0 0.35276610321877266 0.9357115348331676 0.7210512240557634
cell 36.51380455903938 30.240087184119115 0.0 2.23606797749979 0.4472135954999579 1 0 0 -0.4299099730444254 -0.9028717600395647 0.8887861255652343
cell 2.800840597202345 4.743116344538833 0.0 2.23606797749979 0.4472135954999579 1 0 0 0.33014396064570345 0.943930593449099 0.6729121659688813
cell 33.48794411686958 11.624009304315752 0.0 2.23606797749979 0.4472135954999579 1 0 0 0.5607480525697542 0.8279864863264546 1.1905779675485104
cell 33.28882823564344 17.972189029884625 0.0 2.23606797749979 0.4472135954999579 1 0 0 -0.49875261072996796 -0.8667443875157433 1.0443180248779447
cell 21.87852613127414 55.22794574484346 0.0 2.23606797749979 0.4472135954999579 1 0 0 -0.53395064051126 -0.8455156494693727 1.1265323437699886
cell 36.57934854017743 31.623297806708752 0.0 2.23606797749979 0.4472135954999579 1 0 0 0.40690083424470025 0.9134723373430457 0.8381175145626446
cell 40.38398551667206 38.831951772857344 0.0 2.23606797749979 0.4472135954999579 1 0 0 0.3348245224309293 0.9422804992033423 0.6828379949418919
cell 3.3614216767099308 32.334671086490445 0.0 2.23606797749979 0.4472135954999579 1 0 0 -0.5489444545143943 -0.8358588312974231 1.1622017719437174
cell 54.056600599960014 54.12594806172966 0.0 2.23606797749979 0.4472135954999579 1 0 0 -0.3636349218784488 -0.9315415415269759 0.7443339724959479
cell 47.88740955522164 32.09461584600159 0.0 2.23606797749979 0.4472135954999579 1 0 0 0.4422471881851758 0.8968932068771096 0.9162053100305195
cell 48.5464877065516 26.273470186390025 0.0 2.23606797749979 0.4472135954999579 1 0 0 0.43583672408136537 0.9000257495994344 0.9019354691212383
cell 22.7370611625905 22.984575337218867 0.0 2.23606797749979 0.4472135954999579 1 0 0 0.3001883779369644 0.9538799388558155 0.609780267767545
cell 31.86347154037795 34.49029674959281 0.0 2.23606797749979 0.4472135954999579 1 0 0 -0.2819585254119831 -0.9594265943507612 0.5716696972042028
cell 22.42166459726706 9.35640105676269 0.0 2.23606797749979 0.4472135954999579 1 0 0 0.491555971827335 0.8708459832604639 1.0277511794953134
cell 7.484148133000522 55.04071004931502 0.0 2.23606797749979 0.4472135954999579 1 0 0 0.44119281019866696 0.8974123379077218 0.9138548121050941
cell 42.551457050340304 33.197392284356006 0.0 2.23606797749979 0.4472135954999579 1 0 0 -0.40132911843138036 -0.9159339161200938 0.825934985777149
cell 14.993905807590064 9.842263115289578 0.0 2.23606797749979 0.4472135954999579 1 0 0 0.42176711734371136 0.9067041958255052 0.8707867689449139
cell 28.654276333093232 10.459338268667391 0.0 2.23606797749979 0.4472135954999579 1 0 0 0.5355338905689816 0.8445137370416481 1.1302796149291539
cell 24.396073430917024 2.7117863241006552 0.0 2.23606797749979 0.4472135954999579 1 0 0 0.5391511865542444 0.8422089990240844 1.1388578841666457
cell 47.56400799420291 16.981160031025627 0.0 2.23606797749979 0.4472135954999579 1 0 0 0.43214676305312477 0.9018032907362372 0.8937438909254656
cell 2.091602854612999 6.661671106553974 0.0 2.23606797749979 0.4472135954999579 1 0 0 0.3323185099243347 0.9431672216323412 0.6775214624213706
cell 14.80990416039413 3.307069669330086 0.0 2.23606797749979 0.4472135954999579 1 0 0 0.43335592425876207 0.9012228597355008 0.8964264055945964
cell 53.668682489585144 47.10853547635835 0.0 2.23606797749979 0.4472135954999579 1 0 0 0.42887177460582515 0.9033653751093466 0.8864869848730966
cell 27.905731669501645 5.6987017371260835 0.0 2.23606797749979 0.4472135954999579 1 0 0 0.5501659757826719 0.8350553269640884 1.1651259701609162
cell 49.97710815776057 30.663545681988452 0.0 2.23606797749979 0.4472135954999579 1 0 0 0.4703340890412294 0.8824884388397147 0.9793386318995783
cell 16.532165524459643 48.12180619306866 0.0 2.23606797749979 0.4472135954999579 1 0 0 0.48585772838520513 0.8740379098004664 1.0146884806917513
cell 5.386934256082002 42.37327502412254 0.0 2.23606797749979 0.4472135954999579 1 0 0 0.5005149661882108 0.8657278837034269 1.0483870189498914
cell 49.01542811730423 51.687297507882796 0.0 2.23606797749979 0.4472135954999579 1 0 0 -0.37627547266900796 -0.9265078351895977 0.7715460712527786
cell 48.729095624185156 52.84734630858833 0.0 2.23606797749979 0.4472135954999579 1 0 0 -0.33747126456048865 -0.9413358304005774 0.688458545891768
cell 50.018469703113404 35.92636280845289 0.0 2.23606797749979 0.4472135954999579 1 0 0 0.4237829985949188 0.9057637496068713 0.875235687172761
cell 36.14023181229628 21.277697850754272 0.0 2.23606797749979 0.4472135954999579 1 0 0 0.48108884628045 0.8766718439556191 1.0037926247692834
cell 16.48964288634889 53.46581073166415 0.0 2.23606797749979 0.4472135954999579 1 0 0 0.495385399118771 0.8686733024215352 1.0365568791775317
cell 31.97105561272751 18.94240102613421 0.0 2.23606797749979 0.4472135954999579 1 0 0 0.48946274664188477 0.8720242081787536 1.0229470943964396
cell 39.60636815572867 16.24477167092877 0.0 2.23606797749979 0.4472135954999579 1 0 0 0.44992096675456894 0.8930683756995508 0.9333536815519703
cell 20.694223981392938 23.983659909707097 0.0 2.23606797749979 0.4472135954999579 1 0 0 -0.27573222592411645 -0.9612344873062618 0.5587027500694202
cell 9.300370606912379 43.22282827018478 0.0 2.23606797749979 0.4472135954999579 1 0 0 0.5104019891531337 0.8599359333511564 1.0713043790645416
cell 1.6813683315273182 41.544430313081634 0.0 2.23606797749979 0.4472135954999579 1 0 0 -0.47554923132416127 -0.879689109053306 0.9911765470143754
cell 47.027143539827875 27.280913771610557 0.0 2.23606797749979 0.4472135954999579 1 0 0 0.42788362269134106 0.9038338372911993 0.8842998395728421
cell 23.09112762081903 8.895772876075341 0.0 2.23606797749979 0.4472135954999579 1 0 0 0.4970604163487817 0.8677159342199358 1.0404154995262336
cell 25.016482208662065 29.69335353912072 0.0 2.23606797749979 0.4472135954999579 1 0 0 -0.2443472606306028 -0.9696877931696987 0.4936929830765191
cell 53.5120426616232 33.64111845976439 0.0 2.23606797749979 0.4472135954999579 1 0 0 0.5061863060404154 0.8624241552607157 1.0615139183539795
cell 10.853794206945409 0.8443102361330941 0.0 2.23606797749979 0.4472135954999579 1 0 0 -0.4329292355530377 -0.9014279100424295 0.8954796027974954
cell 9.524641188347214 10.597441328722153 0.0 2.23606797749979 0.4472135954999579 1 0 0 -0.3117202766205378 -0.9501739152090082 0.6340059642432605
cell 2.717258581267742 33.62063071656561 0.0 2.23606797749979 0.4472135954999579 1 0 0 -0.5268763640496059 -0.8499419374321208 1.1098424885635545
cell 19.479681496471315 17.95535311141019 0.0 2.23606797749979 0.4472135954999579 1 0 0 0.33622537442022643 0.9417815551368472 0.6858121044791534
cell 55.23535695441044 51.74189353597632 0.0 2.23606797749979 0.4472135954999579 1 0 0 -0.4203634683170184 -0.907355803698024 0.8676917252375675
cell 47.79729359969451 26.778670125496962 0.0 2.23606797749979 0.4472135954999579 1 0 0 0.4355488463522703 0.9001650973244888 0.9012958086604977
cell 13.887175006471749 50.21006517270321 0.0 2.23606797749979 0.4472135954999579 1 0 0 0.4963149193280323 0.8681425579087854 1.0386976245305566
cell 32.93601649713555 23.70984643219371 0.0 2.23606797749979 0.4472135954999579 1 0 0 0.4218065740215779 0.906685840913036 0.8708738030127336
cell 39.58824264971797 23.645813198884962 0.0 2.23606797749979 0.4472135954999579 1 0 0 0.48082025707545584 0.8768191834043622 1.0031799288416676
cell 10.895570114693344 17.00053788750253 0.0 2.23606797749979 0.4472135954999579 1 0 0 0.2293091451107252 0.9733536438358816 0.4627357116852357
cell 26.19353643301228 23.812933358343304 0.0 2.23606797749979 0.4472135954999579 1 0 0 0.3445359666892379 0.9387731183078861 0.7034888852424375
cell 21.678686312484636 26.85290584866741 0.0 2.23606797749979 0.4472135954999579 1 0 0 -0.2677470665078529 -0.963489236253545 0.5421079245252169
cell 38.31398241722731 11.681527799512384 0.0 2.23606797749979 0.4472135954999579 1 0 0 0.4162878211119328 0.9092328909547209 0.8587174530125098
cell 45.36492614238334 36.587272972989624 0.0 2.23606797749979 0.4472135954999579 1 0 0 0.3545107580549673 0.9350519356823408 0.7247815819719888
cell 52.63997240929074 48.43634242493093 0.0 2.23606797749979 0.4472135954999579 1 0 0 -0.38561677230722985 -0.9226590404452525 0.7917524037423824
cell 2.5668293895819065 3.3556191720975796 0.0 2.23606797749979 0.4472135954999579 1 0 0 -0.3469477447237887 -0.9378844611310483 0.708629464393824
cell 41.914945787794906 33.75407966483905 0.0 2.23606797749979 0.4472135954999579 1 0 0 -0.3895426760737439 -0.9210084166376039 0.8002699871442118
cell 18.279565103801495 52.247049664573765 0.0 2.23606797749979 0.4472135954999579 1 0 0 0.5076512056296566 0.8615626810759366 1.0649127824422764
cell 17.636148686087942 13.328742000126038 0.0 2.23606797749979 0.4472135954999579 1 0 0 -0.3994883428072563 -0.9167382745152032 0.8219173005315268
cell 12.227800222120415 15.289106125056344 0.0 2.23606797749979 0.4472135954999579 1 0 0 -0.2865403244375448 -0.9580681825795211 0.5812275648149541
cell 40.14843500383279 35.6721459497629 0.0 2.23606797749979 0.4472135954999579 1 0 0 -0.41254194272167205 -0.9109386068750345 0.850485540565904
cell 55.13169659782702 30.68693686770069 0.0 2.23606797749979 0.4472135954999579 1 0 0 -0.5014739488760055 -0.8651727449467566 1.050603166021074
cell 35.52643063686916 21.832901190060017 0.0 2.23606797749979 0.4472135954999579 1 0 0 0.47936869217823336 0.8776136148438731 0.9998704499777215
cell 22.095974814172862 48.987641083014275 0.0 2.23606797749979 0.4472135954999579 1 0 0 -0.4124935644232747 -0.9109605146818284 0.8503793254680128
cell 55.669444814586676 44.17913367532091 0.0 2.23606797749979 0.4472135954999579 1 0 0 0.41796074033483893 0.9084650898844453 0.8623988539233213
cell 39.12091155953982 43.8768551561736 0.0 2.23606797749979 0.4472135954999579 1 0 0 0.32655043026055225 0.945179779987198 0.6653032382930814
cell 41.80473765585449 20.136328565036635 0.0 2.23606797749979 0.4472135954999579 1 0 0 0.4356289596225812 0.9001263297660765 0.9014738093309502
cell 31.997136421176535 13.343490425631801 0.0 2.23606797749979 0.4472135954999579 1 0 0 0.5347148693848877 0.845032548756971 1.1283405828308344
cell 45.57332017616477 28.30938209752187 0.0 2.23606797749979 0.4472135954999579 1 0 0 0.4345002747267976 0.9006717000452148 0.8989667325143358
cell 2.373572258594154 46.41969826855781 0.0 2.23606797749979 0.4472135954999579 1 0 0 0.4407629185208612 0.8976235567636205 0.9128968553960096
cell 5.892357908232022 8.764433492411314 0.0 2.23606797749979 0.4472135954999579 1 0 0 -0.30537972804576247 -0.9522306557230218 0.6206743623448547
cell 37.178682763898756 7.163472973027355 0.0 2.23606797749979 0.4472135954999579 1 0 0 0.4606677389923083 0.8875726642093674 0.9574947442701053
cell 9.331838151468112 11.639583638521206 0.0 2.23606797749979 0.4472135954999579 1 0 0 -0.31488888671773174 -0.9491285418854853 0.6406791660720783
cell 35.87938857036081 27.099880920998107 0.0 2.23606797749979 0.4472135954999579 1 0 0 0.44169154731832994 0.8971669727690267 0.9149664645215811
cell 31.30485656829011 19.40674390882509 0.0 2.23606797749979 0.4472135954999579 1 0 0 0.4801663910663548 0.8771774261176085 1.0016887834762496
cell 40.98579678796423 54.017624937176876 0.0 2.23606797749979 0.4472135954999579 1 0 0 0.3984786997401374 0.917177586868219 0.8197151428723375
cell 27.24063550325814 33.20265188315122 0.0 2.23606797749979 0.4472135954999579 1 0 0 -0.2856618232150114 -0.9583304872315581 0.5793939146985441
cell 33.95086736298891 3.9860701040401625 0.0 2.23606797749979 0.4472135954999579 1 0 0 0.4168360761770419 0.9089816750613443 0.8599235923950448
cell 1.496039704619896 7.569290358904685 0.0 2.23606797749979 0.4472135954999579 1 0 0 -0.3163208482425697 -0.9486522655678956 0.6436973465646982
cell 49.34880323618949 38.84847437049659 0.0 2.23606797749979 0.4472135954999579 1 0 0 0.4212995240195358 0.906921557280955 0.869755479412299
cell 0.199103317432364 37.1372785231468 0.0 2.23606797749979 0.4472135954999579 1 0 0 0.5086422225703117 0.8609779842822542 1.067214073439335
cell 3.008331825973379 40.36983932705117 0.0 2.23606797749979 0.4472135954999579 1 0 0 0.46860599255649343 0.8834072807828468 0.9754242536859663
cell 3.4899053138427454 53.69444881445682 0.0 2.23606797749979 0.4472135954999579 1 0 0 0.45130917841843593 0.8923676515177342 0.9364637596795837
cell 20.014790145070293 0.3225223573328909 0.0 2.23606797749979 0.4472135954999579 1 0 0 0.5149931811575085 0.8571942739900155 1.0819993887825092
cell 52.263006091660856 49.37891235930547 0.0 2.23606797749979 0.4472135954999579 1 0 0 -0.3498425861081223 -0.9368084996119437 0.7148061325610016
cell 5.478210003047335 9.617406522835806 0.0 2.23606797749979 0.4472135954999579 1 0 0 -0.3075170259709525 -0.9515425785207831 0.625165016985469
cell 12.781977847031865 14.505212356802481 0.0 2.23606797749979 0.4472135954999579 1 0 0 -0.3073704392441553 -0.9515899395637046 0.6248569213061312
cell 30.78688237510648 24.76518482950451 0.0 2.23606797749979 0.4472135954999579 1 0 0 0.4028899013753952 0.9152484511703499 0.8293443295845967
cell 0.8219978807901472 36.442253451925986 0.0 2.23606797749979 0.4472135954999579 1 0 0 0.5212684081563145 0.853392785684401 1.0966731788445891
cell 47.52671474254487 54.69659197589569 0.0 2.23606797749979 0.4472135954999579 1 0 0 -0.3258549001226358 -0.9454197925081044 0.6638316837309057
cell 17.097668829433108 3.047943992050065 0.0 2.23606797749979 0.4472135954999579 1 0 0 0.4778434627568931 0.8784450040272879 0.9963962401275178
cell 45.61768179877323 45.66716941576635 0.0 2.23606797749979 0.4472135954999579 1 0 0 -0.3281364121789125 -0.9446303483386244 0.6686601502330713
cell 41.83482268724282 43.24001566968285 0.0 2.23606797749979 0.4472135954999579 1 0 0 0.3254139306424148 0.9455716650491668 0.6628989043247048
cell 8.22690129942353 53.23794027333252 0.0 2.23606797749979 0.4472135954999579 1 0 0 0.4458872492052036 0.8950891357826977 0.9243305151217751
cell 52.07722137073376 34.61077385285181 0.0 2.23606797749979 0.4472135954999579 1 0 0 0.4861211567952287 0.8738914239858797 1.015291316064869
cell 49.30239520794405 25.73792132648859 0.0 2.23606797749979 0.4472135954999579 1 0 0 0.4512311396728775 0.8924071148245716 0.9362888608699851
cell 34.41667078835719 38.33111400662938 0.0 2.23606797749979 0.4472135954999579 1 0 0 0.3181107376868101 0.9480535631325656 0.6474720782828908
cell 18.90697893130162 20.868715600224256 0.0 2.23606797749979 0.4472135954999579 1 0 0 -0.2906606986451858 -0.9568261902054587 0.589834552034862
cell 0.28606669846050253 42.482953368726314 0.0 2.23606797749979 0.4472135954999579 1 0 0 0.4456364497888827 0.8952140272692115 0.9237701644060835
cell 1.378116784621008 53.474225298621576 0.0 2.23606797749979 0.4472135954999579 1 0 0 0.4575526666855209 0.8891825218755531 0.9504818048636045
cell 36.1999205976267 7.896479273605894 0.0 2.23606797749979 0.4472135954999579 1 0 0 0.44211827930112435 0.8969567587725804 0.9159178637305546
cell 2.584981413462546 5.7833512154172295 0.0 2.23606797749979 0.4472135954999579 1 0 0 -0.32666285154001373 -0.9451409320433366 0.6655411265595825
cell 29.32144076062487 27.856932419238927 0.0 2.23606797749979 0.4472135954999579 1 0 0 0.3210663020965888 0.947056719345796 0.6537103685625951
cell 25.30915222502519 7.425335409126458 0.0 2.23606797749979 0.4472135954999579 1 0 0 -0.5171131445625313 -0.8559170495560015 1.0869493585684138
cell 43.272864170602006 24.49631482492632 0.0 2.23606797749979 0.4472135954999579 1 0 0 0.43643421172044616 0.8997361717970178 0.903263395020831
cell 27.66739881591364 19.785445214588794 0.0 2.23606797749979 0.4472135954999579 1 0 0 0.42660969205010923 0.9044358300337901 0.8814818297295299
cell 21.60401726464576 23.40271741240719 0.0 2.23606797749979 0.4472135954999579 1 0 0 0.27073528620545195 0.9626538343575286 0.548313522324889
cell 22.32909652803236 14.312377661243287 0.0 2.23606797749979 0.4472135954999579 1 0 0 0.4186159134544673 0.9081633757219468 0.8638414672118968
cell 15.780315718649476 54.22175096574438 0.0 2.23606797749979 0.4472135954999579 1 0 0 0.49651169748512036 0.8680300307365203 1.0391509853485592
cell 44.210976703845276 18.433374988121408 0.0 2.23606797749979 0.4472135954999579 1 0 0 0.4844885033062605 0.8747976281198181 1.0115567401261396
cell 36.68484519438464 20.475243281296066 0.0 2.23606797749979 0.4472135954999579 1 0 0 0.48272702316910987 0.8757708724902248 1.007531808700641
cell 32.68609717495735 12.483972369568452 0.0 2.23606797749979 0.4472135954999579 1 0 0 0.5310955211246152 0.8473119540295495 1.119785958790178
cell 15.658898023836441 18.110276511391625 0.0 2.23606797749979 0.4472135954999579 1 0 0 -0.2865846015775961 -0.9580549389980778 0.5813199954934314
cell 17.82989943516315 6.586310703577366 0.0 2.23606797749979 0.4472135954999579 1 0 0 0.40500475422764715 0.914314578825583 0.83396806077207
cell 49.61119563353226 46.61356458230525 0.0 2.23606797749979 0.4472135954999579 1 0 0 -0.3162230278373522 -0.9486848774305287 0.6434911198421744
cell 47.92280326507204 21.26940850628444 0.0 2.23606797749979 0.4472135954999579 1 0 0 -0.504812884073401 -0.8632287947430246 1.0583303774756798
cell 49.91195802625574 38.26064414543857 0.0 2.23606797749979 0.4472135954999579 1 0 0 0.4171240632834014 0.9088495562137581 0.860557286214351
cell 8.164054261356432 38.095501743883595 0.0 2.23606797749979 0.4472135954999579 1 0 0 0.5075268811192334 0.8616359236599781 1.0646241923520434
cell 19.706894651325005 6.0556146351750595 0.0 2.23606797749979 0.4472135954999579 1 0 0 0.47729988328584705 0.8787404744378836 0.9951588534990293
cell 1.0144456463459481 34.70598459579359 0.0 2.23606797749979 0.4472135954999579 1 0 0 0.49886586633142666 0.8666792067480303 1.0445793703486588
cell 4.967919863056394 51.33348285454686 0.0 2.23606797749979 0.4472135954999579 1 0 0 0.4475481462813637 0.8942598373851501 0.9280433662739382
cell 13.819285685466566 0.5942184006577149 0.0 2.23606797749979 0.4472135954999579 1 0 0 -0.48250587197688566 -0.8758927351610043 1.0070268003415404
cell 27.214162745943632 16.826465468749923 0.0 2.23606797749979 0.4472135954999579 1 0 0 0.46826573138285804 0.8835876893735432 0.9746539941771925
cell 50.30094607997599 49.06735297632904 0.0 2.23606797749979 0.4472135954999579 1 0 0 -0.2961717080356277 -0.9551347126763109 0.6013640642128895
cell 11.759720134355373 16.183146776008808 0.0 2.23606797749979 0.4472135954999579 1 0 0 -0.27618084826434675 -0.961105685682894 0.5596362421503525
cell 21.869956499064237 4.383130386211873 0.0 2.23606797749979 0.4472135954999579 1 0 0 0.5146842853223879 0.8573797795855597 1.0812787530511228
cell 52.16269423893023 42.35179670490707 0.0 2.23606797749979 0.4472135954999579 1 0 0 0.43418217389728203 0.9008250883883232 0.8982604291154024
cell 8.083297353552156 45.45692065271017 0.0 2.23606797749979 0.4472135954999579 1 0 0 0.4612410421870872 0.8872748734198268 0.9587868060673805
cell 8.823532845472927 44.5809815871215 0.0 2.23606797749979 0.4472135954999579 1 0 0 0.48102824792524773 0.8767050956267828 1.0036543810093477
cell 43.73066946532255 31.899524370160208 0.0 2.23606797749979 0.4472135954999579 1 0 0 0.44529344220870704 0.8953846940426896 0.9230039233228132
cell 42.58804646061886 19.579034660133168 0.0 2.23606797749979 0.4472135954999579 1 0 0 0.4645595297338675 0.8855418924779606 0.96627428866509
cell 33.84093813889426 28.04821344095125 0.0 2.23606797749979 0.4472135954999579 1 0 0 0.3990216444297499 0.9169415070093502 0.8208992419323503
cell 42.40005861297743 36.99840920146944 0.0 2.23606797749979 0.4472135954999579 1 0 0 -0.4145669718532137 -0.9100188052169343 0.8549338121911783
cell 54.80322219406225 3.6843484759111815 0.0 2.23606797749979 0.4472135954999579 1 0 0 -0.3243180383317669 -0.9459481011200533 0.6605814192893833
cell 14.93862152695434 13.103378568071975 0.0 2.23606797749979 0.4472135954999579 1 0 0 -0.35007893810176777 -0.9367202021401795 0.7153107461111876
cell 42.90165372040887 46.29006317025679 0.0 2.23606797749979 0.4472135954999579 1 0 0 0.30125828827009365 0.9535425757398425 0.6120239452175771
cell 11.303127823430247 47.220534033416804 0.0 2.23606797749979 0.4472135954999579 1 0 0 0.502628231328116 0.864502666896968 1.0532725276200328
cell 8.875673236523607 52.73433628608711 0.0 2.23606797749979 0.4472135954999579 1 0 0 0.45910240295621846 0.8883833539637187 0.953969126259939
cell 18.46359173142004 11.890234768086717 0.0 2.23606797749979 0.4472135954999579 1 0 0 0.4291737989572264 0.9032219274843931 0.8871557028435016
cell 43.22028762278465 13.714966053035699 0.0 2.23606797749979 0.4472135954999579 1 0 0 -0.4872053057714034 -0.873287461279614 1.0177733717860589
cell 24.06893061903226 18.853415862097854 0.0 2.23606797749979 0.4472135954999579 1 0 0 -0.3970070948598877 -0.9178155406348882 0.816507273496252
cell 23.779085266794972 13.720461410139695 0.0 2.23606797749979 0.4472135954999579 1 0 0 0.44334656772582476 0.8963502780083971 0.9186575802597006
cell 2.717896306678165 1.2420242545734692 0.0 2.23606797749979 0.4472135954999579 1 0 0 0.37753760993458096 0.9259942511079019 0.7742713304136037
cell 48.57055645636853 43.47142502315534 0.0 2.23606797749979 0.4472135954999579 1 0 0 -0.35922626467525565 -0.933250497330413 0.7348773705849743
cell 45.12382730324102 17.806808056735495 0.0 2.23606797749979 0.4472135954999579 1 0 0 0.5102978839469675 0.8599977149035033 1.071062264594266
cell 19.737557483433942 19.215210313529106 0.0 2.23606797749979 0.4472135954999579 1 0 0 -0.3219883466677695 -0.9467436319353599 0.6556578695179116
cell 51.97101497849661 55.90577060566491 0.0 2.23606797749979 0.4472135954999579 1 0 0 0.31232367321016385 0.949975748718098 0.635276172755356
cell 26.10719131958436 6.862428329512212 0.0 2.23606797749979 0.4472135954999579 1 0 0 0.5269182911621474 0.8499159455138858 1.1099411488408717
cell 35.08700363240542 37.53921371762705 0.0 2.23606797749979 0.4472135954999579 1 0 0 0.30258597793417746 0.9531220939405494 0.6148093106163314
cell 49.44532017088589 45.3117728425606 0.0 2.23606797749979 0.4472135954999579 1 0 0 -0.3521225537315048 -0.9359539022588684 0.7196758725657952
cell 45.98234603050427 35.99904324666147 0.0 2.23606797749979 0.4472135954999579 1 0 0 0.3881243508061732 0.9216070140310818 0.7971910484490314
cell 12.785047666138768 45.3328341708576 0.0 2.23606797749979 0.4472135954999579 1 0 0 0.49845923904545963 0.8669131369463848 1.0436411399048318
cell 51.42009369230713 35.07922190293814 0.0 2.23606797749979 0.4472135954999579 1 0 0 0.4737917357664044 0.8806369235499143 0.9871829800472178
cell 30.47791832312363 23.22739736127179 0.0 2.23606797749979 0.4472135954999579 1 0 0 0.42142447661339 0.9068635015872732 0.8700310414874095
cell 46.34921597462976 22.368010426079177 0.0 2.23606797749979 0.4472135954999579 1 0 0 0.44641862060821136 0.8948242370288491 0.9255179946846834
cell 21.80802650165889 18.970076530680608 0.0 2.23606797749979 0.4472135954999579 1 0 0 0.3505137034136439 0.9365576029904685 0.7162390981215068
cell 1.359339087794453 1.1047411736524675 0.0 2.23606797749979 0.4472135954999579 1 0 0 -0.368258542016861 -0.929723424590139 0.7542704634566606
cell 4.538854756885881 37.73419906705864 0.0 2.23606797749979 0.4472135954999579 1 0 0 0.514604840787413 0.857427465059384 1.0810934388470543
cell 2.890402204959698 38.66816217943548 0.0 2.23606797749979 0.4472135954999579 1 0 0 0.49388963570131517 0.8695245987013951 1.0331147784885746
cell 4.641437676836232 4.123904271727053 0.0 2.23606797749979 0.4472135954999579 1 0 0 -0.37298044350987836 -0.9278392041507917 0.7644383926548288
cell 28.997467453568714 31.759667984335948 0.0 2.23606797749979 0.4472135954999579 1 0 0 0.2693111238313398 0.9630532272832592 0.5453553109897638
cell 39.447793095043124 39.237518465119464 0.0 2.23606797749979 0.4472135954999579 1 0 0 -0.34832669132329913 -0.9373732000178814 0.7115708124112992
cell 40.74561099761703 43.68965741072569 0.0 2.23606797749979 0.4472135954999579 1 0 0 -0.29757737223533703 -0.9546977047911615 0.6043081213626769
cell 50.08859736958115 25.19220874343647 0.0 2.23606797749979 0.4472135954999579 1 0 0 0.46751257994324175 0.8839864182185233 0.9729496211819063
cell 53.667138258108736 5.49718474928976 0.0 2.23606797749979 0.4472135954999579 1 0 0 0.32319155356609786 0.9463335668270106 0.6582001995128995
cell 30.2676280010294 9.200066219547606 0.0 2.23606797749979 0.4472135954999579 1 0 0 0.5467728938742411 0.8372809579372911 1.1570101927707834
cell 55.52920180379586 1.7634909273401231 0.0 2.23606797749979 0.4472135954999579 1 0 0 0.3429877961177465 0.9393398595366276 0.700191596444393
cell 27.892347596776013 10.95775396818579 0.0 2.23606797749979 0.4472135954999579 1 0 0 0.5251331427992548 0.8510200833903847 1.1057431127545556
cell 14.443978594877752 10.441263457294555 0.0 2.23606797749979 0.4472135954999579 1 0 0 0.40924674020771995 0.9124237533237257 0.843256700049078
cell 47.120410986076806 21.82980255169878 0.0 2.23606797749979 0.4472135954999579 1 0 0 0.4820129126096091 0.8761641125255024 1.005901358881306
cell 7.722491251030615 14.314534930734482 0.0 2.23606797749979 0.4472135954999579 1 0 0 0.2845179274794163 0.9586707197692113 0.5770070709226486
cell 29.46897184406312 9.911418473901008 0.0 2.23606797749979 0.4472135954999579 1 0 0 -0.5301769916420911 -0.8478869957331236 1.1176185921981645
cell 5.132604257976939 49.975978324194394 0.0 2.23606797749979 0.4472135954999579 1 0 0 0.4616676422851938 0.8870529792897549 0.9597485225601584
cell 47.098760819352364 41.08235875560263 0.0 2.23606797749979 0.4472135954999579 1 0 0 -0.3829648649673413 -0.9237629090846557 0.7860074427552703
cell 54.23722016219671 4.5549368161993655 0.0 2.23606797749979 0.4472135954999579 1 0 0 0.3040540559492569 0.9526547806318961 0.6178906319279223
cell 9.631428367151257 3.4380650647356097 0.0 2.23606797749979 0.4472135954999579 1 0 0 0.4183189239188814 0.9083002135259846 0.8631874721971935
cell 30.700195061188154 19.85322516440005 0.0 2.23606797749979 0.4472135954999579 1 0 0 0.4582453203068691 0.8888257570620098 0.9520400733925282
cell 16.77163409497545 13.634990229082941 0.0 2.23606797749979 0.4472135954999579 1 0 0 0.3816297279454596 0.9243152875227557 0.7831176585631278
cell 21.236162794087495 15.377597386891665 0.0 2.23606797749979 0.4472135954999579 1 0 0 -0.4145890217877682 -0.9100087598551244 0.8549822728518333
cell 45.582233468395806 22.895452283960587 0.0 2.23606797749979 0.4472135954999579 1 0 0 0.4395160449730554 0.8982347389247664 0.9101196354996657
cell 54.887106779210995 38.102992956706466 0.0 2.23606797749979 0.4472135954999579 1 0 0 0.47610805846569765 0.8793867844492683 0.9924472758664984
cell 35.18113077052443 15.825689996065725 0.0 2.23606797749979 0.4472135954999579 1 0 0 0.532636122036426 0.8463443516099092 1.1234244785577825
cell 16.706116131821947 21.933186173808718 0.0 2.23606797749979 0.4472135954999579 1 0 0 -0.26088909079546957 -0.9653687804688492 0.5278861482093609
cell 5.6328936799992215 35.02698161408427 0.0 2.23606797749979 0.4472135954999579 1 0 0 -0.5270031207611995 -0.8498633482554455 1.1101407738140496
cell 9.99487647278841 49.0925695786131 0.0 2.23606797749979 0.4472135954999579 1 0 0 -0.4634655610291377 -0.8861149325792601 0.9638043553231039
cell 12.560553629644534 6.238239413814583 0.0 2.23606797749979 0.4472135954999579 1 0 0 0.43747716550196414 0.8992295200138656 0.9055824023691441
cell 15.121082109381357 22.23761286476977 0.0 2.23606797749979 0.4472135954999579 1 0 0 -0.3110193091656872 -0.9504035928625789 0.6325306917640479
cell 8.769496677014143 6.641254606356243 0.0 2.23606797749979 0.4472135954999579 1 0 0 -0.4401647564708 -0.8979170268799903 0.9115643051136448
cell 22.665430749736153 3.883606997404927 0.0 2.23606797749979 0.4472135954999579 1 0 0 0.5218047498638317 0.8530649465424915 1.0979303835903673
cell 24.53829768194347 7.934163531157004 0.0 2.23606797749979 0.4472135954999579 1 0 0 0.5198329303448607 0.854267946565406 1.0933107370053434
cell 46.163645006176964 42.30083438668426 0.0 2.23606797749979 0.4472135954999579 1 0 0 -0.3718261026298665 -0.9283024019160373 0.7619507791507303
cell 6.040453207568023 1.2967665262824957 0.0 2.23606797749979 0.4472135954999579 1 0 0 0.4387458072124065 0.8986112155173303 0.9084049916559513
cell 50.35850114846483 51.23802726801469 0.0 2.23606797749979 0.4472135954999579 1 0 0 -0.2939033175838747 -0.9558351531060113 0.5966159215510034
cell 40.93090041198953 37.81932511349124 0.0 2.23606797749979 0.4472135954999579 1 0 0 -0.3964655699874361 -0.9180495911520997 0.8153273941088832
cell 48.2207295108915 39.991516689782976 0.0 2.23606797749979 0.4472135954999579 1 0 0 0.38204741922884505 0.9241427213696914 0.7840215282193856
cell 9.000718990975717 4.084928107135755 0.0 2.23606797749979 0.4472135954999579 1 0 0 -0.4199926168495704 -0.9075275212310919 0.8668743691966752
cell 21.11216665206608 4.89352172806243 0.0 2.23606797749979 0.4472135954999579 1 0 0 0.493159885525244 0.8699386916954138 1.0314366743577488
cell 53.79741736253593 21.404772046379065 0.0 2.23606797749979 0.4472135954999579 1 0 0 -0.4604494093199216 -0.8876859475382808 0.9570028054171607
cell 26.466927872156845 11.988052569259256 0.0 2.23606797749979 0.4472135954999579 1 0 0 0.5126939084686768 0.8585714624998388 1.0766390502151468
cell 3.92254826098874 1.0828722336988077 0.0 2.23606797749979 0.4472135954999579 1 0 0 0.43657532375264946 0.8996677090405486 0.9035770811997189
cell 9.256971224486541 9.278607593008196 0.0 2.23606797749979 0.4472135954999579 1 0 0 0.33268845064378433 0.9430367939843272 0.6783059814058351
cell 8.549914246553358 4.910009234324896 0.0 2.23606797749979 0.4472135954999579 1 0 0 -0.42991647762072543 -0.9028686628021754 0.8888005342282241
cell 49.27101241025688 31.157303668270423 0.0 2.23606797749979 0.4472135954999579 1 0 0 0.45637110411269016 0.8897895342894094 0.947825074208411
cell 29.578506743136458 31.011437508792124 0.0 2.23606797749979 0.4472135954999579 1 0 0 0.2980903929300111 0.9545376460060816 0.6053829405191787
cell 30.01627170315356 20.291612124517286 0.0 2.23606797749979 0.4472135954999579 1 0 0 0.4453264039248788 0.8953683007384926 0.9230775498168392
cell 7.409867740519311 46.328965045771376 0.0 2.23606797749979 0.4472135954999579 1 0 0 0.4760903334255374 0.8793963807173422 0.9924069638132318
cell 54.870859785492854 45.89455463801222 0.0 2.23606797749979 0.4472135954999579 1 0 0 -0.42466709823807985 -0.9053495765029379 0.8771882973384324
cell 32.67806868636584 29.944184899499028 0.0 2.23606797749979 0.4472135954999579 1 0 0 0.3643669998466676 0.9312554372580804 0.7459059697428121
cell 13.677902570272908 10.867298318114104 0.0 2.23606797749979 0.4472135954999579 1 0 0 -0.40202906694630436 -0.9156269050930537 0.8274636240243582
cell 30.199929819996772 25.322492776311677 0.0 2.23606797749979 0.4472135954999579 1 0 0 0.38551417384651804 0.9227019138180199 0.7915300115640518
cell 19.34688462199658 24.425533768803916 0.0 2.23606797749979 0.4472135954999579 1 0 0 -0.24653406188711147 -0.969134127110093 0.4982045894418343
cell 46.304560448073964 27.794687134725987 0.0 2.23606797749979 0.4472135954999579 1 0 0 0.4263570387297841 0.9045549599253598 0.8809231683585937
cell 1.5177245489654325 49.48051166646451 0.0 2.23606797749979 0.4472135954999579 1 0 0 0.41593055054329814 0.9093963806419888 0.8579316511569728
cell 50.72586013236308 35.53553987757251 0.0 2.23606797749979 0.4472135954999579 1 0 0 0.44493202175673746 0.8955643449889361 0.9221967078427821
cell 19.176909516437807 0.8857653076602147 0.0 2.23606797749979 0.4472135954999579 1 0 0 0.49433525777246956 0.8692713344652669 1.0341399064012828
cell 16.07161888899055 15.040947810442667 0.0 2.23606797749979 0.4472135954999579 1 0 0 0.33377137575332766 0.9426540557000384 0.680603123571368
cell 39.42063081715483 33.66996991460072 0.0 2.23606797749979 0.4472135954999579 1 0 0 0.3995137294660837 0.9167272113164858 0.8219726856129954
cell 26.92419070062002 6.292632605113563 0.0 2.23606797749979 0.4472135954999579 1 0 0 0.5404013293189429 0.8414073943520579 1.141828020451511
cell 12.017397660660901 52.8602198606113 0.0 2.23606797749979 0.4472135954999579 1 0 0 0.4776880896400106 0.8785295037823586 0.9960425113379722
cell 25.651910607769512 28.853797245583213 0.0 2.23606797749979 0.4472135954999579 1 0 0 0.2702065176664351 0.9628023877258399 0.5472150428691428
cell 33.94109683511698 17.360591769742793 0.0 2.23606797749979 0.4472135954999579 1 0 0 0.5058351801101515 0.8626301470288008 1.0606997389395723
cell 5.987881594132385 4.260277750768356 0.0 2.23606797749979 0.4472135954999579 1 0 0 -0.40078344154739376 -0.916172818294358 0.8247436209781425
cell 46.06236579640391 17.176837310333102 0.0 2.23606797749979 0.4472135954999579 1 0 0 0.5170620195730499 0.855947935282888 1.0868298982373266
cell 32.96650678004875 4.693132743150298 0.0 2.23606797749979 0.4472135954999579 1 0 0 0.4078614684339751 0.9130438229169954 0.8402212662219
cell 48.213103860010484 48.646644935918815 0.0 2.23606797749979 0.4472135954999579 1 0 0 -0.3113299758503955 -0.9503018710583454 0.6331844841329106
cell 9.503511903328857 52.09725624576066 0.0 2.23606797749979 0.4472135954999579 1 0 0 0.49233239293327385 0.8704072695402977 1.0295347708327198
cell 20.113641015531357 16.502392227049977 0.0 2.23606797749979 0.4472135954999579 1 0 0 0.3787026821150019 0.9255183836958096 0.7767883470512356
cell 24.585963859638255 26.1058941925003 0.0 2.23606797749979 0.4472135954999579 1 0 0 0.2864520059740006 0.9580945925499585 0.5810431995519857
cell 50.729653713469 24.448538190830995 0.0 2.23606797749979 0.4472135954999579 1 0 0 0.4770402440414771 0.878881451371485 0.9945679659169646
cell 14.631062248206305 49.39122000013889 0.0 2.23606797749979 0.4472135954999579 1 0 0 0.4998615390952026 0.8661053294682901 1.0468778041894131
cell 33.351419128614594 33.33934740718016 0.0 2.23606797749979 0.4472135954999579 1 0 0 0.31089680836369976 0.950443672475789 0.6322729102914346
cell 27.1627220322794 11.512181052106596 0.0 2.23606797749979 0.4472135954999579 1 0 0 0.5143584400938 0.857575299961626 1.080518744282257
cell 35.365887176702735 41.42226032885894 0.0 2.23606797749979 0.4472135954999579 1 0 0 0.3067816747399622 0.9517799136584802 0.6236196116273672
cell 30.51293055100457 36.12762059869244 0.0 2.23606797749979 0.4472135954999579 1 0 0 0.2791772613831579 0.9602395829826013 0.565874393592319
cell 44.78601550396781 37.15379230506626 0.0 2.23606797749979 0.4472135954999579 1 0 0 -0.3602030209944117 -0.9328739377142549 0.7369710278172894
cell 25.514585137985385 25.584529422639914 0.0 2.23606797749979 0.4472135954999579 1 0 0 -0.2928599431706651 -0.9561553501843071 0.5944331192664825
cell 10.848116910273232 41.30588784311965 0.0 2.23606797749979 0.4472135954999579 1 0 0 0.5027565859573457 0.8644280278175356 1.0535694848766455
cell 30.536560302034246 14.492754646721446 0.0 2.23606797749979 0.4472135954999579 1 0 0 0.5157059408383948 0.8567656520799524 1.0836628107306139
cell 36.948540076628355 41.15628788217908 0.0 2.23606797749979 0.4472135954999579 1 0 0 0.2916980982069945 0.9565104387838235 0.5920033276584183
cell 33.42285864181836 26.54244753186967 0.0 2.23606797749979 0.4472135954999579 1 0 0 0.40696712320243433 0.9134428064374555 0.8382626531213361
cell 37.153091220100094 26.171998232715982 0.0 2.23606797749979 0.4472135954999579 1 0 0 0.4725477136441594 0.8813050881106256 0.9843587737855057
cell 5.089982739658307 36.44874823387286 0.0 2.23606797749979 0.4472135954999579 1 0 0 0.5312134234594684 0.8472380413652774 1.120064268276433
cell 50.004783302861625 18.359241419927145 0.0 2.23606797749979 0.4472135954999579 1 0 0 -0.4352349288350053 -0.9003169201575565 0.900598400941818
cell 45.001833723313986 50.50227209711235 0.0 2.23606797749979 0.4472135954999579 1 0 0 0.3530409679943204 0.9356078638605135 0.7216387555562928
cell 52.20958933369827 54.82092103429752 0.0 2.23606797749979 0.4472135954999579 1 0 0 0.34809495213721486 0.937459281407246 0.7110763913103205
cell 25.12472031378012 17.80913560982247 0.0 2.23606797749979 0.4472135954999579 1 0 0 0.41827750770023453 0.9083192866784676 0.8630962781554362
cell 33.30016445424392 28.52727769171725 0.0 2.23606797749979 0.4472135954999579 1 0 0 0.3921118406232937 0.9199175530682153 0.8058523145683106
cell 55.423057430349786 45.244573814757295 0.0 2.23606797749979 0.4472135954999579 1 0 0 0.41072939443071593 0.9117572947613731 0.8465078113311914
cell 18.349879751814537 1.418686025227899 0.0 2.23606797749979 0.4472135954999579 1 0 0 0.49077564364541604 0.8712859849695894 1.0259595169945066
cell 53.869431584525486 51.73386283263866 0.0 2.23606797749979 0.4472135954999579 1 0 0 -0.3496071360289472 -0.9368963925843867 0.7143034918753388
cell 11.4726696051255 0.31936205628123204 0.0 2.23606797749979 0.4472135954999579 1 0 0 0.42321320538787804 0.906030122449203 0.8739777224626606
cell 42.5557235238455 25.157027719402237 0.0 2.23606797749979 0.4472135954999579 1 0 0 0.4575805485006271 0.8891681739883999 0.9505445187370125
cell 54.29735790765499 46.48837901510435 0.0 2.23606797749979 0.4472135954999579 1 0 0 0.42392157010754167 0.9056989027251587 0.875541675291642
cell 36.416706846910195 13.031819660912891 0.0 2.23606797749979 0.4472135954999579 1 0 0 0.37004234633904975 0.9290148878871053 0.7581092045265335
cell 31.107404866564075 8.280550747855388 0.0 2.23606797749979 0.4472135954999579 1 0 0 -0.5204153449814751 -0.8539132676729014 1.094674560958425
cell 38.17607585695794 40.706385587919755 0.0 2.23606797749979 0.4472135954999579 1 0 0 0.33671524508676437 0.9416065227716724 0.6868525074874064
cell 43.39821409377089 18.99253845263265 0.0 2.23606797749979 0.4472135954999579 1 0 0 0.4769193297703128 0.8789470705858434 0.9942928212837693
cell 31.266485350067732 13.9771171253531 0.0 2.23606797749979 0.4472135954999579 1 0 0 0.5201506122733575 0.8540745521040018 1.0940545736190956
cell 35.23273069775483 27.536635180414315 0.0 2.23606797749979 0.4472135954999579 1 0 0 0.43561454769791164 0.9001333044799219 0.9014417874505611
cell 33.10104479829389 38.771071537487416 0.0 2.23606797749979 0.4472135954999579 1 0 0 -0.271981443923418 -0.9623024961836754 0.550902999341301
cell 37.35757530976479 12.33545099792041 0.0 2.23606797749979 0.4472135954999579 1 0 0 0.4213758143196981 0.9068861136363326 0.8699237228293725
cell 21.793076828388426 14.8584054364131 0.0 2.23606797749979 0.4472135954999579 1 0 0 0.41228869100727145 0.9110532559996208 0.8499295518857565
cell 7.387863349071565 39.157857937177084 0.0 2.23606797749979 0.4472135954999579 1 0 0 0.5347497306683238 0.8450104884261231 1.1284230926431036
cell 52.241043819723544 29.148693780487008 0.0 2.23606797749979 0.4472135954999579 1 0 0 0.5069610019982755 0.8619689915843287 1.0633109468498492
cell 39.445529099880474 30.032306148803727 0.0 2.23606797749979 0.4472135954999579 1 0 0 0.461888929946507 0.8869377748144853 0.960247482680787
cell 11.254035976076617 53.385892136722426 0.0 2.23606797749979 0.4472135954999579 1 0 0 0.4655458824701614 0.8850237461871171 0.9685026220580322
cell 23.325493615943998 26.506568062647567 0.0 2.23606797749979 0.4472135954999579 1 0 0 -0.24739899817872785 -0.9689136884677406 0.4999897595026326
cell 51.4400773635956 0.7435827380115877 0.0 2.23606797749979 0.4472135954999579 1 0 0 -0.3218290536407548 -0.9467977926847402 0.6553213719381539
cell 48.5584555724779 31.63271057709639 0.0 2.23606797749979 0.4472135954999579 1 0 0 0.44762880774723035 0.8942194643792949 0.9282237686207419
cell 6.875902293096189 40.537634998276886 0.0 2.23606797749979 0.4472135954999579 1 0 0 0.5098089650522837 0.8602876374517534 1.0699254325428846
cell 12.780580561697038 52.31769479380131 0.0 2.23606797749979 0.4472135954999579 1 0 0 0.48417417645894145 0.8749716377405075 1.0108381840283256
cell 20.354207757225037 5.401722380506851 0.0 2.23606797749979 0.4472135954999579 1 0 0 0.4923525928562693 0.8703958434572793 1.0295811860139514
cell 38.98187489331976 24.303525153078343 0.0 2.23606797749979 0.4472135954999579 1 0 0 0.47307132198779706 0.881024133785629 0.9855472198981272
cell 5.870818871234408 49.44916703246149 0.0 2.23606797749979 0.4472135954999579 1 0 0 0.47672183386092365 0.8790542037441593 0.9938434566298475
cell 16.427997714088264 7.739431849101463 0.0 2.23606797749979 0.4472135954999579 1 0 0 0.46791111057577556 0.8837755329266275 0.9738513955990419
cell 13.611882728019948 19.366844502585995 0.0 2.23606797749979 0.4472135954999579 1 0 0 0.2272133725370534 0.9738449996484749 0.45843050785527145
cell 1.478894993795627 10.427946202168036 0.0 2.23606797749979 0.4472135954999579 1 0 0 0.3480143813184144 0.937489194815365 0.7109045021735839
cell 6.323238212428609 41.80238404171498 0.0 2.23606797749979 0.4472135954999579 1 0 0 0.48786294810118225 0.8729202391226951 1.019279818696205
cell 7.618586811192728 53.80008338383801 0.0 2.23606797749979 0.4472135954999579 1 0 0 0.4550188101344853 0.890481825992983 0.9447866751232226
cell 53.23398591913712 26.654940438033822 0.0 2.23606797749979 0.4472135954999579 1 0 0 0.4885708004379503 0.8725242535078441 1.0209019895551492
cell 16.29402131027381 16.335684434796708 0.0 2.23606797749979 0.4472135954999579 1 0 0 -0.3198620164950233 -0.9474641367375007 0.6511676983449686
cell 44.56986086099065 30.119719633669526 0.0 2.23606797749979 0.4472135954999579 1 0 0 -0.4664216401367656 -0.8845625210306671 0.9704821979879119
cell 50.899807789283365 1.621307150295129 0.0 2.23606797749979 0.4472135954999579 1 0 0 -0.3190304939696968 -0.9477444507447412 0.6494126989692539
cell 45.88845214670046 44.526177087127245 0.0 2.23606797749979 0.4472135954999579 1 0 0 -0.3070534074973524 -0.9516922847981194 0.6241906370529335
cell 46.50829389303711 35.40521552878252 0.0 2.23606797749979 0.4472135954999579 1 0 0 0.41442208280654835 0.9100847967537323 0.8546153928524054
cell 49.88609396574808 2.259000117772495 0.0 2.23606797749979 0.4472135954999579 1 0 0 -0.348394490304736 -0.9373480032118825 0.7117154717479313
cell 27.270021933858125 28.64530818081953 0.0 2.23606797749979 0.4472135954999579 1 0 0 0.2671978744758461 0.9636416843804496 0.5409680081630031
cell 2.4010083177322463 41.04319820600327 0.0 2.23606797749979 0.4472135954999579 1 0 0 -0.46866498357451636 -0.8833759862997739 0.9755578094403141
cell 17.67819840980824 2.1512704013433326 0.0 2.23606797749979 0.4472135954999579 1 0 0 0.48496088023741435 0.8745358452569867 1.0126368701913593
cell 51.88076061085609 46.4956606846144 0.0 2.23606797749979 0.4472135954999579 1 0 0 0.37682807461168455 0.9262832192069824 0.7727390863528452
cell 37.797939211258154 25.672658719409895 0.0 2.23606797749979 0.4472135954999579 1 0 0 0.47713224885136524 0.8788315066644111 0.9947773398295446
cell 44.157054849910075 37.73642054136656 0.0 2.23606797749979 0.4472135954999579 1 0 0 -0.3924185516282841 -0.9197867580792625 0.8065191847828128
cell 47.05097384395518 34.79824146709141 0.0 2.23606797749979 0.4472135954999579 1 0 0 0.4156491318687697 0.9095250404341477 0.8573127818226032
cell 20.993342718573572 10.199903449640514 0.0 2.23606797749979 0.4472135954999579 1 0 0 0.4450725465071103 0.8954945160891138 0.9225105439832647
cell 52.716540961119684 21.923564989472414 0.0 2.23606797749979 0.4472135954999579 1 0 0 0.5171642482335737 0.8558861725422386 1.0870687733945277
cell 13.293521571111075 51.2034381526816 0.0 2.23606797749979 0.4472135954999579 1 0 0 0.4990629131635291 0.8665657555573794 1.0450341169898754
cell 28.567392519833085 24.896171249526653 0.0 2.23606797749979 0.4472135954999579 1 0 0 0.36276663131240133 0.931880019748386 0.7424701097581763
cell 13.690933041886126 44.60410910861744 0.0 2.23606797749979 0.4472135954999579 1 0 0 0.49290501847527984 0.8700831240530321 1.0308507804434663
cell 25.122711026521944 12.877585584466333 0.0 2.23606797749979 0.4472135954999579 1 0 0 0.4949869985258315 0.8689003805329979 1.0356397368661208
cell 41.030287346869315 20.672787642422556 0.0 2.23606797749979 0.4472135954999579 1 0 0 0.4513328166802195 0.8923556962262859 0.9365167387854201
cell 29.17133777788208 15.50421575301576 0.0 2.23606797749979 0.4472135954999579 1 0 0 0.5071059114961466 0.8618837476862308 1.063647192502923
cell 37.30084446485722 19.80895208610833 0.0 2.23606797749979 0.4472135954999579 1 0 0 0.48744609925575827 0.8731530795458179 1.0183248786417463
cell 48.6380350378126 20.492717163439696 0.0 2.23606797749979 0.4472135954999579 1 0 0 0.5321117193785846 0.8466741510758236 1.122185501806521
cell 39.31190639231124 11.097094221654208 0.0 2.23606797749979 0.4472135954999579 1 0 0 0.46502277034243306 0.8852987196777418 0.9673206631266175
cell 55.46100907265003 54.260757162499445 0.0 2.23606797749979 0.4472135954999579 1 0 0 0.3736754788235038 0.9275595056523463 0.7659367989595062
cell 4.350305412203219 11.397033193388582 0.0 2.23606797749979 0.4472135954999579 1 0 0 0.3027391967251419 0.9530734382859569 0.6151308280851201
cell 54.20043289076803 38.554958944022474 0.0 2.23606797749979 0.4472135954999579 1 0 0 0.4728785283998375 0.8811276283140849 0.9851095877001818
cell 56.04325561965827 30.106272957519142 0.0 2.23606797749979 0.4472135954999579 1 0 0 -0.48371326858731944 -0.8752265271303035 1.0097847996282772
cell 32.833678850523356 34.0509434186044 0.0 2.23606797749979 0.4472135954999579 1 0 0 0.28930211317988525 0.9572378426021679 0.5869953884251585
cell 25.380187998485386 2.1010703566025746 0.0 2.23606797749979 0.4472135954999579 1 0 0 -0.5204482135945465 -0.8538932351097795 1.0947515453545238
cell 31.235638507514697 35.2535717726781 0.0 2.23606797749979 0.4472135954999579 1 0 0 0.2812185133632255 0.9596437608517951 0.570127258679064
cell 11.409261865219321 7.52088157486716 0.0 2.23606797749979 0.4472135954999579 1 0 0 0.4192218620284554 0.9078838198786201 0.8651761209653213
cell 44.030240514414785 23.978756935339625 0.0 2.23606797749979 0.4472135954999579 1 0 0 0.4249929474203071 0.905196660755551 0.877908188765679
cell 44.32802156859649 31.26561794878367 0.0 2.23606797749979 0.4472135954999579 1 0 0 0.4567014492214634 0.8896200235375861 0.948567669084391
cell 51.453929551285285 29.674324283305978 0.0 2.23606797749979 0.4472135954999579 1 0 0 0.49523889410341776 0.868756834659287 1.0362195878830405
cell 51.994790938082005 53.43188479640044 0.0 2.23606797749979 0.4472135954999579 1 0 0 -0.34026722340536486 -0.9403287811590175 0.6944021274843237
cell 38.119671272161604 30.992942862225227 0.0 2.23606797749979 0.4472135954999579 1 0 0 0.4348122123401527 0.9005211491130355 0.8996594681320289
cell 11.542272899212875 10.126151759616654 0.0 2.23606797749979 0.4472135954999579 1 0 0 0.355251967671358 0.9347705811939251 0.7263672074971428
cell 31.87629045757168 5.82259076682142 0.0 2.23606797749979 0.4472135954999579 1 0 0 0.41853657179648435 0.908199943882869 0.8636667408076006
cell 52.909426136743505 28.361907840151485 0.0 2.23606797749979 0.4472135954999579 1 0 0 0.5223844476559939 0.8527100848747727 1.0992897604347178
cell 8.299851714599804 13.337143042339882 0.0 2.23606797749979 0.4472135954999579 1 0 0 -0.29094283825288614 -0.9567404375635823 0.5904243190208902
cell 44.85277816132018 28.91054458344111 0.0 2.23606797749979 0.4472135954999579 1 0 0 -0.44028674904191073 -0.8978572150504253 0.9118360376467765
cell 10.825437409523396 48.47098957962004 0.0 2.23606797749979 0.4472135954999579 1 0 0 0.4772569142803815 0.8787638122792544 0.9950610579925677
cell 44.81826313014114 54.30316899793056 0.0 2.23606797749979 0.4472135954999579 1 0 0 -0.4235334116090282 -0.90588048287333 0.8746846143300102
cell 28.499761855534018 15.956173506470572 0.0 2.23606797749979 0.4472135954999579 1 0 0 0.49744672206607754 0.8674945294961315 1.041306009856805
cell 7.128974772190062 55.922131907051366 0.0 2.23606797749979 0.4472135954999579 1 0 0 0.4301017636547462 0.9027804123379488 0.8892109927961073
cell 1.8377349928847952 34.180058724861574 0.0 2.23606797749979 0.4472135954999579 1 0 0 0.49973249405825615 0.8661797933352607 1.0465798277535274
cell 4.567212441553099 44.94408767643482 0.0 2.23606797749979 0.4472135954999579 1 0 0 0.49144458475259223 0.8709088471920309 1.0274953752394136
cell 15.568914634576787 48.7726113423366 0.0 2.23606797749979 0.4472135954999579 1 0 0 -0.5052278800661738 -0.8629859727735092 1.0592920098115561
cell 36.757771309772615 36.21841894738536 0.0 2.23606797749979 0.4472135954999579 1 0 0 -0.3084676415463932 -0.9512348364724695 0.6271633915485912
cell 26.534045981631746 17.25464364286241 0.0 2.23606797749979 0.4472135954999579 1 0 0 0.4417349561192684 0.8971456005255267 0.9150632342852802
cell 23.094906880501707 22.134745162355337 0.0 2.23606797749979 0.4472135954999579 1 0 0 0.32214566014851226 0.9466901148989987 0.6559902043157754
cell 8.900201976634802 12.476751017360675 0.0 2.23606797749979 0.4472135954999579 1 0 0 -0.29962242426633906 -0.9540578613882713 0.6085937434396484
cell 9.180719287138903 32.04523393388619 0.0 2.23606797749979 0.4472135954999579 1 0 0 -0.41130373709276685 -0.9114983465994462 0.8477678488816576
cell 38.3572164927152 44.764391566920104 0.0 2.23606797749979 0.4472135954999579 1 0 0 0.35225920265337585 0.9359024811090138 0.7199678798433671
cell 14.629992751436385 0.12722804332708465 0.0 2.23606797749979 0.4472135954999579 1 0 0 0.487029739748165 0.8733853860701097 1.0173713136149167
cell 23.49794677821834 19.414008764013147 0.0 2.23606797749979 0.4472135954999579 1 0 0 0.38330904310271946 0.9236201478290075 0.7867526658536589
cell 16.411568144287383 3.746090003364397 0.0 2.23606797749979 0.4472135954999579 1 0 0 0.4537345447920343 0.8911368934469975 0.9419033082030221
cell 15.208363079994607 55.21955241955521 0.0 2.23606797749979 0.4472135954999579 1 0 0 0.4964054815720844 0.868090777433551 1.0389062652521153
cell 31.12741865437572 30.94278403735899 0.0 2.23606797749979 0.4472135954999579 1 0 0 0.2902900126673368 0.9569387172361653 0.5890597735408643
cell 5.2307900602701345 44.23756983894592 0.0 2.23606797749979 0.4472135954999579 1 0 0 0.5076965193190918 0.8615359796730947 1.0650179736085326
cell 52.79550894967663 34.13880636632736 0.0 2.23606797749979 0.4472135954999579 1 0 0 0.4953406670736756 0.868698810602965 1.0364538913495351
cell 8.037280597573062 7.187281760758456 0.0 2.23606797749979 0.4472135954999579 1 0 0 -0.35841023678299927 -0.9335641928486517 0.7331288781511516
cell 40.737160969768055 28.891986631848162 0.0 2.23606797749979 0.4472135954999579 1 0 0 0.44936487565480193 0.8933483131051093 0.9321085273048337
cell 48.669084126947176 47.078214484801094 0.0 2.23606797749979 0.4472135954999579 1 0 0 0.2964241561227956 0.9550563960661634 0.6018926984098399
cell 14.940061044358734 18.83945831037876 0.0 2.23606797749979 0.4472135954999579 1 0 0 -0.26380863511109776 -0.9645750380560445 0.533937188784809
cell 20.935138457046303 55.810146676310616 0.0 2.23606797749979 0.4472135954999579 1 0 0 0.5245644822087541 0.8513707206646595 1.1044069669812213
cell 42.192919587464566 26.320895137137054 0.0 2.23606797749979 0.4472135954999579 1 0 0 0.48345251984920534 0.8753705849818428 1.009189005805971
cell 17.03531930330929 7.1704841796541965 0.0 2.23606797749979 0.4472135954999579 1 0 0 0.48064706274426167 0.8769141355202993 1.0027848988134138
cell 41.9063828828146 27.522796296672194 0.0 2.23606797749979 0.4472135954999579 1 0 0 0.4785033139419343 0.8780857466936738 0.9978988637593137
cell 42.133391020077006 47.17552627601999 0.0 2.23606797749979 0.4472135954999579 1 0 0 -0.34401308771328604 -0.9389648531664915 0.702375036621639
cell 39.887402936004044 22.47503940936489 0.0 2.23606797749979 0.4472135954999579 1 0 0 0.48294935279862816 0.8756482870601565 1.008039578932825
cell 34.27831628101707 50.337699984328786 0.0 2.23606797749979 0.4472135954999579 1 0 0 0.9278328472507679 -0.372996256767455 3.906065132564054
cell 26.844672786391445 22.367007089645163 0.0 2.23606797749979 0.4472135954999579 1 0 0 -0.383078073460425 -0.9237159680517866 0.7862525519023205
cell 19.030944544818876 11.364361275031678 0.0 2.23606797749979 0.4472135954999579 1 0 0 0.4339710468136485 0.9009268175204166 0.8977917140121191
cell 19.57512827142476 10.831415696243553 0.0 2.23606797749979 0.4472135954999579 1 0 0 0.4291975667083307 0.9032106336462431 0.8872083319902838
cell 6.5189827568384535 0.5547921334530869 0.0 2.23606797749979 0.4472135954999579 1 0 0 0.42054258397743055 0.9072728007945492 0.8680865512849183
cell 52.877110837058204 40.68144778707256 0.0 2.23606797749979 0.4472135954999579 1 0 0 0.4199139839605561 0.9075639074326247 0.8667010823027514
cell 3.0872738258811294 45.96599020591427 0.0 2.23606797749979 0.4472135954999579 1 0 0 0.4818233690800496 0.8762683612959846 1.0054687178942165
cell 32.61493639874076 18.491639076978153 0.0 2.23606797749979 0.4472135954999579 1 0 0 0.4937362751172206 0.8696116895680348 1.032762050333268
cell 29.84761518831714 15.019742403910097 0.0 2.23606797749979 0.4472135954999579 1 0 0 0.518513727820594 0.8550693036599963 1.090223687303058
cell 54.24063495748652 33.139765538106616 0.0 2.23606797749979 0.4472135954999579 1 0 0 0.5128155469116991 0.8584988147025335 1.0769224129742228
cell 53.534271509377064 39.00739893563022 0.0 2.23606797749979 0.4472135954999579 1 0 0 0.4415738786982313 0.8972248935754066 0.9147041614602778
cell 47.66038166122691 40.51610473185388 0.0 2.23606797749979 0.4472135954999579 1 0 0 -0.3723846473060511 -0.9280784850704966 0.7631542922083048
cell 19.152200842811887 6.809420558552824 0.0 2.23606797749979 0.4472135954999579 1 0 0 0.4593990098006147 0.888230009510045 0.9546369290531378
cell 0.952736579740554 29.514914023835303 0.0 2.23606797749979 0.4472135954999579 1 0 0 -0.508307757895189 -0.8611754892375687 1.0664372212573197
cell 52.066519312146625 51.35830594731746 0.0 2.23606797749979 0.4472135954999579 1 0 0 -0.32401500717902904 -0.9460519410279616 0.659940761480935
cell 36.47330761975552 26.642664360345186 0.0 2.23606797749979 0.4472135954999579 1 0 0 0.47200899207267566 0.881593733758661 0.9831364199032946
cell 1.124039370852676 51.70044064558893 0.0 2.23606797749979 0.4472135954999579 1 0 0 -0.44311510023241957 -0.8964647276641802 0.9181411466256968
cell 12.083986196366476 55.79316585666605 0.0 2.23606797749979 0.4472135954999579 1 0 0 0.4379333928195023 0.8990074212450081 0.906597234835949
cell 19.277506998467256 51.67322080693136 0.0 2.23606797749979 0.4472135954999579 1 0 0 0.5268281445245969 0.8499718266723729 1.1097290251020204
cell 37.6156535141718 18.549139822056524 0.0 2.23606797749979 0.4472135954999579 1 0 0 0.496973056477123 0.8677659714092195 1.0402141494083175
cell 12.81698858719612 5.094549568269878 0.0 2.23606797749979 0.4472135954999579 1 0 0 0.4539662852182378 0.8910188616887712 0.9424234432680512
cell 47.166849550305194 32.48685281016913 0.0 2.23606797749979 0.4472135954999579 1 0 0 0.42564563126767974 0.904889936170548 0.879350514939894
cell 38.81778850390156 39.976807346318274 0.0 2.23606797749979 0.4472135954999579 1 0 0 0.3586006286606994 0.9334910760816898 0.7335367758287584
cell 54.87326537146199 32.39671958336332 0.0 2.23606797749979 0.4472135954999579 1 0 0 -0.5184279936034414 -0.855121286981157 1.0900231617767222
cell 42.29194096069888 14.383554445186606 0.0 2.23606797749979 0.4472135954999579 1 0 0 0.4879614978489909 0.8728651537419564 1.019505619068019
cell 20.695975764872852 15.948220886036587 0.0 2.23606797749979 0.4472135954999579 1 0 0 -0.40785021236637303 -0.9130488509782511 0.8401966101510165
cell 19.55522380537898 20.201543388173423 0.0 2.23606797749979 0.4472135954999579 1 0 0 -0.3025101712521748 -0.9531461568348161 0.6146502423804066
cell 33.54236120074814 23.25243366866341 0.0 2.23606797749979 0.4472135954999579 1 0 0 0.445191624073676 0.8954353230996881 0.9227765009488244
cell 43.09000185529864 39.03511623561684 0.0 2.23606797749979 0.4472135954999579 1 0 0 -0.40976253865150075 -0.9121922285998041 0.8443874550904704
cell 42.489757218071546 42.493221787044874 0.0 2.23606797749979 0.4472135954999579 1 0 0 -0.34425383173073976 -0.9388766156096889 0.7028878467179922
cell 44.371758295967595 51.43757366713593 0.0 2.23606797749979 0.4472135954999579 1 0 0 0.36153041605250136 0.9323603156875057 0.7398176296992436
cell 50.70746929108072 30.18853045566108 0.0 2.23606797749979 0.4472135954999579 1 0 0 0.4865602452429307 0.8736470269789391 1.016296360476268
cell 4.5662770725295445 52.27349362416414 0.0 2.23606797749979 0.4472135954999579 1 0 0 0.43216455315636104 0.9017947654511878 0.8937833456214266
cell 49.935218154818514 7.377513052116275 0.0 2.23606797749979 0.4472135954999579 1 0 0 0.9428711633755497 -0.3331575742420356 3.8208936434460554
cell 6.121411388178521 7.750032525103947 0.0 2.23606797749979 0.4472135954999579 1 0 0 -0.3185345106139071 -0.9479112645959846 0.6483661305645416
cell 50.88430020854449 22.8255383752508 0.0 2.23606797749979 0.4472135954999579 1 0 0 0.5016863301453589 0.8650496090660246 1.051094157870287
cell 25.200496767341207 21.921346864265043 0.0 2.23606797749979 0.4472135954999579 1 0 0 0.3553783295745924 0.9347225486040082 0.7266375736215813
cell 38.054713040969595 34.420007385006485 0.0 2.23606797749979 0.4472135954999579 1 0 0 0.4190235678271211 0.9079753573778476 0.8647393157261711
cell 28.444338178544555 28.319411124894753 0.0 2.23606797749979 0.4472135954999579 1 0 0 0.30667803471855626 0.9518133131140601 0.6234018339638497
cell 38.80406636736935 30.513867960157356 0.0 2.23606797749979 0.4472135954999579 1 0 0 -0.4528822353043145 -0.8915703454836121 0.9399909147282726
cell 55.52341924316474 25.41935451929211 0.0 2.23606797749979 0.4472135954999579 1 0 0 0.49139416122105983 0.8709372987292777 1.0273795819320968
cell 40.114196470623675 29.480333843032277 0.0 2.23606797749979 0.4472135954999579 1 0 0 0.4574588629316837 0.8892307848501709 0.9502708218409393
cell 11.936687652713903 46.172801795356726 0.0 2.23606797749979 0.4472135954999579 1 0 0 0.4879947938370052 0.8728465393114524 1.0195819111342124
cell 45.750839321248336 49.53158871764568 0.0 2.23606797749979 0.4472135954999579 1 0 0 -0.3628206024883512 -0.9318590077957019 0.7425859439498463
cell 32.29675152314167 24.157701566067384 0.0 2.23606797749979 0.4472135954999579 1 0 0 0.4194743393934383 0.9077671940483631 0.8657323453970407
cell 50.98384662145499 43.51576009945752 0.0 2.23606797749979 0.4472135954999579 1 0 0 0.4116902437765958 0.91132384100229 0.8486159989221065
cell 41.32811809841246 15.029546680365202 0.0 2.23606797749979 0.4472135954999579 1 0 0 0.437507288882862 0.899214864297943 0.9056494011179691
cell 38.394191273252446 46.44956116471727 0.0 2.23606797749979 0.4472135954999579 1 0 0 -0.39784424273690633 -0.9174529734657235 0.8183318518890603
cell 10.970818821153342 8.366128993319235 0.0 2.23606797749979 0.4472135954999579 1 0 0 -0.42488623856223606 -0.9052467532559477 0.8776724258423609
cell 33.98964868385257 9.43883383486441 0.0 2.23606797749979 0.4472135954999579 1 0 0 0.40126500652967306 0.915962004962401 0.8257949955059913
cell 34.824774447566384 33.481370608318095 0.0 2.23606797749979 0.4472135954999579 1 0 0 -0.35127355702907925 -0.9362728705522435 0.7178619969038067
cell 15.258818664314163 8.850641775444975 0.0 2.23606797749979 0.4472135954999579 1 0 0 0.4486826568374008 0.8936911510434302 0.9305814904420323
cell 2.3622249129067687 47.70700143850285 0.0 2.23606797749979 0.4472135954999579 1 0 0 0.41533013010079955 0.9096707552903154 0.8566113691094687
cell 17.924745679008737 12.424457956279102 0.0 2.23606797749979 0.4472135954999579 1 0 0 0.4218658149797051 0.9066582785986732 0.8710044808194857
cell 24.439457499950695 13.340633462656903 0.0 2.23606797749979 0.4472135954999579 1 0 0 -0.4742575139887795 -0.8803861711914736 0.9882409518884838
cell 38.254516651952585 36.13941696320979 0.0 2.23606797749979 0.4472135954999579 1 0 0 0.3583132121507239 0.9336014363732686 0.7329210237847908
cell 4.124125807058818 53.07502904581683 0.0 2.23606797749979 0.4472135954999579 1 0 0 -0.42818484449531363 -0.9036911745416817 0.884966434611278
cell 3.711296772058234 38.23352285593235 0.0 2.23606797749979 0.4472135954999579 1 0 0 0.5143693040171377 0.8575687838797104 1.0805440807503468
cell 0.8428526692835264 50.0735845239658 0.0 2.23606797749979 0.4472135954999579 1 0 0 0.40952915268444817 0.9122970311809405 0.8438757810106619
