500
 Lattice="88.6226925452758 0.0 0.0 0.0 88.6226925452758 0.0 0.0 0.0 1.0"Properties=species:S:1:pos:R:3:aspherical_shape:R:3:orientation:R:4:Color:R:1
cell 63.402388586621896 86.88805576680268 0.0 2.23606797749979 0.4472135954999579 1 0 0 0.7488064526490906 0.6627887268738699 1.6925188926145935
cell 42.57206176177474 22.66841711700038 0.0 2.23606797749979 0.4472135954999579 1 0 0 0.7383265086735461 -0.6744434495122122 4.622013938538329
cell 76.21555857926333 47.5231802566519 0.0 2.23606797749979 0.4472135954999579 1 0 0 0.7235549445133945 0.6902667906470792 1.6178772336757468
cell 59.68897418400634 77.16671603850831 0.0 2.23606797749979 0.4472135954999579 1 0 0 0.7096205007789964 0.7045840935432521 1.5779188972689437
cell 35.292005354720104 60.503564900858656 0.0 2.23606797749979 0.4472135954999579 1 0 0 0.5160767796563933 0.8565423267413506 1.084528595088806
cell 54.285271264706196 65.1264054299616 0.0 2.23606797749979 0.4472135954999579 1 0 0 0.7375901858693036 0.6752486339929066 1.6589891739312423
cell 72.92708917233155 11.973614275111634 0.0 2.23606797749979 0.4472135954999579 1 0 0 0.7680495979887179 0.6403903614432128 1.751579836972404
cell 71.81567321251656 86.46213222785292 0.0 2.23606797749979 0.4472135954999579 1 0 0 0.7622959723603819 0.6472285921706022 1.733706265544102
cell 50.70242274893832 36.807644887161466 0.0 2.23606797749979 0.4472135954999579 1 0 0 0.6922370732279587 0.7216701701253765 1.529168636413726
cell 75.05891896953892 87.31518745938087 0.0 2.23606797749979 0.4472135954999579 1 0 0 0.785185676856528 0.6192604079540013 1.8059918130834132
cell 57.5472988590401 7.031772256655784 0.0 2.23606797749979 0.4472135954999579 1 0 0 0.6288487922659826 0.7775276178153514 1.3601434460431363
cell 55.65461340442454 29.678178755154015 0.0 2.23606797749979 0.4472135954999579 1 0 0 0.6490885766556541 0.7607128365258056 1.4127714118209924
cell 73.47134230973057 33.945528810069156 0.0 2.23606797749979 0.4472135954999579 1 0 0 0.703080103605069 0.7111106579954244 1.5594393468280061
cell 67.74187967705606 12.01970997346658 0.0 2.23606797749979 0.4472135954999579 1 0 0 0.733777608363444 0.6793897419481871 1.6477313578028971
cell 60.20249995846401 64.29533041371701 0.0 2.23606797749979 0.4472135954999579 1 0 0 -0.716740403380397 -0.6973400850102522 1.598233380739912
cell 55.23553940422721 87.32522772053454 0.0 2.23606797749979 0.4472135954999579 1 0 0 -0.580757668306224 -0.8140764894673705 1.2393181820441574
cell 63.301206133636825 68.83784146522332 0.0 2.23606797749979 0.4472135954999579 1 0 0 0.7461585023221557 0.6657683451564496 1.6845464934564403
cell 57.69526994471721 0.36677513758280933 0.0 2.23606797749979 0.4472135954999579 1 0 0 0.6701580008912161 0.7422184677313606 1.4688432870591792
cell 63.78592457931808 24.760358047335878 0.0 2.23606797749979 0.4472135954999579 1 0 0 0.7657664365158273 0.643118779624613 1.7444644717859714
cell 65.64916831334011 32.92866464419484 0.0 2.23606797749979 0.4472135954999579 1 0 0 0.7732354573609683 0.6341190168097579 1.7678553727730588
cell 59.67207296821846 55.42852642630218 0.0 2.23606797749979 0.4472135954999579 1 0 0 0.7104227851966205 0.7037751532083784 1.5801975327312836
cell 51.498337137646644 52.030881314608095 0.0 2.23606797749979 0.4472135954999579 1 0 0 0.6410425831290683 0.7675053137374435 1.391711802805776
cell 68.30147344090682 87.21658955357651 0.0 2.23606797749979 0.4472135954999579 1 0 0 0.7721131510651097 0.6354850761051019 1.7643194484332116
cell 55.9809064949589 2.838064196999445 0.0 2.23606797749979 0.4472135954999579 1 0 0 0.5567649931094006 0.8306700563086942 1.1809724785235172
cell 67.25295927047331 65.02403696381025 0.0 2.23606797749979 0.4472135954999579 1 0 0 -0.7797074964253536 -0.6261439291553557 1.788397061125509
cell 59.77784913627609 42.228195488330876 0.0 2.23606797749979 0.4472135954999579 1 0 0 0.7309860540149177 0.6823924009217129 1.6395316602141825
cell 53.34787750851007 74.01579184635145 0.0 2.23606797749979 0.4472135954999579 1 0 0 -0.7435491012603604 -0.6686813396640512 1.6767248490267415
cell 66.71430870928958 51.34401643842575 0.0 2.23606797749979 0.4472135954999579 1 0 0 0.7695151432136498 0.638628565259084 1.7561631767586903
cell 58.51819678932144 19.727465732198265 0.0 2.23606797749979 0.4472135954999579 1 0 0 0.699449035507639 0.7146824796561292 1.5492525668482533
cell 50.21539914298647 49.39429238486394 0.0 2.23606797749979 0.4472135954999579 1 0 0 0.7263159216183379 0.6873610274111447 1.6258938354666028
cell 69.73274959136518 39.059879676453455 0.0 2.23606797749979 0.4472135954999579 1 0 0 -0.8184353562843393 -0.5745986143245793 1.917365387488564
cell 35.10063614052725 14.160810577191333 0.0 2.23606797749979 0.4472135954999579 1 0 0 0.8703934142250853 0.49235688730188293 2.112001599763079
cell 74.70835488644761 3.0730497733566917 0.0 2.23606797749979 0.4472135954999579 1 0 0 -0.8017478156364818 -0.5976624801023819 1.8604278548912188
cell 63.05739004574398 46.67790051080522 0.0 2.23606797749979 0.4472135954999579 1 0 0 0.7953049785195603 0.6062095274259567 1.8390210090898544
cell 73.32926966513854 44.91050528720379 0.0 2.23606797749979 0.4472135954999579 1 0 0 -0.7469463331668397 0.6648843323230083 4.596270560110577
cell 62.54797052748682 86.75342165105273 0.0 2.23606797749979 0.4472135954999579 1 0 0 0.7358161654281332 0.6771813425476503 1.6537422644291884
cell 56.50257933678886 18.42157671147556 0.0 2.23606797749979 0.4472135954999579 1 0 0 0.6625588969755336 0.7490098183859569 1.448459987708139
cell 70.95185739452971 78.67540189062446 0.0 2.23606797749979 0.4472135954999579 1 0 0 -0.8017312046711954 -0.5976847626102524 1.860372269485767
cell 55.12452660346454 5.9471479985227385 0.0 2.23606797749979 0.4472135954999579 1 0 0 0.6323374359922805 0.7746930792531379 1.3691335023123252
cell 58.82119099627386 55.401869538646544 0.0 2.23606797749979 0.4472135954999579 1 0 0 0.7013608759888477 0.7128063703644604 1.5546097767152773
cell 66.10641857793959 82.46243295027229 0.0 2.23606797749979 0.4472135954999579 1 0 0 0.7745096048785013 0.6325621486865523 1.7718789490999285
cell 67.75280118320086 82.72216354330871 0.0 2.23606797749979 0.4472135954999579 1 0 0 0.7978812865561963 0.6028146087840183 1.8475445912419308
cell 61.167099890806206 79.94256306273618 0.0 2.23606797749979 0.4472135954999579 1 0 0 -0.7234490689308986 -0.6903777550464789 1.6175704911977684
cell 62.095166618851714 63.419817945847115 0.0 2.23606797749979 0.4472135954999579 1 0 0 -0.7282422547789037 -0.6853197927643258 1.6315071779646129
cell 58.85721839876723 8.668261441958439 0.0 2.23606797749979 0.4472135954999579 1 0 0 0.6925746989716697 0.7213461626322699 1.530104525301151
cell 68.66836429874158 82.83916380015451 0.0 2.23606797749979 0.4472135954999579 1 0 0 0.7927463830288277 0.609551615693627 1.830602935431641
cell 74.5314705235332 9.97194995681863 0.0 2.23606797749979 0.4472135954999579 1 0 0 -0.8067598295042395 -0.5908794949042404 1.8772955272648506
cell 71.39713116795471 65.31172704710372 0.0 2.23606797749979 0.4472135954999579 1 0 0 0.802195073070126 0.5970620275499148 1.861925296049865
cell 65.58994696622142 11.524171349505073 0.0 2.23606797749979 0.4472135954999579 1 0 0 0.7825865945663651 0.6225417431827521 1.7976198562701664
cell 51.086034913616984 62.13496924097401 0.0 2.23606797749979 0.4472135954999579 1 0 0 0.6368062982543662 0.7710238248611849 1.38069797391536
cell 55.71337709180062 37.950591422384605 0.0 2.23606797749979 0.4472135954999579 1 0 0 0.6930768479616003 0.7208637061328672 1.5314972462373038
cell 58.937235127305655 23.850558015591563 0.0 2.23606797749979 0.4472135954999579 1 0 0 0.70602636251178 0.7081855515600305 1.5677427711728014
cell 62.066137741649314 7.012319090635542 0.0 2.23606797749979 0.4472135954999579 1 0 0 0.7684498899254597 0.6399099676310324 1.7528304557986538
cell 66.27447700685322 20.99379471637663 0.0 2.23606797749979 0.4472135954999579 1 0 0 0.7782654290089958 0.6279354441417078 1.783797458224889
cell 63.72487906586979 77.93541009425687 0.0 2.23606797749979 0.4472135954999579 1 0 0 0.7301381824210387 0.6832995203941695 1.6370483139434422
cell 68.76311699859824 51.734900240362535 0.0 2.23606797749979 0.4472135954999579 1 0 0 -0.8024114056351549 -0.5967712594509013 1.8626501294584035
cell 52.78583891796929 60.58079245418342 0.0 2.23606797749979 0.4472135954999579 1 0 0 0.6424297678611615 0.7663445656921266 1.3953293259349995
cell 54.71175556565564 51.73472858729554 0.0 2.23606797749979 0.4472135954999579 1 0 0 0.6539229700940505 0.7565611338043844 1.4255163139896951
cell 52.75959109602239 56.29389792385413 0.0 2.23606797749979 0.4472135954999579 1 0 0 0.6339865224760944 0.7733440950305812 1.373394603757195
cell 63.014098882646294 43.981426193446204 0.0 2.23606797749979 0.4472135954999579 1 0 0 0.7892061970469055 0.6141283078826126 1.8190307063320226
cell 62.25808900703403 55.07609770291208 0.0 2.23606797749979 0.4472135954999579 1 0 0 0.7486286060121146 0.6629896004164455 1.6919823123062618
cell 67.51012095217474 33.46387551967361 0.0 2.23606797749979 0.4472135954999579 1 0 0 0.8134891116771064 0.5815801451070973 1.9002531048362807
cell 69.90872753785983 69.54871141281608 0.0 2.23606797749979 0.4472135954999579 1 0 0 0.796632494084202 0.6044639520841453 1.8434070472911377
cell 58.71512206698365 68.6211253421236 0.0 2.23606797749979 0.4472135954999579 1 0 0 0.7066865738065229 0.7075267390011475 1.5696081537121325
cell 53.73457800615886 60.67884579560867 0.0 2.23606797749979 0.4472135954999579 1 0 0 0.6595017040087221 0.7517030679793664 1.4403113571060888
cell 69.30104637877919 87.19932698023624 0.0 2.23606797749979 0.4472135954999579 1 0 0 -0.7948698821358441 -0.6067799193062913 1.8375862188161944
cell 65.35447908723805 25.393810550938262 0.0 2.23606797749979 0.4472135954999579 1 0 0 0.7773878819398861 0.6290215266690146 1.7810048505321474
cell 19.420883835963004 71.36377096544669 0.0 2.23606797749979 0.4472135954999579 1 0 0 0.7826235036002948 0.6224953426431392 1.7977384359794428
cell 56.282528518162984 34.10557346487008 0.0 2.23606797749979 0.4472135954999579 1 0 0 0.6910875958930728 0.7227710113187529 1.5259854618905884
cell 64.62994846972461 55.48714536189728 0.0 2.23606797749979 0.4472135954999579 1 0 0 0.7695433379965972 0.6385945904445597 1.7562514770148105
cell 68.50934548085208 13.78528900534294 0.0 2.23606797749979 0.4472135954999579 1 0 0 0.7566153033474563 0.6538602929834757 1.7162420231489561
cell 55.39482426965075 69.38257183354393 0.0 2.23606797749979 0.4472135954999579 1 0 0 -0.7628280201381173 -0.6466014318667721 1.735351142345106
cell 51.65156380914336 56.25452374310841 0.0 2.23606797749979 0.4472135954999579 1 0 0 0.6126090110800531 0.7903861078887454 1.3187146346840009
cell 72.05790509107801 78.66455815299176 0.0 2.23606797749979 0.4472135954999579 1 0 0 0.821011734179333 0.5709113174038891 1.9263618125022528
cell 72.5991483298436 52.556948121088446 0.0 2.23606797749979 0.4472135954999579 1 0 0 -0.771496099413032 -0.6362340517376267 1.7623786060250284
cell 57.83965730057994 77.09556604295621 0.0 2.23606797749979 0.4472135954999579 1 0 0 -0.7001605375326523 -0.7139854492088669 1.5512446377887859
cell 52.59447275197331 20.294230592359902 0.0 2.23606797749979 0.4472135954999579 1 0 0 0.7270990687841352 0.6865325514301878 1.6281739162327913
cell 51.234596519607734 25.199579120740164 0.0 2.23606797749979 0.4472135954999579 1 0 0 -0.7076216237849042 -0.7065915634594114 1.5722530522060731
cell 56.1697194486234 46.902159787606436 0.0 2.23606797749979 0.4472135954999579 1 0 0 0.7000403242659894 0.714103314935289 1.5509079268800599
cell 64.17215725522959 68.97528064919031 0.0 2.23606797749979 0.4472135954999579 1 0 0 0.7636828831783997 0.6455915534920873 1.737997381491286
cell 57.17580809341477 55.5541859536635 0.0 2.23606797749979 0.4472135954999579 1 0 0 0.6668117064571808 0.7452262395619619 1.4598445289277016
cell 58.25937574120233 72.7815189043509 0.0 2.23606797749979 0.4472135954999579 1 0 0 0.7019424652416053 0.7122336523154026 1.5562422620103176
cell 54.07283928677447 42.212131759142814 0.0 2.23606797749979 0.4472135954999579 1 0 0 0.6739885538597089 0.7387417879517162 1.4791893970550347
cell 61.2182725596269 72.2952301622901 0.0 2.23606797749979 0.4472135954999579 1 0 0 0.7281169771258883 0.6854528923427624 1.6311416099779508
cell 53.259253005426125 28.749604999898533 0.0 2.23606797749979 0.4472135954999579 1 0 0 0.6973212052282709 0.7167587716512381 1.5433065911816695
cell 59.9601301045885 46.601501131033515 0.0 2.23606797749979 0.4472135954999579 1 0 0 0.7334261828934926 0.6797691036273134 1.646697113826885
cell 64.35801262418401 87.02117605103147 0.0 2.23606797749979 0.4472135954999579 1 0 0 0.7506458825080122 0.6607047442494774 1.6980782057950319
cell 61.12144057089414 11.363805539437147 0.0 2.23606797749979 0.4472135954999579 1 0 0 0.750585938298562 0.6607728423811524 1.6978967597833383
cell 83.7012582062545 29.672771279043907 0.0 2.23606797749979 0.4472135954999579 1 0 0 0.7153318916699809 0.6987848630013723 1.5941978931295788
cell 61.68942698933806 86.6161596678308 0.0 2.23606797749979 0.4472135954999579 1 0 0 0.7345681803090482 0.6785348837587155 1.650060122864867
cell 66.32300795253728 55.781230494293716 0.0 2.23606797749979 0.4472135954999579 1 0 0 0.7866585617368681 0.6173882953588301 1.8107559281629537
cell 74.66995989744484 6.5193605593503685 0.0 2.23606797749979 0.4472135954999579 1 0 0 0.8038702907273374 0.5948046365706526 1.8675474569995285
cell 52.381439540563186 68.93794631760585 0.0 2.23606797749979 0.4472135954999579 1 0 0 0.7308709040987299 0.6825157298860629 1.6391942018510428
cell 57.433178279447624 81.31201444367929 0.0 2.23606797749979 0.4472135954999579 1 0 0 0.6903538127411362 0.7234719159952073 1.5239559741050628
cell 62.07915952858563 29.081925840718206 0.0 2.23606797749979 0.4472135954999579 1 0 0 0.7709748223175574 0.6368656242508389 1.760740785904028
cell 54.26391929385782 32.04835976074689 0.0 2.23606797749979 0.4472135954999579 1 0 0 0.6678805356159301 0.744268493317686 1.4627148417974345
cell 65.97155480440215 7.197357422892552 0.0 2.23606797749979 0.4472135954999579 1 0 0 0.7795406373875114 0.6263516541540163 1.7878641760947636
cell 57.2341144610476 34.65764245560788 0.0 2.23606797749979 0.4472135954999579 1 0 0 0.6876371548187344 0.7260545043678167 1.516459305666374
cell 69.21995312072279 4.8539147089889045 0.0 2.23606797749979 0.4472135954999579 1 0 0 0.7289726819651585 0.6845427882525124 1.63364002582002
cell 82.37100192520334 20.649305486384602 0.0 2.23606797749979 0.4472135954999579 1 0 0 0.7854131710123008 0.6189718497641087 1.8067267128626596
cell 9.338605288265711 84.78543297536555 0.0 2.23606797749979 0.4472135954999579 1 0 0 0.7803701727032127 0.6253178340293502 1.790515148103208
cell 58.39834077189462 81.44450496280596 0.0 2.23606797749979 0.4472135954999579 1 0 0 0.6919678009238424 0.7219283638177834 1.528422522325461
cell 53.899544026786025 20.906227827643644 0.0 2.23606797749979 0.4472135954999579 1 0 0 0.6501842947048347 0.7597765348569121 1.4156539518245703
cell 71.06070152704423 84.75235133795373 0.0 2.23606797749979 0.4472135954999579 1 0 0 0.810653974974436 0.5855255185371057 1.890536311526933
cell 54.37276737575723 46.67389227789111 0.0 2.23606797749979 0.4472135954999579 1 0 0 0.6691379040293998 0.743138254560443 1.466096211730727
cell 68.33663425813567 19.737267682929026 0.0 2.23606797749979 0.4472135954999579 1 0 0 0.7886184582219531 0.6148828566089882 1.8171178228786289
cell 56.666691216374275 30.22494360520107 0.0 2.23606797749979 0.4472135954999579 1 0 0 0.6563194458543491 0.7544831243927462 1.4318602016369488
cell 58.92677745853825 15.866310805042922 0.0 2.23606797749979 0.4472135954999579 1 0 0 0.6685092051331132 0.7437038675792221 1.4644048449085054
cell 59.226090418082514 72.88836661664189 0.0 2.23606797749979 0.4472135954999579 1 0 0 -0.7086085800186493 -0.7056017859415844 1.5750485789615993
cell 54.228438861041084 17.00519601238381 0.0 2.23606797749979 0.4472135954999579 1 0 0 0.6704337519222139 0.7419693957863109 1.4695864572052317
cell 61.63913856372334 67.83490992152923 0.0 2.23606797749979 0.4472135954999579 1 0 0 0.713660774003261 0.7004914700758793 1.5894208041937647
cell 68.17366573101968 47.10618576451845 0.0 2.23606797749979 0.4472135954999579 1 0 0 0.8428201427371932 0.5381953242053086 2.005003839370287
cell 74.24214994272 82.50245408812023 0.0 2.23606797749979 0.4472135954999579 1 0 0 -0.7518652596317829 -0.6593167913521024 1.7017732266535326
cell 57.055558133269 2.6097985127419867 0.0 2.23606797749979 0.4472135954999579 1 0 0 0.619882817295907 0.7846943945392303 1.33718671784984
cell 57.30069537073377 51.092410786024054 0.0 2.23606797749979 0.4472135954999579 1 0 0 0.7455130414868908 0.6664910389292308 1.6826085501625951
cell 60.6070352778632 76.70234721107985 0.0 2.23606797749979 0.4472135954999579 1 0 0 0.7265301309742285 0.6871346074726337 1.6265172186152135
cell 68.53089198701383 73.8148496773487 0.0 2.23606797749979 0.4472135954999579 1 0 0 0.7899895880821157 0.613120257960744 1.8215840307378897
cell 72.60964068037214 74.53053680896895 0.0 2.23606797749979 0.4472135954999579 1 0 0 0.8105255238123396 0.5857033167472527 1.8900976230052307
cell 65.43130209131478 78.19181369900375 0.0 2.23606797749979 0.4472135954999579 1 0 0 0.7515502261324082 0.6596758731379572 1.700817850624945
cell 73.31771678699802 18.931752878662326 0.0 2.23606797749979 0.4472135954999579 1 0 0 0.6848361902166781 0.7286970512973865 1.5087577537966317
cell 60.49013453616344 24.53034300937775 0.0 2.23606797749979 0.4472135954999579 1 0 0 0.7356297973578122 0.6773837916862967 1.653191923764321
cell 61.64002246598298 75.48579747830334 0.0 2.23606797749979 0.4472135954999579 1 0 0 0.7590780498417623 0.6509996269188079 1.7237914728102697
cell 70.45091513552339 2.01949718099176 0.0 2.23606797749979 0.4472135954999579 1 0 0 0.7654454316251353 0.6435008090159718 1.7434664926261159
cell 21.21511539308598 48.95604536818415 0.0 2.23606797749979 0.4472135954999579 1 0 0 -0.6723496448828432 -0.7402337164881877 1.47475684681711
cell 56.877376768406364 14.69089695953237 0.0 2.23606797749979 0.4472135954999579 1 0 0 0.6726204028005776 0.7399876983682828 1.475488515503962
cell 63.626952532984475 34.18754081343972 0.0 2.23606797749979 0.4472135954999579 1 0 0 0.7708162467868958 0.6370575434679064 1.7602428735216773
cell 54.945134471206124 40.961712753225186 0.0 2.23606797749979 0.4472135954999579 1 0 0 0.6869968094164004 0.7266604322871075 1.514696137009663
cell 61.044558178642205 51.06440971460187 0.0 2.23606797749979 0.4472135954999579 1 0 0 0.7169012621330015 0.69717471293221 1.5986947849562843
cell 54.79164874776884 25.305425133974946 0.0 2.23606797749979 0.4472135954999579 1 0 0 -0.6526538625648333 -0.757656212064023 1.4221638039011921
cell 65.42111847170173 64.70009938877766 0.0 2.23606797749979 0.4472135954999579 1 0 0 0.7804606645482914 0.6252048872912298 1.7908046009644087
cell 61.228366317957786 29.03556915589764 0.0 2.23606797749979 0.4472135954999579 1 0 0 0.775483794920914 0.6313674712994468 1.774962000035975
cell 52.09401829724063 43.40096847379503 0.0 2.23606797749979 0.4472135954999579 1 0 0 0.6839961830856988 0.7294855869201222 1.5064534963845773
cell 73.85655162178647 14.46905222313659 0.0 2.23606797749979 0.4472135954999579 1 0 0 -0.7231816877942439 -0.6906578360078665 1.6167960545792024
cell 68.19840987735836 65.2037706278688 0.0 2.23606797749979 0.4472135954999579 1 0 0 0.7817478343738491 0.6235946788193409 1.7949275023639957
cell 58.286459406124656 11.428222477132039 0.0 2.23606797749979 0.4472135954999579 1 0 0 0.6669576778346169 0.7450956019045176 1.460236313770164
cell 50.166407194945826 44.74625151463992 0.0 2.23606797749979 0.4472135954999579 1 0 0 0.6857129666254103 0.7278720542799942 1.5111655387742977
cell 72.945905725584 61.106293289133184 0.0 2.23606797749979 0.4472135954999579 1 0 0 0.7923535039306825 0.6100622302755432 1.829314399438535
cell 61.371559305815296 55.438075796241804 0.0 2.23606797749979 0.4472135954999579 1 0 0 0.7416824293086254 0.6707512013070539 1.671150336877294
cell 52.3219609020439 12.51094700308322 0.0 2.23606797749979 0.4472135954999579 1 0 0 0.7094509146561355 0.7047548507769015 1.5774375762276829
cell 61.30596995233809 24.61182841576719 0.0 2.23606797749979 0.4472135954999579 1 0 0 -0.7526370969934927 -0.6584355702946249 1.7041161168532675
cell 59.24872246289898 50.97925215727654 0.0 2.23606797749979 0.4472135954999579 1 0 0 0.7196501054844887 0.6943368963811186 1.6065965221964116
cell 69.80016560089064 10.929050170919814 0.0 2.23606797749979 0.4472135954999579 1 0 0 0.7636908037372734 0.645582183991409 1.738021919037686
cell 66.155200814907 2.813288582856625 0.0 2.23606797749979 0.4472135954999579 1 0 0 0.7651238055869154 0.6438831898133358 1.7424671760839774
cell 63.685971204481994 64.36346791405052 0.0 2.23606797749979 0.4472135954999579 1 0 0 0.754243174258435 0.6565951828063925 1.7090014063040215
cell 66.29080479065595 78.32242355168958 0.0 2.23606797749979 0.4472135954999579 1 0 0 -0.7729568818922954 -0.634458555569503 1.7669769859238489
cell 69.21397721972431 15.334628645551815 0.0 2.23606797749979 0.4472135954999579 1 0 0 0.783988233637332 0.620775683736256 1.8021292066479337
cell 74.53301405364071 45.35741473837439 0.0 2.23606797749979 0.4472135954999579 1 0 0 0.6857643515393675 0.7278236422085991 1.5113067356303709
cell 63.643898578243125 39.962429456375084 0.0 2.23606797749979 0.4472135954999579 1 0 0 0.7831820823910048 0.6217924298523497 1.7995340937542272
cell 57.97286978410978 55.29580102053567 0.0 2.23606797749979 0.4472135954999579 1 0 0 0.6815421996017895 0.7317788123210144 1.4997360777483637
cell 66.5733147656707 11.633471867024854 0.0 2.23606797749979 0.4472135954999579 1 0 0 0.8027342573145808 0.5963369115974696 1.863732518061148
cell 71.16510070979929 6.785324420202667 0.0 2.23606797749979 0.4472135954999579 1 0 0 0.7556656133304385 0.6549576175829489 1.713339587775242
cell 67.13206968263248 16.540256174842664 0.0 2.23606797749979 0.4472135954999579 1 0 0 0.7749635709488749 0.6320059048000802 1.7733149051945671
cell 58.81702255821536 27.869729493805536 0.0 2.23606797749979 0.4472135954999579 1 0 0 0.6886923474852087 0.7250536880226957 1.519367958476755
cell 70.21035193262753 65.51658159240384 0.0 2.23606797749979 0.4472135954999579 1 0 0 0.7961325201578319 0.6051223102374754 1.8417536756764945
cell 66.32591976275457 86.98242229910373 0.0 2.23606797749979 0.4472135954999579 1 0 0 0.7879219360064579 0.6157751397708706 1.814853921313215
cell 66.32157666044101 64.87959568830723 0.0 2.23606797749979 0.4472135954999579 1 0 0 0.7833966349735034 0.6215220931810803 1.8002243537854392
cell 64.59502871157719 78.09204374336623 0.0 2.23606797749979 0.4472135954999579 1 0 0 0.7372795354793985 0.6755878081813513 1.6580692982905505
cell 55.82618434749583 25.81587595572031 0.0 2.23606797749979 0.4472135954999579 1 0 0 0.6506055645592995 0.7594158277021062 1.4167631460360457
cell 62.841910659693745 15.792499945245224 0.0 2.23606797749979 0.4472135954999579 1 0 0 -0.7560443743121316 -0.6545203618459685 1.7144965708695148
cell 69.98505336316026 33.30207658485144 0.0 2.23606797749979 0.4472135954999579 1 0 0 0.8031529471044063 0.5957728959574333 1.865137387880879
cell 64.25863199946251 53.21639773362073 0.0 2.23606797749979 0.4472135954999579 1 0 0 0.7772850011897975 0.6291486524863393 1.7806777699779783
cell 64.06402086400836 46.312726505189985 0.0 2.23606797749979 0.4472135954999579 1 0 0 0.7739003760346845 0.633307356639234 1.7699538571557232
cell 68.29790372089455 3.0924504829680117 0.0 2.23606797749979 0.4472135954999579 1 0 0 0.7378164045277465 0.6750014468204855 1.6596593272888787
cell 66.56688051022265 41.54793034548159 0.0 2.23606797749979 0.4472135954999579 1 0 0 -0.8206958594894479 -0.5713653001512048 1.925255689249867
cell 63.94699232619894 7.000452623681981 0.0 2.23606797749979 0.4472135954999579 1 0 0 0.784371523589945 0.6202913129983268 1.8033645628098016
cell 56.11629698091012 21.980421402840523 0.0 2.23606797749979 0.4472135954999579 1 0 0 0.6635485745956662 0.7481332028135496 1.4511041638809228
cell 57.532046254987634 19.120287331507228 0.0 2.23606797749979 0.4472135954999579 1 0 0 0.6845219121933017 0.7289922850944485 1.5078953532544568
cell 53.821001933236055 37.73619543622277 0.0 2.23606797749979 0.4472135954999579 1 0 0 -0.6702443084193928 -0.742140530513871 1.4690758656420728
cell 74.82259717752811 49.88198381269017 0.0 2.23606797749979 0.4472135954999579 1 0 0 0.7613965740691109 0.6482864004402845 1.7309293061050932
cell 67.69414995539665 18.200932972995528 0.0 2.23606797749979 0.4472135954999579 1 0 0 0.7775114924278292 0.6288687296587815 1.781397922938658
cell 55.42683274371978 49.89707819384863 0.0 2.23606797749979 0.4472135954999579 1 0 0 0.6933321162261362 0.7206181905901262 1.532205595783553
cell 51.122554964183784 29.813640291449712 0.0 2.23606797749979 0.4472135954999579 1 0 0 0.6644098278197881 0.7473684370486083 1.4534077471226985
cell 6.451861847833195 62.617856669140245 0.0 2.23606797749979 0.4472135954999579 1 0 0 0.6189695028784832 0.7854150205505134 1.334859964553194
cell 59.55852025183113 37.82974485715374 0.0 2.23606797749979 0.4472135954999579 1 0 0 -0.7439297686507755 -0.6682578090192464 1.6778637711100775
cell 56.85051083082222 76.90391098885223 0.0 2.23606797749979 0.4472135954999579 1 0 0 -0.6852511985655138 -0.7283067999576325 1.5098971010598659
cell 67.28832677061335 87.09768579779417 0.0 2.23606797749979 0.4472135954999579 1 0 0 -0.7875650927732896 -0.6162314700216143 1.8136953456356073
cell 63.03589667988277 6.918545967151565 0.0 2.23606797749979 0.4472135954999579 1 0 0 0.7815956751694105 0.6237853802041798 1.794439570229493
cell 64.65195341454802 11.465076563758092 0.0 2.23606797749979 0.4472135954999579 1 0 0 -0.7730007805642461 -0.6344050703194815 1.7671153732841223
cell 50.848284702819036 69.41952812313049 0.0 2.23606797749979 0.4472135954999579 1 0 0 -0.531332120749436 -0.8471636072565362 1.120344478791738
cell 52.608442732199165 51.99806592778982 0.0 2.23606797749979 0.4472135954999579 1 0 0 -0.6259131809648147 -0.7798927425579155 1.3526037787851388
cell 37.89108813650032 80.35352056295375 0.0 2.23606797749979 0.4472135954999579 1 0 0 -0.7738433812168442 -0.6333769978037425 1.7697738760338222
cell 68.14478370412726 78.2742625581082 0.0 2.23606797749979 0.4472135954999579 1 0 0 0.7871321449336465 0.6167843921599808 1.8122908290024342
cell 13.94600122451426 50.86985100811728 0.0 2.23606797749979 0.4472135954999579 1 0 0 0.9995815669198971 -0.02892561276729273 3.199451949430644
cell 58.07493074608834 23.473313783189237 0.0 2.23606797749979 0.4472135954999579 1 0 0 0.686443210900063 0.7271834144211566 1.5131730064730942
cell 77.50535852204692 64.09533051277204 0.0 2.23606797749979 0.4472135954999579 1 0 0 -0.7306615580562619 -0.6827398388689472 1.6385808484376065
cell 60.213956537340465 72.809694659145 0.0 2.23606797749979 0.4472135954999579 1 0 0 0.7189449766390068 0.6950669899840862 1.604566504022823
cell 68.28208815342947 24.434149390270843 0.0 2.23606797749979 0.4472135954999579 1 0 0 0.8018861319777005 0.5974768877051578 1.8608907844685614
cell 64.59999372189367 15.8872339570013 0.0 2.23606797749979 0.4472135954999579 1 0 0 0.7587964995129955 0.6513277764127863 1.7229267123094614
cell 62.24401865237934 71.05847136917156 0.0 2.23606797749979 0.4472135954999579 1 0 0 0.7317845722060894 0.6815360151020273 1.6418734784226983
cell 63.889704659474575 73.47134452051559 0.0 2.23606797749979 0.4472135954999579 1 0 0 0.732358875332744 0.6809188481172762 1.6435595617070535
cell 69.80061222751179 0.4166848248693805 0.0 2.23606797749979 0.4472135954999579 1 0 0 0.7948186843999671 0.6068469814777903 1.837417475899196
cell 58.2184840345315 59.77579241701498 0.0 2.23606797749979 0.4472135954999579 1 0 0 0.6970326941779698 0.7170393456756755 1.5425017050741467
cell 77.01627326425239 7.245738645372315 0.0 2.23606797749979 0.4472135954999579 1 0 0 0.7379048277279007 0.6749047823329283 1.659921340155011
cell 61.10454896182411 6.890411341358494 0.0 2.23606797749979 0.4472135954999579 1 0 0 0.7535284955227052 0.6574152465795788 1.7068258416379412
cell 68.996338929585 37.79595963933444 0.0 2.23606797749979 0.4472135954999579 1 0 0 0.8215014432938252 0.5702064351321915 1.928078406896971
cell 62.87535606673892 11.338292328345952 0.0 2.23606797749979 0.4472135954999579 1 0 0 0.7689834619634722 0.6392686721767875 1.7544989389657817
cell 70.78923005671203 47.86082747124949 0.0 2.23606797749979 0.4472135954999579 1 0 0 0.7027781056270369 0.7114091187574653 1.5585901551937515
cell 57.28347425525301 64.49715443425113 0.0 2.23606797749979 0.4472135954999579 1 0 0 0.7222112656432863 0.6916725292925276 1.6139879791266203
cell 66.53673052186463 44.58206208118603 0.0 2.23606797749979 0.4472135954999579 1 0 0 0.7895257080117014 0.6137174890685629 1.8200715893431545
cell 60.78113632878494 59.87094066320448 0.0 2.23606797749979 0.4472135954999579 1 0 0 0.7313289004111506 0.6820249551324478 1.640536767302555
cell 60.73690446003964 0.25580885027935063 0.0 2.23606797749979 0.4472135954999579 1 0 0 0.7188504667055682 0.6951647333669817 1.6042945783238027
cell 58.76971302077148 1.2444049794515886 0.0 2.23606797749979 0.4472135954999579 1 0 0 0.6948183973486138 0.7191852297606673 1.5363347166719785
cell 52.349588671970416 64.40856882193607 0.0 2.23606797749979 0.4472135954999579 1 0 0 0.6837638745253778 0.7297033396484104 1.505816680810861
cell 82.98929898386626 68.48110601064404 0.0 2.23606797749979 0.4472135954999579 1 0 0 0.6055515210843098 0.7958061040935026 1.3009174386777922
cell 51.639108895830574 16.09534630120894 0.0 2.23606797749979 0.4472135954999579 1 0 0 0.6586539967270858 0.7524459532720181 1.4380570400672597
cell 55.592342566654736 60.6038495818116 0.0 2.23606797749979 0.4472135954999579 1 0 0 -0.6907698622073601 -0.7230746831870306 1.5251064367448057
cell 56.849204313849235 26.369249387885876 0.0 2.23606797749979 0.4472135954999579 1 0 0 0.6511751461434105 0.7589274860255807 1.4182636803414115
cell 58.26477883041614 64.2126083405189 0.0 2.23606797749979 0.4472135954999579 1 0 0 -0.7080277199419593 -0.7061846414315384 1.5734028341586983
cell 48.972781629741654 37.13764690666262 0.0 2.23606797749979 0.4472135954999579 1 0 0 0.7389993854070439 0.6737060993994425 1.663167813852153
cell 53.43366752995611 33.274233833938546 0.0 2.23606797749979 0.4472135954999579 1 0 0 0.657313696776539 0.7536170805057169 1.434497296373526
cell 51.53642864697147 34.43858151311826 0.0 2.23606797749979 0.4472135954999579 1 0 0 -0.6534313962159092 -0.7569857399180829 1.424217183135167
cell 60.249837605892615 81.13641868205075 0.0 2.23606797749979 0.4472135954999579 1 0 0 0.703616068927597 0.7105803455956793 1.5609473124711262
cell 63.55978246654922 82.41136592386458 0.0 2.23606797749979 0.4472135954999579 1 0 0 0.7292334784141684 0.6842649588865212 1.6344021385313174
cell 56.112639403134416 72.51643665457318 0.0 2.23606797749979 0.4472135954999579 1 0 0 0.6867941961816665 0.7268519327147577 1.5141385545953674
cell 67.49626444525974 74.03635843601343 0.0 2.23606797749979 0.4472135954999579 1 0 0 0.7771677272886341 0.6292935115357691 1.780305011009226
cell 62.576778554818155 58.99164243078969 0.0 2.23606797749979 0.4472135954999579 1 0 0 0.7392289483147418 0.6734542018381656 1.6638494340135104
cell 53.32276368787619 65.04843258233603 0.0 2.23606797749979 0.4472135954999579 1 0 0 -0.707602686632216 -0.7066105277101877 1.5721994515135593
cell 52.532758762378926 47.86406175986768 0.0 2.23606797749979 0.4472135954999579 1 0 0 0.6509926593866348 0.7590840252730372 1.4177828229709937
cell 67.19859979137469 55.978587696727594 0.0 2.23606797749979 0.4472135954999579 1 0 0 0.7902452689033049 0.612790677944715 1.8224182865063745
cell 66.83104966969088 37.812130638939124 0.0 2.23606797749979 0.4472135954999579 1 0 0 0.7964750995158016 0.6046713287822516 1.8428863625670975
cell 68.62872218238918 60.76327930597459 0.0 2.23606797749979 0.4472135954999579 1 0 0 -0.7903878434079021 -0.6126067719124606 1.8228836849090575
cell 65.43837664142757 55.62795909318655 0.0 2.23606797749979 0.4472135954999579 1 0 0 0.7743309195121456 0.6327808681427364 1.7713140892546806
cell 63.09454561974654 32.360907006944416 0.0 2.23606797749979 0.4472135954999579 1 0 0 0.7684924912687777 0.6398588054121844 1.7529636090500837
cell 72.23639428902075 56.93840370038907 0.0 2.23606797749979 0.4472135954999579 1 0 0 0.8084447245406382 0.5885721088893117 1.883009687591031
cell 51.4382747177024 20.725969413484485 0.0 2.23606797749979 0.4472135954999579 1 0 0 0.7064148382706101 0.7077980476598588 1.568840173005132
cell 55.32566180489024 33.470737808458736 0.0 2.23606797749979 0.4472135954999579 1 0 0 0.6749449535327678 0.7378680842133299 1.4817801952268375
cell 10.904539153969539 8.78568166123426 0.0 2.23606797749979 0.4472135954999579 1 0 0 0.8103327196961948 0.5859700362559234 1.8894394050337788
cell 71.72431696466568 61.27576331831443 0.0 2.23606797749979 0.4472135954999579 1 0 0 0.7999694103734173 0.6000407840028935 1.8544884740466514
cell 70.4060101014715 29.594842625246663 0.0 2.23606797749979 0.4472135954999579 1 0 0 0.8359403840544859 0.5488202568299012 1.97968804097747
cell 52.39491843453119 24.807406141119323 0.0 2.23606797749979 0.4472135954999579 1 0 0 0.7133289322146809 0.7008293904121482 1.5884735784962563
cell 72.46279326609782 80.46146345722245 0.0 2.23606797749979 0.4472135954999579 1 0 0 0.8290364159079016 0.5591946182668257 1.9547646253951467
cell 52.21009543941101 29.333984327557744 0.0 2.23606797749979 0.4472135954999579 1 0 0 0.6822680737189019 0.7311020965527996 1.5017208573791232
cell 53.4462188714258 11.198655979145535 0.0 2.23606797749979 0.4472135954999579 1 0 0 0.7062122288200058 0.7080002032945187 1.5682677483702387
cell 57.12275984321331 22.86715901091416 0.0 2.23606797749979 0.4472135954999579 1 0 0 0.6667863224944258 0.7452489517834692 1.4597764057871088
cell 62.11822770304757 77.6965901272286 0.0 2.23606797749979 0.4472135954999579 1 0 0 0.7362628104783463 0.6766957025920342 1.6550618673742652
cell 72.53920504754284 2.6402947743378564 0.0 2.23606797749979 0.4472135954999579 1 0 0 0.7581464417214915 0.6520843295962885 1.7209317707722167
cell 59.3314277890464 81.49073652321884 0.0 2.23606797749979 0.4472135954999579 1 0 0 -0.693619532841873 -0.7203415465320752 1.5330034435082904
cell 62.2254043387354 43.01210658624309 0.0 2.23606797749979 0.4472135954999579 1 0 0 0.7793332733842404 0.6266096464276661 1.7872021795868698
cell 71.2872555923699 20.763834295449097 0.0 2.23606797749979 0.4472135954999579 1 0 0 0.840838781059653 0.5412856401809647 1.9976619425963322
cell 70.84250787453848 11.251677436759126 0.0 2.23606797749979 0.4472135954999579 1 0 0 0.7685495712947022 0.6397902441134355 1.7531420330512826
cell 68.05750821285292 37.322488834590104 0.0 2.23606797749979 0.4472135954999579 1 0 0 0.8072329510578982 0.590232973262556 1.8788978184643923
cell 56.485182052077036 60.49107115920653 0.0 2.23606797749979 0.4472135954999579 1 0 0 0.690162908458692 0.7236540332146565 1.5234282956913325
cell 58.0854552618378 85.60505379856902 0.0 2.23606797749979 0.4472135954999579 1 0 0 0.6820476999006942 0.7313076883639147 1.5011180883910804
cell 18.857227061936836 68.98090399690848 0.0 2.23606797749979 0.4472135954999579 1 0 0 0.7771737869938586 0.6292860278201197 1.7803242698801514
cell 75.34086419187055 11.183704294989656 0.0 2.23606797749979 0.4472135954999579 1 0 0 -0.7946473312874448 -0.6070713457887318 1.8368528477605963
cell 65.92300112472684 26.970053165467792 0.0 2.23606797749979 0.4472135954999579 1 0 0 0.7889833664957558 0.6144145566252673 1.8183051946542665
cell 55.63005992923041 82.44299517543735 0.0 2.23606797749979 0.4472135954999579 1 0 0 -0.6235920680551039 -0.78174991695475 1.346658471934485
cell 67.27585035937418 78.14876092870489 0.0 2.23606797749979 0.4472135954999579 1 0 0 -0.7843580573560724 -0.6203083409568246 1.803321144342517
cell 70.14384066820193 15.662190034698426 0.0 2.23606797749979 0.4472135954999579 1 0 0 0.7994919067027817 0.6006768608134915 1.8528977465428975
cell 47.65840615125032 34.47451546382322 0.0 2.23606797749979 0.4472135954999579 1 0 0 0.7481178380579434 -0.6635658975410873 4.592743127735363
cell 74.55135743045857 17.87168894601045 0.0 2.23606797749979 0.4472135954999579 1 0 0 -0.7483154115771394 -0.6633430822705069 1.6910377697092436
cell 65.05720622882635 31.32946943061445 0.0 2.23606797749979 0.4472135954999579 1 0 0 0.7861849111713106 0.6179913312066428 1.809222308756697
cell 71.50227568902363 2.299954838311968 0.0 2.23606797749979 0.4472135954999579 1 0 0 0.7550287408048802 0.6556916962708899 1.711395902401282
cell 61.89215167460241 82.15870910405327 0.0 2.23606797749979 0.4472135954999579 1 0 0 0.7315480241743962 0.6817899150959458 1.6411794462061027
cell 61.810574106547406 47.38295360930896 0.0 2.23606797749979 0.4472135954999579 1 0 0 0.7428858173926818 0.6694181520670075 1.6747420852114867
cell 73.00317291256654 82.13357171064614 0.0 2.23606797749979 0.4472135954999579 1 0 0 -0.819904804915065 -0.5724998784953489 1.9224894386006106
cell 73.15052242135157 70.14548644145599 0.0 2.23606797749979 0.4472135954999579 1 0 0 -0.7938665000115488 -0.6080920819739505 1.8342825558950313
cell 55.92369831025219 42.43523382193733 0.0 2.23606797749979 0.4472135954999579 1 0 0 0.6961850907672394 0.7178623262112386 1.5401388858545402
cell 70.58844685441818 82.90153386813961 0.0 2.23606797749979 0.4472135954999579 1 0 0 0.7977508664501591 0.6029871931293569 1.8471119493091634
cell 62.94781311812293 20.232580786963517 0.0 2.23606797749979 0.4472135954999579 1 0 0 0.7491013052635441 0.6624554584667972 1.6934088496892215
cell 56.396270457065626 6.613883723599066 0.0 2.23606797749979 0.4472135954999579 1 0 0 0.6060732892776175 0.7954088055988627 1.3022290608136307
cell 69.98815727570165 78.56831707508087 0.0 2.23606797749979 0.4472135954999579 1 0 0 0.7989038872356272 0.601458709272552 1.850941163824976
cell 58.27748107112438 4.808793941079724 0.0 2.23606797749979 0.4472135954999579 1 0 0 -0.6921673186186931 -0.7217370733419537 1.5289753309982874
cell 53.357951706660344 69.51688508759322 0.0 2.23606797749979 0.4472135954999579 1 0 0 -0.7551364102462528 -0.6555676943843428 1.7117243482965723
cell 66.97949462529202 46.83964336204815 0.0 2.23606797749979 0.4472135954999579 1 0 0 0.79637304143987 0.6048057364706548 1.8425488346267287
cell 65.68157449372278 73.73466163136806 0.0 2.23606797749979 0.4472135954999579 1 0 0 0.7550387397202384 0.6556801823462975 1.7114264015008005
cell 50.96663972815164 41.267726397073766 0.0 2.23606797749979 0.4472135954999579 1 0 0 0.6981278680949311 0.7159730999061532 1.545558688164888
cell 62.916508883224814 29.144779714259396 0.0 2.23606797749979 0.4472135954999579 1 0 0 -0.7647674154526899 -0.6443064490301279 1.7413605373892196
cell 55.04457334645646 21.387456756327218 0.0 2.23606797749979 0.4472135954999579 1 0 0 0.6574493911202111 0.7534987047869849 1.4348574394882876
cell 61.44428563052191 2.4558810280490997 0.0 2.23606797749979 0.4472135954999579 1 0 0 0.7464981707360748 0.6653874668850429 1.685567165577538
cell 65.3359309710059 42.01211149776868 0.0 2.23606797749979 0.4472135954999579 1 0 0 0.7898894300141014 0.6132492872820954 1.8212573492145916
cell 65.05321614330644 69.13112662177006 0.0 2.23606797749979 0.4472135954999579 1 0 0 0.7683918967337455 0.6399796036077376 1.7526492114382726
cell 53.61996801557716 24.525411442208725 0.0 2.23606797749979 0.4472135954999579 1 0 0 0.6499419174368162 0.759983884012388 1.415016016363285
cell 62.93896513579927 38.629604777255935 0.0 2.23606797749979 0.4472135954999579 1 0 0 0.7661126651127529 0.6427062971169918 1.7455415345834566
cell 62.0246206009552 11.267869283044396 0.0 2.23606797749979 0.4472135954999579 1 0 0 0.7634168434112176 0.6459061256839514 1.737173408617904
cell 61.685038799100546 59.51273706870017 0.0 2.23606797749979 0.4472135954999579 1 0 0 0.7371103175614019 0.6757724319210789 1.6575684165505362
cell 55.58213882832295 56.11548492401639 0.0 2.23606797749979 0.4472135954999579 1 0 0 -0.6816626788546917 -0.7316665854449317 1.500065380783007
cell 66.83995001822399 69.48365743210607 0.0 2.23606797749979 0.4472135954999579 1 0 0 0.7653150764239522 0.6436558348979678 1.7430613975621894
cell 66.57473120592263 14.777864583990445 0.0 2.23606797749979 0.4472135954999579 1 0 0 0.7701289556919191 0.6378882281441429 1.7580865746619017
cell 61.307085401006745 37.89193721311761 0.0 2.23606797749979 0.4472135954999579 1 0 0 0.7330158129638717 0.6802115979200253 1.6454901263550805
cell 56.28696174866678 86.83564131315988 0.0 2.23606797749979 0.4472135954999579 1 0 0 0.6045356107341874 0.7965781162913296 1.2983655163482801
cell 67.73482700541362 51.45549548778459 0.0 2.23606797749979 0.4472135954999579 1 0 0 0.782483645241826 0.622671137061181 1.7972891519353884
cell 56.64329011897423 68.72815518864114 0.0 2.23606797749979 0.4472135954999579 1 0 0 0.7112466398680197 0.7029425419452514 1.5825401621872006
cell 64.9293713029159 7.094804953329441 0.0 2.23606797749979 0.4472135954999579 1 0 0 0.7761631681004277 0.630532105831501 1.7771154934713893
cell 15.349443170857114 52.12119663389446 0.0 2.23606797749979 0.4472135954999579 1 0 0 -0.998857276082338 0.04779269836881029 3.237214476217529
cell 71.67659664848834 29.830416706848048 0.0 2.23606797749979 0.4472135954999579 1 0 0 0.7534350633307402 0.6575223230764136 1.7065416237588147
cell 70.17945283209701 20.396420857290924 0.0 2.23606797749979 0.4472135954999579 1 0 0 0.8157004456580172 0.5784745309461015 1.9078780257925314
cell 57.225116975804795 72.90828007033183 0.0 2.23606797749979 0.4472135954999579 1 0 0 0.6970219150733279 0.7170498238668709 1.5424716397061888
cell 57.63624620196982 30.787376762914374 0.0 2.23606797749979 0.4472135954999579 1 0 0 0.6660866202552952 0.7458743958046007 1.4578994257534814
cell 53.75854934203612 56.30364391617577 0.0 2.23606797749979 0.4472135954999579 1 0 0 0.6459452941800018 0.7633837022930938 1.4045218608535823
cell 49.81403091910347 40.14892929527231 0.0 2.23606797749979 0.4472135954999579 1 0 0 -0.7060895833103705 -0.7081225178883858 1.5679213221530928
cell 67.40241533785895 28.81462219024904 0.0 2.23606797749979 0.4472135954999579 1 0 0 0.7981237305212514 0.602493577375594 1.848349178697884
cell 65.86388877977939 60.22974752826551 0.0 2.23606797749979 0.4472135954999579 1 0 0 0.7850460181766783 0.6194374458691874 1.805540827626946
cell 75.08322112328078 53.82415331141396 0.0 2.23606797749979 0.4472135954999579 1 0 0 0.7610095922884523 0.6487406264794611 1.729735863682865
cell 62.95297070446059 24.689917218152175 0.0 2.23606797749979 0.4472135954999579 1 0 0 -0.7678137879937782 -0.6406730733897325 1.7508435424662476
cell 66.58164418244493 73.92920249455015 0.0 2.23606797749979 0.4472135954999579 1 0 0 -0.7659802420702909 -0.6428641137580621 1.7451295056790155
cell 62.90876782445359 77.8145680932592 0.0 2.23606797749979 0.4472135954999579 1 0 0 0.7289295379807307 0.6845887295736022 1.6335139780770478
cell 34.732804785556894 53.61908568871302 0.0 2.23606797749979 0.4472135954999579 1 0 0 0.6670262823277315 0.7450341862519098 1.4604204708646975
cell 54.356613241760705 69.58193415728799 0.0 2.23606797749979 0.4472135954999579 1 0 0 0.7666279866664386 0.6420915277900517 1.7471459007056953
cell 55.71127211662032 75.73479953796381 0.0 2.23606797749979 0.4472135954999579 1 0 0 0.6497331846839919 0.7601623436611404 1.4144667724873667
cell 6.948100475457352 59.65960129707754 0.0 2.23606797749979 0.4472135954999579 1 0 0 0.6229774446594315 0.7822397991956207 1.3450865348362149
cell 57.37132437140888 60.059452356536504 0.0 2.23606797749979 0.4472135954999579 1 0 0 0.6887343540387876 0.7250137857770527 1.5194838332324503
cell 64.16222522908151 59.91409180327673 0.0 2.23606797749979 0.4472135954999579 1 0 0 0.7655864425697438 0.6433330389101778 1.7439048116655826
cell 60.41601332782245 4.723428921517284 0.0 2.23606797749979 0.4472135954999579 1 0 0 0.7149654306466026 0.6991598050376738 1.5931493222573194
cell 53.145417348622736 42.901652017811095 0.0 2.23606797749979 0.4472135954999579 1 0 0 0.6620138027291201 0.7494916443804625 1.4470049494958581
cell 66.76212949095238 60.42259961457767 0.0 2.23606797749979 0.4472135954999579 1 0 0 0.7916121322353332 0.6110239210520562 1.8268858349889312
cell 53.49715273096079 47.36499048906331 0.0 2.23606797749979 0.4472135954999579 1 0 0 -0.6209468163203676 -0.7838526974512492 1.3399000539471713
cell 54.69933715915759 36.50932422553257 0.0 2.23606797749979 0.4472135954999579 1 0 0 -0.6801862306689803 -0.7330393520189246 1.496033314965902
cell 84.35521135897143 57.14459842978206 0.0 2.23606797749979 0.4472135954999579 1 0 0 0.9967115649384112 -0.08103120582851668 3.303832943150356
cell 68.31668187357914 29.087281213993247 0.0 2.23606797749979 0.4472135954999579 1 0 0 0.8145064614460843 0.5801544831013361 1.903755968516898
cell 64.46562184674633 29.800681142477895 0.0 2.23606797749979 0.4472135954999579 1 0 0 0.7788266539687809 0.6272392231579533 1.7855859739972533
cell 52.5163113464398 33.85242746055135 0.0 2.23606797749979 0.4472135954999579 1 0 0 0.6555256884734524 0.7551728754076157 1.4297570541441253
cell 70.06628411164999 56.531404059719385 0.0 2.23606797749979 0.4472135954999579 1 0 0 0.7783706694997761 0.6278049863313212 1.7841326883026345
cell 62.11911879399014 24.63606487884243 0.0 2.23606797749979 0.4472135954999579 1 0 0 0.764107877403661 0.6450884836126528 1.739314498662648
cell 86.56122023301717 79.9095109215024 0.0 2.23606797749979 0.4472135954999579 1 0 0 -0.6785080285681622 -0.7345929860599991 1.4914594136533204
cell 54.44550878557886 73.80887555201674 0.0 2.23606797749979 0.4472135954999579 1 0 0 -0.7606272605161566 -0.6491888558498882 1.728557581606859
cell 59.92906375538631 59.84486908650465 0.0 2.23606797749979 0.4472135954999579 1 0 0 0.7294777008896064 0.684004593482247 1.635116098649546
cell 66.50374454437656 28.514909824643425 0.0 2.23606797749979 0.4472135954999579 1 0 0 0.7826676466374521 0.6224398403918184 1.7978802683824155
cell 60.14375961887037 15.73247830489947 0.0 2.23606797749979 0.4472135954999579 1 0 0 0.7503651806838454 0.6610235212284811 1.6972287064621407
cell 62.97282684661582 73.3216607222352 0.0 2.23606797749979 0.4472135954999579 1 0 0 0.7341607972097461 0.6789756430390931 1.6488597400198552
cell 71.85226318121572 11.613128180784573 0.0 2.23606797749979 0.4472135954999579 1 0 0 0.768210805199522 0.6401969687328284 1.7520833784526415
cell 69.58430628002029 82.96353879492429 0.0 2.23606797749979 0.4472135954999579 1 0 0 -0.7883142380044544 -0.6152728355448958 1.8161286140712
cell 53.014193558947994 15.792270261872854 0.0 2.23606797749979 0.4472135954999579 1 0 0 0.7658720554386191 0.6429929973943921 1.7447929624333371
cell 56.25094367950377 10.288176624213886 0.0 2.23606797749979 0.4472135954999579 1 0 0 0.6629409203701337 0.7486717145042946 1.4494802937690077
cell 71.03403052848299 40.02570767196911 0.0 2.23606797749979 0.4472135954999579 1 0 0 0.7400143962806208 0.6725910297479653 1.6661835246021468
cell 65.71553228622913 19.1819640253425 0.0 2.23606797749979 0.4472135954999579 1 0 0 0.7702170798005079 0.6377818200478734 1.7583628972378642
cell 60.1642548580119 51.01688656014512 0.0 2.23606797749979 0.4472135954999579 1 0 0 0.7231163552267411 0.6907262386818627 1.616606874557075
cell 71.16280831673558 16.03757266504332 0.0 2.23606797749979 0.4472135954999579 1 0 0 0.8078267670504036 0.5894199813688819 1.8809113460532234
cell 73.57476482311735 2.9336272630436073 0.0 2.23606797749979 0.4472135954999579 1 0 0 0.7669014983487614 0.6417648259529535 1.747998057342651
cell 48.11554578684722 59.85674198123865 0.0 2.23606797749979 0.4472135954999579 1 0 0 0.7418391134646891 0.6705779072814165 1.6716175873211943
cell 60.28630443862424 11.286911054033336 0.0 2.23606797749979 0.4472135954999579 1 0 0 0.7391115279914294 0.6735830677727688 1.6635007567328917
cell 60.42817563946435 37.8536354063005 0.0 2.23606797749979 0.4472135954999579 1 0 0 -0.7310213718256794 -0.6823545661414613 1.6396351748190323
cell 57.54713851589124 39.11889616422892 0.0 2.23606797749979 0.4472135954999579 1 0 0 0.7164953714630546 0.6975918453307918 1.5975307459819215
cell 64.87709507643672 23.571335080273066 0.0 2.23606797749979 0.4472135954999579 1 0 0 0.7725674477641161 0.6349327040366086 1.7657498335765662
cell 45.887340700747735 72.03470556021485 0.0 2.23606797749979 0.4472135954999579 1 0 0 -0.8045353822817332 -0.5939047218677297 1.869785485934937
cell 68.92350035928797 9.331057229836809 0.0 2.23606797749979 0.4472135954999579 1 0 0 0.7375639263100924 0.6752773168158698 1.6589113981308081
cell 51.888831874579054 38.91680406277918 0.0 2.23606797749979 0.4472135954999579 1 0 0 -0.6741471512180165 -0.7385970609910608 1.4796188106802486
cell 57.862005545886454 27.29455090838671 0.0 2.23606797749979 0.4472135954999579 1 0 0 0.6568485946951426 0.7540224954515723 1.433263308956218
cell 57.88798179227734 42.712706777439664 0.0 2.23606797749979 0.4472135954999579 1 0 0 0.7541082275544659 0.6567501664519483 1.7085904048760412
cell 71.2811497387848 25.349125873728912 0.0 2.23606797749979 0.4472135954999579 1 0 0 0.82576223972918 0.5640183715424953 1.9431046216928662
cell 63.07057781182041 62.1560659318845 0.0 2.23606797749979 0.4472135954999579 1 0 0 0.7389777327959285 0.6737298497408211 1.6631035358844253
cell 56.64323708933539 38.5495468374116 0.0 2.23606797749979 0.4472135954999579 1 0 0 0.711089638066699 0.7031013629869957 1.5820935138283052
cell 56.389847351008605 56.01411476186622 0.0 2.23606797749979 0.4472135954999579 1 0 0 0.6740262332789442 0.7387074095010814 1.4792914091426033
cell 43.881397404627975 12.266011200646783 0.0 2.23606797749979 0.4472135954999579 1 0 0 0.8092830395179867 -0.5874188981881062 4.397324186778944
cell 52.84979137014737 38.33391954683657 0.0 2.23606797749979 0.4472135954999579 1 0 0 0.6683934240239506 0.7438079259604184 1.4640935032184923
cell 60.92717305773301 46.60023340532278 0.0 2.23606797749979 0.4472135954999579 1 0 0 0.742848756112168 0.669459278479733 1.6746313617661326
cell 59.27540162903133 64.28088870236903 0.0 2.23606797749979 0.4472135954999579 1 0 0 0.7160720323001702 0.6980263924505319 1.5963174080118663
cell 63.552972406831955 57.725647602982455 0.0 2.23606797749979 0.4472135954999579 1 0 0 -0.741768329683447 -0.6706562048312302 1.671406486871132
cell 87.79687458042766 22.940304377579032 0.0 2.23606797749979 0.4472135954999579 1 0 0 -0.8309109242963857 -0.5564054599704481 1.9614856956458642
cell 36.08381097554087 59.465234986798045 0.0 2.23606797749979 0.4472135954999579 1 0 0 -0.5477694648823858 -0.8366293165688522 1.159391612863792
cell 72.88013367584855 86.73434473065436 0.0 2.23606797749979 0.4472135954999579 1 0 0 0.7547777291950885 0.6559806243412268 1.7106304319319179
cell 70.20572588101498 25.034707325707853 0.0 2.23606797749979 0.4472135954999579 1 0 0 0.8346539868079008 0.5507746565571772 1.9750085116560494
cell 60.26903514861324 33.41305530252857 0.0 2.23606797749979 0.4472135954999579 1 0 0 0.7664657422453963 0.6422851905222583 1.7466406146229874
cell 64.35110608499373 41.8427660479948 0.0 2.23606797749979 0.4472135954999579 1 0 0 0.7620614494795805 0.6475047082586202 1.732981721336708
cell 58.14379841153521 35.23952260642494 0.0 2.23606797749979 0.4472135954999579 1 0 0 0.7021718798799735 0.7120074796698586 1.5568865760417887
cell 74.1557632678249 76.35956237477106 0.0 2.23606797749979 0.4472135954999579 1 0 0 0.7180000533509893 0.6960430470796879 1.6018494705243504
cell 54.67994124620062 56.19668285755536 0.0 2.23606797749979 0.4472135954999579 1 0 0 0.6652097056514916 0.7466565793636697 1.4555492849055118
cell 55.23271539812528 65.09577225479255 0.0 2.23606797749979 0.4472135954999579 1 0 0 -0.7505567422514767 -0.660806005315365 1.6978083926090868
cell 55.143679177766124 78.00717673939226 0.0 2.23606797749979 0.4472135954999579 1 0 0 0.6602444310079542 0.7510507914402214 1.4422883327341318
cell 66.90971939206656 82.58368059590691 0.0 2.23606797749979 0.4472135954999579 1 0 0 0.7917306196227086 0.6108703839210424 1.8272737159587396
cell 49.977067139357665 65.53652858409889 0.0 2.23606797749979 0.4472135954999579 1 0 0 0.5675345998556508 0.8233495478632914 1.2070167999551424
cell 69.04054305485398 56.35707091795765 0.0 2.23606797749979 0.4472135954999579 1 0 0 -0.7870026565159284 -0.6169496078585931 1.811871002954872
cell 64.06890494961215 50.12052524837318 0.0 2.23606797749979 0.4472135954999579 1 0 0 0.7811860517563454 0.6242982881134086 1.7931267627350735
cell 58.081152138934364 46.66976127199618 0.0 2.23606797749979 0.4472135954999579 1 0 0 0.7486080123983412 0.663012853399544 1.6919201899060732
cell 60.697664883232385 68.40588236851985 0.0 2.23606797749979 0.4472135954999579 1 0 0 0.7112773457123533 0.7029114720051092 1.5826275278568194
cell 69.47220332231471 73.98047833747974 0.0 2.23606797749979 0.4472135954999579 1 0 0 -0.7924194517792074 -0.6099765671252794 1.8295306150166004
cell 54.13298463446142 78.35186973752069 0.0 2.23606797749979 0.4472135954999579 1 0 0 -0.6638677176976066 -0.7478500206585348 1.4519574972394569
cell 67.17989319451084 2.9053673561637847 0.0 2.23606797749979 0.4472135954999579 1 0 0 0.754240984402919 0.6565976983259351 1.7089947359799664
cell 64.64965148700962 20.352468581222013 0.0 2.23606797749979 0.4472135954999579 1 0 0 0.7621649233947508 0.6473829079815697 1.7333013596239304
cell 65.47933824330073 15.97403296502453 0.0 2.23606797749979 0.4472135954999579 1 0 0 0.7643987682120016 0.6447437655037656 1.7402166029591042
cell 56.28631809396513 51.5511649449265 0.0 2.23606797749979 0.4472135954999579 1 0 0 -0.7405747124407992 -0.6719740287341675 1.667850431306909
cell 64.78640902180673 73.63193008318112 0.0 2.23606797749979 0.4472135954999579 1 0 0 0.7404939066931668 0.6720630730447043 1.6676099446494264
cell 62.97669069389201 50.668579211811036 0.0 2.23606797749979 0.4472135954999579 1 0 0 0.7691579213410773 0.6390587547622466 1.755044837842221
cell 63.16709359454815 54.52728492545047 0.0 2.23606797749979 0.4472135954999579 1 0 0 -0.756305143513443 -0.6542190228777441 1.7152935796579847
cell 58.619850347419145 38.28131886378275 0.0 2.23606797749979 0.4472135954999579 1 0 0 -0.7531280104004348 -0.6578740000564566 1.7056079038773513
cell 64.38230737158287 82.56546077271457 0.0 2.23606797749979 0.4472135954999579 1 0 0 0.7355987277754545 0.6774175312871175 1.6531001919898523
cell 59.4856665988156 20.06382678296562 0.0 2.23606797749979 0.4472135954999579 1 0 0 0.7080706772027767 0.7061415694360453 1.5735244980079521
cell 71.37356966727566 52.282253810508664 0.0 2.23606797749979 0.4472135954999579 1 0 0 -0.7270162574890533 -0.6866202453661052 1.6279326865745194
cell 69.08025951835194 43.063862706337176 0.0 2.23606797749979 0.4472135954999579 1 0 0 -0.8296194555335187 -0.5583292568012785 1.9568515233513306
cell 18.661104928435005 50.256042041842775 0.0 2.23606797749979 0.4472135954999579 1 0 0 0.9903714225245968 -0.13843570871204658 3.419356133643616
cell 22.178385654559637 78.48954943264901 0.0 2.23606797749979 0.4472135954999579 1 0 0 -0.7737431467260115 -0.6334994419054604 1.7694573984753745
cell 65.73180166062866 51.155598717474014 0.0 2.23606797749979 0.4472135954999579 1 0 0 0.7775692934246439 0.628797259792932 1.7815817587019172
cell 60.415270919022184 28.98986847049042 0.0 2.23606797749979 0.4472135954999579 1 0 0 0.7669256042134605 0.6417360186258978 1.7480731826993596
cell 49.19491486013954 47.48001464553091 0.0 2.23606797749979 0.4472135954999579 1 0 0 0.7159503522377018 0.6981511964687239 1.595968798886133
cell 69.31607740493712 29.380460482602427 0.0 2.23606797749979 0.4472135954999579 1 0 0 0.8116314960507107 0.584169765238227 1.893879133755134
cell 65.35121860345677 86.88259679864018 0.0 2.23606797749979 0.4472135954999579 1 0 0 0.7736562553411581 0.6336055544039184 1.7691830995499644
cell 68.0762757721051 7.561842277124869 0.0 2.23606797749979 0.4472135954999579 1 0 0 0.7359795367798975 0.677003782442349 1.6542248316881452
cell 71.09419581753316 56.76466334807918 0.0 2.23606797749979 0.4472135954999579 1 0 0 -0.7828936378023283 -0.6221555688801931 1.7986065804375908
cell 63.77289243987762 20.30324464897889 0.0 2.23606797749979 0.4472135954999579 1 0 0 0.7559615609414861 0.6546160083429917 1.7142435388022044
cell 55.36734711512731 17.544924305643242 0.0 2.23606797749979 0.4472135954999579 1 0 0 0.6596602967335693 0.7515638980907606 1.440733351942238
cell 62.35167611060057 36.76027333675041 0.0 2.23606797749979 0.4472135954999579 1 0 0 0.7567343408896039 0.6537225231842458 1.7166061684722103
cell 58.83055789435123 42.26702651493021 0.0 2.23606797749979 0.4472135954999579 1 0 0 -0.7498571637220179 -0.6615997536386865 1.695692314515929
cell 64.5584414138306 64.53291667733987 0.0 2.23606797749979 0.4472135954999579 1 0 0 0.7684491152790893 0.6399108978809354 1.7528280346899152
cell 59.393030639678855 33.369314938293094 0.0 2.23606797749979 0.4472135954999579 1 0 0 -0.7559562874978457 -0.6546220981547097 1.7142274273138076
cell 57.10100167956439 47.09856949949978 0.0 2.23606797749979 0.4472135954999579 1 0 0 0.7477535315825506 0.6639763971752486 1.6893444924848011
cell 63.220167897066226 2.722472906090665 0.0 2.23606797749979 0.4472135954999579 1 0 0 -0.774076343349573 -0.6330922639446435 1.7705096605874227
cell 68.55150181023507 33.664947844134204 0.0 2.23606797749979 0.4472135954999579 1 0 0 0.8300358446692109 0.5577100470354371 1.9583439049007632
cell 65.00454355088674 60.05562622801633 0.0 2.23606797749979 0.4472135954999579 1 0 0 0.7866378814314521 0.6174146447056765 1.8106889367273389
cell 51.09011023548463 73.53400536317022 0.0 2.23606797749979 0.4472135954999579 1 0 0 0.6647955197336743 0.747025379048151 1.4544401173083028
cell 71.49984921485844 74.30804456001461 0.0 2.23606797749979 0.4472135954999579 1 0 0 0.804412330117096 0.5940713788389271 1.8693711605486807
cell 61.689204744268174 41.175638795008204 0.0 2.23606797749979 0.4472135954999579 1 0 0 0.756200211986609 0.6543403085485469 1.7149728253013758
cell 65.15212186430712 2.703999030932775 0.0 2.23606797749979 0.4472135954999579 1 0 0 -0.77900360994709 -0.6270194380474995 1.7861503104698109
cell 70.65873606565607 61.17899724995841 0.0 2.23606797749979 0.4472135954999579 1 0 0 -0.8002507605758703 -0.5996655069267709 1.8554265376357888
cell 59.62238288665763 28.89925468283467 0.0 2.23606797749979 0.4472135954999579 1 0 0 0.7374452189419458 0.6754069507042888 1.658559850783451
cell 66.99987796712445 7.350376724668767 0.0 2.23606797749979 0.4472135954999579 1 0 0 0.7677590475204799 0.6407386713399196 1.7506726669502701
cell 69.61917640950438 60.977497626431855 0.0 2.23606797749979 0.4472135954999579 1 0 0 0.789274544074287 0.6140404661553881 1.8192533044920012
cell 69.18141984399526 65.39049807281285 0.0 2.23606797749979 0.4472135954999579 1 0 0 0.7843679148820215 0.6202958762587657 1.8033529273263635
cell 72.40316059581771 35.42963371464045 0.0 2.23606797749979 0.4472135954999579 1 0 0 -0.6937337009740774 -0.7202315961777915 1.5333204510341991
cell 72.21055787079749 7.130727041706926 0.0 2.23606797749979 0.4472135954999579 1 0 0 0.7463108946263999 0.6655975124367147 1.6850043459774717
cell 59.74464360204386 68.67273429647032 0.0 2.23606797749979 0.4472135954999579 1 0 0 0.7058095353513827 0.7084016514711589 1.5671305189704943
cell 59.07567980520364 59.830313887303035 0.0 2.23606797749979 0.4472135954999579 1 0 0 0.7235653955694512 0.6902558354222176 1.6179075151238278
cell 59.34310111372709 5.095168234879406 0.0 2.23606797749979 0.4472135954999579 1 0 0 0.7045160547655126 0.7096880501865853 1.5634820044212612
cell 62.63182719896357 66.62183057907352 0.0 2.23606797749979 0.4472135954999579 1 0 0 0.7350842128399896 0.677975810802578 1.6515817695665644
cell 61.15830817130735 63.96625320017682 0.0 2.23606797749979 0.4472135954999579 1 0 0 0.7265228022764451 0.6871423562642471 1.626495887550292
cell 54.604982029820924 82.88321320511139 0.0 2.23606797749979 0.4472135954999579 1 0 0 0.6344470735729542 0.7729663064032704 1.3745859585662021
cell 61.230755660905956 20.12058217289933 0.0 2.23606797749979 0.4472135954999579 1 0 0 -0.7133161311302164 -0.7008424195704908 1.5884370475925946
cell 66.80387496672269 22.571335471710384 0.0 2.23606797749979 0.4472135954999579 1 0 0 0.7862342927186562 0.61792850472623 1.8093821299550745
cell 69.24167850292477 20.06463398440382 0.0 2.23606797749979 0.4472135954999579 1 0 0 0.8093359464059999 0.5873460018209917 1.8860412649997096
cell 59.770067813490684 1.2314128277794933 0.0 2.23606797749979 0.4472135954999579 1 0 0 0.6958097300957141 0.7182261618070797 1.5390933774026334
cell 54.65149824271124 13.116992810653354 0.0 2.23606797749979 0.4472135954999579 1 0 0 0.6612317620443282 0.7501816825701311 1.4449190535881298
cell 60.00910561539218 85.54514882215223 0.0 2.23606797749979 0.4472135954999579 1 0 0 0.6961354997371539 0.7179104164209508 1.5400007274159704
cell 68.77380314012626 69.76713162664338 0.0 2.23606797749979 0.4472135954999579 1 0 0 -0.7878560353610435 -0.6158594543767093 1.8146398946995923
cell 60.39831482093531 20.065697509795942 0.0 2.23606797749979 0.4472135954999579 1 0 0 -0.7141163672367302 -0.700027009510787 1.5907220172060574
cell 25.284351539246245 58.15397668325779 0.0 2.23606797749979 0.4472135954999579 1 0 0 0.785239268912046 -0.619192450340341 4.477020400529872
cell 56.20072169438981 64.98032849354374 0.0 2.23606797749979 0.4472135954999579 1 0 0 0.7516706500745938 0.6595386522535563 1.7011829889387924
cell 63.7708237111599 11.406823746450007 0.0 2.23606797749979 0.4472135954999579 1 0 0 0.7702953039922449 0.6376873408242436 1.758608216196687
cell 56.947665391609135 84.6185865174923 0.0 2.23606797749979 0.4472135954999579 1 0 0 -0.6660665711409707 -0.7458922997380454 1.4578456663703738
cell 68.12655916803169 56.1400124591905 0.0 2.23606797749979 0.4472135954999579 1 0 0 -0.7995916377761387 -0.6005440972971695 1.8532298455541723
cell 61.99681196633034 15.741682749159905 0.0 2.23606797749979 0.4472135954999579 1 0 0 0.7523556228935129 0.6587571758246845 1.7032613472031164
cell 87.48465806020852 19.994317673433162 0.0 2.23606797749979 0.4472135954999579 1 0 0 -0.8288430307527314 -0.55948121538853 1.9540731466041485
cell 59.400747450319464 13.072425581252096 0.0 2.23606797749979 0.4472135954999579 1 0 0 0.6901692702360872 0.7236479658105776 1.5234458781375655
cell 69.23953803409532 24.73358757167971 0.0 2.23606797749979 0.4472135954999579 1 0 0 0.8254672074602735 0.5644500769844378 1.9420588423002054
cell 51.319173323354555 46.96699732739726 0.0 2.23606797749979 0.4472135954999579 1 0 0 0.7011748630822178 0.712989348715416 1.5540879266266978
cell 67.79523521857048 69.63666785235766 0.0 2.23606797749979 0.4472135954999579 1 0 0 0.7744356791691198 0.6326526525905538 1.7716452316024012
cell 84.9539517931864 27.53023452650548 0.0 2.23606797749979 0.4472135954999579 1 0 0 0.7519759971762057 0.6591904881525908 1.7021091748758406
cell 65.338877787555 48.87973244259605 0.0 2.23606797749979 0.4472135954999579 1 0 0 0.793391367550105 0.6087118677149101 1.8327206528870166
cell 71.82106500611607 43.894147161708155 0.0 2.23606797749979 0.4472135954999579 1 0 0 0.7432009460717456 0.6690682728676217 1.6756838315523408
cell 63.74588550836891 15.857351572240214 0.0 2.23606797749979 0.4472135954999579 1 0 0 0.7582491487238747 0.6519648981805074 1.7212468110329158
cell 60.92845222225703 84.43584198931507 0.0 2.23606797749979 0.4472135954999579 1 0 0 0.7197696140288937 0.694213009616427 1.606940790828295
cell 55.20591805551165 45.42928502806859 0.0 2.23606797749979 0.4472135954999579 1 0 0 0.6839375212710905 0.7295405862579248 1.506292671813627
cell 56.85098117242268 43.0088991002903 0.0 2.23606797749979 0.4472135954999579 1 0 0 0.7156973533678282 0.698410551454004 1.5952441653567322
cell 53.72030480146684 51.83215403517419 0.0 2.23606797749979 0.4472135954999579 1 0 0 0.6641789454794684 0.7475736273985201 1.452789977795111
cell 54.53212156751072 28.90757978518146 0.0 2.23606797749979 0.4472135954999579 1 0 0 0.6228991320509635 0.7823021611181682 1.3448863162153302
cell 51.86582818230043 78.05681389677805 0.0 2.23606797749979 0.4472135954999579 1 0 0 0.6491044523124083 0.7606992901194325 1.4128131510880209
cell 65.87280990605883 37.629435796889645 0.0 2.23606797749979 0.4472135954999579 1 0 0 0.7837592615194969 0.6210647470130733 1.801391681569604
cell 57.29328150616 10.979574637330044 0.0 2.23606797749979 0.4472135954999579 1 0 0 0.6724399386164157 0.7401516932045423 1.475000820400933
cell 30.87295234448156 7.361184571788211 0.0 2.23606797749979 0.4472135954999579 1 0 0 0.7741431063950728 0.6330106245719633 1.7707205851372156
cell 55.00920443422721 9.602817145872544 0.0 2.23606797749979 0.4472135954999579 1 0 0 0.6266962688658878 0.7792636181611297 1.3546127827694874
cell 70.1646283408881 6.4507585200768265 0.0 2.23606797749979 0.4472135954999579 1 0 0 0.7573585691297595 0.6529992325919864 1.7185169905425182
cell 58.312683270510526 50.97547619703337 0.0 2.23606797749979 0.4472135954999579 1 0 0 0.720849033388378 0.6930921086428852 1.610053066930945
cell 53.16690864845299 79.39187017472166 0.0 2.23606797749979 0.4472135954999579 1 0 0 -0.667663428818629 -0.7444632602205106 1.4621315082445738
cell 58.7658539193584 77.19193817527969 0.0 2.23606797749979 0.4472135954999579 1 0 0 -0.7031729212499159 -0.7110188765573383 1.5597004134677457
cell 54.713556098607135 60.68105569012012 0.0 2.23606797749979 0.4472135954999579 1 0 0 0.6877949576416641 0.7259050187474264 1.5168940363039602
cell 78.02836970022057 38.842752583501124 0.0 2.23606797749979 0.4472135954999579 1 0 0 0.7605378057178195 -0.6492936516507183 4.554903292775763
cell 51.49723635454047 66.69164254284817 0.0 2.23606797749979 0.4472135954999579 1 0 0 0.695989835894026 0.7180516334722781 1.5395949678274377
cell 73.2993321013329 7.44678561721865 0.0 2.23606797749979 0.4472135954999579 1 0 0 0.7532886252920559 0.6576900843144927 1.7060962567982958
cell 70.17292406876433 52.03369860432888 0.0 2.23606797749979 0.4472135954999579 1 0 0 0.6756647520440016 0.7372090224931582 1.483732088997892
cell 64.20025110142363 2.6135678138193783 0.0 2.23606797749979 0.4472135954999579 1 0 0 0.7845704777464892 0.620039648287628 1.8040061791559152
cell 59.83190251821827 8.640778243861323 0.0 2.23606797749979 0.4472135954999579 1 0 0 0.7342893220570726 0.6788366456762368 1.649238363333286
cell 64.27002162307932 35.70604150687551 0.0 2.23606797749979 0.4472135954999579 1 0 0 0.7800143778052295 0.6257615923154126 1.7893775867912751
cell 69.04248768213576 78.4408541835027 0.0 2.23606797749979 0.4472135954999579 1 0 0 -0.7873477763184044 -0.616509107091261 1.812990196615063
cell 51.64303415918459 59.96590130004597 0.0 2.23606797749979 0.4472135954999579 1 0 0 0.6255178770053492 0.780209834305311 1.3515902455550342
cell 67.4055898682033 24.13071384350399 0.0 2.23606797749979 0.4472135954999579 1 0 0 0.7855138631330825 0.6188440601845839 1.8070520992783625
cell 59.07079718168284 85.70238889052924 0.0 2.23606797749979 0.4472135954999579 1 0 0 0.6878763357082665 0.7258279043771797 1.51711825954839
cell 67.65606340163495 60.572564284153046 0.0 2.23606797749979 0.4472135954999579 1 0 0 0.7933780538736064 0.6087292202874188 1.8326769097387714
cell 72.37626673763806 48.07401091154802 0.0 2.23606797749979 0.4472135954999579 1 0 0 0.7209891183237243 0.6929463841155236 1.6104573412295338
cell 72.50549921728145 65.53261377908642 0.0 2.23606797749979 0.4472135954999579 1 0 0 -0.7996036825568555 -0.6005280599951308 1.8532699589833062
cell 73.96993689538174 86.96398553386935 0.0 2.23606797749979 0.4472135954999579 1 0 0 0.7655779330127408 0.6433431654132492 1.7438783572803245
cell 59.018487509534744 46.58658402755403 0.0 2.23606797749979 0.4472135954999579 1 0 0 0.7338783067592711 0.6792809660723206 1.6480278193223759
cell 72.01006285012416 69.98551047527634 0.0 2.23606797749979 0.4472135954999579 1 0 0 0.7991885144858318 0.6010804591017157 1.851887918001056
cell 52.29363918456723 73.64988787134236 0.0 2.23606797749979 0.4472135954999579 1 0 0 0.7095742434695369 0.7046306784441296 1.57778759773856
cell 50.233688988529444 32.34324629274332 0.0 2.23606797749979 0.4472135954999579 1 0 0 -0.7030084355605049 -0.7111815095534835 1.559237790365449
cell 55.82080824011583 13.98399208543709 0.0 2.23606797749979 0.4472135954999579 1 0 0 0.6617947782115784 0.7496850482248447 1.4464205633669547
cell 62.311657580924 2.6039476845603486 0.0 2.23606797749979 0.4472135954999579 1 0 0 0.7616867138067064 0.6479454838258698 1.7318246389117362
cell 50.194680796713065 62.92703152379252 0.0 2.23606797749979 0.4472135954999579 1 0 0 0.6183813669927529 0.7858781616485944 1.3333627624653164
cell 65.1874956996918 45.819545120119756 0.0 2.23606797749979 0.4472135954999579 1 0 0 0.7887473324336648 0.6147175331636294 1.8175370622097538
cell 62.03150020960544 51.033076014466445 0.0 2.23606797749979 0.4472135954999579 1 0 0 0.7590690368297852 0.6510101361164066 1.7237637832729624
cell 70.92888833429208 69.75085761847839 0.0 2.23606797749979 0.4472135954999579 1 0 0 0.7956809029156737 0.6057160231786 1.8402617598401598
cell 62.06221805830287 20.193902450741906 0.0 2.23606797749979 0.4472135954999579 1 0 0 0.7402223623139305 0.6723621452241227 1.6668020324744568
cell 60.498523459654066 55.432886784985634 0.0 2.23606797749979 0.4472135954999579 1 0 0 0.7220375345659384 0.6918538853529271 1.6134856943141422
cell 61.151878659691114 33.469380002030995 0.0 2.23606797749979 0.4472135954999579 1 0 0 0.7585544659503157 0.6516096394213574 1.722183672599481
cell 62.0085321052301 33.50760736232093 0.0 2.23606797749979 0.4472135954999579 1 0 0 -0.751558427950244 -0.6596665289196944 1.700842717006327
cell 61.08133625898995 15.657544733332859 0.0 2.23606797749979 0.4472135954999579 1 0 0 0.7504559287864211 0.6609204936672111 1.6975032963128778
cell 57.94801329790533 15.409919727882782 0.0 2.23606797749979 0.4472135954999579 1 0 0 -0.6843116141115025 -0.7291896973984959 1.5073184757923404
cell 34.498657170978014 12.89113485292396 0.0 2.23606797749979 0.4472135954999579 1 0 0 0.8673188602517884 0.49775294539715054 2.0995805774097693
cell 50.31135075074076 55.890188000316726 0.0 2.23606797749979 0.4472135954999579 1 0 0 0.6961134331305197 0.7179318130680946 1.5399392537911407
cell 65.22892026789732 82.65372851756806 0.0 2.23606797749979 0.4472135954999579 1 0 0 0.7432204631081252 0.6690465927103612 1.6757421734387672
cell 56.32754000825077 80.16597711993823 0.0 2.23606797749979 0.4472135954999579 1 0 0 0.669497098150617 0.7428146710774519 1.467063117500146
cell 64.00280438475198 27.9661511751404 0.0 2.23606797749979 0.4472135954999579 1 0 0 0.7727765131165364 0.6346782340489138 1.7664085089053903
cell 72.22340402681328 16.410884285109567 0.0 2.23606797749979 0.4472135954999579 1 0 0 0.814012781956022 0.5808469598889348 1.9020550939373229
cell 57.70965470811814 68.64427793252685 0.0 2.23606797749979 0.4472135954999579 1 0 0 0.7143414165118182 0.6997973568511738 1.5913650958052215
cell 65.94376105258861 69.30000977309803 0.0 2.23606797749979 0.4472135954999579 1 0 0 0.772072253911803 0.6355347628096739 1.7641907418558933
cell 58.58559646595901 31.68782217246208 0.0 2.23606797749979 0.4472135954999579 1 0 0 -0.6865012029173363 -0.727128667013652 1.5133325101119155
cell 67.98393839245851 42.16994676152607 0.0 2.23606797749979 0.4472135954999579 1 0 0 0.7512687399560269 0.6599964245091663 1.6999646504096666
cell 66.56073217186527 33.20563040994071 0.0 2.23606797749979 0.4472135954999579 1 0 0 0.7871667359077528 0.6167402450629715 1.8124029985466927
cell 62.719640481916635 82.28741038594285 0.0 2.23606797749979 0.4472135954999579 1 0 0 0.7329053409711502 0.6803306263692397 1.6451653382213303
cell 70.44767749313644 74.19681258768877 0.0 2.23606797749979 0.4472135954999579 1 0 0 0.794130168446804 0.6077477071636311 1.8351500005484387
cell 59.740073633577154 24.43498882045016 0.0 2.23606797749979 0.4472135954999579 1 0 0 0.728299201754761 0.6852592740878286 1.6316733762590476
cell 60.687725351476594 42.30149228011554 0.0 2.23606797749979 0.4472135954999579 1 0 0 0.719791791381245 0.6941900150968596 1.6070046839542957
cell 64.97389082554086 37.33905902845944 0.0 2.23606797749979 0.4472135954999579 1 0 0 0.7635746595353919 0.6457195515976036 1.737662145025564
