500
 Lattice="88.6226925452758 0.0 0.0 0.0 88.6226925452758 0.0 0.0 0.0 1.0"Properties=species:S:1:pos:R:3:aspherical_shape:R:3:orientation:R:4:Color:R:1
cell 36.31655741383714 15.822095164984995 0.0 2.23606797749979 0.4472135954999579 1 0 0 -0.49648235198191876 0.8680468156559887 5.2441019352048475
cell 32.76291613274739 34.70339683055348 0.0 2.23606797749979 0.4472135954999579 1 0 0 -0.22943537408379094 0.9733238973327588 5.820190222341439
cell 2.7646144434329067 70.18229684190132 0.0 2.23606797749979 0.4472135954999579 1 0 0 0.4280126323379815 -0.9037727516135413 5.398599985915732
cell 60.47049665172272 54.3777242369153 0.0 2.23606797749979 0.4472135954999579 1 0 0 0.1574001211577404 -0.9875349117168105 5.9670705038034315
cell 28.17401076304042 52.91099105675446 0.0 2.23606797749979 0.4472135954999579 1 0 0 0.2496745294081051 -0.9683298143529617 5.7784970568996865
cell 20.711091681121893 26.480000208593278 0.0 2.23606797749979 0.4472135954999579 1 0 0 -0.19277437552262636 0.9812431096022338 5.89520775842033
cell 35.420459623600024 40.61247910066924 0.0 2.23606797749979 0.4472135954999579 1 0 0 0.11979049001696308 -0.9927991934432138 6.0430276068989
cell 67.65259795714341 46.543005397362585 0.0 2.23606797749979 0.4472135954999579 1 0 0 0.11965419032373306 -0.992815629781266 6.043302181184752
cell 2.8670472156990114 28.906924990056382 0.0 2.23606797749979 0.4472135954999579 1 0 0 0.12092213705975108 -0.9926619952274303 6.040747739779458
cell 34.55494293743167 46.8460447306483 0.0 2.23606797749979 0.4472135954999579 1 0 0 0.15085063777275579 -0.9885565664561401 5.980327905043128
cell 87.5848520649992 36.08609725580617 0.0 2.23606797749979 0.4472135954999579 1 0 0 -0.3272713759063135 -0.9449303924164936 0.6668289601717827
cell 38.31968827458876 22.992133022945225 0.0 2.23606797749979 0.4472135954999579 1 0 0 0.47430072441423954 -0.8803628926869462 5.294846191557638
cell 88.053469167294 51.18591014893567 0.0 2.23606797749979 0.4472135954999579 1 0 0 -0.05765842347048561 0.9983363692678426 6.167804469436929
cell 20.15743321490333 50.33010841389571 0.0 2.23606797749979 0.4472135954999579 1 0 0 0.268700577031864 -0.9632237538094373 5.739097823786836
cell 25.30725619811699 48.835421325498814 0.0 2.23606797749979 0.4472135954999579 1 0 0 -0.23082450035603805 0.9729954008295134 5.817335344341334
cell 44.96068837463878 40.00000012201922 0.0 2.23606797749979 0.4472135954999579 1 0 0 -0.12317377641486886 0.9923851171816815 6.036210540888082
cell 33.79408916473164 35.52419653284581 0.0 2.23606797749979 0.4472135954999579 1 0 0 0.18740002888363572 -0.9822836806006768 5.90615608516576
cell 37.64461389144729 54.772504583471715 0.0 2.23606797749979 0.4472135954999579 1 0 0 0.20427794539851019 -0.9789129282136196 5.871733223558071
cell 88.07803318828016 46.0814486675198 0.0 2.23606797749979 0.4472135954999579 1 0 0 -0.14332806750728874 -0.9896752321163879 0.2876467801828566
cell 39.69922793734741 39.271552084557015 0.0 2.23606797749979 0.4472135954999579 1 0 0 0.10326891271496129 -0.9946534731587025 6.076278606071697
cell 43.12075082784926 54.92053630099189 0.0 2.23606797749979 0.4472135954999579 1 0 0 0.17721649046972904 -0.9841718932714917 5.926870404911512
cell 29.631035699766496 37.27090766775358 0.0 2.23606797749979 0.4472135954999579 1 0 0 0.2199908412531539 -0.9755019373454518 5.839575143712093
cell 23.506849194798434 60.741514276798185 0.0 2.23606797749979 0.4472135954999579 1 0 0 0.33142647349498605 -0.943481050507469 5.607555106369717
cell 44.353735365624004 55.87677065168906 0.0 2.23606797749979 0.4472135954999579 1 0 0 0.12641573155658659 -0.9919773499505989 6.0296755407336144
cell 83.34363525964962 39.59408589339631 0.0 2.23606797749979 0.4472135954999579 1 0 0 -0.18073135794364809 -0.9835324988305394 0.36346000749756513
cell 18.411289384707533 45.30270998614075 0.0 2.23606797749979 0.4472135954999579 1 0 0 0.3664321762544876 -0.9304447647256661 5.532842155642353
cell 5.597940798219523 30.092242373096045 0.0 2.23606797749979 0.4472135954999579 1 0 0 -0.1576789618590528 0.9874904277951515 5.966505770391902
cell 38.13020050215587 44.849301189360126 0.0 2.23606797749979 0.4472135954999579 1 0 0 -0.16403213648251158 0.9864549955274101 5.953631751462403
cell 50.96392257296521 20.613355460253455 0.0 2.23606797749979 0.4472135954999579 1 0 0 0.33738256596993044 -0.9413676243527528 5.594915210701386
cell 2.861774243061659 64.12390282105326 0.0 2.23606797749979 0.4472135954999579 1 0 0 0.3426170750199068 -0.9394751406529093 5.583782976507483
cell 74.60567297089253 38.580871692578036 0.0 2.23606797749979 0.4472135954999579 1 0 0 0.03171823229531345 0.9994968502902151 0.06344710607861186
cell 28.905705867133786 46.46443542709612 0.0 2.23606797749979 0.4472135954999579 1 0 0 0.16192800991591988 -0.986802573772824 5.957897035025655
cell 58.523722730020744 40.92600365462867 0.0 2.23606797749979 0.4472135954999579 1 0 0 0.11054653339244983 -0.9938709493464994 6.06163943322024
cell 66.8822789525894 45.702541495103866 0.0 2.23606797749979 0.4472135954999579 1 0 0 -0.0861901744989493 0.9962787028838068 6.1105908132237525
cell 3.7024564572926177 59.63192797180585 0.0 2.23606797749979 0.4472135954999579 1 0 0 0.37110677670871084 -0.9285902004010548 5.522784054122668
cell 67.36067347304201 39.53560655235508 0.0 2.23606797749979 0.4472135954999579 1 0 0 0.014062190457403234 -0.999901122511391 6.255059999272065
cell 10.600536091174504 49.11390104965761 0.0 2.23606797749979 0.4472135954999579 1 0 0 0.2383604723064879 -0.9711767528322679 5.801830679912511
cell 11.69833474825825 52.13736377032706 0.0 2.23606797749979 0.4472135954999579 1 0 0 -0.2316708774652968 0.9727942251753242 5.81559542951279
cell 46.00608734989161 51.87053416972203 0.0 2.23606797749979 0.4472135954999579 1 0 0 0.13312967418172 -0.9910986277118282 6.016133110593275
cell 63.41804560715567 54.430556926595195 0.0 2.23606797749979 0.4472135954999579 1 0 0 0.1616835702040268 -0.9868426536819735 5.9583924426242305
cell 2.154792733327464 39.36303153441369 0.0 2.23606797749979 0.4472135954999579 1 0 0 -0.18360346697845054 -0.9830003900881693 0.36930197842798673
cell 82.70699260813045 33.28212359755232 0.0 2.23606797749979 0.4472135954999579 1 0 0 -0.23920364688542978 -0.9709694203818731 0.4830912103061822
cell 56.447773599566496 37.12871651712093 0.0 2.23606797749979 0.4472135954999579 1 0 0 0.024696957221933966 -0.9996949836344974 6.233786370138836
cell 28.831706595496065 58.453165925972925 0.0 2.23606797749979 0.4472135954999579 1 0 0 -0.2597705170784783 0.9656703777463509 5.757616198657635
cell 0.6130682828078244 61.565137731467615 0.0 2.23606797749979 0.4472135954999579 1 0 0 0.39054476063290167 -0.9205839396503664 5.480738759176324
cell 31.25769666239895 58.439231837274576 0.0 2.23606797749979 0.4472135954999579 1 0 0 0.2570479137611677 -0.9663986599902916 5.763252853377532
cell 71.40750555672275 69.64743796147734 0.0 2.23606797749979 0.4472135954999579 1 0 0 0.23464710407523126 -0.972080622453255 5.809474265900992
cell 7.504110772055597 57.21570440404873 0.0 2.23606797749979 0.4472135954999579 1 0 0 0.2783031980379634 -0.9604932742928719 5.719131183973226
cell 6.671784900453002 51.3019699045581 0.0 2.23606797749979 0.4472135954999579 1 0 0 0.20854181797144322 -0.9780134509080974 5.863017789250576
cell 68.08456101316271 47.46008860447464 0.0 2.23606797749979 0.4472135954999579 1 0 0 0.1013864187519329 -0.9948471209651549 6.080063462244701
cell 83.9000618572305 41.957841076344316 0.0 2.23606797749979 0.4472135954999579 1 0 0 -0.1328067324065182 -0.9911419534191374 0.26640052639971845
cell 6.632175778738578 45.11765487348363 0.0 2.23606797749979 0.4472135954999579 1 0 0 0.06929897260658902 0.9975959364370283 0.13870911821730986
cell 2.6868040389685013 53.34976698275321 0.0 2.23606797749979 0.4472135954999579 1 0 0 0.13327925677879485 -0.991078523484639 6.015831255440317
cell 30.827811776630746 39.86084908955363 0.0 2.23606797749979 0.4472135954999579 1 0 0 0.09378116058753902 -0.9955928354095636 6.095346960006235
cell 72.2691937143805 1.1937048536301174 0.0 2.23606797749979 0.4472135954999579 1 0 0 0.1342474863991816 -0.9909478353553741 6.013877235930839
cell 33.23265705314214 52.06760367167824 0.0 2.23606797749979 0.4472135954999579 1 0 0 0.2648728584708704 -0.9642833446894488 5.7470411689135625
cell 44.00185298688575 38.109236721642276 0.0 2.23606797749979 0.4472135954999579 1 0 0 0.058741965916002274 -0.9982731998006975 6.165633704844932
cell 77.58094042266114 34.23447059256741 0.0 2.23606797749979 0.4472135954999579 1 0 0 0.18251986346025706 0.9832021661095185 0.36709751906530064
cell 71.16943180115106 67.02012231180314 0.0 2.23606797749979 0.4472135954999579 1 0 0 0.23497972784905513 -0.9720002713476905 5.808789883328973
cell 62.98735228350834 44.527138716328125 0.0 2.23606797749979 0.4472135954999579 1 0 0 0.11043432581519895 -0.9938834235873655 6.061865230891541
cell 54.34295541707823 46.74905355328443 0.0 2.23606797749979 0.4472135954999579 1 0 0 -0.1908378891266756 0.9816215666302747 5.899154002481138
cell 24.140970913575767 54.78904740571029 0.0 2.23606797749979 0.4472135954999579 1 0 0 -0.3133173874544043 0.9496484690235365 5.645816690783392
cell 75.05344208354526 40.39076318210085 0.0 2.23606797749979 0.4472135954999579 1 0 0 0.062394599928272246 0.9980515587382202 0.12487031121836355
cell 21.92408535764394 42.15864116496238 0.0 2.23606797749979 0.4472135954999579 1 0 0 0.27484616132150785 -0.9614882150119323 5.726325910889295
cell 22.851815427282457 44.371358891291145 0.0 2.23606797749979 0.4472135954999579 1 0 0 0.14841479457082016 -0.9889251987650538 5.985255064449202
cell 30.871653525593693 55.547315064068705 0.0 2.23606797749979 0.4472135954999579 1 0 0 0.37820755167238934 -0.9257208260906616 5.50746679578911
cell 11.805916983159953 47.45462296303765 0.0 2.23606797749979 0.4472135954999579 1 0 0 -0.24516040863472102 0.969482529000939 5.787815013044495
cell 71.10394513965406 17.36029253604559 0.0 2.23606797749979 0.4472135954999579 1 0 0 0.04671736780507992 -0.9989081477019621 6.18971655106722
cell 48.43340840927585 44.70901051700017 0.0 2.23606797749979 0.4472135954999579 1 0 0 0.11779096307700085 -0.993038412659547 6.04705517946191
cell 19.765047383860246 56.098383740872926 0.0 2.23606797749979 0.4472135954999579 1 0 0 0.3346327075159731 -0.9423486356229998 5.600754426636489
cell 50.34091120539913 50.69820331402437 0.0 2.23606797749979 0.4472135954999579 1 0 0 0.18469493767927667 -0.9827958994601311 5.9116624056692455
cell 15.361303072650802 57.699004357760415 0.0 2.23606797749979 0.4472135954999579 1 0 0 0.32574211465194775 -0.9454586583992329 5.619592211963982
cell 72.6692117159403 35.74033992009939 0.0 2.23606797749979 0.4472135954999579 1 0 0 0.07346674099010167 0.997297667684174 0.14706597957782924
cell 18.84886540272836 46.45929901298252 0.0 2.23606797749979 0.4472135954999579 1 0 0 -0.3293040782558437 0.9442239268542548 5.612052407315115
cell 28.71260038967515 67.06720839543668 0.0 2.23606797749979 0.4472135954999579 1 0 0 -0.37686962208661756 0.9262663158877635 5.510356512078578
cell 9.252500580126936 55.10460178995642 0.0 2.23606797749979 0.4472135954999579 1 0 0 0.241699951380253 -0.9703510362249238 5.794950581055683
cell 14.012632682569285 56.31227464099825 0.0 2.23606797749979 0.4472135954999579 1 0 0 -0.30954185256883293 0.950885819385406 5.653762940302737
cell 39.55938276533284 38.08960390982199 0.0 2.23606797749979 0.4472135954999579 1 0 0 0.09826835899961973 -0.9951599517763573 6.086330891628982
cell 1.2244160715080439 67.70912770427789 0.0 2.23606797749979 0.4472135954999579 1 0 0 -0.32743415014634514 0.9448740007630333 5.616011815605048
cell 49.04214035813857 50.03763914308505 0.0 2.23606797749979 0.4472135954999579 1 0 0 -0.15104578659826362 0.9885267676451214 5.979933083395486
cell 2.330492224062906 44.04290324896558 0.0 2.23606797749979 0.4472135954999579 1 0 0 -0.24072788270043266 -0.9705926470412635 0.4862314354423072
cell 49.48652220783672 18.703922090929474 0.0 2.23606797749979 0.4472135954999579 1 0 0 -0.34861744730797006 0.937265104136751 5.570994095661548
cell 86.67944108494413 70.89150274636665 0.0 2.23606797749979 0.4472135954999579 1 0 0 0.3157813872364493 -0.9488319743110598 5.6406251737316
cell 54.47467367337274 39.18295861993405 0.0 2.23606797749979 0.4472135954999579 1 0 0 0.09496273100596068 -0.9954808284039877 6.092973225068761
cell 72.59032747706055 2.2846855889953774 0.0 2.23606797749979 0.4472135954999579 1 0 0 0.13908693339502098 -0.9902801749801765 6.004106654562698
cell 27.705561978105802 61.475931862222865 0.0 2.23606797749979 0.4472135954999579 1 0 0 0.3668777283012297 -0.9302691720553407 5.531884346858489
cell 49.248504472723155 45.71923436638368 0.0 2.23606797749979 0.4472135954999579 1 0 0 0.1600237612535791 -0.9871131626284079 5.961755858452593
cell 64.90677394548611 49.05633400210935 0.0 2.23606797749979 0.4472135954999579 1 0 0 0.10979281994389228 -0.9939544942746463 6.063156092371287
cell 72.94363189190466 41.0386542621249 0.0 2.23606797749979 0.4472135954999579 1 0 0 0.02588049994146574 0.9996650437635497 0.05176677988059596
cell 52.82083781042838 44.063788746280544 0.0 2.23606797749979 0.4472135954999579 1 0 0 0.1353606593307659 -0.9907963927596529 6.0116303812687395
cell 10.265670813967795 58.83434963484931 0.0 2.23606797749979 0.4472135954999579 1 0 0 0.3046210397366343 -0.9524736333094853 5.6641042383939935
cell 31.44789628378282 33.54064599629783 0.0 2.23606797749979 0.4472135954999579 1 0 0 0.2529293570868156 -0.9674847494010694 5.771771568472216
cell 30.11798949921126 38.29707212223545 0.0 2.23606797749979 0.4472135954999579 1 0 0 0.2428147779083681 -0.9700726692517988 5.792652471828698
cell 58.26286249706255 37.9673729038437 0.0 2.23606797749979 0.4472135954999579 1 0 0 0.021555986072417845 -0.9997676427372741 6.240069995597759
cell 46.71012885085449 52.840379443785416 0.0 2.23606797749979 0.4472135954999579 1 0 0 0.15041706141517808 -0.9886226315613165 5.981205066508437
cell 86.14690831041014 43.37369402691945 0.0 2.23606797749979 0.4472135954999579 1 0 0 0.11707407984250962 0.993123184619627 0.2346863716721624
cell 80.27045033065981 45.66185087594805 0.0 2.23606797749979 0.4472135954999579 1 0 0 0.07153608586525532 0.9974380123191009 0.1431944801278858
cell 41.861229531135635 52.66518463636216 0.0 2.23606797749979 0.4472135954999579 1 0 0 0.24857013336866793 -0.9686139007866255 5.780777754910941
cell 58.76678046316543 52.46758996633714 0.0 2.23606797749979 0.4472135954999579 1 0 0 -0.10971687127651288 0.9939628806737669 6.063308912942804
cell 5.279151891867755 66.47733052668157 0.0 2.23606797749979 0.4472135954999579 1 0 0 -0.4095938349719324 0.912267992616745 5.4391677229739415
cell 86.88452296098396 44.604146499593874 0.0 2.23606797749979 0.4472135954999579 1 0 0 -0.1481881902089298 -0.988959180291382 0.2974719664766292
cell 63.18768459666218 51.572909693637015 0.0 2.23606797749979 0.4472135954999579 1 0 0 0.1585086724263416 -0.9873575850549986 5.964825214697346
cell 45.50116750147309 8.006318183847648 0.0 2.23606797749979 0.4472135954999579 1 0 0 0.39320856509550894 -0.9194493049296034 5.474947988581266
cell 85.68857856703602 73.21750024785213 0.0 2.23606797749979 0.4472135954999579 1 0 0 0.4020026917664699 -0.9156384853273221 5.455779293985358
cell 35.32227178416256 39.55409161743865 0.0 2.23606797749979 0.4472135954999579 1 0 0 -0.12262118896954127 0.9924535475354481 6.037324157709184
cell 17.809232017959275 53.833345920349046 0.0 2.23606797749979 0.4472135954999579 1 0 0 -0.2976271828704941 0.9546821774897515 5.678772836471642
cell 34.244513787589646 84.46277474318708 0.0 2.23606797749979 0.4472135954999579 1 0 0 0.8763592013199193 0.4816581259170379 2.136501068101906
cell 72.50434413650163 46.90698196686417 0.0 2.23606797749979 0.4472135954999579 1 0 0 -0.053844267465884645 0.9985493452309016 6.175444669050805
cell 1.3977918273094798 59.39293158843651 0.0 2.23606797749979 0.4472135954999579 1 0 0 -0.15766806499599506 0.9874921677058601 5.966527840182456
cell 55.1352730472455 40.890505610251175 0.0 2.23606797749979 0.4472135954999579 1 0 0 -0.0911792632549997 0.9958344952612735 6.100573152922094
cell 38.91453935817093 45.67332501542779 0.0 2.23606797749979 0.4472135954999579 1 0 0 -0.13794075408041925 0.9904404819895668 6.00642132560454
cell 56.887612282938704 43.18890807460761 0.0 2.23606797749979 0.4472135954999579 1 0 0 0.19090008768026662 -0.9816094725111746 5.899027275565498
cell 58.92531811466722 38.88705046310292 0.0 2.23606797749979 0.4472135954999579 1 0 0 -0.03374941680282729 0.9994303261685974 6.215673653212796
cell 8.74657390632317 63.63301389198758 0.0 2.23606797749979 0.4472135954999579 1 0 0 -0.41289964475006047 0.9107765276758475 5.431914348483247
cell 46.10227199399049 50.19397817613512 0.0 2.23606797749979 0.4472135954999579 1 0 0 0.27388271499578193 -0.9617630989108177 5.7283296973693245
cell 32.050761127624305 51.61019358332846 0.0 2.23606797749979 0.4472135954999579 1 0 0 0.24675004452744712 -0.9690791585446995 5.784534982191432
cell 27.226505241881974 58.160764268034434 0.0 2.23606797749979 0.4472135954999579 1 0 0 0.3165954556940596 -0.9485606556429962 5.638908990386503
cell 63.27436430537076 47.36919121677819 0.0 2.23606797749979 0.4472135954999579 1 0 0 0.16148041068624283 -0.9868759177143813 5.958804172077478
cell 87.65585053302432 54.093324317427175 0.0 2.23606797749979 0.4472135954999579 1 0 0 0.3665531355730083 -0.9303971188699994 5.532582145763133
cell 0.18275266611036634 48.26643396983416 0.0 2.23606797749979 0.4472135954999579 1 0 0 -0.13067177054464515 -0.9914256847503637 0.26209305966717267
cell 74.92751806575457 83.84232816439368 0.0 2.23606797749979 0.4472135954999579 1 0 0 -0.24384591007466047 0.9698139884224504 5.790526302106148
cell 71.36433967720117 45.17828596644496 0.0 2.23606797749979 0.4472135954999579 1 0 0 0.06396681813210772 -0.9979520259902547 6.15516426438798
cell 71.81693363610597 43.56219731861082 0.0 2.23606797749979 0.4472135954999579 1 0 0 -0.006764264590566007 0.9999771221005753 6.2696566748294
cell 29.357741445367935 54.34187747346013 0.0 2.23606797749979 0.4472135954999579 1 0 0 0.30466985546932557 -0.9524580196356689 5.664001734490286
cell 34.05892426443121 55.59733155782197 0.0 2.23606797749979 0.4472135954999579 1 0 0 -0.3063978451314313 0.9519035457959044 5.660372194345753
cell 65.57681675201157 36.61899024266127 0.0 2.23606797749979 0.4472135954999579 1 0 0 -0.044504314947866476 -0.9990091921253884 0.08903803836845814
cell 20.332847993640712 57.000211066299116 0.0 2.23606797749979 0.4472135954999579 1 0 0 0.34372608004735605 -0.9390699558048264 5.581421564155542
cell 70.70353417588426 42.71397682702445 0.0 2.23606797749979 0.4472135954999579 1 0 0 -0.028409081052022507 0.9995963806025808 6.226359499537055
cell 49.33496102435827 39.050172664644535 0.0 2.23606797749979 0.4472135954999579 1 0 0 0.10487461970550044 -0.9944854519507195 6.073049657864021
cell 3.785658077551281 50.741115495846024 0.0 2.23606797749979 0.4472135954999579 1 0 0 0.15563206865007437 -0.987815093632254 5.970650734204591
cell 58.457318530026 56.1856659374337 0.0 2.23606797749979 0.4472135954999579 1 0 0 0.1797484820552486 -0.983712601931496 5.9217237813277235
cell 76.96939172930047 36.91679978234244 0.0 2.23606797749979 0.4472135954999579 1 0 0 0.1508255261822233 0.9885603980798824 0.3028065976752521
cell 23.61127168756669 53.933853467607015 0.0 2.23606797749979 0.4472135954999579 1 0 0 0.29317450302193454 -0.956058947334233 5.6880941866653565
cell 79.04901598018323 39.20967402871784 0.0 2.23606797749979 0.4472135954999579 1 0 0 -0.09446527240706176 -0.9955281574667085 0.18921267207887205
cell 39.95494999131597 47.418520161944144 0.0 2.23606797749979 0.4472135954999579 1 0 0 -0.22098196337193096 0.9752778946865793 5.837542885602339
cell 84.88715488494817 50.59067934245839 0.0 2.23606797749979 0.4472135954999579 1 0 0 0.0026562842852006175 -0.999996472070675 6.277872732361721
cell 54.656516017136596 49.50113240586678 0.0 2.23606797749979 0.4472135954999579 1 0 0 0.18604505160713686 -0.9825412147958466 5.908914554004133
cell 18.569433807179294 62.134359399699285 0.0 2.23606797749979 0.4472135954999579 1 0 0 -0.4051135549478701 0.9142663767182402 5.448979246072306
cell 83.98114456922166 45.61347783580942 0.0 2.23606797749979 0.4472135954999579 1 0 0 0.11503618460549199 0.9933613019598716 0.23058285204062912
cell 30.23155745105951 43.32964147369364 0.0 2.23606797749979 0.4472135954999579 1 0 0 0.19566937938568899 -0.9806699210085008 5.8893053525201715
cell 62.8933807026214 40.09942900437825 0.0 2.23606797749979 0.4472135954999579 1 0 0 0.0613243117146576 -0.9981178932334214 6.160459679840631
cell 38.97734193764575 35.44620456039362 0.0 2.23606797749979 0.4472135954999579 1 0 0 -0.15533518574325395 0.9878618223568055 5.971251810022571
cell 62.74670756034819 38.14600369651017 0.0 2.23606797749979 0.4472135954999579 1 0 0 -0.02986533674998802 -0.9995539313417809 0.05973955641207951
cell 88.156034279027 52.20009667740906 0.0 2.23606797749979 0.4472135954999579 1 0 0 -0.1363933971247702 0.9906547537970858 6.0095455704425245
cell 46.22549243442376 41.867673265282924 0.0 2.23606797749979 0.4472135954999579 1 0 0 -0.17018370107164335 0.9854123542403747 5.941153133904953
cell 80.89729041660179 47.84233042242911 0.0 2.23606797749979 0.4472135954999579 1 0 0 -0.04571777378090954 -0.9989543959363298 0.09146742935654295
cell 66.61327006581342 67.69899697497922 0.0 2.23606797749979 0.4472135954999579 1 0 0 -0.27261674161534627 0.9621227116075327 5.7309618144955925
cell 83.79694175339351 52.005587322842366 0.0 2.23606797749979 0.4472135954999579 1 0 0 -0.008994678542330568 -0.99995954706074 0.017989599662709743
cell 4.2421302468042565 49.537392898274284 0.0 2.23606797749979 0.4472135954999579 1 0 0 -0.005994598507397688 0.9999820322329472 6.271196038357909
cell 59.25869057546952 39.800437174602216 0.0 2.23606797749979 0.4472135954999579 1 0 0 0.037433432385232925 -0.999299123455965 6.208300946694274
cell 8.47579144013207 57.724297444223424 0.0 2.23606797749979 0.4472135954999579 1 0 0 0.28509641773305205 -0.9584988432939192 5.704971268970946
cell 43.892422677178054 36.991276743671094 0.0 2.23606797749979 0.4472135954999579 1 0 0 0.0443571383301047 -0.9990157377534971 6.194441913017604
cell 7.485315056760022 30.9915512923231 0.0 2.23606797749979 0.4472135954999579 1 0 0 0.11418200841783797 -0.9934598476806543 6.0543221391380575
cell 76.12964046753224 39.62450999961152 0.0 2.23606797749979 0.4472135954999579 1 0 0 0.06376392159989173 0.9979650105600911 0.12761441961478792
cell 71.21075993418036 30.39231951348374 0.0 2.23606797749979 0.4472135954999579 1 0 0 -0.060794621576416796 -0.9981502962917861 0.12166426668894026
cell 16.627731860057033 59.28126190407867 0.0 2.23606797749979 0.4472135954999579 1 0 0 -0.3583779821632925 0.9335765752741265 5.5501255285205655
cell 67.93432858658414 33.368832524041835 0.0 2.23606797749979 0.4472135954999579 1 0 0 -0.16063966509373223 -0.9870131194662883 0.32267740094921216
cell 50.05901184153704 39.92592119784304 0.0 2.23606797749979 0.4472135954999579 1 0 0 0.1461407695584418 -0.9892638047926683 5.989853258062875
cell 52.67931519548452 36.4322866655069 0.0 2.23606797749979 0.4472135954999579 1 0 0 -0.003439864134172634 -0.9999940836498676 0.006879741836004705
cell 14.757303924649207 56.93856109551913 0.0 2.23606797749979 0.4472135954999579 1 0 0 0.31351399326820817 -0.9495835803261459 5.645402616445991
cell 86.69215643844569 37.458251229590516 0.0 2.23606797749979 0.4472135954999579 1 0 0 0.20428500751567127 0.9789114544760023 0.4114665121212802
cell 34.341074640964635 52.664102508369446 0.0 2.23606797749979 0.4472135954999579 1 0 0 0.26006824894380526 -0.9655902370526035 5.756999540583243
cell 77.36970519565688 41.574646148751256 0.0 2.23606797749979 0.4472135954999579 1 0 0 -0.06647592544507056 -0.9977880292608352 0.1330499662415745
cell 6.471335732273594 61.43264224471883 0.0 2.23606797749979 0.4472135954999579 1 0 0 -0.3421512770658566 0.9396448816452966 5.584774500069539
cell 66.0046237097561 28.240908707343703 0.0 2.23606797749979 0.4472135954999579 1 0 0 -0.08784980478966775 -0.9961337318846387 0.17592639427509305
cell 63.665333056764624 48.28912051620931 0.0 2.23606797749979 0.4472135954999579 1 0 0 0.134349117204976 -0.9909340617348077 6.0136721161285855
cell 5.26281638543303 57.14013480406648 0.0 2.23606797749979 0.4472135954999579 1 0 0 -0.2081177154720622 0.9781037861631503 5.8638850225323
cell 87.3055643410939 42.58663337597197 0.0 2.23606797749979 0.4472135954999579 1 0 0 0.2567107558911267 0.9664882760850265 0.5192347246998941
cell 32.28221933270006 55.539115885772034 0.0 2.23606797749979 0.4472135954999579 1 0 0 -0.39594388437680417 0.9182747085837701 5.46899428227667
cell 66.1689604349092 33.89769775415604 0.0 2.23606797749979 0.4472135954999579 1 0 0 -0.10177546443738772 -0.9948073958503495 0.20390398208926808
cell 61.14391955750481 45.851473219572284 0.0 2.23606797749979 0.4472135954999579 1 0 0 0.11284527536501728 -0.9936125722975698 6.057012997986959
cell 16.008493902277493 58.45401313363792 0.0 2.23606797749979 0.4472135954999579 1 0 0 0.3458609804352111 -0.9382857678833216 5.57687282692766
cell 32.33181924830771 38.39410512894906 0.0 2.23606797749979 0.4472135954999579 1 0 0 0.9844160604748271 0.1758551104722909 2.7880439569724724
cell 42.47802019325412 58.855276672644244 0.0 2.23606797749979 0.4472135954999579 1 0 0 -0.19974071190580786 0.9798487883379563 5.880998720916695
cell 48.81489086769358 54.836434785076214 0.0 2.23606797749979 0.4472135954999579 1 0 0 -0.13905793934326754 0.990284246822903 6.00416521171223
cell 22.10326171538354 47.118416735910024 0.0 2.23606797749979 0.4472135954999579 1 0 0 0.2556101733129286 -0.9667799332314126 5.76622772634209
cell 61.123066195388624 35.99043995509594 0.0 2.23606797749979 0.4472135954999579 1 0 0 -0.09667944043172812 -0.9953155709611942 0.1936613730595127
cell 26.02566432559848 82.2117278781808 0.0 2.23606797749979 0.4472135954999579 1 0 0 0.46192902670979474 -0.8869168925457118 5.322847407253196
cell 13.869085502185445 51.96201436650482 0.0 2.23606797749979 0.4472135954999579 1 0 0 0.329808013504768 -0.9440480253822041 5.610984901680954
cell 37.95325872931219 53.39843223901874 0.0 2.23606797749979 0.4472135954999579 1 0 0 0.1646269920004239 -0.9863558959649871 5.952425643968878
cell 83.3725864235457 74.15569350273036 0.0 2.23606797749979 0.4472135954999579 1 0 0 -0.3928554507754116 0.9196002364049545 5.475716025130192
cell 24.779202253472718 87.33347989001703 0.0 2.23606797749979 0.4472135954999579 1 0 0 0.5151160866844802 -0.8571204216671465 5.200899143682791
cell 41.1184738161486 47.908077981710626 0.0 2.23606797749979 0.4472135954999579 1 0 0 0.2708513082157093 -0.9626211969605899 5.734630734598023
cell 37.543306792558454 44.01110983862364 0.0 2.23606797749979 0.4472135954999579 1 0 0 0.16616442644240892 -0.986098059720769 5.9493078340424175
cell 3.0299895765092844 52.023116108089354 0.0 2.23606797749979 0.4472135954999579 1 0 0 -0.18732362046559448 0.9822982547147592 5.906311657028922
cell 64.79965258706753 42.35839847011195 0.0 2.23606797749979 0.4472135954999579 1 0 0 0.07869192001979965 -0.9968989827076751 6.125638581741398
cell 71.801981296206 51.28864695158977 0.0 2.23606797749979 0.4472135954999579 1 0 0 0.2051883196041504 -0.9787225109795038 5.869873073048352
cell 6.643295207897912 46.98281238956372 0.0 2.23606797749979 0.4472135954999579 1 0 0 -0.0031281169734613907 0.9999951074301315 6.276929063029623
cell 71.66570925215498 39.182419820721684 0.0 2.23606797749979 0.4472135954999579 1 0 0 0.04778739036654607 0.9988575300421754 0.09561119447951777
cell 16.867076637522384 53.29136930461456 0.0 2.23606797749979 0.4472135954999579 1 0 0 0.29529288513489604 -0.9554067782827946 5.683661188014544
cell 51.08790586270188 51.616322513200515 0.0 2.23606797749979 0.4472135954999579 1 0 0 0.15977184804457892 -0.9871539680173606 5.96226625181066
cell 70.57667409908474 40.13191492597728 0.0 2.23606797749979 0.4472135954999579 1 0 0 0.016121691438279358 -0.9998700370874052 6.25094052741576
cell 10.288220834476594 53.6643762494323 0.0 2.23606797749979 0.4472135954999579 1 0 0 0.20674739174545925 -0.9783943560785956 5.8666866065930146
cell 76.87964101303079 47.124306327656384 0.0 2.23606797749979 0.4472135954999579 1 0 0 -0.003939197558058174 -0.9999922413312008 0.007878415491465951
cell 6.851890704534923 52.36708022322271 0.0 2.23606797749979 0.4472135954999579 1 0 0 -0.2841958441040169 0.9587662500286529 5.706850140215073
cell 75.82380840195233 49.01794815837724 0.0 2.23606797749979 0.4472135954999579 1 0 0 -0.03031665815932511 -0.9995403444774256 0.06064260817332645
cell 87.13238040007782 28.5912430970428 0.0 2.23606797749979 0.4472135954999579 1 0 0 0.9971129611177638 0.07593248824426056 2.989581361422378
cell 78.345752918873 48.41089242414909 0.0 2.23606797749979 0.4472135954999579 1 0 0 -0.08207370198646183 -0.9966262626693305 0.16433225018752573
cell 20.97099554672628 57.91007974907096 0.0 2.23606797749979 0.4472135954999579 1 0 0 0.3337191449489297 -0.9426725477569373 5.602692999006015
cell 42.928136841967905 33.151550166337024 0.0 2.23606797749979 0.4472135954999579 1 0 0 0.20866543837348336 -0.9779870831603054 5.862764986861778
cell 81.79629502211642 42.37586257094553 0.0 2.23606797749979 0.4472135954999579 1 0 0 0.0956005670488445 0.9954197765666198 0.19149358460164573
cell 88.20197504810547 47.10960812524073 0.0 2.23606797749979 0.4472135954999579 1 0 0 -0.13298685583568282 -0.9911178013611396 0.26676399728840394
cell 74.51049731529454 37.70076999248132 0.0 2.23606797749979 0.4472135954999579 1 0 0 0.024236151597491977 0.9997062613366705 0.04847704981587806
cell 29.947106421198743 55.05839402022771 0.0 2.23606797749979 0.4472135954999579 1 0 0 0.3231262730080548 -0.9463558589092815 5.625123071258874
cell 61.192185720448684 37.10232364005266 0.0 2.23606797749979 0.4472135954999579 1 0 0 0.02430677222411047 0.9997045467657157 0.04861833269041879
cell 26.082243867061422 40.31639497054062 0.0 2.23606797749979 0.4472135954999579 1 0 0 0.19726344439403662 -0.9803505156349951 5.886053852173801
cell 48.368892195418574 37.17871156914298 0.0 2.23606797749979 0.4472135954999579 1 0 0 0.03913245416715308 -0.9992340321620634 6.204900409919922
cell 14.336806705862175 46.634849384956496 0.0 2.23606797749979 0.4472135954999579 1 0 0 0.369032444593373 -0.9294165131077881 5.527249767273071
cell 59.346022904581744 49.515689399036106 0.0 2.23606797749979 0.4472135954999579 1 0 0 0.24122876572492744 -0.9704682800518666 5.795921687726183
cell 88.56463612738861 70.91134510809249 0.0 2.23606797749979 0.4472135954999579 1 0 0 0.5069743755712707 -0.8619611258717647 5.219843329900233
cell 47.897535266914474 48.147851646860204 0.0 2.23606797749979 0.4472135954999579 1 0 0 0.09222777547648897 -0.9957379361210752 6.098467254872707
cell 48.96381434730866 2.3410395143327496 0.0 2.23606797749979 0.4472135954999579 1 0 0 0.2795404290035132 -0.9601339221965506 5.716554461542816
cell 31.35937128011198 49.76608832508337 0.0 2.23606797749979 0.4472135954999579 1 0 0 0.18049343472546048 -0.9835761892304052 5.920209102571961
cell 33.238833141597794 45.25818217923136 0.0 2.23606797749979 0.4472135954999579 1 0 0 0.16095992585130228 -0.9869609426263753 5.959858939740064
cell 35.65100854887302 48.50889491831536 0.0 2.23606797749979 0.4472135954999579 1 0 0 0.1819279467766632 -0.9833118641517693 5.917291779861325
cell 12.957869183866102 61.741864121836294 0.0 2.23606797749979 0.4472135954999579 1 0 0 0.3801553345657383 -0.924922657091506 5.503256839215969
cell 67.4331906693426 50.717886054886705 0.0 2.23606797749979 0.4472135954999579 1 0 0 0.19301074802462034 -0.9811966424458334 5.894725965283794
cell 73.0102580258889 28.062691452512677 0.0 2.23606797749979 0.4472135954999579 1 0 0 -0.13714251082649168 0.9905513271528162 6.008033130776152
cell 71.83812274689998 49.92160603566963 0.0 2.23606797749979 0.4472135954999579 1 0 0 0.06511675442791337 -0.9978776519657983 6.152859586426212
cell 76.97810330931281 35.997756597472716 0.0 2.23606797749979 0.4472135954999579 1 0 0 0.1600100248395283 0.9871153893800124 0.32140161727042493
cell 78.18673952199978 42.58876701941079 0.0 2.23606797749979 0.4472135954999579 1 0 0 -0.06260345097234127 -0.998038480183181 0.12528883150399128
cell 79.4935663197995 41.0630103633772 0.0 2.23606797749979 0.4472135954999579 1 0 0 -0.10620095074444184 -0.9943446877521781 0.21280320913545925
cell 4.694667469896875 60.21961657529223 0.0 2.23606797749979 0.4472135954999579 1 0 0 -0.33845324461424475 0.940983209844942 5.592640016280885
cell 73.84884206485528 47.92632338026304 0.0 2.23606797749979 0.4472135954999579 1 0 0 -0.006651772392906757 -0.9999778767172967 0.013303642892709355
cell 47.493549716471904 38.420025204719664 0.0 2.23606797749979 0.4472135954999579 1 0 0 0.10009792179874039 -0.9949775907283406 6.082653633661362
cell 19.16086020812958 49.766346806818824 0.0 2.23606797749979 0.4472135954999579 1 0 0 0.26349458959463745 -0.964660873703476 5.749899247708248
cell 28.94840866391276 73.45218239430747 0.0 2.23606797749979 0.4472135954999579 1 0 0 0.9425645054650788 0.33402418031838893 2.460453136904643
cell 39.49840190639319 46.50355453834697 0.0 2.23606797749979 0.4472135954999579 1 0 0 -0.1424408654819628 0.989803313714775 5.997331326353483
cell 29.53113528586719 47.33960055680625 0.0 2.23606797749979 0.4472135954999579 1 0 0 0.1644913786617789 -0.9863785208255232 5.952700619327501
cell 52.149690967796964 46.711076412091025 0.0 2.23606797749979 0.4472135954999579 1 0 0 0.22645080423707536 -0.97402260408082 5.826320754340067
cell 63.74368115658567 34.432725264945084 0.0 2.23606797749979 0.4472135954999579 1 0 0 -0.09321778324476755 -0.9956457426649961 0.186706634813131
cell 38.8115959493169 40.59645096652412 0.0 2.23606797749979 0.4472135954999579 1 0 0 0.14657507602356826 -0.9891995486698754 5.988975189823925
cell 25.96206287914332 49.64691546951898 0.0 2.23606797749979 0.4472135954999579 1 0 0 -0.21852346641665418 0.9758316938003445 5.842583085637527
cell 43.093044558351394 39.40982268079595 0.0 2.23606797749979 0.4472135954999579 1 0 0 -0.1171656069112795 0.9931123906976046 6.048314612822154
cell 11.11575104210106 51.5379122672053 0.0 2.23606797749979 0.4472135954999579 1 0 0 -0.25664842476083793 0.9665048298212382 5.764079566137371
cell 17.886854591589024 65.55683344140458 0.0 2.23606797749979 0.4472135954999579 1 0 0 0.3543378463394081 -0.9351174742520589 5.558773556334442
cell 2.956521549122849 43.262043049660285 0.0 2.23606797749979 0.4472135954999579 1 0 0 0.21731729301272926 0.976101016369525 0.43813046983849735
cell 14.21662610344435 63.542501996274765 0.0 2.23606797749979 0.4472135954999579 1 0 0 0.3776689826252101 -0.9259406782093758 5.508630224484347
cell 70.00784457687386 37.180036504547694 0.0 2.23606797749979 0.4472135954999579 1 0 0 -0.052772348670080675 -0.998606568782643 0.10559374777264541
cell 26.60850562222613 50.398618321223395 0.0 2.23606797749979 0.4472135954999579 1 0 0 -0.20785617514156066 0.9781593993084772 5.86441979787518
cell 73.01801592060097 3.422320601093184 0.0 2.23606797749979 0.4472135954999579 1 0 0 0.1413119007660635 -0.9899651239825988 5.999612329670897
cell 53.39289998184232 52.8151041289094 0.0 2.23606797749979 0.4472135954999579 1 0 0 0.2892980004989328 -0.9572390855514203 5.696198511557803
cell 53.37843250758795 48.748940561002996 0.0 2.23606797749979 0.4472135954999579 1 0 0 -0.13815101621555176 0.9904111755824498 6.005996736244628
cell 26.206006729226598 57.52876877511067 0.0 2.23606797749979 0.4472135954999579 1 0 0 0.33753268988387564 -0.9413138070058016 5.59459625304636
cell 74.07351438392338 32.10951893461489 0.0 2.23606797749979 0.4472135954999579 1 0 0 -0.1705052039158002 -0.9853567757100122 0.3426847161553166
cell 41.88741418710593 42.85510067743953 0.0 2.23606797749979 0.4472135954999579 1 0 0 0.16318618314773797 -0.9865952917127027 5.955346767624754
cell 85.04217172834576 35.623380578429476 0.0 2.23606797749979 0.4472135954999579 1 0 0 0.2469907727944598 0.9690178317009422 0.4991471592889898
cell 71.10322173228612 65.73309728186382 0.0 2.23606797749979 0.4472135954999579 1 0 0 0.23504682301496999 -0.9719840487325754 5.808651826318543
cell 10.163263062610367 51.16465743739243 0.0 2.23606797749979 0.4472135954999579 1 0 0 0.25098618397836264 -0.9679906690934471 5.775787475751634
cell 76.39765168750392 20.68241942576221 0.0 2.23606797749979 0.4472135954999579 1 0 0 0.9493391030998835 0.3142535080560101 2.502252206435948
cell 54.40659346607715 53.48056232844514 0.0 2.23606797749979 0.4472135954999579 1 0 0 0.2883756283220361 -0.9575173611950182 5.6981253824287545
cell 70.18231830749085 38.09653717912154 0.0 2.23606797749979 0.4472135954999579 1 0 0 -0.059372344756673766 -0.9982359063258016 0.11881456440738258
cell 74.4546645402515 51.49668889442115 0.0 2.23606797749979 0.4472135954999579 1 0 0 -0.12009344688321678 0.9927625919703602 6.042417287207761
cell 31.887044682533997 50.5721237421322 0.0 2.23606797749979 0.4472135954999579 1 0 0 -0.18494318927025774 0.9827492135547836 5.911157199071814
cell 76.93119414907069 52.4885816123217 0.0 2.23606797749979 0.4472135954999579 1 0 0 -0.02878373317041832 -0.9995856625146112 0.05757541844520908
cell 19.162956672867733 55.25991624604998 0.0 2.23606797749979 0.4472135954999579 1 0 0 -0.29878950145963024 0.9543190419443099 5.676337388167734
cell 84.75866399353205 47.808396116576446 0.0 2.23606797749979 0.4472135954999579 1 0 0 -0.09001051694131718 -0.995940814928255 0.18026500963015746
cell 46.734600799344086 42.87525473027681 0.0 2.23606797749979 0.4472135954999579 1 0 0 0.17462042777610642 -0.9846358241518991 5.932144787302564
cell 83.120414840887 36.77986949867671 0.0 2.23606797749979 0.4472135954999579 1 0 0 -0.2127836353321707 -0.9770993422036603 0.4288459138149827
cell 21.147545720020766 50.838139958534086 0.0 2.23606797749979 0.4472135954999579 1 0 0 -0.27226606125377345 0.9622220075893902 5.731690749086558
cell 26.98848338780028 43.65603129817905 0.0 2.23606797749979 0.4472135954999579 1 0 0 0.19929096663843063 -0.9799403607446322 5.8819166671349254
cell 27.934981726845344 45.65265937160544 0.0 2.23606797749979 0.4472135954999579 1 0 0 0.19072385664875965 -0.981643728908316 5.899386334765618
cell 45.10095536127721 56.869037412822586 0.0 2.23606797749979 0.4472135954999579 1 0 0 0.1437931637903102 -0.9896077637363063 5.994598598193349
cell 14.762194728526618 47.530824344944136 0.0 2.23606797749979 0.4472135954999579 1 0 0 0.344376902207067 -0.93883148073883 5.580035288771777
cell 88.55583704493488 81.07707728504109 0.0 2.23606797749979 0.4472135954999579 1 0 0 -0.3516917582366976 0.9361158620536136 5.564429903488222
cell 59.42877674515282 53.50584182283414 0.0 2.23606797749979 0.4472135954999579 1 0 0 -0.12774708114911615 0.991806777178842 6.026991076482804
cell 81.04274474890347 49.654772789227856 0.0 2.23606797749979 0.4472135954999579 1 0 0 -0.022803960134471214 -0.999739955889623 0.04561187403722489
cell 69.96194238460937 44.44388526359761 0.0 2.23606797749979 0.4472135954999579 1 0 0 -0.039601268102290525 0.9992155621109443 6.203962054651155
cell 52.11156875291869 43.18555752667524 0.0 2.23606797749979 0.4472135954999579 1 0 0 0.06931482966529871 -0.997594834784378 6.144444398400816
cell 71.70816316281666 68.09690663669363 0.0 2.23606797749979 0.4472135954999579 1 0 0 0.23264805969095811 -0.9725609905409698 5.813586167377877
cell 18.529788004895256 54.5213144417196 0.0 2.23606797749979 0.4472135954999579 1 0 0 -0.2938119806413374 0.9558632329112855 5.686760497245637
cell 37.15553999483316 49.95122515669628 0.0 2.23606797749979 0.4472135954999579 1 0 0 -0.2790453276925866 0.9602779311704175 5.7175857013762705
cell 63.345463879118036 39.11569938909593 0.0 2.23606797749979 0.4472135954999579 1 0 0 -0.011888046232010048 0.9999293346815992 6.259408654651354
cell 69.31966795295182 48.25192991306557 0.0 2.23606797749979 0.4472135954999579 1 0 0 0.08116645581715394 -0.9967005600731255 6.120673623687518
cell 60.264925104866414 34.688761352767486 0.0 2.23606797749979 0.4472135954999579 1 0 0 -0.09869640567330733 -0.9951175907937564 0.19771469087991367
cell 31.129495689409595 41.91096931117134 0.0 2.23606797749979 0.4472135954999579 1 0 0 0.1562347487649409 -0.9877199518478685 5.969430446875245
cell 19.265506364796764 47.62838791121345 0.0 2.23606797749979 0.4472135954999579 1 0 0 0.24117657978939974 -0.9704812503913135 5.796029234954376
cell 80.98896350408754 33.6360078363421 0.0 2.23606797749979 0.4472135954999579 1 0 0 0.22854284754828438 0.973533855001726 0.4611613063365425
cell 16.070147002257233 52.67484645575466 0.0 2.23606797749979 0.4472135954999579 1 0 0 0.3054102143997332 -0.9522208782316784 5.662446913057762
cell 59.724536482147606 42.73253930239393 0.0 2.23606797749979 0.4472135954999579 1 0 0 -0.2023579156111234 0.9793116327244977 5.875655203111182
cell 37.24705732075824 33.51388932852129 0.0 2.23606797749979 0.4472135954999579 1 0 0 -0.12214300510900707 0.9925125119125406 6.038287768848041
cell 58.58734789072289 45.36897852880193 0.0 2.23606797749979 0.4472135954999579 1 0 0 0.10473086366088519 -0.9945006014059745 6.073338762041745
cell 84.20067898097606 38.28801909348082 0.0 2.23606797749979 0.4472135954999579 1 0 0 -0.1989567529004262 -0.9800082706157733 0.4005865533217392
cell 7.93372316389212 48.68878306435847 0.0 2.23606797749979 0.4472135954999579 1 0 0 -0.07004877331670968 0.9975435676484633 6.142972934331137
cell 29.492726281922767 16.95918368585134 0.0 2.23606797749979 0.4472135954999579 1 0 0 0.4412288288743658 -0.8973946292296135 5.369250221983617
cell 81.11861108150318 37.81628679448862 0.0 2.23606797749979 0.4472135954999579 1 0 0 -0.1999662360739282 -0.9798027885398296 0.40264692149755366
cell 73.09833447512868 32.91221527924416 0.0 2.23606797749979 0.4472135954999579 1 0 0 -0.14359222294122198 -0.9896369402517261 0.2881806129679072
cell 3.5941496465461737 70.99330294546712 0.0 2.23606797749979 0.4472135954999579 1 0 0 0.4305897123084222 -0.9025477824770001 5.39289318433035
cell 72.08378762133496 46.00915704321144 0.0 2.23606797749979 0.4472135954999579 1 0 0 0.07814047348766841 -0.9969423586161453 6.126744881438653
cell 42.80994934143629 17.630261471310956 0.0 2.23606797749979 0.4472135954999579 1 0 0 0.4237262169837579 -0.9057903140576373 5.408074996582179
cell 26.24613201847752 61.083429951642024 0.0 2.23606797749979 0.4472135954999579 1 0 0 -0.28277477539936496 0.9591863355979581 5.709813859871662
cell 44.10259269491846 49.70617078387692 0.0 2.23606797749979 0.4472135954999579 1 0 0 0.12970471029440817 -0.9915526653322272 6.023042970118197
cell 35.968612315096316 49.500625548511984 0.0 2.23606797749979 0.4472135954999579 1 0 0 -0.2482593319234355 0.968693606933033 5.781419473257311
cell 38.29155917812541 50.51273797052379 0.0 2.23606797749979 0.4472135954999579 1 0 0 0.23846907410694004 -0.9711500917441025 5.801607026925081
cell 12.303150856914089 60.9740189333626 0.0 2.23606797749979 0.4472135954999579 1 0 0 -0.37230602319083944 0.9281100285503988 5.520200446286232
cell 22.89762377045033 45.44843484440909 0.0 2.23606797749979 0.4472135954999579 1 0 0 0.15216189251941403 -0.9883555830089241 5.9776747683223705
cell 80.79218115902555 46.74341763945568 0.0 2.23606797749979 0.4472135954999579 1 0 0 0.0540570303493222 0.9985378497932927 0.10816678453473307
cell 24.681408202227036 48.04630089696735 0.0 2.23606797749979 0.4472135954999579 1 0 0 0.23682224408250996 -0.9715529963453996 5.8049978273825635
cell 60.471512881481345 43.360837690788095 0.0 2.23606797749979 0.4472135954999579 1 0 0 0.19419725479138128 -0.9809624999109249 5.892307187730983
cell 71.34172120168986 48.97406209266073 0.0 2.23606797749979 0.4472135954999579 1 0 0 0.050141123245647456 -0.9987421427774362 6.182860992605259
cell 71.66448258092167 33.58605301036542 0.0 2.23606797749979 0.4472135954999579 1 0 0 -0.1196180440935624 -0.9928199854592124 0.2398103105600402
cell 53.782984653895426 38.31705281525218 0.0 2.23606797749979 0.4472135954999579 1 0 0 -0.07215045536246144 0.9973937596511167 6.138758904668242
cell 78.96563084408876 38.281473478801395 0.0 2.23606797749979 0.4472135954999579 1 0 0 -0.09795551594246263 -0.9951907942180966 0.19622569610462648
cell 39.349189659364264 36.9589468876782 0.0 2.23606797749979 0.4472135954999579 1 0 0 -0.140843697521357 0.9900318443709336 6.000558196242337
cell 58.96092613013242 48.403297032328794 0.0 2.23606797749979 0.4472135954999579 1 0 0 -0.18085674997742793 0.9835094488552726 5.919470313694036
cell 65.52358112849 44.99673800618601 0.0 2.23606797749979 0.4472135954999579 1 0 0 -0.08153218472073341 0.99667070933918 6.119939733508427
cell 17.63796594727413 29.702322987942406 0.0 2.23606797749979 0.4472135954999579 1 0 0 0.44768932450277593 -0.8941891683118557 5.354826185252187
cell 6.218805606187998 55.518151937120116 0.0 2.23606797749979 0.4472135954999579 1 0 0 0.21454495621183775 -0.9767141146538534 5.850733480228189
cell 75.20346297516973 44.11504184372187 0.0 2.23606797749979 0.4472135954999579 1 0 0 0.021870046900905552 -0.9997608219211994 6.239441725820247
cell 68.05330817088198 3.077833580993298 0.0 2.23606797749979 0.4472135954999579 1 0 0 0.1341234650314474 -0.9909646291003318 6.014127542379376
cell 66.09449373168228 40.48999988535231 0.0 2.23606797749979 0.4472135954999579 1 0 0 -0.048992471401154696 0.9987991478500605 6.185161123717996
cell 54.12365832633772 41.97357696280692 0.0 2.23606797749979 0.4472135954999579 1 0 0 0.09692981098329874 -0.9952912195647774 6.089020830139033
cell 64.64412537991679 35.598238704789 0.0 2.23606797749979 0.4472135954999579 1 0 0 0.053584787662875354 0.9985633032167388 0.10722092823309662
cell 26.860257244913548 42.45750611092197 0.0 2.23606797749979 0.4472135954999579 1 0 0 0.1511380240254684 -0.9885126694654333 5.979746466122393
cell 73.77019609250634 41.98741628495185 0.0 2.23606797749979 0.4472135954999579 1 0 0 0.03333308697069031 0.9994442982542872 0.06667852552335556
cell 78.93593569139578 51.64662468072788 0.0 2.23606797749979 0.4472135954999579 1 0 0 0.10473021612812665 0.9945006695974397 0.20984524291090387
cell 76.10557256659456 50.10322041264969 0.0 2.23606797749979 0.4472135954999579 1 0 0 0.07038117713857446 -0.9975201701743122 6.142306481801352
cell 56.525711941769686 42.308727248126154 0.0 2.23606797749979 0.4472135954999579 1 0 0 0.12941056866186218 -0.9915910975390075 6.023636253642863
cell 48.53992577778915 34.771892532149366 0.0 2.23606797749979 0.4472135954999579 1 0 0 0.10600981915613636 -0.9943650829763097 6.070766531389868
cell 88.44041771327525 49.132346898119316 0.0 2.23606797749979 0.4472135954999579 1 0 0 -0.070137393899184 -0.997537340642961 0.1403900510208933
cell 24.70388541961016 55.71488486200685 0.0 2.23606797749979 0.4472135954999579 1 0 0 0.32739304201680847 -0.9448882452644759 5.616098827883162
cell 40.569756499056226 41.10331950152393 0.0 2.23606797749979 0.4472135954999579 1 0 0 -0.15005588602019843 0.9886775162158251 5.981935710040465
cell 79.22286303514053 75.06211306355617 0.0 2.23606797749979 0.4472135954999579 1 0 0 0.31159170813960385 -0.9502160845926804 5.649449957874841
cell 10.953083730857893 59.50600272005672 0.0 2.23606797749979 0.4472135954999579 1 0 0 0.3111138807136553 -0.9503726391407159 5.650455598726888
cell 66.06430149937916 75.597993034996 0.0 2.23606797749979 0.4472135954999579 1 0 0 0.165896286522437 -0.9861432056846843 5.949851661865155
cell 50.794898002179956 41.96946394491545 0.0 2.23606797749979 0.4472135954999579 1 0 0 -0.18312660069899614 0.9830893388275709 5.914853510860971
cell 51.68736882880112 52.63587906102102 0.0 2.23606797749979 0.4472135954999579 1 0 0 0.23699143566740882 -0.9715117392086935 5.804649528982875
cell 66.90954315205045 49.696720433002916 0.0 2.23606797749979 0.4472135954999579 1 0 0 0.11143109759149765 -0.99377216226334 6.059859306525494
cell 75.67567308754091 84.7350928337763 0.0 2.23606797749979 0.4472135954999579 1 0 0 -0.27594805115203846 0.9611725511402164 5.724033484207917
cell 23.5488499939576 47.52121037443005 0.0 2.23606797749979 0.4472135954999579 1 0 0 0.23926978927995074 -0.9709531234503177 5.799957855817436
cell 30.23483066064871 48.11625141421653 0.0 2.23606797749979 0.4472135954999579 1 0 0 0.16373907845203153 -0.9865036817912437 5.954225900811184
cell 79.5653924765959 43.69330112145809 0.0 2.23606797749979 0.4472135954999579 1 0 0 0.07255245665456857 0.9973645978444327 0.14523251776867277
cell 62.482889828267496 46.536171900660456 0.0 2.23606797749979 0.4472135954999579 1 0 0 0.11850280172887678 -0.9929537179458097 6.04562146054546
cell 60.90378903147049 41.300653025938615 0.0 2.23606797749979 0.4472135954999579 1 0 0 0.10304443375152011 -0.9946767538616897 6.076729971982574
cell 32.75132360310737 44.40408138006168 0.0 2.23606797749979 0.4472135954999579 1 0 0 0.16759337611548433 -0.9858562066966022 5.946409289289534
cell 72.21751486946695 34.71636109663313 0.0 2.23606797749979 0.4472135954999579 1 0 0 0.08664845954686011 0.9962389494785657 0.17351450596031728
cell 41.823845216951774 51.35118377725779 0.0 2.23606797749979 0.4472135954999579 1 0 0 0.16224326489459828 -0.9867507907249637 5.957258075914302
cell 55.40047651624768 50.42425818019993 0.0 2.23606797749979 0.4472135954999579 1 0 0 -0.16208895249932792 0.986776150642926 5.957570840623455
cell 5.44010837410324 60.91773817688224 0.0 2.23606797749979 0.4472135954999579 1 0 0 0.33666752143883916 -0.9416235872195581 5.596434165208081
cell 83.9873356752149 48.75284744761293 0.0 2.23606797749979 0.4472135954999579 1 0 0 -0.0024071144628029736 -0.9999971028957849 0.004814233574719218
cell 65.64423666473408 37.53537012646277 0.0 2.23606797749979 0.4472135954999579 1 0 0 -0.04320069437766564 -0.9990664142114315 0.08642828650302636
cell 17.46210164752477 42.78230306587975 0.0 2.23606797749979 0.4472135954999579 1 0 0 0.19035158137873487 -0.981715985133488 5.900144780124155
cell 64.59629307701003 52.908414528210095 0.0 2.23606797749979 0.4472135954999579 1 0 0 0.001987980066741973 -0.9999980239656747 6.279209344427223
cell 37.06308250101336 43.162112158583156 0.0 2.23606797749979 0.4472135954999579 1 0 0 -0.16990143683555164 0.9854610604997109 5.941726005266555
cell 45.24986009771663 46.39651149570909 0.0 2.23606797749979 0.4472135954999579 1 0 0 0.17162453715381087 -0.9851624324174872 5.938228432269354
cell 2.3277380114237656 46.15820241094443 0.0 2.23606797749979 0.4472135954999579 1 0 0 0.1333171173984093 0.9910734312898206 0.2674304548011407
cell 36.25414873023323 42.380451932949505 0.0 2.23606797749979 0.4472135954999579 1 0 0 0.15499076316010008 -0.9879159191626835 5.971949100152787
cell 32.20817395894234 26.791882021695063 0.0 2.23606797749979 0.4472135954999579 1 0 0 -0.35411642473460786 0.9352013460924758 5.559247104697121
cell 13.116133693494199 55.78693226056327 0.0 2.23606797749979 0.4472135954999579 1 0 0 0.31203581388800483 -0.9500703399492326 5.648515139345213
cell 11.542916043475634 67.13051491003505 0.0 2.23606797749979 0.4472135954999579 1 0 0 -0.37495271888425497 0.9270439356369821 5.514493763285635
cell 10.24581285786626 65.30108025422183 0.0 2.23606797749979 0.4472135954999579 1 0 0 0.4591657576877611 -0.888350610382536 5.329073549028127
cell 45.270167533213616 47.80113602551228 0.0 2.23606797749979 0.4472135954999579 1 0 0 0.2776581887085705 -0.9606799312169875 5.720474132757454
cell 83.73866395738902 76.97787754839781 0.0 2.23606797749979 0.4472135954999579 1 0 0 -0.4647314162529509 0.8854516987094928 5.316522792335928
cell 45.69748097864892 40.85795707463183 0.0 2.23606797749979 0.4472135954999579 1 0 0 -0.16058915908984087 0.9870213381598282 5.96061024690368
cell 35.15764320215737 47.66464514099479 0.0 2.23606797749979 0.4472135954999579 1 0 0 0.15808168735996603 -0.9874260377979841 5.965690089319113
cell 2.1558006389354922 68.86067588726138 0.0 2.23606797749979 0.4472135954999579 1 0 0 0.5192664544417387 -0.854612397108482 5.191200528154789
cell 4.905701843464754 65.3203403030646 0.0 2.23606797749979 0.4472135954999579 1 0 0 -0.4000925459879041 0.9164747430480105 5.459949658691807
cell 14.684332770488275 44.73246008962917 0.0 2.23606797749979 0.4472135954999579 1 0 0 -0.13631241506740818 0.9906659000381969 6.009709061510283
cell 6.241405878724205 43.77345735901454 0.0 2.23606797749979 0.4472135954999579 1 0 0 -0.1783388475293875 -0.9839691333887918 0.3585959520969064
cell 50.30323868805328 48.62040654149258 0.0 2.23606797749979 0.4472135954999579 1 0 0 0.13123506589266581 -0.9913512785487028 6.019955870918793
cell 76.9879638298821 27.654079299097862 0.0 2.23606797749979 0.4472135954999579 1 0 0 0.18339397255194959 -0.9830394960690109 5.914309554948094
cell 76.52026095555648 46.07920061838469 0.0 2.23606797749979 0.4472135954999579 1 0 0 -0.0009112690839212889 0.9999995847942421 6.281362768759501
cell 75.8198978474171 45.06870483480247 0.0 2.23606797749979 0.4472135954999579 1 0 0 0.010503236251163473 0.9999448394927853 0.02100685875340862
cell 57.03243233304753 36.065603023310885 0.0 2.23606797749979 0.4472135954999579 1 0 0 -0.059372668054526526 -0.998235887096876 0.11881521214576551
cell 38.802136636158444 13.698823117735092 0.0 2.23606797749979 0.4472135954999579 1 0 0 -0.5051024397669188 0.8630593985013466 5.224183997256045
cell 56.703378721211365 34.93669299421407 0.0 2.23606797749979 0.4472135954999579 1 0 0 0.08697205315821287 0.9962107517837001 0.1741641456642508
cell 8.077972644875416 62.91005190788256 0.0 2.23606797749979 0.4472135954999579 1 0 0 0.39937052498447995 -0.9167896071474746 5.461525036440282
cell 47.69985368819158 43.81008169535076 0.0 2.23606797749979 0.4472135954999579 1 0 0 0.11604184311866565 -0.993244325755563 6.050577577300617
cell 63.38677529829124 4.412300364561051 0.0 2.23606797749979 0.4472135954999579 1 0 0 0.05586403715455244 -0.9984383853562496 6.17139903778522
cell 62.504638678093 50.675680026300796 0.0 2.23606797749979 0.4472135954999579 1 0 0 0.14493554817370516 -0.9894410982345475 5.992289642050903
cell 48.219356240569745 36.01131480437565 0.0 2.23606797749979 0.4472135954999579 1 0 0 -0.02327203614957144 0.9997291694921445 6.236637032573615
cell 7.2618085474040095 53.85312478677461 0.0 2.23606797749979 0.4472135954999579 1 0 0 -0.19191872330049262 0.9814108230739607 5.896951626055225
cell 56.79303243424688 46.839307478596446 0.0 2.23606797749979 0.4472135954999579 1 0 0 0.15710946843760543 -0.9875811940935556 5.967659132931981
cell 54.80525636350013 40.07019331537749 0.0 2.23606797749979 0.4472135954999579 1 0 0 -0.09633718692467697 0.9953487561731515 6.09021165127864
cell 42.25979835442966 48.470017070328275 0.0 2.23606797749979 0.4472135954999579 1 0 0 -0.2283051057642965 0.9735896356689266 5.822512396743861
cell 40.31160187028207 31.619406906753035 0.0 2.23606797749979 0.4472135954999579 1 0 0 0.14563842743984665 -0.9893378838661989 5.990868807803242
cell 7.036295589841921 68.17820625554816 0.0 2.23606797749979 0.4472135954999579 1 0 0 -0.41172144851314674 0.9113097436295939 5.434500825515121
cell 25.154372400993452 39.11183915514339 0.0 2.23606797749979 0.4472135954999579 1 0 0 0.2565770562760923 -0.9665237783896964 5.764227248348406
cell 83.31649625643277 40.57473665884453 0.0 2.23606797749979 0.4472135954999579 1 0 0 -0.19260561975335105 -0.9812762481785787 0.3876335913492257
cell 58.10564326411389 47.53306916934789 0.0 2.23606797749979 0.4472135954999579 1 0 0 -0.13239411660944944 0.9911971538938172 6.017617364447491
cell 35.137837999772984 38.45400992586813 0.0 2.23606797749979 0.4472135954999579 1 0 0 0.16870339362495018 -0.9856668630827685 5.944157188040119
cell 15.144663931774351 52.16527499013505 0.0 2.23606797749979 0.4472135954999579 1 0 0 0.3179924681822787 -0.9480932391802731 5.635962723301314
cell 60.79830514228618 66.85490352199396 0.0 2.23606797749979 0.4472135954999579 1 0 0 0.2602095220084388 -0.9655521760402903 5.756706919876611
cell 11.650411404364172 60.20369653424463 0.0 2.23606797749979 0.4472135954999579 1 0 0 0.3398436227193025 -0.9404819573479443 5.58968406923237
cell 44.05269995382043 45.613545041066914 0.0 2.23606797749979 0.4472135954999579 1 0 0 0.1369525354160218 -0.9905776108125619 6.008416700782621
cell 19.64755411604415 62.80722924548745 0.0 2.23606797749979 0.4472135954999579 1 0 0 -0.31963149208582337 0.9475419300838303 5.632504202333392
cell 35.9286161009545 53.01863723512579 0.0 2.23606797749979 0.4472135954999579 1 0 0 -0.31968181932935746 0.9475249518562939 5.632397974433992
cell 67.39386691813712 43.844702004450944 0.0 2.23606797749979 0.4472135954999579 1 0 0 -0.07108870953526901 0.9974699972313003 6.140887863547308
cell 5.908521002469511 46.038712097452354 0.0 2.23606797749979 0.4472135954999579 1 0 0 0.04983279494727968 0.9987575744632641 0.09970688610961709
cell 80.49264580326361 50.78447603560343 0.0 2.23606797749979 0.4472135954999579 1 0 0 -0.0724662304720713 -0.9973708665492333 0.14505961026493086
cell 83.93362911115601 44.639070572041085 0.0 2.23606797749979 0.4472135954999579 1 0 0 0.10556645077342179 0.9944122507647936 0.21152703518538368
cell 22.32345530857161 59.72705303250836 0.0 2.23606797749979 0.4472135954999579 1 0 0 0.3172299582090053 -0.9483486456017707 5.6375710192123085
cell 81.89953225236718 35.19514481551518 0.0 2.23606797749979 0.4472135954999579 1 0 0 0.19600036846705116 0.9806038219183016 0.3945550038806949
cell 42.35251213503089 53.82991222974165 0.0 2.23606797749979 0.4472135954999579 1 0 0 -0.15538469375997785 0.9878540362549104 5.971151576952117
cell 21.618757555444414 58.84897896896054 0.0 2.23606797749979 0.4472135954999579 1 0 0 -0.3211293774936392 0.9470353335069118 5.629341734115274
cell 82.60159107713794 43.43860393570204 0.0 2.23606797749979 0.4472135954999579 1 0 0 0.09885335473467047 0.9951020119855559 0.19803013156961138
cell 13.59444122376993 62.59603662478648 0.0 2.23606797749979 0.4472135954999579 1 0 0 0.37747648249510574 -0.9260191710559356 5.509046000516397
cell 17.854967229813393 61.124267829227485 0.0 2.23606797749979 0.4472135954999579 1 0 0 0.36253809018710004 -0.9319689550427579 5.541205668757333
cell 25.499182860507403 56.612077721720794 0.0 2.23606797749979 0.4472135954999579 1 0 0 0.27958340148823485 -0.960121409829126 5.716464947437066
cell 85.48767505742485 49.658678308893805 0.0 2.23606797749979 0.4472135954999579 1 0 0 0.009856904338183566 0.9999514195384033 0.019714127917879142
cell 69.01094037326537 27.533873516708937 0.0 2.23606797749979 0.4472135954999579 1 0 0 -0.030597616111638214 -0.9995317833307177 0.06120478488832326
cell 0.830189272052705 62.98322665618186 0.0 2.23606797749979 0.4472135954999579 1 0 0 0.3046072495070229 -0.9524780436040331 5.66413319499122
cell 5.620004436104451 71.24213941069678 0.0 2.23606797749979 0.4472135954999579 1 0 0 -0.41150576804874883 0.9114071553716315 5.434974141944039
cell 67.222609366784 38.59565908918677 0.0 2.23606797749979 0.4472135954999579 1 0 0 0.04457746011056528 0.9990059309383958 0.08918447402216598
cell 12.301953747445566 55.244576362732 0.0 2.23606797749979 0.4472135954999579 1 0 0 0.3101541292972396 -0.9506862868895665 5.652475002379737
cell 10.640711191999955 44.499221399306755 0.0 2.23606797749979 0.4472135954999579 1 0 0 -0.023653605844104204 0.999720214325274 6.23587368303751
cell 77.9467363306936 33.09984630327707 0.0 2.23606797749979 0.4472135954999579 1 0 0 0.2720367160475889 0.9622868725707753 0.5510178750130738
cell 87.29351268928566 61.55791278849692 0.0 2.23606797749979 0.4472135954999579 1 0 0 0.2543701566275068 -0.9671069348408674 5.768792543417903
cell 87.75649894005997 39.149860817605955 0.0 2.23606797749979 0.4472135954999579 1 0 0 -0.23858065125831862 -0.9711226868141618 0.48180806703314527
cell 75.1451153692554 43.04221713947301 0.0 2.23606797749979 0.4472135954999579 1 0 0 0.04545231869995264 0.9989665093108967 0.0909359667171606
cell 42.3447834625615 32.146366689707136 0.0 2.23606797749979 0.4472135954999579 1 0 0 0.18355718515688882 -0.983009033415909 5.913977492738812
cell 42.93043962394327 19.699985467667123 0.0 2.23606797749979 0.4472135954999579 1 0 0 0.5361087261693186 -0.8441489404868732 5.151544057186704
cell 47.476402680969045 53.836773033139046 0.0 2.23606797749979 0.4472135954999579 1 0 0 0.20453864164795676 -0.9788584903206432 5.871200584772076
cell 80.17673177604264 36.332009857625465 0.0 2.23606797749979 0.4472135954999579 1 0 0 0.21752657343489773 0.9760543990217307 0.43855928901901287
cell 17.225367809990487 60.190983168244394 0.0 2.23606797749979 0.4472135954999579 1 0 0 0.37043187554278956 -0.9288596371798331 5.524237447097414
cell 31.049976297575643 40.8616762098483 0.0 2.23606797749979 0.4472135954999579 1 0 0 0.11662343598651817 -0.99317620500025 6.049406439885897
cell 1.6402885633220634 44.90547308720139 0.0 2.23606797749979 0.4472135954999579 1 0 0 -0.15187089489429004 -0.9884003395810868 0.304921700104396
cell 86.20170794483587 74.71349344367741 0.0 2.23606797749979 0.4472135954999579 1 0 0 0.5200237869037345 -0.8541517786987857 5.189427709124216
cell 69.06781730207456 36.099255277053146 0.0 2.23606797749979 0.4472135954999579 1 0 0 -0.04373490114278492 -0.999043171450579 0.08749771083535407
cell 28.216052007310893 53.97999999572683 0.0 2.23606797749979 0.4472135954999579 1 0 0 0.2895548946104222 -0.9571614090670116 5.695661750079378
cell 3.2361724561171283 40.95452856449318 0.0 2.23606797749979 0.4472135954999579 1 0 0 -0.16732553019208823 -0.9859017024764368 0.3362326531686488
cell 22.482153560656776 52.305068698379614 0.0 2.23606797749979 0.4472135954999579 1 0 0 0.2579256021941598 -0.966164780838538 5.761436222980608
cell 60.52468736878631 50.243483939619516 0.0 2.23606797749979 0.4472135954999579 1 0 0 0.1813306948368909 -0.9834221774548153 5.918506487917988
cell 50.41717681196834 40.932410522800325 0.0 2.23606797749979 0.4472135954999579 1 0 0 0.16278980552190855 -0.9866607721087016 5.956150267236923
cell 86.23143111732107 31.79553527103885 0.0 2.23606797749979 0.4472135954999579 1 0 0 0.98388684297523 0.178792282328503 2.7820750186125607
cell 49.40762999489638 46.74270128009607 0.0 2.23606797749979 0.4472135954999579 1 0 0 0.14443495768688427 -0.9895142965101555 5.993301469760558
cell 41.351542556266175 41.918206330745186 0.0 2.23606797749979 0.4472135954999579 1 0 0 0.16577290651222346 -0.9861639536438602 5.950101886602147
cell 59.83981669818056 72.89539951442032 0.0 2.23606797749979 0.4472135954999579 1 0 0 0.25167166812266867 -0.9678126737465022 5.774371042376436
cell 2.440695710226251 41.81682736632415 0.0 2.23606797749979 0.4472135954999579 1 0 0 0.1424678647588442 0.9897994279201497 0.28590853576545966
cell 10.927788030685837 49.88319183388829 0.0 2.23606797749979 0.4472135954999579 1 0 0 -0.2130107700217664 0.9770498512638617 5.853874465324653
cell 31.938376558148928 43.66347885579203 0.0 2.23606797749979 0.4472135954999579 1 0 0 0.17937845959454668 -0.9837801422236004 5.922476053390609
cell 8.096722115367998 47.7845794556651 0.0 2.23606797749979 0.4472135954999579 1 0 0 -0.07790501484848684 0.9969607859196153 6.127217238661685
cell 84.13726907324028 1.3499973372399776 0.0 2.23606797749979 0.4472135954999579 1 0 0 -0.33827592638600895 0.9410469688743954 5.5930168821350374
cell 73.49251491623583 36.784032358196825 0.0 2.23606797749979 0.4472135954999579 1 0 0 0.06309422059686905 0.9980075747845172 0.12627231505321468
cell 87.47209961029893 41.480810582906386 0.0 2.23606797749979 0.4472135954999579 1 0 0 0.21018577011926032 0.977661465968345 0.42352994129787425
cell 68.22271613869401 35.06347564505195 0.0 2.23606797749979 0.4472135954999579 1 0 0 -0.037330174999048005 -0.999302986103084 0.074677701269656
cell 40.603184961661285 23.621816392189768 0.0 2.23606797749979 0.4472135954999579 1 0 0 0.5000730727252843 -0.8659832111161813 5.235818997641691
cell 42.45828154904799 43.80148861788607 0.0 2.23606797749979 0.4472135954999579 1 0 0 0.16422752048570904 -0.9864224863186747 5.953235611297885
cell 88.43595325566308 67.39738169702353 0.0 2.23606797749979 0.4472135954999579 1 0 0 0.3394352553484166 -0.9406294208808033 5.5905524226306795
cell 21.85849516131437 51.55568411587198 0.0 2.23606797749979 0.4472135954999579 1 0 0 0.2594393368816698 -0.9657594061040252 5.758302074367603
cell 34.35371527812497 36.57441958364608 0.0 2.23606797749979 0.4472135954999579 1 0 0 0.16793041745479229 -0.9857988511321462 5.9457255158583004
cell 15.149796264963852 64.62293284492401 0.0 2.23606797749979 0.4472135954999579 1 0 0 -0.38670452839215885 0.922203669327442 5.4890744494381805
cell 9.44653981836328 64.40971600682457 0.0 2.23606797749979 0.4472135954999579 1 0 0 0.41682143156131707 -0.9089883905700745 5.423293936691825
cell 12.05250569700431 46.29233015406177 0.0 2.23606797749979 0.4472135954999579 1 0 0 0.1321057962734948 -0.9912356221357997 6.0181991149863405
cell 3.6840317432515697 47.54874082808775 0.0 2.23606797749979 0.4472135954999579 1 0 0 -0.11068808609359818 -0.9938551944810351 0.22183072748677812
cell 68.71329678501988 51.45832544657109 0.0 2.23606797749979 0.4472135954999579 1 0 0 0.15166151374396933 -0.9884324889687145 5.978687276991056
cell 33.84977493972836 46.07372896803697 0.0 2.23606797749979 0.4472135954999579 1 0 0 0.15897643415582038 -0.9872823777334933 5.963877676453324
cell 84.5465517612405 23.248120185277195 0.0 2.23606797749979 0.4472135954999579 1 0 0 -0.907085300074998 -0.4209468593395738 2.272614822120971
cell 53.43490850860247 45.01571225073228 0.0 2.23606797749979 0.4472135954999579 1 0 0 0.1487532388410746 -0.9888743468885671 5.98457057795977
cell 84.58927714489207 46.77366429377902 0.0 2.23606797749979 0.4472135954999579 1 0 0 -0.12348770703821112 -0.9923461020281407 0.24760745774652015
cell 7.415579478980376 49.97368331070555 0.0 2.23606797749979 0.4472135954999579 1 0 0 0.212900239444077 -0.9770739419535528 5.854100716246841
cell 82.59111646301812 76.49290075701686 0.0 2.23606797749979 0.4472135954999579 1 0 0 0.39820168124267674 -0.9172978911212571 5.464074191995117
cell 15.341519611504538 49.5672414754086 0.0 2.23606797749979 0.4472135954999579 1 0 0 0.32940254064323815 -0.9441895817142761 5.611843846241265
cell 17.604189274671924 49.499760690857016 0.0 2.23606797749979 0.4472135954999579 1 0 0 0.2333707835469364 -0.9723878225207723 5.8120998067747385
cell 27.6697544950567 52.06536901525641 0.0 2.23606797749979 0.4472135954999579 1 0 0 0.21991626267686243 -0.9755187529772256 5.839728045373516
cell 28.400636101564274 36.346055524602406 0.0 2.23606797749979 0.4472135954999579 1 0 0 -0.24733347992129534 0.9689304153085618 5.783330787157323
cell 9.367711891822681 58.30779988534283 0.0 2.23606797749979 0.4472135954999579 1 0 0 0.2959224757257348 -0.9552119599127472 5.68234310072593
cell 10.355443194957372 45.742865253806364 0.0 2.23606797749979 0.4472135954999579 1 0 0 0.10939231754460949 -0.9939986523442672 6.063961951190536
cell 22.403640366788075 1.0871295510215344 0.0 2.23606797749979 0.4472135954999579 1 0 0 -0.5118374132604866 0.8590823373733241 5.208540826853357
cell 6.106259803581271 67.27202778654662 0.0 2.23606797749979 0.4472135954999579 1 0 0 -0.4322378155725262 0.9017596524513009 5.389239477043365
cell 18.012211619303724 44.15770877138518 0.0 2.23606797749979 0.4472135954999579 1 0 0 0.38113746008039595 -0.9245183808467329 5.501132682993218
cell 34.47372926850454 41.894679778610055 0.0 2.23606797749979 0.4472135954999579 1 0 0 -0.13639300424627926 0.9906548078885371 6.009546363611848
cell 61.876070187436014 43.82861761642316 0.0 2.23606797749979 0.4472135954999579 1 0 0 0.1402699024502444 -0.9901133038529474 6.001717293201602
cell 81.16238059689785 74.9440784466953 0.0 2.23606797749979 0.4472135954999579 1 0 0 0.39685445810943876 -0.9178815495905034 5.467010630495543
cell 86.95108682056086 40.10048813213993 0.0 2.23606797749979 0.4472135954999579 1 0 0 0.15892030793667097 0.9872914137808115 0.3191939328348485
cell 51.950122952097125 37.6132354232808 0.0 2.23606797749979 0.4472135954999579 1 0 0 0.07590363701802327 -0.9971151577864195 6.131231884472464
cell 67.7565358659122 32.08672388267874 0.0 2.23606797749979 0.4472135954999579 1 0 0 0.06423284487610298 0.9979349385802275 0.12855419270869534
cell 3.6840123925096937 48.47092830902229 0.0 2.23606797749979 0.4472135954999579 1 0 0 -0.08612327211310937 -0.9962844884873654 0.17246018978700395
cell 14.953242748779434 48.60791386994005 0.0 2.23606797749979 0.4472135954999579 1 0 0 0.3309732054002614 -0.9436401524453463 5.608515867311407
cell 38.32119182885048 34.42327246327449 0.0 2.23606797749979 0.4472135954999579 1 0 0 -0.1659784527157592 0.9861293795613649 5.9496850191933675
cell 52.6074061145373 35.31869608978225 0.0 2.23606797749979 0.4472135954999579 1 0 0 -0.02249677007227314 -0.9997469156423116 0.044997336249245734
cell 40.17293836908064 22.159322466974917 0.0 2.23606797749979 0.4472135954999579 1 0 0 0.48244596200978485 -0.8759257352883595 5.2762953017584975
cell 80.49843853771213 40.40937782393284 0.0 2.23606797749979 0.4472135954999579 1 0 0 -0.127511689674397 -0.9918370677668688 0.25571956590408007
cell 69.27053614770621 41.915521332755354 0.0 2.23606797749979 0.4472135954999579 1 0 0 0.0379439239793282 -0.9992798700229335 6.207279237600645
cell 23.08197521590182 53.11077628059349 0.0 2.23606797749979 0.4472135954999579 1 0 0 -0.26698052351900314 0.9637019249028815 5.742668388183818
cell 27.147705119714303 51.235898172407595 0.0 2.23606797749979 0.4472135954999579 1 0 0 -0.21895838279031762 0.9757341987477167 5.8416916653311475
cell 3.6577313047878843 64.834007038238 0.0 2.23606797749979 0.4472135954999579 1 0 0 -0.32460799326274214 0.9458486404863812 5.621990809492662
cell 59.33887368297286 5.781374421559359 0.0 2.23606797749979 0.4472135954999579 1 0 0 0.061241011813418685 -0.9981230076859609 6.160626593365251
cell 39.83202785605061 50.92325927911769 0.0 2.23606797749979 0.4472135954999579 1 0 0 0.29733926549879686 -0.9547718896116685 5.679375977179713
cell 30.87135737035111 48.93539238812266 0.0 2.23606797749979 0.4472135954999579 1 0 0 0.16386930437346053 -0.9864820581663704 5.953961882843689
cell 74.75996099823733 82.63193567699298 0.0 2.23606797749979 0.4472135954999579 1 0 0 0.21832218749913143 -0.9758767455194298 5.842995604050122
cell 66.26430036199966 43.083445469613075 0.0 2.23606797749979 0.4472135954999579 1 0 0 0.08805896977180752 -0.9961152633318736 6.10683895539542
cell 61.32429953602077 27.652636074891372 0.0 2.23606797749979 0.4472135954999579 1 0 0 -0.21079560793835003 0.977530158958741 5.858407738198495
cell 56.2602017222546 44.93494757113029 0.0 2.23606797749979 0.4472135954999579 1 0 0 -0.1785503305214121 0.9839307798166975 5.924159489742901
cell 68.78829034023548 31.08520156292693 0.0 2.23606797749979 0.4472135954999579 1 0 0 -0.08652922548975908 -0.9962493127406123 0.17327513881478485
cell 43.28476667656382 44.725435234510556 0.0 2.23606797749979 0.4472135954999579 1 0 0 -0.11297045161089195 0.9935983479569755 6.0567610343037215
cell 43.97209930334262 35.77470983299338 0.0 2.23606797749979 0.4472135954999579 1 0 0 -0.11038166251271657 0.9938892738031379 6.0619712053875965
cell 1.6587831565201876 63.739442519188415 0.0 2.23606797749979 0.4472135954999579 1 0 0 0.33983341200976674 -0.9404856469302443 5.589705782970581
cell 7.224829198577002 62.10725165606354 0.0 2.23606797749979 0.4472135954999579 1 0 0 0.3409030356742737 -0.9400984630707918 5.587430695047681
cell 68.47568912158484 41.11042180730351 0.0 2.23606797749979 0.4472135954999579 1 0 0 -0.04603300256460683 0.9989399194520594 6.191086755788903
cell 22.529986935784226 43.229209392249864 0.0 2.23606797749979 0.4472135954999579 1 0 0 0.1996311714375229 -0.9798711116215655 5.881222304844528
cell 11.297301470319447 54.86231270552985 0.0 2.23606797749979 0.4472135954999579 1 0 0 -0.30065387766475377 0.9537333200875113 5.672428951169065
cell 26.17758173714151 45.20971809816602 0.0 2.23606797749979 0.4472135954999579 1 0 0 -0.20840309434977694 0.978043020661892 5.86330146944785
cell 79.65155301349581 44.64019577977553 0.0 2.23606797749979 0.4472135954999579 1 0 0 0.06437339206819606 0.9979258822145232 0.12883587004891148
cell 64.03916170276803 41.56830107433517 0.0 2.23606797749979 0.4472135954999579 1 0 0 0.07348547388144296 -0.9972962875336595 6.136081760273747
cell 61.98656045027765 68.05248846433489 0.0 2.23606797749979 0.4472135954999579 1 0 0 0.25974531322534283 -0.9656771573654772 5.75766839817673
cell 26.596835822128124 41.371931617142835 0.0 2.23606797749979 0.4472135954999579 1 0 0 0.16364978295210098 -0.9865184988330074 5.9544069337478565
cell 75.99021116874219 34.71461225336246 0.0 2.23606797749979 0.4472135954999579 1 0 0 -0.14821039097502284 -0.988955853416638 0.29751686378660214
cell 0.7416928796259229 50.230821681973 0.0 2.23606797749979 0.4472135954999579 1 0 0 -0.012394853132045297 0.9999231808573271 6.258394966121329
cell 76.77345623597151 85.37981781998533 0.0 2.23606797749979 0.4472135954999579 1 0 0 -0.2926135244265551 0.9562307908254523 5.6892676042037
