step,msd_global,n_round,n_elongated
0,0.0,500,0
100,11.85518392437399,500,0
200,13.35261653848843,495,5
300,13.243259224501905,492,8
400,14.67605126650709,489,11
500,17.571339696940576,482,18
600,20.290893740161128,477,23
700,23.46372712192542,466,34
800,25.679317358352943,464,36
900,28.519707225362044,451,49
1000,32.93901847061301,442,58
1100,39.3994813573194,436,64
1200,49.73608224685421,423,77
1300,59.171254321071714,414,86
1400,72.2065629939477,411,89
1500,81.48483276351011,404,96
1600,92.07864822492841,401,99
1700,105.20372417587066,397,103
1800,119.2101415588459,382,118
1900,132.58470814872723,378,122
2000,147.35931289847684,377,123
2100,163.6546768377401,369,131
2200,184.78716879291565,362,138
2300,202.6354193204167,367,133
2400,220.65300660445158,368,132
2500,239.47871495116314,366,134
2600,264.3813275277862,364,136
2700,278.0425588114158,373,127
2800,301.6786287639147,369,131
2900,325.6712849820518,365,135
3000,346.7118986033786,359,141
3100,379.40491921611124,355,145
3200,410.345384835318,352,148
3300,450.9120544267438,355,145
3400,469.4511962594226,357,143
3500,488.0040424676031,350,150
3600,508.78412883297204,357,143
3700,537.8459064877156,360,140
3800,566.0526213012167,352,148
3900,595.8230710781583,356,144
4000,625.2217901559413,356,144
4100,673.4401339077543,352,148
4200,731.8574195908336,345,155
4300,795.8200000995653,347,153
4400,862.4629205286703,350,150
4500,928.0770333326674,355,145
4600,989.5408169283731,358,142
4700,1028.8845936019516,352,148
4800,1049.893735380728,349,151
4900,1086.386234626202,343,157
5000,1109.0184216992898,327,173
5100,1158.4662399575718,323,177
5200,1209.293571545354,317,183
5300,1281.6208621484054,312,188
5400,1373.4558352558706,310,190
5500,1453.2371043291828,302,198
5600,1538.5420859099022,301,199
5700,1619.9951293717356,302,198
5800,1686.153294498233,301,199
5900,1772.411836722263,310,190
6000,1810.813598658239,319,181
6100,1846.5301545566483,330,170
6200,1888.2241111636308,332,168
6300,1956.041738783019,328,172
6400,2038.0402137086012,328,172
6500,2144.332308198783,331,169
6600,2245.700252157149,329,171
6700,2338.5867586973545,327,173
6800,2425.157813778263,317,183
6900,2491.2991617099365,314,186
7000,2510.8269784536883,308,192
7100,2554.2085084915884,315,185
7200,2622.3026192941525,311,189
7300,2727.976611452793,305,195
7400,2848.2489385401086,304,196
7500,2931.5928275648753,303,197
7600,3003.805469386831,307,193
7700,3076.4259107293656,305,195
7800,3180.282121666869,304,196
7900,3243.2618256366563,302,198
8000,3310.773913516885,302,198
8100,3371.0817744224396,300,200
8200,3427.849900406954,306,194
8300,3570.9243336928557,314,186
8400,3711.6856148473853,314,186
8500,3845.8798518106646,320,180
8600,3977.9461003305055,319,181
8700,4080.3857290678393,316,184
8800,4191.088061258673,305,195
8900,4251.505119339613,297,203
9000,4336.907356066107,287,213
9100,4411.959090055092,281,219
9200,4586.801658412036,274,226
9300,4766.218636864918,265,235
9400,4939.381090529891,258,242
9500,5089.902950326378,258,242
9600,5237.532024867331,251,249
9700,5403.791890947683,239,261
9800,5520.276733036201,229,271
9900,5672.988757175037,226,274
10000,5801.04993958869,221,279
10100,5933.562861304192,214,286
10200,6167.129378491556,203,297
10300,6400.963092172202,193,307
10400,6652.654232480608,188,312
10500,6869.247101362795,189,311
10600,7121.500777146951,183,317
10700,7317.393354250573,188,312
10800,7506.676432593137,183,317
10900,7681.958540840304,192,308
11000,7913.800369685743,178,322
11100,8223.064651850907,171,329
11200,8486.128162750194,163,337
11300,8738.818575242976,160,340
11400,8992.037803790085,149,351
11500,9305.780338333045,141,359
11600,9602.981278063391,138,362
11700,9863.58467096983,134,366
11800,10097.86921882819,124,376
11900,10379.358332199687,108,392
12000,10750.193554095644,108,392
12100,11092.764479811338,109,391
12200,11425.975564674525,123,377
12300,11727.007528744125,119,381
12400,11964.741004536028,112,388
12500,12316.193666319,105,395
12600,12639.884304528367,106,394
12700,12999.541061505422,107,393
12800,13275.512673962474,105,395
12900,13620.457771604903,107,393
13000,14068.47095243739,111,389
13100,14475.289344254572,110,390
13200,14892.042568939198,110,390
13300,15246.239771354029,104,396
13400,15664.93159394993,105,395
13500,16078.38231616717,97,403
13600,16478.95607882568,100,400
13700,16875.458824529374,99,401
13800,17283.47144150569,106,394
13900,17791.3851181916,108,392
14000,18270.131426626256,111,389
14100,18776.701270691774,117,383
14200,19233.67116239323,115,385
14300,19759.86600764857,108,392
14400,20182.40023074831,103,397
14500,20598.18396862455,99,401
14600,21098.382246913887,100,400
14700,21583.830652013443,89,411
14800,22111.253454870828,89,411
14900,22764.727824842597,94,406
15000,23305.687531141415,87,413
15100,23789.127847151613,75,425
15200,24310.274220178046,69,431
15300,24924.316491292975,63,437
15400,25482.033430368378,54,446
15500,25985.992670197204,54,446
15600,26554.283340695223,47,453
15700,27193.327636149603,39,461
15800,27920.70707351833,31,469
15900,28681.160835884166,29,471
16000,29305.09084045063,24,476
16100,29897.315652878468,19,481
16200,30589.181072324238,16,484
16300,31345.278637553045,14,486
16400,31938.27029548685,11,489
16500,32584.410415467693,9,491
16600,33339.19227394703,6,494
16700,34171.81820722141,6,494
16800,35078.92885836696,7,493
16900,35917.26818780298,7,493
17000,36617.55939467995,6,494
17100,37393.11405004016,8,492
17200,38285.21856814826,6,494
17300,39109.206608658365,3,497
17400,39839.15694971481,1,499
17500,40683.793125301534,1,499
17600,41614.59250293727,1,499
17700,42666.76971493175,1,499
17800,43703.818980670316,1,499
17900,44557.063512941946,1,499
18000,45484.79206817259,1,499
18100,46446.982012672466,1,499
18200,47431.40643390181,1,499
18300,48360.04400666666,1,499
18400,49303.48014960705,1,499
18500,50351.35886080795,1,499
18600,51496.66125114221,1,499
18700,52684.794401615036,1,499
18800,53768.56569822349,1,499
18900,54711.37087405964,1,499
19000,55837.732375295614,1,499
19100,56995.05272542729,1,499
19200,58061.07091719242,1,499
19300,59201.22219160082,1,499
19400,60282.22566868739,1,499
19500,61550.8543347838,1,499
19600,62818.542946716654,1,499
19700,64130.017751179315,3,497
19800,65180.048223736005,3,497
19900,66369.74966159063,5,495
20000,67686.06718636035,9,491
20100,68859.71059600766,10,490
20200,70125.253977798,10,490
20300,71368.96909183661,9,491
20400,72668.65332128342,6,494
20500,74040.97465923232,5,495
20600,75493.02854940307,3,497
20700,76826.76318113424,5,495
20800,77991.5516167808,2,498
20900,79360.74273533616,2,498
21000,80697.66787014896,4,496
21100,82095.92956784197,4,496
21200,83513.26919270575,4,496
21300,84936.55980708745,2,498
21400,86402.75808579689,1,499
21500,87881.8491997811,1,499
21600,89335.3113033767,1,499
21700,90738.1353946946,1,499
21800,92144.25518509313,1,499
21900,93683.24644378031,1,499
22000,95170.9620608891,1,499
22100,96782.2111909028,1,499
22200,98337.27459066903,1,499
22300,99847.07485767754,1,499
22400,101580.47823654777,1,499
22500,103119.07788924286,1,499
22600,104604.17053306066,1,499
22700,106104.68195870522,1,499
22800,107747.08259944373,1,499
22900,109499.52999302486,1,499
23000,111157.09633974123,1,499
23100,112979.06435197768,1,499
23200,114649.41558200383,1,499
23300,116370.4230348812,1,499
23400,118149.08930360193,1,499
23500,119698.37686950798,1,499
23600,121411.08825584578,1,499
23700,123204.66551427642,1,499
23800,125059.07932849498,1,499
23900,126820.05615009782,1,499
24000,128859.61304098768,1,499
24100,130624.89515538658,1,499
24200,132417.3230361726,1,499
24300,134401.3308773864,1,499
24400,136242.23876532083,1,499
24500,137943.88805351846,1,499
24600,139742.3678662744,1,499
24700,141728.50936069997,1,499
24800,143741.173286806,1,499
24900,145799.97158324413,1,499
25000,147794.23531425928,1,499
25100,149678.06917991486,1,499
25200,151763.55791759776,1,499
25300,153884.9245452497,1,499
25400,155714.89551305104,0,500
25500,157647.45975038584,0,500
25600,159595.20769189013,0,500
25700,161728.76539465637,0,500
25800,164005.10237446142,0,500
25900,166129.510447838,0,500
26000,168002.63784399832,0,500
26100,170233.73692477195,0,500
26200,172538.41641539984,0,500
26300,174576.42351468749,0,500
26400,176605.45313736898,0,500
26500,178788.69474753566,0,500
26600,181035.9139080726,0,500
26700,183435.1468799113,0,500
26800,185730.25442394914,0,500
26900,187664.6450702445,0,500
27000,189968.66206625465,0,500
27100,192365.22279429677,0,500
27200,194692.9227911637,0,500
27300,196711.25733639527,0,500
27400,199015.34272986584,0,500
27500,201371.89423448834,0,500
27600,203848.4550049731,0,500
27700,206319.08634193716,0,500
27800,208544.02839764583,0,500
27900,210923.01578571644,0,500
28000,213440.16377093393,0,500
28100,215954.4760016456,0,500
28200,218237.01319353073,0,500
28300,220484.611312927,0,500
28400,223139.0141796605,0,500
28500,225576.39996676004,0,500
28600,228174.5912328219,0,500
28700,230584.51753770217,0,500
28800,233075.22918190897,0,500
28900,235658.50699196587,0,500
29000,238162.33782642664,0,500
29100,240693.13996679152,0,500
29200,242998.11400650194,0,500
29300,245848.21253357886,0,500
29400,248472.73166318802,0,500
29500,251308.3963596194,0,500
29600,254013.39479749883,0,500
29700,256531.87568762826,0,500
29800,259329.0356900983,0,500
29900,262130.7610353886,0,500
30000,264498.9036111662,0,500
30100,267031.3764704189,0,500
30200,269722.3561665213,0,500
30300,272513.92672928126,0,500
30400,275487.26187947276,0,500
30500,278284.4617595669,0,500
30600,280910.08145346475,0,500
30700,283899.4123900274,0,500
30800,286785.51082610025,0,500
30900,289533.695314412,0,500
31000,292115.913342106,0,500
31100,295068.70296157064,0,500
31200,298001.40989486215,0,500
31300,300974.8579322189,0,500
31400,304121.7878138276,0,500
31500,306787.1295165348,0,500
31600,309602.1374523271,0,500
31700,312784.9194699122,0,500
31800,315661.9765569673,0,500
31900,318261.2531150316,0,500
32000,321120.7485826804,0,500
32100,324378.1730769161,0,500
32200,327361.2609997193,0,500
32300,330649.0998763103,0,500
32400,333758.4156647655,0,500
32500,336799.1599796351,0,500
32600,340024.8663013158,0,500
32700,343083.766137383,0,500
32800,345641.72143983544,0,500
32900,348739.9899594346,0,500
33000,352113.80417807034,0,500
33100,355146.38084670587,0,500
33200,358501.60921391175,0,500
33300,361636.2787589419,0,500
33400,364906.683137298,0,500
33500,368247.24494362716,0,500
33600,371641.5123342891,0,500
33700,374624.0384682211,0,500
33800,377486.5863220735,0,500
33900,381031.8014933591,0,500
34000,384474.59539065644,0,500
34100,387926.0182642964,0,500
34200,391147.02402218914,0,500
34300,394379.29176752706,0,500
34400,397784.5993703192,0,500
34500,401271.4022793432,0,500
34600,404658.29522075475,0,500
34700,407637.7518799932,0,500
34800,411063.1841736418,0,500
34900,414640.4456312992,0,500
35000,418339.6136823351,0,500
35100,421886.1621355111,0,500
35200,425123.2490252172,0,500
35300,428736.4211105497,0,500
35400,432550.164813683,0,500
35500,435847.1786762359,0,500
35600,438857.1450129209,0,500
35700,442447.47226715984,0,500
35800,445997.1648164164,0,500
35900,449847.46968493663,0,500
36000,453661.027725614,0,500
36100,457054.30685873446,0,500
36200,460730.16214927926,0,500
36300,464651.90461302013,0,500
36400,468395.9427977711,0,500
36500,471699.8705597528,0,500
36600,475221.1543204937,0,500
36700,478881.1770156069,0,500
36800,482782.813086686,0,500
36900,486915.5254206151,0,500
37000,490383.6449255765,0,500
37100,493862.0101854679,0,500
37200,498004.0319063914,0,500
37300,501849.2756078846,0,500
37400,505328.90888689586,0,500
37500,509031.3841323651,0,500
37600,512972.159801199,0,500
37700,516975.02511235565,0,500
37800,521009.6273708483,0,500
37900,524970.7192492285,0,500
38000,528696.2241134205,0,500
38100,532710.7335205737,0,500
38200,536682.7076709325,0,500
38300,540376.4836408434,0,500
38400,543950.8736023159,0,500
38500,547977.9453041344,0,500
38600,552247.3969856685,0,500
38700,556220.5384839852,0,500
38800,560485.100764718,0,500
38900,564526.0003844956,0,500
39000,568479.0482064047,0,500
39100,572759.5682465298,0,500
39200,576814.8677422316,0,500
39300,580536.4190671276,0,500
39400,584368.2313500956,0,500
39500,588885.2392714832,0,500
39600,592835.9328715912,0,500
39700,597073.0951988297,0,500
39800,601263.7665280679,0,500
39900,605469.5339155092,0,500
40000,609794.7832535787,0,500
40100,614289.7465175261,0,500
40200,618421.7186828709,0,500
40300,622192.4503203515,0,500
40400,626543.7774108589,0,500
40500,630996.3248038499,0,500
40600,635228.7897216236,0,500
40700,639656.8707350454,0,500
40800,643902.6868229939,0,500
40900,648141.2267579925,0,500
41000,652602.4914260416,0,500
41100,657024.2289188401,0,500
41200,661085.4851732044,0,500
41300,665400.1340774827,0,500
41400,669977.9486632856,0,500
41500,674295.0355433794,0,500
41600,678954.2328343545,0,500
41700,683638.1432301098,0,500
41800,687608.894272084,0,500
41900,692254.5925740701,0,500
42000,697020.4138669301,0,500
42100,701206.1711285568,0,500
42200,705739.043583931,0,500
42300,709943.4448184945,0,500
42400,714607.3512290065,0,500
42500,719316.3631299521,0,500
42600,724198.6634911356,0,500
42700,728665.4121035099,0,500
42800,733288.1309896839,0,500
42900,737815.0639380479,0,500
43000,742392.9774768371,0,500
43100,747112.9967327905,0,500
43200,751559.8912257461,0,500
43300,756229.3381047393,0,500
43400,761032.0716656217,0,500
43500,765881.7586773402,0,500
43600,770704.2766855225,0,500
43700,775315.3599304404,0,500
43800,780181.9385154892,0,500
43900,784867.5700251571,0,500
44000,789752.6756288728,0,500
44100,793962.4620069946,0,500
44200,798943.6691726294,0,500
44300,803903.8486062022,0,500
44400,809157.661669992,0,500
44500,813888.749302595,0,500
44600,818638.7242042173,0,500
44700,823448.3746580672,0,500
44800,828763.6774955415,0,500
44900,833656.5954506568,0,500
45000,838348.0456761773,0,500
45100,842878.0652350584,0,500
45200,847954.0430262919,0,500
45300,853240.080938466,0,500
45400,858469.0943772381,0,500
45500,863552.1402695754,0,500
45600,868351.7626730085,0,500
45700,873666.6583865808,0,500
45800,878719.3832587113,0,500
45900,883359.2002144336,0,500
46000,888317.5094059772,0,500
46100,893440.5704391693,0,500
46200,898719.353345335,0,500
46300,904112.9237726893,0,500
46400,909402.4914942131,0,500
46500,914518.7401264878,0,500
46600,919808.7072844732,0,500
46700,925288.1635602815,0,500
46800,929872.839673739,0,500
46900,934886.1784586308,0,500
47000,940459.1917794803,0,500
47100,945684.8610553788,0,500
47200,951135.9166084228,0,500
47300,956331.1394059305,0,500
47400,961746.6605169454,0,500
47500,967357.323693707,0,500
47600,972626.2237109155,0,500
47700,977790.2398177185,0,500
47800,982804.5371260503,0,500
47900,988286.0872080032,0,500
48000,993832.8950825898,0,500
48100,999561.7367503806,0,500
48200,1004848.4889523945,0,500
48300,1010474.3584018418,0,500
48400,1015886.0910306823,0,500
48500,1021424.2918275641,0,500
48600,1026603.0135436177,0,500
48700,1031802.3713484905,0,500
48800,1037340.3573792737,0,500
48900,1042888.7273501467,0,500
49000,1048821.4379901038,0,500
49100,1054401.8578867402,0,500
49200,1060221.6002525839,0,500
49300,1065919.3969323419,0,500
49400,1071528.5968223673,0,500
49500,1076797.449934888,0,500
49600,1082630.1314994043,0,500
49700,1087958.6452286034,0,500
49800,1093313.4088053687,0,500
49900,1099232.6458620352,0,500
50000,1105267.143260207,0,500
