step,msd_global,msd_round,msd_elongated,n_round,n_elongated
0,0.0,0.0,,500,0
100,12.366488426081268,12.366488426081268,,500,0
200,15.69572479744583,15.683386607701967,21.85248147963202,499,1
300,16.048049593704143,15.969126741676883,55.43055275530515,499,1
400,14.76067466254878,14.562747960677134,113.5260988965,499,1
500,14.946407374027908,14.609990462766719,182.8184460933614,499,1
600,16.41284970678728,15.953754522605998,245.50134661324762,499,1
700,16.654943521241577,16.047063989098795,168.0169470247953,498,2
800,15.683866106762295,14.821156229193262,122.65989092532247,496,4
900,17.594524059370684,16.342169697515814,105.79605268714974,493,7
1000,17.06974333285691,15.142747101076257,102.7334849092877,489,11
1100,17.864033945291872,14.69613155255791,113.69308132549419,484,16
1200,21.182685509671032,16.13126724015217,130.93622791103542,478,22
1300,22.743826420135093,17.115396823586856,107.89651934855847,469,31
1400,27.808018528353717,19.457831926316395,121.2893758536008,459,41
1500,33.42285566760299,20.671218829508163,153.50076922632928,452,48
1600,38.97004927647501,20.87307077970131,179.61849618999693,443,57
1700,48.937173263314776,24.817732312051085,210.35189347561794,435,65
1800,60.2087310259516,27.110470073882748,239.27880951022163,422,78
1900,70.51281738574619,28.48549627729238,264.5940418304037,411,89
2000,82.6258924023495,28.882931742693156,294.93719243406116,399,101
2100,89.4556171013419,31.264288640837375,305.75168703944365,394,106
2200,98.79492798616252,33.61718713962645,316.99866908108766,385,115
2300,110.56367522181387,43.567145315995255,325.06517013035915,381,119
2400,123.73382982140835,49.893898861887216,360.14570961617784,381,119
2500,140.03780081388103,54.700673153377785,390.67361669866614,373,127
2600,159.66183587624434,58.31229981442729,436.4822104928492,366,134
2700,180.1272618836271,65.53229808135806,474.80002594660465,360,140
2800,205.60526189929612,75.9509648892106,529.2876677216774,357,143
2900,227.04211623720994,89.60099352667102,570.1643596474363,357,143
3000,247.24492001159112,98.84162094797486,596.839268812459,351,149
3100,272.42709353734676,112.41116610329605,653.0055155426566,352,148
3200,297.8504062921599,110.3730189673741,719.0658349569385,346,154
3300,328.50378295311236,104.37021229695546,818.1713927305765,343,157
3400,359.4546687199419,110.83359842906972,887.774443088045,340,160
3500,395.4862601326053,121.68885919519722,956.437032784856,336,164
3600,419.27931141754124,121.52985414265427,1069.7765333620396,343,157
3700,443.5953996396284,133.04320921886276,1134.8244686406877,345,155
3800,470.3938486596924,137.11062144719182,1233.43702675147,348,152
3900,500.0243964304683,137.40835528176243,1284.9274728409582,342,158
4000,530.69743509587,174.99161167781264,1307.8127053658932,343,157
4100,555.615584906665,177.59299218498253,1373.8670197852437,342,158
4200,585.9283770828433,188.07857899440592,1423.6369581510437,339,161
4300,625.1314580177593,189.39715720399414,1568.303172437428,342,158
4400,676.593576298733,194.39485442611894,1720.3401768078086,342,158
4500,722.7508299615388,252.58105802372853,1779.1062915880473,346,154
4600,766.9103980001407,274.23507115073636,1853.32265720652,344,156
4700,818.3965168486491,299.2741669135895,1931.7343868351604,341,159
4800,875.8272610663673,315.0873660489579,2078.420369248359,341,159
4900,924.0671669328161,301.57657157466235,2246.8596820688927,340,160
5000,982.699291566424,286.8787397441321,2408.2828611535588,336,164
5100,1026.343368548224,331.8243972027684,2374.527254101167,330,170
5200,1061.8164570460513,352.93527092820926,2462.700705802739,332,168
5300,1089.1022401937669,354.0080671844992,2516.0497525058745,330,170
5400,1129.8932857907869,359.7837819440568,2535.234357782277,323,177
5500,1172.750085837576,382.61896367232146,2640.1364555730493,325,175
5600,1210.1261968255103,405.2737573859731,2666.0952164857968,322,178
5700,1255.1039083215128,433.66697475103257,2807.762158480744,327,173
5800,1302.0337625901034,569.8398903723424,2649.9361182637085,324,176
5900,1350.55423481068,611.9061115637018,2698.4827309054485,323,177
6000,1397.1129331705658,629.7915658739622,2785.1886650217252,322,178
6100,1465.6158571928859,688.1097565349348,2884.454673647791,323,177
6200,1538.91148154305,717.1908212001871,3051.624515356048,324,176
6300,1610.6458080039051,715.7884984777127,3257.9967641771236,324,176
6400,1699.0922145963987,754.3642415644075,3364.110023420736,319,181
6500,1784.0710009116535,759.2615292511397,3529.0168580633385,315,185
6600,1865.580918687468,863.8613410434618,3677.6803793693225,322,178
6700,1932.241323936366,816.2140349068957,3753.127953405502,310,190
6800,1990.547441708487,831.2243263175671,3803.8476991147973,305,195
6900,2032.3999567358817,852.5804153289423,3816.951122381555,301,199
7000,2066.0548836821004,850.9412971254372,3843.831904407858,297,203
7100,2108.4122871469967,912.6057427408305,3872.522931865004,298,202
7200,2165.1534988667822,984.2716889344662,3921.788629064605,299,201
7300,2215.614224556679,1004.9026457350193,4001.713484402492,298,202
7400,2290.3467407669723,1008.2543200383308,4229.592060562556,301,199
7500,2332.907104872736,1032.9296623724215,4315.700981817661,302,198
7600,2384.8361051741986,1040.331846989793,4368.312684079908,298,202
7700,2439.741514042939,987.276694853239,4478.778664059249,292,208
7800,2495.44382223765,937.0704735611089,4683.160254033563,292,208
7900,2544.448987134918,956.8929392589719,4718.874095363108,289,211
8000,2578.357171957955,1056.2936310481502,4629.212741165063,287,213
8100,2646.465000021434,1058.5694799022492,4821.355072601739,289,211
8200,2708.248440330156,1064.9276603523988,4959.052731389738,289,211
8300,2811.3171653260283,1083.065213352489,5197.950813289485,290,210
8400,2931.066222127001,1132.6801468873073,5201.4269234477,279,221
8500,3047.663681379621,1234.1553518321798,5337.115373432724,279,221
8600,3165.265331981427,1235.0931001643514,5449.442951293339,271,229
8700,3277.0982336522034,1224.9486345474397,5500.260299349031,260,240
8800,3393.2009743258077,1137.8218093021787,5856.1882633265095,261,239
8900,3485.7886668916794,1091.1391902754822,5998.207789898836,256,244
9000,3561.95130146481,1143.3926453547158,6311.2530216583355,266,234
9100,3638.125532147944,1170.269190242349,6227.3518580816835,256,244
9200,3702.282323610916,1222.0715835331134,6222.496462722232,252,248
9300,3794.535462651996,1230.8432091597085,6358.227716144283,250,250
9400,3933.018370649772,1277.439912050741,6674.957104325194,254,246
9500,4083.2616227148355,1319.735891875722,6824.767228208617,249,251
9600,4248.952343534015,1289.3853581387013,7092.457878521669,245,255
9700,4377.516061156417,1246.3596466640015,7154.201938159126,235,265
9800,4536.908813793227,1302.1528794711267,7226.614297643471,227,273
9900,4660.99709246641,1305.830441468562,7340.302835349585,222,278
10000,4760.770761753085,1215.9760852595268,7732.142769990333,228,272
10100,4901.88875770063,1227.042460852369,7932.966360210509,226,274
10200,5035.939697377176,1136.4313542798357,8226.446523547727,225,275
10300,5195.461911989423,1126.8078691608891,8470.94874069254,223,277
10400,5377.680424660552,1139.7371551440588,8574.725347278258,215,285
10500,5561.68473286926,1151.178953904808,8755.499262464207,210,290
10600,5801.242710436076,1140.5891609742444,8960.477666782686,202,298
10700,5991.608358532192,1144.672759650231,9090.468823391151,195,305
10800,6208.122960259313,1137.015268560863,9396.148316929673,193,307
10900,6419.117330724301,1120.2955434014873,9750.298454350695,193,307
11000,6614.96493868549,1123.492906027342,9952.226077503465,189,311
11100,6837.2971377803015,1106.6041214261463,10290.407032250114,188,312
11200,7048.246924865082,1129.8346074022368,10464.869808447735,183,317
11300,7290.922370002195,1120.9719457806673,10731.486625253452,179,321
11400,7583.817189528632,1113.163397994711,10976.964909479348,172,328
11500,7866.143203820216,1144.2103561095412,11298.187467454969,169,331
11600,8158.033440064877,1085.9878053408108,11641.279797466284,165,335
11700,8472.265314503615,1112.6759290982945,11967.527529991095,161,339
11800,8775.577648969602,1118.4207811701824,12345.923519879012,159,341
11900,9034.536627327709,1112.923429142792,12660.464534368615,157,343
12000,9377.480701099443,1130.329806713293,12945.732234200615,151,349
12100,9679.736462947767,1176.4270443838427,13289.403424104532,149,351
12200,9973.993762117128,1195.0934527778059,13525.009617580226,144,356
12300,10342.14740140656,1193.628562843285,13899.9047275145,140,360
12400,10744.238337630844,1215.9964134117415,14268.382610972154,135,365
12500,11114.404607433657,1209.8918720723184,14522.408989493475,128,372
12600,11516.338305569696,1190.7945172454276,14885.149674174167,123,377
12700,11888.368454695985,1174.6540473520654,15161.22638069922,117,383
12800,12248.227056959457,1192.3118001133403,15476.440038932613,113,387
12900,12641.183902856828,1240.896904877373,15671.639940294408,105,395
13000,13089.58530043159,1355.2861148452123,15877.93362175905,96,404
13100,13506.271500267167,1490.988505949788,16143.772645361227,90,410
13200,13930.881836803876,1406.6661629475102,16717.44327035138,91,409
13300,14389.234004421283,1449.233198839537,17039.595615203085,85,415
13400,14889.948022889826,1523.2400350121777,17360.57177420371,78,422
13500,15426.308221707437,1475.038095066991,17849.768290654367,74,426
13600,15880.980744776223,1479.9100844792702,18225.341084824562,70,430
13700,16368.56167641721,1509.936596505607,18827.68144488743,71,429
13800,16872.748797262862,1196.1246892240556,19173.904629635534,64,436
13900,17345.995253095163,1222.903570692498,19628.25937252203,62,438
14000,17903.70796251691,1271.481696528143,20128.881091073235,59,441
14100,18457.496165868466,1400.8229094658518,20394.891123722657,51,449
14200,19035.950214598513,1436.2245986475257,20861.97031161771,47,453
14300,19652.157863633125,1222.3112627149128,21564.305303463494,47,453
14400,20312.993866330475,1148.558061097112,22301.35696312069,47,453
14500,20971.59239741797,1224.0595137076614,23263.71674999149,52,448
14600,21546.83397752669,1236.0396269560665,23654.134936636667,47,453
14700,22107.991417713427,1643.905946814764,24281.168635861955,48,452
14800,22702.897820226382,1523.8464522141846,25003.94774712793,49,451
14900,23337.368308030083,1698.2739286838698,25957.348344991282,54,446
15000,23989.569277297138,1678.763786292361,26304.376911021696,47,453
15100,24704.531595715067,1779.0623561887908,26971.88569632756,45,455
15200,25405.61455735028,2208.445034183188,27588.28039869861,43,457
15300,26124.95690314419,2947.233648887801,28195.298196008047,41,459
15400,26873.045919629963,2679.4302560742367,29034.131414631673,41,459
15500,27631.203805362533,2733.615426865303,29796.211490449245,40,460
15600,28293.42898031323,3331.501587652524,30288.226633722403,37,463
15700,28971.677379833745,2824.5929043906112,30759.512215761482,32,468
15800,29767.129464178717,1645.380590199628,31372.3878565623,27,473
15900,30583.21303697993,1569.6033749233545,32046.084112377743,24,476
16000,31355.650581046833,1679.2590100474688,32917.56592688891,25,475
16100,32223.411765888555,1702.7501476848586,33628.128409404206,22,478
16200,33067.941508041935,1748.170509943308,34509.43724435609,22,478
16300,33877.931274396426,1793.2383487702277,35284.56708115665,21,479
16400,34726.08875872816,1870.903454544356,36095.05481306916,20,480
16500,35495.988492141725,1999.3219347654526,36746.90135113087,18,482
16600,36288.609413054,2077.4123122351334,37492.730221985505,17,483
16700,37164.60904482856,2061.5152849603355,38475.5129611722,18,482
16800,38070.150774476024,2216.2601215682475,39255.40335804322,16,484
16900,39046.61636421713,2598.8119487018203,40251.5024605978,16,484
17000,39996.38572267085,2617.7936709140904,41392.26675364932,18,482
17100,40962.12865015489,2601.416666221192,42394.68635909846,18,482
17200,42003.32347492675,3018.5614222013505,43543.262100710075,19,481
17300,43019.563311139325,3010.0082313276207,44599.98232676598,19,481
17400,43875.840003482015,3051.575760311618,45312.71886918367,17,483
17500,44822.89843147936,3048.1101474918914,46293.23259468389,17,483
17600,45779.825203534514,3555.6253980252045,47447.72498795172,19,481
17700,46750.38294083196,4659.130049711876,48687.63725799648,22,478
17800,47803.924526093695,6028.1799985190255,49818.26860184677,23,477
17900,48933.48397709347,7386.495555153012,51120.16757824824,25,475
18000,49951.84117155607,7612.024590797897,52558.75132196368,29,471
18100,51106.9811042708,7074.674582990287,53620.45314671176,27,473
18200,52279.38938931164,7076.589181425865,54758.867881727325,26,474
18300,53403.212010234325,6511.0866450038475,55767.52085217871,24,476
18400,54323.36075198483,6360.4252081726745,56530.85987743225,22,478
18500,55412.60394820575,3799.93059145637,57563.13200473697,20,480
18600,56562.331152969324,3480.3744782665376,58317.10658023223,16,484
18700,57686.198408834505,3271.9286488569965,59369.113968421436,15,485
18800,58901.075298199234,2705.83581657863,60519.8682050772,14,486
18900,60092.40136280526,3584.1493741724635,61960.44275085924,16,484
19000,61398.0737698473,3587.8261778458427,63309.15633487214,16,484
19100,62643.97811633889,2722.3656319680313,64370.11510148538,14,486
19200,63868.420104016615,2726.2817039633337,65629.71627191939,14,486
19300,65076.316951108565,2729.4994802697724,66872.31580829322,14,486
19400,66210.81509444468,2727.62547763304,68039.54895171909,14,486
19500,67533.48635049199,2725.8721192523453,69400.3723571532,14,486
19600,68795.66084605228,2719.6691206719784,70699.08447600153,14,486
19700,70206.8375597719,2718.9336361685814,72150.93355757114,14,486
19800,71433.08072219584,2721.0115357007744,73412.4407399138,14,486
19900,72904.37296377844,2728.9501559416035,74925.88720104123,14,486
20000,74260.87804340698,2733.9714824190783,76321.32391141898,14,486
20100,75590.54430503974,2739.7851126920564,77689.12584556006,14,486
20200,76898.06505006869,2744.04684497061,79034.18903128551,14,486
20300,78151.1621427842,2742.3345612246862,80323.43289616247,14,486
20400,79651.48529593123,2752.341859285075,81866.68695871526,14,486
20500,81096.39580826396,2740.266981331296,83353.56824360769,14,486
20600,82558.05086790852,2739.4280349660703,84857.35276021551,14,486
20700,83987.91411091143,2736.483424371016,86328.49030352783,14,486
20800,85618.83727513197,2747.1744132475,88006.08682259366,14,486
20900,87251.00930110195,2749.9701327908183,89685.1956145924,14,486
21000,88517.64315854979,2760.5406040817534,90988.01236793776,14,486
21100,89916.37963212156,2758.1637040271467,92427.11013210783,14,486
21200,91320.2501326113,2763.253827170448,93871.27471754172,14,486
21300,92874.31715000155,2760.9789648924557,95470.17462858494,14,486
21400,94557.07815201169,2760.391480999367,97201.42715076513,14,486
21500,96133.14331676965,2762.6843709451387,98822.82731932426,14,486
21600,97680.61800073662,2767.4734874481824,100414.74150523463,14,486
21700,99440.76154546258,2767.3359000533865,102225.59273689412,14,486
21800,101260.55345804407,2771.122308739768,104097.6975652257,14,486
21900,102882.80143346364,2780.2218933221698,105766.41483585454,14,486
22000,104288.90729601726,2795.004696056272,107212.59996350585,14,486
22100,105711.59363807956,2797.507032906137,108676.19695592405,14,486
22200,107346.11443626699,2813.654490020482,110357.33756229057,14,486
22300,109168.65303358417,2816.008092035162,112232.3094722296,14,486
22400,110898.73956535023,2838.336691046186,114011.59067695569,14,486
22500,112659.38103563747,2875.4449347508885,115821.88125253544,14,486
22600,114549.99582993955,2869.534265423145,117767.12846760052,14,486
22700,116443.89985494029,2849.4746205305332,119716.16724852411,14,486
22800,118258.77797345293,2841.8795015345345,121583.54459610076,14,486
22900,119976.57440115765,2843.954365366601,123350.76510177714,14,486
23000,121413.77548611548,2849.632173481122,124829.20348277573,14,486
23100,123137.43646745526,2857.8408599919667,126602.28078536573,14,486
23200,124950.14450175979,2861.375401299242,128467.10492852204,14,486
23300,126899.18490984518,2865.774160187418,130472.16382032917,14,486
23400,128732.65331801714,2887.4566184452456,132357.82359331346,14,486
23500,130760.12323857156,2892.2665799847186,134443.55943861316,14,486
23600,132858.8938449313,2881.2891454623027,136603.10467989545,14,486
23700,134721.08925378937,2890.8853347276827,138518.66714446194,14,486
23800,136632.44302550846,2900.2112755628345,140484.81184135054,14,486
23900,138452.4971286086,2901.263806146481,142357.26516670425,14,486
24000,140154.5638545858,2909.0503969338693,144108.13831632884,14,486
24100,142032.78789166815,2911.452656228176,146040.39837170142,14,486
24200,144095.96147349034,2926.883724211063,148162.56042100044,14,486
24300,146155.93605069077,2932.597474674943,150281.7112360081,14,486
24400,148189.3151280036,2938.5886335001137,152373.49243442962,14,486
24500,150422.84978021838,2937.116698125271,154671.40999245975,14,486
24600,152494.4588872768,2947.0150618941793,156802.40994397504,14,486
24700,154572.51326939862,2946.0854486038115,158940.35275394827,14,486
24800,156498.69854686418,2943.8879658150618,160922.08815207958,14,486
24900,158388.82162022535,2955.9413531837754,162866.31199828826,14,486
25000,160480.73425983355,2969.0585601593593,165018.10763389824,14,486
25100,162478.1483700086,2982.873450363014,167072.66246234404,14,486
25200,164730.3686020648,2996.195720460407,169389.37769741964,14,486
25300,166901.80321080785,3002.6136732659843,171623.17904110748,14,486
25400,169186.82693421544,3012.48824366747,173973.74204052752,14,486
25500,171468.99964543156,3014.4742233114935,176321.59914318807,14,486
25600,173627.24929808258,3015.7860443638906,178541.98280744898,14,486
25700,175760.80355119615,3013.016938940701,180737.07723961503,14,486
25800,177723.65831791484,3024.662352043979,182756.13968318683,14,486
25900,180018.19148299188,3043.5541871664655,185116.22630221315,14,486
26000,182201.59151485187,3056.6167774219007,187362.14634267907,14,486
26100,184514.378254212,3071.0207098191895,189741.14164026448,14,486
26200,186886.4205234388,3081.889243174861,192181.20125990736,14,486
26300,189195.0545746398,3095.3470559080815,194555.95149904772,14,486
26400,191602.30864783959,3098.5760057021776,197032.4573247736,14,486
26500,193943.51903152606,3106.5725844618573,199440.8796287666,14,486
26600,196204.9701615479,3109.700066203918,201767.3853494796,14,486
26700,198359.22923472506,3122.7531156066934,203983.32525461735,14,486
26800,200736.44211690786,3140.551497194844,206428.5048096568,14,486
26900,203065.80333179436,3156.0784445250124,208824.51968657167,14,486
27000,205442.12317644572,3173.0581673496868,211268.80406148144,14,486
27100,208110.5796730809,3187.014251679432,214013.727648183,14,486
27200,210444.4428486833,3198.2206823168376,216414.49863125352,14,486
27300,212868.616352876,3215.0380533144235,218908.01984298683,14,486
27400,215403.02867647746,3216.5514000387125,221515.39633464647,14,486
27500,217716.44619825235,3226.3082529040153,223895.17445182207,14,486
27600,220134.7527354358,3241.7764644968615,226382.69855394022,14,486
27700,222617.12353875794,3258.053231031955,228936.10910317805,14,486
27800,225198.35624389825,3281.3606407917864,231591.0268991317,14,486
27900,227726.66837487346,3297.677128202529,234191.70104453067,14,486
28000,230363.71052380645,2888.7221919606673,236916.4879654646,14,486
28100,233026.7862855416,2770.092037472577,239659.69517334606,14,486
28200,235505.1120351823,2753.6945074771816,242209.88537960182,14,486
28300,238065.21475001395,2746.104848252589,244843.9545414227,14,486
28400,240555.13285161878,2750.350459601846,247405.47637731474,14,486
28500,243159.79585201084,2753.4287330823145,250085.08214761785,14,486
28600,245776.41253814942,2755.0508351233757,252777.02789584972,14,486
28700,248591.94572709463,2763.8399330592124,255673.41379523557,14,486
28800,251134.23838513225,2770.5868288099005,258288.74686617858,14,486
28900,254040.05679182793,2778.7610264389527,261278.03650523417,14,486
29000,256709.86046346,2784.978834253973,264024.56898775813,14,486
29100,259481.75620343775,2792.2564100213776,266876.1039341123,14,486
29200,262072.20580509765,2788.0615657438348,269541.29637989384,14,486
29300,264679.4075652578,2794.3705280128447,272223.4209778533,14,486
29400,267342.4561168056,2803.4175435029188,274962.9222485468,14,486
29500,270096.8305661831,2805.559423606669,277796.57911761536,14,486
29600,273019.1559653448,2120.816957460891,280250.52846452856,13,487
29700,275907.28584774066,2131.4012785563377,283215.4716781296,13,487
29800,278812.3135010752,2138.1058049403573,286197.8672999453,13,487
29900,281684.6544448795,2144.842524327305,289146.70281236863,13,487
30000,284511.03427831014,2150.0854200071667,292048.3902026591,13,487
