500
 Lattice="47.37082174254673 0.0 0.0 0.0 47.37082174254673 0.0 0.0 0.0 1.0"Properties=species:S:1:pos:R:3:aspherical_shape:R:3:orientation:R:4:Color:R:1
cell 16.396212007061806 31.476555566429575 0.0 2.23606797749979 0.4472135954999579 1 0 0 -0.9052368079617942 -0.4249074269898583 2.2638734149995567
cell 13.129406722809232 34.52353284432199 0.0 2.23606797749979 0.4472135954999579 1 0 0 0.9089083994658558 0.4169958289724446 2.281317548642411
cell 6.992059747510603 15.360539282626135 0.0 2.23606797749979 0.4472135954999579 1 0 0 0.9499720504386896 0.3123349218152076 2.506292798910021
cell 23.380547735392618 34.292911593695614 0.0 2.23606797749979 0.4472135954999579 1 0 0 0.9469552934661071 0.3213653250998293 2.4872507726635313
cell 33.70720615932687 9.534544017934252 0.0 2.23606797749979 0.4472135954999579 1 0 0 0.8536878273892856 0.5207850740635346 2.0460520143011283
cell 22.32226156162404 37.050846576445124 0.0 2.23606797749979 0.4472135954999579 1 0 0 0.949082868667795 0.31502652015554017 2.5006234598910724
cell 39.59919757097099 23.022340286997316 0.0 2.23606797749979 0.4472135954999579 1 0 0 0.9574744932391016 0.2885179280331218 2.5562354958027074
cell 9.534262783066849 27.84882247431993 0.0 2.23606797749979 0.4472135954999579 1 0 0 0.8863930481561328 0.4629334338546737 2.178989143993222
cell 19.690396191411978 29.48290976090602 0.0 2.23606797749979 0.4472135954999579 1 0 0 0.8972586014507402 0.4415053817595677 2.2270411754811765
cell 38.71958431191168 31.77658225350997 0.0 2.23606797749979 0.4472135954999579 1 0 0 0.9501817173916554 0.3116964932986002 2.5076367501278485
cell 14.182159715508273 3.678981729339668 0.0 2.23606797749979 0.4472135954999579 1 0 0 0.9613774212493301 0.275233453475387 2.5839276011135706
cell 1.129476631183399 7.7081442750870695 0.0 2.23606797749979 0.4472135954999579 1 0 0 0.9541624065332075 0.299289328173856 2.5336971441951333
cell 41.874637789104256 12.184284006642025 0.0 2.23606797749979 0.4472135954999579 1 0 0 0.9472015725316338 0.320638707884123 2.4887852119554563
cell 27.18903135018498 38.33537707930768 0.0 2.23606797749979 0.4472135954999579 1 0 0 0.9618225691532317 0.27367379389973895 2.5871714847273717
cell 21.49761872058289 23.17658687692044 0.0 2.23606797749979 0.4472135954999579 1 0 0 0.9009463660985874 0.43393046149556064 2.2438910354144954
cell 10.347875630071634 12.371883653132098 0.0 2.23606797749979 0.4472135954999579 1 0 0 0.9398468688659023 0.3415960524990876 2.4443634947641115
cell 46.652182982380516 17.571786898354393 0.0 2.23606797749979 0.4472135954999579 1 0 0 0.9560957773264842 0.29305437136897644 2.546752834188911
cell 32.703411751944905 19.141346551188935 0.0 2.23606797749979 0.4472135954999579 1 0 0 0.9224046616094975 0.38622485709890336 2.348521954399986
cell 29.358047194817928 33.437716536457145 0.0 2.23606797749979 0.4472135954999579 1 0 0 0.952820898605291 0.30353308745671514 2.524795645653481
cell 20.908368584438488 45.22720289560652 0.0 2.23606797749979 0.4472135954999579 1 0 0 0.9737218773964698 0.22774043444126124 2.682079642437607
cell 14.409750746224217 36.68736185522588 0.0 2.23606797749979 0.4472135954999579 1 0 0 0.9038668474239726 0.4278138872545503 2.257447121502357
cell 0.2733862581708149 35.650042601382154 0.0 2.23606797749979 0.4472135954999579 1 0 0 0.8556083768790808 0.5176237102513224 2.0534500537974743
cell 22.497426225401107 31.030372930243534 0.0 2.23606797749979 0.4472135954999579 1 0 0 0.913065380861972 0.4078132051213914 2.301477105716988
cell 41.35119456375213 46.87995417666969 0.0 2.23606797749979 0.4472135954999579 1 0 0 0.8461327912913572 0.5329721376408869 2.0173740358580656
cell 8.915029554261274 42.3314750952389 0.0 2.23606797749979 0.4472135954999579 1 0 0 0.9016541511402203 0.43245784965891043 2.2471587844137146
cell 19.856360678595774 33.234446792109985 0.0 2.23606797749979 0.4472135954999579 1 0 0 -0.9133207537545889 -0.40724096154629347 2.3027303862703743
cell 41.92161799626524 0.5687081223358653 0.0 2.23606797749979 0.4472135954999579 1 0 0 0.8487989599192729 0.5287157323552616 2.027419033445933
cell 6.019748289191001 45.37597466782291 0.0 2.23606797749979 0.4472135954999579 1 0 0 0.9079233632212556 0.4191362147524406 2.2766052030444337
cell 15.116050277844323 10.679910152509732 0.0 2.23606797749979 0.4472135954999579 1 0 0 0.38647814267776825 -0.9222985662096318 5.489565391024246
cell 24.78103488214566 27.83349570762463 0.0 2.23606797749979 0.4472135954999579 1 0 0 0.9059440109044671 0.4233975072037231 2.267208078045034
cell 17.175879283322026 38.46305632375368 0.0 2.23606797749979 0.4472135954999579 1 0 0 -0.9440601129958286 -0.3297734116788426 2.4694655528457314
cell 11.345311375503108 38.64449089763426 0.0 2.23606797749979 0.4472135954999579 1 0 0 -0.9019047745837558 -0.43193492285646995 2.24831855087397
cell 31.3387710193236 38.62504615009769 0.0 2.23606797749979 0.4472135954999579 1 0 0 0.9549616090100606 0.2967293806095314 2.5390607476262517
cell 39.40300219198037 8.36444121790244 0.0 2.23606797749979 0.4472135954999579 1 0 0 0.8888038441713245 0.4582878206828934 2.1894569463802163
cell 16.78872387766675 46.74816082422182 0.0 2.23606797749979 0.4472135954999579 1 0 0 0.9545879890197131 0.29792913791588105 2.5365475745728396
cell 7.085672950463749 9.002127053315185 0.0 2.23606797749979 0.4472135954999579 1 0 0 0.977063145899932 0.21294978028663947 2.7124066555595423
cell 5.969529175175938 28.383461950202054 0.0 2.23606797749979 0.4472135954999579 1 0 0 0.9411031094865666 0.33811970855706625 2.451756227210771
cell 2.9259198203662447 10.366501147320323 0.0 2.23606797749979 0.4472135954999579 1 0 0 0.974452404295316 0.22459410447088315 2.688539695348592
cell 24.072069347899212 32.776937072448824 0.0 2.23606797749979 0.4472135954999579 1 0 0 -0.9425394373162196 -0.3340949103228364 2.4603030549854257
cell 16.32168607519488 22.604388661856316 0.0 2.23606797749979 0.4472135954999579 1 0 0 0.9041715603231868 0.4271695090976576 2.2588727065493317
cell 32.987276551066024 19.957499166517234 0.0 2.23606797749979 0.4472135954999579 1 0 0 0.917489877944622 0.39775912795203394 2.3234463437948554
cell 26.822133833339226 31.424956026577004 0.0 2.23606797749979 0.4472135954999579 1 0 0 0.9443018978268032 0.3290804244568457 2.4709334645849346
cell 16.388770865557422 26.519932340582262 0.0 2.23606797749979 0.4472135954999579 1 0 0 0.9133738893587721 0.4071217732296194 2.3029913785866416
cell 16.852700746466237 32.14800774667148 0.0 2.23606797749979 0.4472135954999579 1 0 0 0.9028501635259705 0.42995532584342816 2.252706063388446
cell 44.7701699671349 29.280274203623904 0.0 2.23606797749979 0.4472135954999579 1 0 0 -0.932406622026037 -0.3614109727194168 2.402031234638404
cell 5.901481918890805 30.023635292449345 0.0 2.23606797749979 0.4472135954999579 1 0 0 0.9079644423417642 0.4190472186317542 2.276801241853313
cell 29.27805381906229 15.604302149342386 0.0 2.23606797749979 0.4472135954999579 1 0 0 0.8824887435591094 0.4703335172954021 2.162255317448218
cell 32.933793350249516 39.898557013328734 0.0 2.23606797749979 0.4472135954999579 1 0 0 0.9684377273508673 0.2492556283085444 2.637769558438753
cell 2.5180141184632863 38.423795179894675 0.0 2.23606797749979 0.4472135954999579 1 0 0 0.8917283339039883 0.4525710756475906 2.202299680618923
cell 8.095574737743432 40.90249818643958 0.0 2.23606797749979 0.4472135954999579 1 0 0 0.8937580307752604 0.4485494202701957 2.211309323382611
cell 2.735095840136131 14.81724977430524 0.0 2.23606797749979 0.4472135954999579 1 0 0 -0.9558519716513766 -0.2938486145793032 2.5450911922009123
cell 18.622413931164317 27.948190615637728 0.0 2.23606797749979 0.4472135954999579 1 0 0 0.911608133830189 0.41106034877453246 2.2943588126103647
cell 29.666429401402763 43.315616226931134 0.0 2.23606797749979 0.4472135954999579 1 0 0 0.9762275781666309 0.2167480464200651 2.704628476307018
cell 10.823981065624759 13.432181433867433 0.0 2.23606797749979 0.4472135954999579 1 0 0 0.9466566652309527 0.3222439420281039 2.48539481297509
cell 30.092669090561348 23.361530673857995 0.0 2.23606797749979 0.4472135954999579 1 0 0 0.9168420696271614 0.39925007121074285 2.3201951483231613
cell 5.48008892446177 40.684336578047116 0.0 2.23606797749979 0.4472135954999579 1 0 0 0.8792771681841522 0.4763104675629732 2.148685007574515
cell 12.113651153487263 20.023742969954363 0.0 2.23606797749979 0.4472135954999579 1 0 0 0.8706289899761812 0.4919402014605582 2.1129589357108833
cell 11.57736631341873 46.78413986227136 0.0 2.23606797749979 0.4472135954999579 1 0 0 0.9512265233148658 0.30849327600826754 2.514375364574658
cell 17.510577515263297 16.79983192448635 0.0 2.23606797749979 0.4472135954999579 1 0 0 0.887815040592404 0.46020044947599514 2.185150726130931
cell 11.150210039181346 7.233184946500196 0.0 2.23606797749979 0.4472135954999579 1 0 0 0.9624160097312173 0.27157949888207933 2.5915249868631274
cell 7.292098273775275 24.062874999982704 0.0 2.23606797749979 0.4472135954999579 1 0 0 0.4440449719517479 -0.8960044993661423 5.362969097569509
cell 20.328457512760384 33.97857941373781 0.0 2.23606797749979 0.4472135954999579 1 0 0 -0.9251030529508608 -0.3797161326846632 2.362613798100078
cell 37.092249556876865 22.828411192625882 0.0 2.23606797749979 0.4472135954999579 1 0 0 0.9517494229662374 0.3068762550009924 2.517774294805484
cell 2.2397915393428294 46.86178215209871 0.0 2.23606797749979 0.4472135954999579 1 0 0 0.8884749910450266 0.4589250377649272 2.1880228055079947
cell 3.421040767226819 11.094549360696613 0.0 2.23606797749979 0.4472135954999579 1 0 0 0.9771822451509823 0.21240258887707936 2.713526661056837
cell 44.048045720501676 6.43350602524149 0.0 2.23606797749979 0.4472135954999579 1 0 0 0.9299650102589948 0.3676480377942846 2.3886353223529277
cell 35.48742726463009 5.437139355593996 0.0 2.23606797749979 0.4472135954999579 1 0 0 0.8341133514781262 0.5515930718255333 1.9730467877321356
cell 28.67530160402986 21.415053950806744 0.0 2.23606797749979 0.4472135954999579 1 0 0 0.8851784532115614 0.4652516587503882 2.1737548679378254
cell 20.653462731560126 35.62560681551697 0.0 2.23606797749979 0.4472135954999579 1 0 0 0.9431540830866392 0.33235579663517384 2.4639921235976097
cell 22.786481970547687 39.66536852870949 0.0 2.23606797749979 0.4472135954999579 1 0 0 0.9534184013152257 0.30165104348156857 2.5287448735677347
cell 44.639519411332 6.9183091087928075 0.0 2.23606797749979 0.4472135954999579 1 0 0 0.9231403400049074 0.3844631486314701 2.352340247491288
cell 37.61322598818139 18.55498253874403 0.0 2.23606797749979 0.4472135954999579 1 0 0 0.9463182609164658 0.3232363671619204 2.4832977433748886
cell 20.602792894038014 44.417574679462255 0.0 2.23606797749979 0.4472135954999579 1 0 0 0.9633736133464308 0.2681627884473192 2.5986217264214932
cell 15.042031647560028 43.94897713900234 0.0 2.23606797749979 0.4472135954999579 1 0 0 0.9445431993539443 0.3283871869519503 2.4724015309177503
cell 22.0790161812409 8.218777424615062 0.0 2.23606797749979 0.4472135954999579 1 0 0 0.4303367698913524 -0.9026684133608959 5.393453654408112
cell 36.5543693624154 37.31392807102887 0.0 2.23606797749979 0.4472135954999579 1 0 0 0.9628209017295196 0.2701405397061958 2.594514663404994
cell 39.78515941337494 25.14241214188879 0.0 2.23606797749979 0.4472135954999579 1 0 0 -0.9661987954165595 -0.25779815308801046 2.620107389528041
cell 46.76936353321379 12.627417099104502 0.0 2.23606797749979 0.4472135954999579 1 0 0 0.9614361079994826 0.2750283807806154 2.5843542107475774
cell 8.922335120570963 3.4722278506618487 0.0 2.23606797749979 0.4472135954999579 1 0 0 0.9555130716210524 0.294948758195897 2.542788872193593
cell 24.61317859381794 24.936188751739 0.0 2.23606797749979 0.4472135954999579 1 0 0 0.8826985091601239 0.469939721588306 2.16314767762124
cell 15.664206401958824 21.77198312353376 0.0 2.23606797749979 0.4472135954999579 1 0 0 0.8935269042285747 0.44900965626554123 2.210279300746244
cell 14.390602714109912 38.82634474495471 0.0 2.23606797749979 0.4472135954999579 1 0 0 0.9232093762626361 0.3842973426667877 2.3526994556364746
cell 42.698251773516 13.644986942906279 0.0 2.23606797749979 0.4472135954999579 1 0 0 0.9590860640125867 0.28311467962089953 2.5675124347475524
cell 3.9908050422469543 22.374163385958315 0.0 2.23606797749979 0.4472135954999579 1 0 0 0.9301527707012565 0.3671727429382195 2.3896573970851542
cell 8.480704143256913 2.8229141599379073 0.0 2.23606797749979 0.4472135954999579 1 0 0 0.9533051108605631 0.3020088833248608 2.52799418299974
cell 26.733662228975643 37.60139913475119 0.0 2.23606797749979 0.4472135954999579 1 0 0 0.9587265016427068 0.2843299053000527 2.564977827271781
cell 13.6840824074316 2.8865806175272373 0.0 2.23606797749979 0.4472135954999579 1 0 0 0.9593209140390284 0.2823178773781837 2.5691738177721404
cell 43.622399012728096 31.796108110491602 0.0 2.23606797749979 0.4472135954999579 1 0 0 -0.9245311415415524 -0.3811065052185203 2.359606993238623
cell 38.271834749123386 8.487088108316215 0.0 2.23606797749979 0.4472135954999579 1 0 0 0.876017790527671 0.4822787893729285 2.1350843331577134
cell 40.075004661536184 4.611878752192036 0.0 2.23606797749979 0.4472135954999579 1 0 0 0.8613530727722526 0.5080067755707581 2.075854363724396
cell 1.339393097222072 30.69099025304964 0.0 2.23606797749979 0.4472135954999579 1 0 0 0.31166226708809963 -0.9501929442347518 5.649301444691852
cell 38.57310693822169 15.085776579992027 0.0 2.23606797749979 0.4472135954999579 1 0 0 0.9430510709430469 0.3326479784895325 2.46337250520372
cell 28.54403815608577 13.449829455806695 0.0 2.23606797749979 0.4472135954999579 1 0 0 0.8730901871294929 0.48755874019259166 2.1230097560595524
cell 10.875252961505664 33.52537483072903 0.0 2.23606797749979 0.4472135954999579 1 0 0 0.8893764606489174 0.45717558032292654 2.1919589203631697
cell 33.65487983576724 38.14883870421547 0.0 2.23606797749979 0.4472135954999579 1 0 0 0.9516373428553223 0.30722364440788347 2.5170442500047705
cell 4.7826249986052085 43.18280640896243 0.0 2.23606797749979 0.4472135954999579 1 0 0 0.882465867082127 0.47037643801001516 2.1621580442053916
cell 18.860983431933967 41.77077819705603 0.0 2.23606797749979 0.4472135954999579 1 0 0 0.949132824305285 0.31487597848402615 2.500940687636593
cell 3.5929671307023274 2.183871584115402 0.0 2.23606797749979 0.4472135954999579 1 0 0 0.9317232543496895 0.3631690753685174 2.398258746143657
cell 3.8798776300464803 2.9134135017762004 0.0 2.23606797749979 0.4472135954999579 1 0 0 0.9359727057943847 0.35207256923529007 2.4220235896905087
cell 16.78985705375386 24.7360762700002 0.0 2.23606797749979 0.4472135954999579 1 0 0 0.9282367686961166 0.3719899208857575 2.379288920387656
cell 13.195792883902028 8.392789152164568 0.0 2.23606797749979 0.4472135954999579 1 0 0 0.9641975977409376 0.26518482707463686 2.6048014389764096
cell 11.686590430986778 39.48324758483674 0.0 2.23606797749979 0.4472135954999579 1 0 0 0.8986225757352752 0.43872253917356435 2.2332394482711657
cell 10.453183936867664 20.606985507392366 0.0 2.23606797749979 0.4472135954999579 1 0 0 0.4514480328566189 -0.8922974132148368 5.34641033069939
cell 30.890049256628792 23.852413251918914 0.0 2.23606797749979 0.4472135954999579 1 0 0 0.9294421881852233 0.36896777477371107 2.3857962739531593
cell 33.738275040692066 32.07811093395738 0.0 2.23606797749979 0.4472135954999579 1 0 0 0.9651887428078395 0.26155437437944384 2.6123280775436695
cell 25.172271402927624 6.726255642259541 0.0 2.23606797749979 0.4472135954999579 1 0 0 -0.3950261649403974 0.9186698694375918 5.470992642752072
cell 18.684090417988177 26.60346171893949 0.0 2.23606797749979 0.4472135954999579 1 0 0 -0.9289441148355702 -0.3702199771924241 2.3831010275941686
cell 12.061700807051638 23.8879734624461 0.0 2.23606797749979 0.4472135954999579 1 0 0 0.8816604989118416 0.47188427040803405 2.158739168868783
cell 27.3469835108664 25.61292151864492 0.0 2.23606797749979 0.4472135954999579 1 0 0 0.9100673434621872 0.41446040868058487 2.286893035087929
cell 18.449478535449042 25.5831119897452 0.0 2.23606797749979 0.4472135954999579 1 0 0 0.9237315913357993 0.3830403988722755 2.355421672799904
cell 35.609670644111866 14.481223510161406 0.0 2.23606797749979 0.4472135954999579 1 0 0 0.9013564362306471 0.43307802399289147 2.245782920480653
cell 29.90847046390371 21.23313837010042 0.0 2.23606797749979 0.4472135954999579 1 0 0 0.9109731520881874 0.41246565453927453 2.2912746034239655
cell 27.802757032578132 9.114282845719147 0.0 2.23606797749979 0.4472135954999579 1 0 0 0.8958769952007511 0.44430216010061585 2.220802325327602
cell 36.20623670610936 27.77170594753384 0.0 2.23606797749979 0.4472135954999579 1 0 0 0.9618084033410822 0.2737235745464358 2.587067970805216
cell 42.009265073869216 13.122151835300533 0.0 2.23606797749979 0.4472135954999579 1 0 0 0.9540184286777801 0.2997479570292004 2.532735749262221
cell 45.5457102518328 39.75311353206605 0.0 2.23606797749979 0.4472135954999579 1 0 0 0.8459181666342153 0.5333127181665631 2.0165689052100046
cell 29.87920863249365 22.413893889188085 0.0 2.23606797749979 0.4472135954999579 1 0 0 0.9235047445420019 0.38358700031206966 2.354238063722441
cell 40.579562573787115 9.260664118857756 0.0 2.23606797749979 0.4472135954999579 1 0 0 0.9132315223385001 0.40744102224408574 2.3022922697168853
cell 33.43030335410624 40.905504173546205 0.0 2.23606797749979 0.4472135954999579 1 0 0 0.9799914371127234 0.19903965229506188 2.740836917804895
cell 3.590622339358823 1.2083538744837277 0.0 2.23606797749979 0.4472135954999579 1 0 0 0.9233613071100895 0.38393215094850697 2.353490525735893
cell 25.83803221664178 36.21885682041663 0.0 2.23606797749979 0.4472135954999579 1 0 0 0.9489947210546322 0.3152919590006075 2.500064075291045
cell 10.36400440303687 5.592616397945706 0.0 2.23606797749979 0.4472135954999579 1 0 0 0.9575024655798318 0.2884250828352887 2.5564294306640805
cell 43.43458885667199 1.6401742245139295 0.0 2.23606797749979 0.4472135954999579 1 0 0 0.8714495496654584 0.4904851500176837 2.116299889798555
cell 46.95188598380141 19.851313641306497 0.0 2.23606797749979 0.4472135954999579 1 0 0 -0.960657473284625 -0.2777358799694415 2.5787197350395417
cell 19.109692485709438 3.486545961468044 0.0 2.23606797749979 0.4472135954999579 1 0 0 0.9642874978353151 0.26485773826435044 2.605479875761636
cell 40.29223908466387 25.978378973951582 0.0 2.23606797749979 0.4472135954999579 1 0 0 -0.9726982687262219 -0.23207343238081035 2.6731751090755935
cell 17.261817529929594 35.36292727004395 0.0 2.23606797749979 0.4472135954999579 1 0 0 -0.9084049587891945 -0.4180914144624378 2.2789061090251543
cell 8.143669471313848 37.09078836324304 0.0 2.23606797749979 0.4472135954999579 1 0 0 0.9075992050372802 0.41983768651193876 2.275059704824019
cell 39.56692047083563 3.5787835452685193 0.0 2.23606797749979 0.4472135954999579 1 0 0 0.8569118574719427 0.5154629652302725 2.0584969871559093
cell 12.31407573028035 14.23795683708764 0.0 2.23606797749979 0.4472135954999579 1 0 0 0.4879509070508907 -0.8728710742762719 5.263703954774377
cell 9.193010714374173 44.101181217439894 0.0 2.23606797749979 0.4472135954999579 1 0 0 0.9209433875404937 0.38969639072672996 2.3409888582486884
cell 25.094540764303023 30.925851686294248 0.0 2.23606797749979 0.4472135954999579 1 0 0 0.9374901799950165 0.34801172740715436 2.4306938131558438
cell 30.889070595805062 17.615752247075726 0.0 2.23606797749979 0.4472135954999579 1 0 0 0.8814608169928156 0.47225716310751487 2.1578931858032795
cell 10.107738492832338 36.084833028212685 0.0 2.23606797749979 0.4472135954999579 1 0 0 0.8860838219228687 0.4635250376479806 2.17765405459076
cell 41.081358949362844 7.44974738665434 0.0 2.23606797749979 0.4472135954999579 1 0 0 0.8965407528713463 0.4429612606547887 2.223794706310498
cell 38.268373802352286 30.824100705818616 0.0 2.23606797749979 0.4472135954999579 1 0 0 0.9512005692792764 0.3085732927568106 2.514207123176483
cell 0.5153957718563767 4.413382205039332 0.0 2.23606797749979 0.4472135954999579 1 0 0 0.9208302039512304 0.3899637617665716 2.3404081765857554
cell 29.227852550791898 17.309980718829753 0.0 2.23606797749979 0.4472135954999579 1 0 0 0.8708840311366678 0.4914885596950832 2.11399629058535
cell 33.61457016971058 25.578566676208656 0.0 2.23606797749979 0.4472135954999579 1 0 0 0.9462586671270112 0.32341078350452734 2.4829291108727616
cell 22.819115950424397 35.70323897253223 0.0 2.23606797749979 0.4472135954999579 1 0 0 0.9481350523335381 0.3178677752407107 2.494633103317646
cell 12.571527811815042 44.13866167175855 0.0 2.23606797749979 0.4472135954999579 1 0 0 0.9447303667435868 0.3278483401704637 2.4735423858506618
cell 35.93981889539016 16.59134900644799 0.0 2.23606797749979 0.4472135954999579 1 0 0 0.9196945557169518 0.39263459371863646 2.3346036796599234
cell 21.882676427798604 15.733409535396614 0.0 2.23606797749979 0.4472135954999579 1 0 0 0.8850295435198472 0.46553486131228755 2.173114937353383
cell 43.538790591409054 18.88049752008467 0.0 2.23606797749979 0.4472135954999579 1 0 0 0.952292366200427 0.305187236424448 2.521322574350878
cell 0.7121000413112446 41.85220642301632 0.0 2.23606797749979 0.4472135954999579 1 0 0 0.8936006788743228 0.44886281502854447 2.2106079649961936
cell 3.688172573782053 33.820279732312486 0.0 2.23606797749979 0.4472135954999579 1 0 0 0.8914003166897593 0.45321680838799094 2.2008511419238426
cell 11.227375779975073 31.598805355840547 0.0 2.23606797749979 0.4472135954999579 1 0 0 0.8957958908138639 0.4444656589670297 2.2204373058706772
cell 41.57458603604565 27.798230744511653 0.0 2.23606797749979 0.4472135954999579 1 0 0 -0.9336715639735687 -0.35813043800709016 2.409063161505008
cell 31.223827425895642 36.38594618275762 0.0 2.23606797749979 0.4472135954999579 1 0 0 0.9608387046492087 0.2771082525801615 2.580026273921413
cell 19.936761461273566 4.177645725686955 0.0 2.23606797749979 0.4472135954999579 1 0 0 0.9739123345105172 0.226924579295136 2.683755224214549
cell 41.355284076017035 9.606435050754072 0.0 2.23606797749979 0.4472135954999579 1 0 0 0.9202987497820966 0.3912163227033222 2.3376868881263753
cell 15.871582060220867 45.311763485798195 0.0 2.23606797749979 0.4472135954999579 1 0 0 0.951587128396431 0.3073791422172856 2.5167174408208726
cell 36.8421072428237 29.49089279288416 0.0 2.23606797749979 0.4472135954999579 1 0 0 0.958269294027546 0.2858670322439237 2.5617704616261996
cell 28.94083819677389 32.686557531831326 0.0 2.23606797749979 0.4472135954999579 1 0 0 0.9471416162250207 0.3208157708321952 2.4884113347222128
cell 17.180816352014155 34.22089667924045 0.0 2.23606797749979 0.4472135954999579 1 0 0 0.9110324688191828 0.41233462231205475 2.2915622693356186
cell 15.686408065105105 29.907258411605838 0.0 2.23606797749979 0.4472135954999579 1 0 0 -0.9201243266273129 -0.3916263826003478 2.3367956585053253
cell 33.220541008602005 31.3130079488145 0.0 2.23606797749979 0.4472135954999579 1 0 0 -0.9533544908018355 -0.3018529689566972 2.528321277291097
cell 47.05081561303605 41.56847159931725 0.0 2.23606797749979 0.4472135954999579 1 0 0 0.8860529258064811 0.463584094496106 2.1775207537082424
cell 7.604980685694385 16.38198068195065 0.0 2.23606797749979 0.4472135954999579 1 0 0 -0.9719505850451458 -0.23518516158635305 2.6667745158915377
cell 18.436532400232636 7.630769629126466 0.0 2.23606797749979 0.4472135954999579 1 0 0 0.3515761073764625 -0.936159303068668 5.564676984392231
cell 4.356913899676219 26.892211942396365 0.0 2.23606797749979 0.4472135954999579 1 0 0 0.4906755182131807 -0.8713423757778722 5.257455616427738
cell 37.725088130450914 30.017064202842082 0.0 2.23606797749979 0.4472135954999579 1 0 0 0.9520386146434578 0.3059779015350055 2.5196618019891868
cell 21.004259706820424 15.042046165033668 0.0 2.23606797749979 0.4472135954999579 1 0 0 0.8870609392949708 0.4616523475269288 2.1818786153050906
cell 27.74654298509025 41.2449183380652 0.0 2.23606797749979 0.4472135954999579 1 0 0 0.9552602854091101 0.2957664401518629 2.5410771424313072
cell 4.938628602897502 3.788809662436424 0.0 2.23606797749979 0.4472135954999579 1 0 0 0.9489218961600163 0.31551106951750396 2.4996022836318423
cell 5.66207950465392 2.3300709377560573 0.0 2.23606797749979 0.4472135954999579 1 0 0 0.9429461574189709 0.33294525707508943 2.4627420088729206
cell 3.1296991150486213 9.282030264472807 0.0 2.23606797749979 0.4472135954999579 1 0 0 0.9653127215782494 0.2610964372778633 2.6132769234294444
cell 1.4465822441840819 6.547871718655332 0.0 2.23606797749979 0.4472135954999579 1 0 0 0.9491379782679328 0.31486044243356626 2.500973424905561
cell 44.766639418271104 1.210300163374219 0.0 2.23606797749979 0.4472135954999579 1 0 0 0.886391397945497 0.46293659355059363 2.178982014652874
cell 37.23997611467259 35.48685421550334 0.0 2.23606797749979 0.4472135954999579 1 0 0 0.943653247060631 0.3309358688808569 2.4670023461329484
cell 17.42723048940054 22.867326216632964 0.0 2.23606797749979 0.4472135954999579 1 0 0 0.927836616456589 0.37298688068401076 2.377140385291254
cell 6.551768783813659 14.306780719115752 0.0 2.23606797749979 0.4472135954999579 1 0 0 0.957334549015124 0.2889819393353312 2.5552661849567957
cell 15.281303240267837 39.110040708301526 0.0 2.23606797749979 0.4472135954999579 1 0 0 0.9336045065789735 0.3583052124871076 2.4086887669904242
cell 8.08409202829496 2.1800813738761025 0.0 2.23606797749979 0.4472135954999579 1 0 0 0.952514764089786 0.30449240415974144 2.522781687397734
cell 47.295422041195096 44.89328806168904 0.0 2.23606797749979 0.4472135954999579 1 0 0 0.8664109283272521 0.4993316565921986 2.095938231828332
cell 8.445262947270395 41.65095635351697 0.0 2.23606797749979 0.4472135954999579 1 0 0 0.8999241895687498 0.4360463886205561 2.2391912503140987
cell 25.458760518542512 35.511455021684654 0.0 2.23606797749979 0.4472135954999579 1 0 0 0.9470598650048679 0.3210570231235588 2.4879018803849635
cell 43.172711874811675 20.320553266820333 0.0 2.23606797749979 0.4472135954999579 1 0 0 -0.9556852421978059 -0.29439041738025545 2.543957439151235
cell 34.03610565428203 15.229037777111381 0.0 2.23606797749979 0.4472135954999579 1 0 0 0.8891166890743496 0.4576805798911139 2.1908231284042436
cell 42.11919242470055 28.83266048282212 0.0 2.23606797749979 0.4472135954999579 1 0 0 -0.9400764776653918 -0.3409636580931026 2.4457090695893786
cell 13.583468637594777 14.667775933012823 0.0 2.23606797749979 0.4472135954999579 1 0 0 0.5854756874801375 -0.8106899650110765 5.032251902775353
cell 24.019094367081237 20.897373730967892 0.0 2.23606797749979 0.4472135954999579 1 0 0 0.8844254839557415 0.46668143666708284 2.170523008931317
cell 6.105997700498952 11.899578886497066 0.0 2.23606797749979 0.4472135954999579 1 0 0 0.9472530771561706 0.32048651737345507 2.48910655089142
cell 22.44467760653736 0.3007669658080405 0.0 2.23606797749979 0.4472135954999579 1 0 0 0.9847449275177043 0.17400410261873564 2.7918039488058697
cell 24.140086120379696 41.8150535258268 0.0 2.23606797749979 0.4472135954999579 1 0 0 0.9603859481001741 0.27867334047542064 2.5767677532756146
cell 7.670853433766649 9.786208473568282 0.0 2.23606797749979 0.4472135954999579 1 0 0 0.9829363337409894 0.18394608941704133 2.771593557231267
cell 23.068109303542577 1.378963449684965 0.0 2.23606797749979 0.4472135954999579 1 0 0 0.9576520919317362 0.2879278916999351 2.5574678661725545
cell 0.8917375299249604 23.848049756911212 0.0 2.23606797749979 0.4472135954999579 1 0 0 0.9197422442686449 0.3925228708084106 2.3348466299153263
cell 19.624371986193232 23.390695024371016 0.0 2.23606797749979 0.4472135954999579 1 0 0 0.9409678792242124 0.3384958644773788 2.450956776143175
cell 13.172889305690239 42.64979151126336 0.0 2.23606797749979 0.4472135954999579 1 0 0 0.9492198281556518 0.31461360084420203 2.5014935409493075
cell 9.21619312510466 10.409810254446247 0.0 2.23606797749979 0.4472135954999579 1 0 0 0.9526429962487898 0.3040909760221902 2.5236245113149285
cell 43.056208021392806 42.73301902827367 0.0 2.23606797749979 0.4472135954999579 1 0 0 0.8574759698798028 0.5145240140933088 2.060687742428666
cell 44.042843348495424 17.268797711935687 0.0 2.23606797749979 0.4472135954999579 1 0 0 0.9469180791176629 0.3214749623844996 2.487019210646482
cell 12.879666272584247 1.4012251364229191 0.0 2.23606797749979 0.4472135954999579 1 0 0 0.9575529799931204 0.28825733382915814 2.5567798100874843
cell 24.69845911254812 23.2358309746296 0.0 2.23606797749979 0.4472135954999579 1 0 0 0.8867372079815569 0.4622738625328855 2.1804770691788273
cell 6.46723133170471 31.029537349629415 0.0 2.23606797749979 0.4472135954999579 1 0 0 0.8849831968273957 0.46562296048752055 2.1729158446052868
cell 20.73604053289876 19.823623929752422 0.0 2.23606797749979 0.4472135954999579 1 0 0 0.9258727443202625 0.37783549505686465 2.3666778965792474
cell 32.94965680279163 21.142624386399785 0.0 2.23606797749979 0.4472135954999579 1 0 0 0.9285538824278431 0.3711976393084679 2.380995696601177
cell 26.00807598836819 45.595752808751165 0.0 2.23606797749979 0.4472135954999579 1 0 0 0.9854302056801 0.1700803037781736 2.799770334304469
cell 40.538767601994095 35.67843574617187 0.0 2.23606797749979 0.4472135954999579 1 0 0 -0.9549216976279492 -0.2968577965951974 2.5387917971934666
cell 21.312312135686675 45.975758813374945 0.0 2.23606797749979 0.4472135954999579 1 0 0 0.9748281932174316 0.22295738092388348 2.6918983152711355
cell 1.47260565770993 43.94831048199931 0.0 2.23606797749979 0.4472135954999579 1 0 0 0.8748234647324571 0.4844418495067281 2.1301425738136275
cell 19.254510727573937 42.41280556277533 0.0 2.23606797749979 0.4472135954999579 1 0 0 0.9509071714482663 0.3094762531895744 2.512308260466236
cell 25.47735155301059 44.56997880545149 0.0 2.23606797749979 0.4472135954999579 1 0 0 0.9781021286531424 0.20812550522267018 2.722276440658989
cell 37.142920348732716 1.280431514195665 0.0 2.23606797749979 0.4472135954999579 1 0 0 0.8747228691242096 0.48462346438354675 2.1297273464540503
cell 10.194340164446377 45.19747791195778 0.0 2.23606797749979 0.4472135954999579 1 0 0 -0.9452468380097331 -0.3263562704049081 2.476700242891104
cell 36.32410382974957 6.153797673945016 0.0 2.23606797749979 0.4472135954999579 1 0 0 0.8654774119216331 0.5009479508426319 2.092205211070295
cell 15.36673016997116 42.71489730587733 0.0 2.23606797749979 0.4472135954999579 1 0 0 0.9457744104030674 0.3248242057278525 2.4799409560097563
cell 31.694181887015606 13.534818296302504 0.0 2.23606797749979 0.4472135954999579 1 0 0 0.8855446839227881 0.46455420865178854 2.1753303825914845
cell 35.67102218913045 18.012937547820787 0.0 2.23606797749979 0.4472135954999579 1 0 0 0.9294937587238069 0.36883784037634954 2.3860758627090086
cell 4.981498185806699 5.614050206988321 0.0 2.23606797749979 0.4472135954999579 1 0 0 0.9531117317394742 0.30261861611702034 2.5267148557136094
cell 36.47561432160924 24.314421343049087 0.0 2.23606797749979 0.4472135954999579 1 0 0 0.9521777800275572 0.3055445552154268 2.5205720899445065
cell 15.235615441653966 17.26920124318516 0.0 2.23606797749979 0.4472135954999579 1 0 0 0.9157088690945469 0.401842341051296 2.3145368758970433
cell 40.87659663062745 16.531176223763023 0.0 2.23606797749979 0.4472135954999579 1 0 0 0.9511104577252958 0.3088509303945486 2.513623332972199
cell 41.94702352406494 30.40560264540268 0.0 2.23606797749979 0.4472135954999579 1 0 0 -0.9380972231664937 -0.34637205413733024 2.4341906864006724
cell 35.51980442549889 15.860747297105839 0.0 2.23606797749979 0.4472135954999579 1 0 0 0.9169934082313311 0.3989023555461753 2.320953592937411
cell 23.33274295408047 31.42856697173771 0.0 2.23606797749979 0.4472135954999579 1 0 0 -0.9264817951186521 -0.3763395851006375 2.3699081845164223
cell 13.317788584249584 25.503328802831454 0.0 2.23606797749979 0.4472135954999579 1 0 0 0.9090496593156617 0.4166877930754383 2.281995311019976
cell 43.72462308443144 3.8857794673943595 0.0 2.23606797749979 0.4472135954999579 1 0 0 0.8906698399443536 0.4546506749291147 2.197632713678779
cell 8.623557208867206 35.22360649089295 0.0 2.23606797749979 0.4472135954999579 1 0 0 0.9025810274247356 0.4305200215238646 2.2514549591317956
cell 1.6709369235813771 37.696544306126626 0.0 2.23606797749979 0.4472135954999579 1 0 0 0.8795482581838489 0.47580969044961396 2.149823897409332
cell 6.783580372351796 46.91771745006444 0.0 2.23606797749979 0.4472135954999579 1 0 0 0.930025439005104 0.367495146639195 2.3889641222234985
cell 27.45878955238527 29.865723194311954 0.0 2.23606797749979 0.4472135954999579 1 0 0 -0.9426852402650086 -0.33368328964229405 2.4611764165086356
cell 30.78535147961731 26.99471988002436 0.0 2.23606797749979 0.4472135954999579 1 0 0 -0.9428923121872853 -0.3330977148197129 2.4624186349535773
cell 40.09272595916452 34.58863818668045 0.0 2.23606797749979 0.4472135954999579 1 0 0 -0.9527717157175095 -0.3036874342621262 2.5244716586608504
cell 12.060895470043281 41.66699044817907 0.0 2.23606797749979 0.4472135954999579 1 0 0 0.9261806022984977 0.3770802194838547 2.368309114238329
cell 13.939651796418682 28.083444467209137 0.0 2.23606797749979 0.4472135954999579 1 0 0 0.9097981055408912 0.41505108981209193 2.285594738862594
cell 29.199761559728234 42.365430850287076 0.0 2.23606797749979 0.4472135954999579 1 0 0 0.9795827601063075 0.20104132933928895 2.7367509763776954
cell 24.491950525622773 42.70855989709317 0.0 2.23606797749979 0.4472135954999579 1 0 0 0.9580011624483392 0.2867643156803699 2.5598974830644594
cell 5.382895318252705 43.67813185316541 0.0 2.23606797749979 0.4472135954999579 1 0 0 0.89109639125913 0.4538140825106196 2.19951083291208
cell 15.598083032432836 31.184720326618844 0.0 2.23606797749979 0.4472135954999579 1 0 0 0.9103813259868097 0.41377027599200283 2.2884094363292333
cell 36.694300109693586 28.516756393235653 0.0 2.23606797749979 0.4472135954999579 1 0 0 0.9640481513327314 0.26572760848647825 2.6036754800103057
cell 26.92957976985674 21.15874305025543 0.0 2.23606797749979 0.4472135954999579 1 0 0 0.8681444794839068 0.496311558138249 2.1029027724558316
cell 8.245746078654037 21.194892015057878 0.0 2.23606797749979 0.4472135954999579 1 0 0 0.440640973154367 -0.8976834257006043 5.370560149866407
cell 32.33693255891814 29.80946086209332 0.0 2.23606797749979 0.4472135954999579 1 0 0 -0.9477734471051004 -0.3189443414806344 2.492361757153981
cell 26.036526386404255 17.171974439637925 0.0 2.23606797749979 0.4472135954999579 1 0 0 0.9023285843191413 0.4310488672072045 2.250282943281772
cell 30.816180718671678 16.16777478221468 0.0 2.23606797749979 0.4472135954999579 1 0 0 0.8735664661785143 0.4867048686507899 2.124965198125774
cell 3.4106053883859873 42.455732923663376 0.0 2.23606797749979 0.4472135954999579 1 0 0 0.8837049283152305 0.4680444419832087 2.1674395145540255
cell 6.434428853704695 46.08418748958551 0.0 2.23606797749979 0.4472135954999579 1 0 0 0.902403416421954 0.4308921837652495 2.2506302157665443
cell 38.08483717188422 12.497491167723467 0.0 2.23606797749979 0.4472135954999579 1 0 0 0.9138515342843081 0.4060484863735069 2.305340922805519
cell 24.82781666568124 12.472317557259286 0.0 2.23606797749979 0.4472135954999579 1 0 0 0.872088746883457 0.4893477470666862 2.1189093026044628
cell 37.692998510056285 7.652713329652242 0.0 2.23606797749979 0.4472135954999579 1 0 0 0.8640704435711057 0.5033709055426551 2.086601542788422
cell 38.48077031894763 33.250498513041386 0.0 2.23606797749979 0.4472135954999579 1 0 0 0.9465343221358146 0.322603126176567 2.4846359161779885
cell 4.24899258531214 34.91629132127593 0.0 2.23606797749979 0.4472135954999579 1 0 0 0.8844302162087754 0.4666724682868047 2.170543289568742
cell 19.580652218864167 19.595242267022353 0.0 2.23606797749979 0.4472135954999579 1 0 0 0.912800484114095 0.4084057739565808 2.300178940663899
cell 40.58009208466246 45.89100749471704 0.0 2.23606797749979 0.4472135954999579 1 0 0 0.8409217392681974 0.5411567503285438 1.997968501944374
cell 9.055758725264155 26.86685870248555 0.0 2.23606797749979 0.4472135954999579 1 0 0 -0.8876894963141199 -0.4604425676819903 2.1846052626878105
cell 12.59509972405891 24.819182524757384 0.0 2.23606797749979 0.4472135954999579 1 0 0 0.8904977875389074 0.45498757168554727 2.196876138615957
cell 21.718160192683115 46.80529123834017 0.0 2.23606797749979 0.4472135954999579 1 0 0 0.9796227789864419 0.20084623693482734 2.7371492855901267
cell 26.254238983323507 32.866337563114115 0.0 2.23606797749979 0.4472135954999579 1 0 0 0.9485014919116252 0.31677266271163806 2.496942691647991
cell 0.6564452754514843 5.32431588636367 0.0 2.23606797749979 0.4472135954999579 1 0 0 0.9299781931785913 0.36761468987553086 2.388707040497199
cell 40.03905027966739 21.621565433378507 0.0 2.23606797749979 0.4472135954999579 1 0 0 -0.9534959756852119 -0.3014057470455825 2.529259414624411
cell 46.879318803454964 16.15508028622485 0.0 2.23606797749979 0.4472135954999579 1 0 0 0.9563914134128665 0.2920881105936006 2.5487737851219934
cell 18.749953689210354 18.908402633521487 0.0 2.23606797749979 0.4472135954999579 1 0 0 0.9029609877414972 0.4297225321261379 2.253221718009002
cell 45.904036012844536 45.65272595441748 0.0 2.23606797749979 0.4472135954999579 1 0 0 0.8759709109773983 0.48236393223522306 2.1348899418076908
cell 2.5723841148917166 31.674988428363765 0.0 2.23606797749979 0.4472135954999579 1 0 0 0.9033951120926823 0.42880913172068746 2.2552443542492977
cell 42.56897020687818 10.672534562317454 0.0 2.23606797749979 0.4472135954999579 1 0 0 0.9407231325964198 0.33917545282342987 2.449512142965391
cell 7.261976502396387 25.758178517493274 0.0 2.23606797749979 0.4472135954999579 1 0 0 -0.9076533927542323 -0.4197205244227774 2.275317877354148
cell 39.37300823097059 24.2872234004048 0.0 2.23606797749979 0.4472135954999579 1 0 0 0.9579365205836186 0.2869801779429208 2.559446816503539
cell 4.267560569303343 37.73702959623209 0.0 2.23606797749979 0.4472135954999579 1 0 0 0.9070823983411724 0.42095311213913905 2.27260103552435
cell 27.641503839966862 39.078872054502874 0.0 2.23606797749979 0.4472135954999579 1 0 0 0.9584504531543051 0.2852590556815106 2.563039247097663
cell 2.7879698346445987 33.20427153690414 0.0 2.23606797749979 0.4472135954999579 1 0 0 0.883153873061479 0.4690834003634205 2.1650874120325247
cell 34.15973576424187 21.174333890733706 0.0 2.23606797749979 0.4472135954999579 1 0 0 0.9371115983494003 0.34902987298945104 2.4285213080532766
cell 9.498241882646667 17.573677276066725 0.0 2.23606797749979 0.4472135954999579 1 0 0 -0.5111413915858254 0.8594966421154338 5.210160820219768
cell 19.38522991644736 5.530329949354255 0.0 2.23606797749979 0.4472135954999579 1 0 0 0.979648339913875 0.2007215237686005 2.73740389693994
cell 19.702330297488007 43.080923637293324 0.0 2.23606797749979 0.4472135954999579 1 0 0 0.9526908989908311 0.3039408675713781 2.5239396444280833
cell 22.746758690902485 16.40778779098682 0.0 2.23606797749979 0.4472135954999579 1 0 0 0.9059658857846228 0.42335069835124145 2.2673114139836628
cell 2.634201735182634 16.138874135049118 0.0 2.23606797749979 0.4472135954999579 1 0 0 -0.9539515294856363 -0.2999607964251579 2.532289538053991
cell 0.213407746711354 30.09805643910616 0.0 2.23606797749979 0.4472135954999579 1 0 0 0.9373870309447002 0.3482894690005421 2.4301012589560584
cell 22.17550406820647 30.078800220891434 0.0 2.23606797749979 0.4472135954999579 1 0 0 0.9072122171678466 0.4206732615955047 2.2732180258169357
cell 12.405332696853947 0.7412055909117681 0.0 2.23606797749979 0.4472135954999579 1 0 0 0.956036101946248 0.29324899279524086 2.546345704476359
cell 2.066033687850254 8.999386530629147 0.0 2.23606797749979 0.4472135954999579 1 0 0 0.9553995362327169 0.2953163154421195 2.5420194864243455
cell 20.133978931037742 43.763978921549 0.0 2.23606797749979 0.4472135954999579 1 0 0 0.9538205359127632 0.30037707181322837 2.5314167390671223
cell 3.09099557092684 17.120365887089832 0.0 2.23606797749979 0.4472135954999579 1 0 0 -0.9625618696535796 -0.27106207239118724 2.592600171121548
cell 37.68909738286313 21.397750231427157 0.0 2.23606797749979 0.4472135954999579 1 0 0 0.9521722166808618 0.30556189189925803 2.5205356750336745
cell 43.10648531152789 6.016022831500878 0.0 2.23606797749979 0.4472135954999579 1 0 0 0.8935131710710851 0.44903698413660087 2.2102181317295324
cell 44.07988630509269 16.056236392232154 0.0 2.23606797749979 0.4472135954999579 1 0 0 0.959370575871689 0.28214907079702384 2.5695257379877914
cell 27.67111512734841 1.2285904185526841 0.0 2.23606797749979 0.4472135954999579 1 0 0 -0.3484627665936225 0.9373226233789081 5.571324153757471
cell 11.803348471948857 7.963890888445121 0.0 2.23606797749979 0.4472135954999579 1 0 0 0.9719474615052587 0.23519806987618705 2.6667479542313584
cell 22.241047568806238 28.519412692676323 0.0 2.23606797749979 0.4472135954999579 1 0 0 0.8947396982468221 0.44658803430139693 2.2156959885724326
cell 3.859019230021991 40.220402075044824 0.0 2.23606797749979 0.4472135954999579 1 0 0 -0.8701947266004648 -0.4927079640078311 2.1111947995949
cell 32.60351634197426 28.530388588617605 0.0 2.23606797749979 0.4472135954999579 1 0 0 -0.9487184169337416 -0.31612238985990115 2.4983136931291394
cell 19.957329923905334 37.10653900992941 0.0 2.23606797749979 0.4472135954999579 1 0 0 0.9475862746385151 0.31950000331252065 2.4911890788289277
cell 18.165526576500323 9.798359713430822 0.0 2.23606797749979 0.4472135954999579 1 0 0 0.8800948651585221 0.47479788154708824 2.152123929222808
cell 11.480575279603327 22.967108298312144 0.0 2.23606797749979 0.4472135954999579 1 0 0 0.8715501737265996 0.49030632738843377 2.116710268816343
cell 17.15265517203397 0.18685585717853476 0.0 2.23606797749979 0.4472135954999579 1 0 0 0.9637044886358076 0.26697126920924763 2.6010949403197925
cell 5.189236592271998 19.835587654125888 0.0 2.23606797749979 0.4472135954999579 1 0 0 0.9496837500282256 0.31321043234912666 2.5044492850024698
cell 18.506773844886936 36.49134455076712 0.0 2.23606797749979 0.4472135954999579 1 0 0 -0.9368181204882923 -0.3498168222438473 2.4268415242273953
cell 42.94305267456872 21.60642669630932 0.0 2.23606797749979 0.4472135954999579 1 0 0 0.9583115404371869 0.28572537770542183 2.562066101727982
cell 47.04340602059885 3.125045842755736 0.0 2.23606797749979 0.4472135954999579 1 0 0 0.8963059314731544 0.4434362154876854 2.2227350399688452
cell 14.696983974351221 37.48799680163591 0.0 2.23606797749979 0.4472135954999579 1 0 0 0.9177828999543645 0.3970825462688545 2.3249209619784335
cell 36.29855022658528 18.560291793764407 0.0 2.23606797749979 0.4472135954999579 1 0 0 0.9392208898816453 0.34331344280399273 2.4407076610269405
cell 30.561485279364117 45.211649435948765 0.0 2.23606797749979 0.4472135954999579 1 0 0 0.3295487855411027 -0.9441385480682294 5.611534059196809
cell 2.8545732067045058 26.448853585161892 0.0 2.23606797749979 0.4472135954999579 1 0 0 0.901710059200093 0.4323412646710523 2.247417378849663
cell 46.65996855378019 11.5618865288194 0.0 2.23606797749979 0.4472135954999579 1 0 0 0.9637134409277361 0.26693895140129476 2.601162009962456
cell 29.120312521455148 14.29805929543198 0.0 2.23606797749979 0.4472135954999579 1 0 0 0.8820431524118953 0.4711686293497116 2.1603622102873583
cell 13.521061688301629 29.949312191979693 0.0 2.23606797749979 0.4472135954999579 1 0 0 0.8994755972526406 0.43697099440009224 2.2371358856198658
cell 38.30026198561095 10.95766401183933 0.0 2.23606797749979 0.4472135954999579 1 0 0 0.8992385589172541 0.43745858564716733 2.236051574956141
cell 7.207507584095433 39.47848699199349 0.0 2.23606797749979 0.4472135954999579 1 0 0 0.8869595922353999 0.46184703283837736 2.1814396456151535
cell 14.011835153233987 10.301377127721574 0.0 2.23606797749979 0.4472135954999579 1 0 0 0.9410226434823594 0.3383435893488634 2.451280423103871
cell 18.465486977142692 41.11185374665301 0.0 2.23606797749979 0.4472135954999579 1 0 0 0.9469137060510222 0.3214878431491901 2.486992004925697
cell 24.46404672820075 21.937225373563557 0.0 2.23606797749979 0.4472135954999579 1 0 0 0.8812300578362731 0.47268761901056694 2.156916370411217
cell 7.025166242821426 7.077348749716955 0.0 2.23606797749979 0.4472135954999579 1 0 0 0.9633725230412724 0.2681667053328827 2.5986135948145535
cell 0.438046608591694 25.978966209343888 0.0 2.23606797749979 0.4472135954999579 1 0 0 -0.9267484701730017 -0.37568240979849055 2.3713266273012366
cell 34.96385650041644 22.507611875609122 0.0 2.23606797749979 0.4472135954999579 1 0 0 -0.9468828012747234 -0.32157885603710434 2.486799771203664
cell 22.36698862936899 38.986881919546185 0.0 2.23606797749979 0.4472135954999579 1 0 0 0.9480673917179493 0.3180695218991038 2.4942075228987095
cell 16.325380415299506 45.99724863101037 0.0 2.23606797749979 0.4472135954999579 1 0 0 0.9542422054457257 0.2990348029010626 2.534230627020917
cell 15.8419311842488 13.943952560707446 0.0 2.23606797749979 0.4472135954999579 1 0 0 0.853198872270771 0.5215857401769001 2.0441756951411048
cell 30.263190235341717 34.87449613930829 0.0 2.23606797749979 0.4472135954999579 1 0 0 0.9620478403956398 0.27288083991018036 2.588820148672137
cell 34.526979621310566 10.076797463768912 0.0 2.23606797749979 0.4472135954999579 1 0 0 0.8749454165521148 0.48422155884930024 2.1306461618214385
cell 38.97083720041948 15.825172971421992 0.0 2.23606797749979 0.4472135954999579 1 0 0 0.9467494861754457 0.32197113290872753 2.4859711480995657
cell 29.795934747860528 34.1624201774632 0.0 2.23606797749979 0.4472135954999579 1 0 0 0.9601321864628212 0.2795463906369075 2.5749493896046127
cell 34.254606416390786 32.85739141624949 0.0 2.23606797749979 0.4472135954999579 1 0 0 0.9639338718077445 0.2661418621369641 2.6028160246022387
cell 16.01091553749397 11.42781450136561 0.0 2.23606797749979 0.4472135954999579 1 0 0 0.49081049974486374 -0.8712663504004944 5.257145778586609
cell 45.18373115084113 10.467718583442748 0.0 2.23606797749979 0.4472135954999579 1 0 0 0.954898011258957 0.2969339793517893 2.538632237092171
cell 47.07856789490718 13.543399854214359 0.0 2.23606797749979 0.4472135954999579 1 0 0 0.9599693839721084 0.280104947896696 2.5737857902354264
cell 47.06356025599295 28.92862155893751 0.0 2.23606797749979 0.4472135954999579 1 0 0 0.9071871434137468 0.4207273307319195 2.2730988257387756
cell 26.69567854912732 18.049440049189247 0.0 2.23606797749979 0.4472135954999579 1 0 0 -0.8774544252572071 -0.47966001667487806 2.141058241902753
cell 31.628494175672834 11.781042041361298 0.0 2.23606797749979 0.4472135954999579 1 0 0 0.8589556112040372 0.5120500541754672 2.0664530947606212
cell 33.02190633163838 27.1286020906013 0.0 2.23606797749979 0.4472135954999579 1 0 0 0.945752198671454 0.32488887132081123 2.4798042080673834
cell 12.920372182213965 33.43032865072767 0.0 2.23606797749979 0.4472135954999579 1 0 0 0.9016669746777228 0.432431112173399 2.247218091622235
cell 14.97978113744631 21.011424386831624 0.0 2.23606797749979 0.4472135954999579 1 0 0 0.8841104677678702 0.46727794810292284 2.1691738445840776
cell 40.592248040256486 27.066394035415435 0.0 2.23606797749979 0.4472135954999579 1 0 0 -0.9595047351223189 -0.28169249773085664 2.5704774893703544
cell 10.411199900015294 37.1188056626193 0.0 2.23606797749979 0.4472135954999579 1 0 0 0.8907986596318059 0.4543982262269274 2.198199546492399
cell 36.035261264325335 25.712808757248965 0.0 2.23606797749979 0.4472135954999579 1 0 0 0.9547230221545122 0.2974961360558399 2.5374547119644615
cell 18.83407646329296 39.84700632949887 0.0 2.23606797749979 0.4472135954999579 1 0 0 0.9463793364942101 0.32305750487611107 2.4836757483673852
cell 7.2302344366205205 31.661765025098774 0.0 2.23606797749979 0.4472135954999579 1 0 0 0.8931889299782677 0.44968159331273183 2.208775005541268
cell 40.095639907578324 17.988100284868644 0.0 2.23606797749979 0.4472135954999579 1 0 0 0.9653931037055709 0.26079907077619136 2.6138930017473867
cell 15.4648672355359 44.62175538128408 0.0 2.23606797749979 0.4472135954999579 1 0 0 0.9482595165984754 0.3174962821521314 2.4954166809336407
cell 34.18593474514267 24.117187681321752 0.0 2.23606797749979 0.4472135954999579 1 0 0 0.9469170301839631 0.3214780520464554 2.48701268492111
cell 10.705868442553585 6.437389352685742 0.0 2.23606797749979 0.4472135954999579 1 0 0 0.9608974140831692 0.2769046038047732 2.5804501589129907
cell 15.846428797739424 6.0819693386402705 0.0 2.23606797749979 0.4472135954999579 1 0 0 0.9780940609141715 0.20816341658520365 2.722198920085683
cell 14.328235075070426 26.090251347688614 0.0 2.23606797749979 0.4472135954999579 1 0 0 0.902973000199524 0.42969728985725586 2.253277627624855
cell 0.7176555474905535 37.17200749515145 0.0 2.23606797749979 0.4472135954999579 1 0 0 0.8885180077067815 0.4588417482975713 2.1882102895720363
cell 3.811625543953306 11.947739087650175 0.0 2.23606797749979 0.4472135954999579 1 0 0 0.9756591089068264 0.2192927340500307 2.6994136527106978
cell 17.57006537548395 1.0266049936199262 0.0 2.23606797749979 0.4472135954999579 1 0 0 0.9681322137135131 0.25043964696144394 2.6353239591753126
cell 19.38060449998784 28.463623139259823 0.0 2.23606797749979 0.4472135954999579 1 0 0 0.8951890593708456 0.4456866028755416 2.2177104404791024
cell 2.8008299045710863 47.29890831312829 0.0 2.23606797749979 0.4472135954999579 1 0 0 -0.8965686972645183 -0.4429046975201375 2.2239208851884866
cell 44.631697053132825 38.84239396163335 0.0 2.23606797749979 0.4472135954999579 1 0 0 0.9008561954372767 0.4341176282325739 2.2434755254350214
cell 28.551595984041672 20.003364070158984 0.0 2.23606797749979 0.4472135954999579 1 0 0 0.8770578540321783 0.48038476316435175 2.1394059389652194
cell 15.146833466637524 5.275298591892469 0.0 2.23606797749979 0.4472135954999579 1 0 0 0.962660306008208 0.27071227389275015 2.5933269412554263
cell 43.633168893731366 15.26857546233662 0.0 2.23606797749979 0.4472135954999579 1 0 0 0.9499224347389947 0.31248578844411506 2.505975167315704
cell 28.319870043792065 28.116768455197963 0.0 2.23606797749979 0.4472135954999579 1 0 0 -0.9379885709390402 -0.34666618062299825 2.4335635797210475
cell 45.749367919422 2.4119627028313326 0.0 2.23606797749979 0.4472135954999579 1 0 0 0.8972382335758647 0.441546772391852 2.2269489142267256
cell 22.32525540621368 26.988475949610233 0.0 2.23606797749979 0.4472135954999579 1 0 0 0.891436346896714 0.45314593613033904 2.201010152020644
cell 11.585405068138332 29.622482392316964 0.0 2.23606797749979 0.4472135954999579 1 0 0 0.9102908251419081 0.41396933903667815 2.28797209664947
cell 23.32893841867567 18.636435321573952 0.0 2.23606797749979 0.4472135954999579 1 0 0 0.9290297385284937 0.37000506068117334 2.383563717658193
cell 5.409480405814635 6.192042272896644 0.0 2.23606797749979 0.4472135954999579 1 0 0 0.9548257173917495 0.2971663665479843 2.5381454919330433
cell 39.93689423867582 16.104492999846027 0.0 2.23606797749979 0.4472135954999579 1 0 0 0.9517508722148529 0.3068717602489136 2.5177837400408545
cell 5.907544057829955 6.811524674730909 0.0 2.23606797749979 0.4472135954999579 1 0 0 0.9578161923318337 0.28738152638426123 2.558608820173923
cell 13.699760397784031 41.27851573165061 0.0 2.23606797749979 0.4472135954999579 1 0 0 -0.9435822571594091 -0.3311382248758889 2.466573452136828
cell 47.3653131018481 20.94308001533333 0.0 2.23606797749979 0.4472135954999579 1 0 0 -0.9694303573315584 -0.24536662830141961 2.6457969258679235
cell 23.921795405130577 16.594201064896975 0.0 2.23606797749979 0.4472135954999579 1 0 0 0.9121954477791389 0.40975537220519315 2.2972209110507733
cell 38.64471911241284 13.065279905420637 0.0 2.23606797749979 0.4472135954999579 1 0 0 -0.9162514986742907 -0.400603533655304 2.3172417536421364
cell 45.716462806870744 11.131506519999151 0.0 2.23606797749979 0.4472135954999579 1 0 0 0.9576358365364908 0.2879819518321515 2.557354963811717
cell 15.931595609359766 41.28492010855101 0.0 2.23606797749979 0.4472135954999579 1 0 0 0.9485202752300971 0.31671641491627933 2.4970612939673034
cell 45.28175592969585 4.204458437190918 0.0 2.23606797749979 0.4472135954999579 1 0 0 0.9052671951872017 0.42484268302266537 2.264016455759594
cell 23.221965018106655 40.36460981700118 0.0 2.23606797749979 0.4472135954999579 1 0 0 0.9559004689578211 0.29369081266906816 2.545421364469088
cell 18.19816448623567 1.7385868826910427 0.0 2.23606797749979 0.4472135954999579 1 0 0 0.9724956628754673 0.2329209859338685 2.6714322422371706
cell 46.48919919418695 18.913259953295523 0.0 2.23606797749979 0.4472135954999579 1 0 0 -0.9559289010313345 -0.29359825642027415 2.545615014070197
cell 11.138469570965984 17.791956990934864 0.0 2.23606797749979 0.4472135954999579 1 0 0 0.4867332739509809 -0.8735506396477306 5.266492818180966
cell 17.390277247848445 36.39397057183387 0.0 2.23606797749979 0.4472135954999579 1 0 0 -0.9244468499633415 -0.38131092508982123 2.3591647600235017
cell 46.247173278226576 40.89610567886982 0.0 2.23606797749979 0.4472135954999579 1 0 0 0.8808779121228152 0.47334353690966346 2.1554274312996884
cell 45.16652372676593 27.24729103626127 0.0 2.23606797749979 0.4472135954999579 1 0 0 -0.9151041467011651 -0.4032175599974938 2.3115322682704065
cell 37.995769336941215 2.081085187018986 0.0 2.23606797749979 0.4472135954999579 1 0 0 0.8623342340458136 0.5063394797886297 2.07972349997791
cell 40.83084609727992 32.70050160552855 0.0 2.23606797749979 0.4472135954999579 1 0 0 -0.9461968453063886 -0.3235916097988915 2.482546906286972
cell 38.322237718003215 19.924898618492733 0.0 2.23606797749979 0.4472135954999579 1 0 0 0.953805923144493 0.3004234694135623 2.5313194504179646
cell 42.08914966995228 4.80770988297699 0.0 2.23606797749979 0.4472135954999579 1 0 0 0.8856999776990178 0.4642580634775872 2.175999166927965
cell 3.4795317516328748 18.13780785173925 0.0 2.23606797749979 0.4472135954999579 1 0 0 0.9618899292111734 0.2734369471781817 2.5876639631420244
cell 3.0532797845132875 0.7715849816092037 0.0 2.23606797749979 0.4472135954999579 1 0 0 0.9080885853426441 0.4187781288109437 2.277393933398635
cell 9.131134970595406 33.14293442180075 0.0 2.23606797749979 0.4472135954999579 1 0 0 0.8911750035642995 0.4536596885575915 2.1998573434448536
cell 33.63303420139634 42.136754099735136 0.0 2.23606797749979 0.4472135954999579 1 0 0 0.26970219135611384 -0.9629437823558082 5.737017809011042
cell 19.799605229271414 30.683167180353944 0.0 2.23606797749979 0.4472135954999579 1 0 0 0.90049624297117 0.43486379062277364 2.241818631799741
cell 25.21510704543629 28.689788413148225 0.0 2.23606797749979 0.4472135954999579 1 0 0 0.9138659104130895 0.4060161299565018 2.305411735538845
cell 13.639455365802647 9.346357572117144 0.0 2.23606797749979 0.4472135954999579 1 0 0 0.9510407563772328 0.30906549420700596 2.5131721305442185
cell 43.705526064567735 43.82659866561495 0.0 2.23606797749979 0.4472135954999579 1 0 0 0.8509877157985603 0.5251855934428789 2.0357262731424988
cell 19.83359754205431 9.373470967100507 0.0 2.23606797749979 0.4472135954999579 1 0 0 0.4524832508098924 -0.8917729014365215 5.344089305953702
cell 6.7416686345850625 8.18202323751716 0.0 2.23606797749979 0.4472135954999579 1 0 0 0.9730024713021084 0.23079469413309675 2.675803957463835
cell 31.419653778391716 6.188868760420058 0.0 2.23606797749979 0.4472135954999579 1 0 0 0.9551532955064278 0.29611177295610946 2.540354088943968
cell 42.521249799600724 1.446012160331082 0.0 2.23606797749979 0.4472135954999579 1 0 0 0.8666969109930451 0.4988351075005784 2.0970842634064435
cell 4.628513335902545 4.945749170866035 0.0 2.23606797749979 0.4472135954999579 1 0 0 0.9534206745284626 0.3016438585181065 2.52875994555478
cell 44.338783483411916 24.558575146325158 0.0 2.23606797749979 0.4472135954999579 1 0 0 -0.9606565937548356 -0.27773892214696316 2.578713401504439
cell 31.19874238659836 10.323065645877715 0.0 2.23606797749979 0.4472135954999579 1 0 0 0.8546918057786778 0.5191357405677083 2.049913762477878
cell 29.635384445565176 30.002645710104247 0.0 2.23606797749979 0.4472135954999579 1 0 0 0.9447869489692663 0.32768524693270057 2.473887644898572
cell 46.03029941575035 7.8609203928657925 0.0 2.23606797749979 0.4472135954999579 1 0 0 0.9434816927238067 0.3314246452740357 2.4659663282585615
cell 6.095623460373327 13.317819747507647 0.0 2.23606797749979 0.4472135954999579 1 0 0 0.9492141545117901 0.3146307182626443 2.5014574745522706
cell 9.802584654237913 11.310701988737307 0.0 2.23606797749979 0.4472135954999579 1 0 0 0.9481371859380793 0.31786141106057536 2.494646527930435
cell 27.84292127723093 2.9478630954305793 0.0 2.23606797749979 0.4472135954999579 1 0 0 0.4653561551534989 -0.8851235218096696 5.3151114117464315
cell 14.205070387723138 35.75648117327138 0.0 2.23606797749979 0.4472135954999579 1 0 0 0.9011377555881058 0.43353286548268904 2.2447735602681034
cell 27.934506987091265 26.33956913746332 0.0 2.23606797749979 0.4472135954999579 1 0 0 0.9197178354871423 0.392580059461565 2.3347222702648716
cell 31.29898993079134 18.43284293617096 0.0 2.23606797749979 0.4472135954999579 1 0 0 0.8921911183959786 0.4516580656374164 2.2043468805175044
cell 9.230439701419014 24.808328691739938 0.0 2.23606797749979 0.4472135954999579 1 0 0 0.8739693452533372 0.48598105267330444 2.1266219674608777
cell 17.116848299721447 33.09520414646019 0.0 2.23606797749979 0.4472135954999579 1 0 0 0.90752537888166 0.41999724604537525 2.274708082606042
cell 29.202638602136684 31.414458900762188 0.0 2.23606797749979 0.4472135954999579 1 0 0 0.9455945049319019 0.3253475560728733 2.4788341379217127
cell 10.865990695081429 37.9394592329888 0.0 2.23606797749979 0.4472135954999579 1 0 0 0.8997774510357163 0.4363491017610431 2.2385184429313583
cell 26.424513161655558 23.682545576141685 0.0 2.23606797749979 0.4472135954999579 1 0 0 0.8844016877553006 0.4667265309531651 2.170421033369671
cell 3.032431429175474 44.40982403655251 0.0 2.23606797749979 0.4472135954999579 1 0 0 0.883596382013291 0.468249328555869 2.166975787015218
cell 19.779659044510726 31.991578225940543 0.0 2.23606797749979 0.4472135954999579 1 0 0 0.9050493947409172 0.4253064695946905 2.262991692324383
cell 0.5061380965825238 0.7239771408692163 0.0 2.23606797749979 0.4472135954999579 1 0 0 0.8884134814089227 0.459044100333375 2.1877547806541777
cell 23.98850729070604 11.789332445648236 0.0 2.23606797749979 0.4472135954999579 1 0 0 0.8668745912591466 0.4985262711525718 2.0977968647484433
cell 18.046355543696414 17.972445845220562 0.0 2.23606797749979 0.4472135954999579 1 0 0 0.887034018477285 0.46170407195956104 2.18176199374007
cell 30.195811587509617 28.50294598141786 0.0 2.23606797749979 0.4472135954999579 1 0 0 -0.9441633427609601 -0.32947774156450954 2.470091898442732
cell 22.8882133826588 20.352559624633585 0.0 2.23606797749979 0.4472135954999579 1 0 0 0.9287133173694397 0.3707985627542943 2.381855188543048
cell 14.379860349587275 19.99413520028371 0.0 2.23606797749979 0.4472135954999579 1 0 0 0.8849822579647016 0.4656247449263175 2.1729118118965305
cell 32.75267253959747 30.568839305244776 0.0 2.23606797749979 0.4472135954999579 1 0 0 0.9529028179179982 0.3032758144065207 2.5253356463816052
cell 13.27016843029406 2.117499387080215 0.0 2.23606797749979 0.4472135954999579 1 0 0 0.9573039272334686 0.2890833632421242 2.5550542934525637
cell 5.821384467296388 38.7057882057749 0.0 2.23606797749979 0.4472135954999579 1 0 0 0.8908015350693347 0.4543925891980599 2.1982122025953434
cell 0.9754713623272373 46.17380733880137 0.0 2.23606797749979 0.4472135954999579 1 0 0 0.8878528347907315 0.4601275298806431 2.1853149901722464
cell 40.8086140158045 5.180066013582811 0.0 2.23606797749979 0.4472135954999579 1 0 0 0.875377808425627 0.4834394403810536 2.132433530931397
cell 12.678938904457507 32.39858363597537 0.0 2.23606797749979 0.4472135954999579 1 0 0 0.8939375854423558 0.448191469501028 2.2121102444368144
cell 7.177591381102794 34.32881560995155 0.0 2.23606797749979 0.4472135954999579 1 0 0 0.9083935856603811 0.41811612445716057 2.278851705646647
cell 9.354096701008507 4.1309246321473365 0.0 2.23606797749979 0.4472135954999579 1 0 0 0.9601470594289795 0.27949530276890827 2.575055807185486
cell 11.913624517104749 40.52310150060519 0.0 2.23606797749979 0.4472135954999579 1 0 0 0.8963200823145893 0.44340761161663417 2.2227988655985724
cell 30.719814706342806 46.80583750428989 0.0 2.23606797749979 0.4472135954999579 1 0 0 0.4398310300063557 -0.8980805448530483 5.37236426913012
cell 5.61712090713532 44.59151919827631 0.0 2.23606797749979 0.4472135954999579 1 0 0 0.9008102982722789 0.43421285854590713 2.2432640982622853
cell 5.434947999251046 35.03519890103913 0.0 2.23606797749979 0.4472135954999579 1 0 0 0.9016689654965737 0.4324269610701193 2.247227299231726
cell 9.110208105728763 46.938344351293026 0.0 2.23606797749979 0.4472135954999579 1 0 0 -0.9487737694883024 -0.3159562221747779 2.498663982180947
cell 15.46742721505388 28.886318277593915 0.0 2.23606797749979 0.4472135954999579 1 0 0 0.9095890915358477 0.4155089464247325 2.2845881216813564
cell 22.981210751180765 5.579316762529839 0.0 2.23606797749979 0.4472135954999579 1 0 0 0.39406415453973337 -0.9190829353800913 5.473086526783203
cell 9.871122833321746 4.796307203977425 0.0 2.23606797749979 0.4472135954999579 1 0 0 0.9633499058773853 0.2682479428551744 2.598444940480075
cell 0.1101743214918885 14.435652708664296 0.0 2.23606797749979 0.4472135954999579 1 0 0 0.9461904624974927 0.3236102728264059 2.4825074576446418
cell 0.6228017103890043 21.95600456945 0.0 2.23606797749979 0.4472135954999579 1 0 0 -0.962274922154682 -0.2720789852087084 2.590486926555073
cell 26.286692157140383 36.90167493451059 0.0 2.23606797749979 0.4472135954999579 1 0 0 0.9559640500304021 0.29348379009660996 2.5458544967744223
cell 34.72938631527251 33.656727315724915 0.0 2.23606797749979 0.4472135954999579 1 0 0 0.9589848572068738 0.2834573048060537 2.566797914387081
cell 35.17671436085242 34.55082546861114 0.0 2.23606797749979 0.4472135954999579 1 0 0 -0.9513018714757451 -0.30826084624347766 2.514864040095654
cell 45.147600929141376 45.210683293227326 0.0 2.23606797749979 0.4472135954999579 1 0 0 0.8794672994748561 0.47595931459989704 2.1494836522096334
cell 8.447228283785968 0.9674666806449469 0.0 2.23606797749979 0.4472135954999579 1 0 0 0.9497976473533843 0.31286487351886616 2.5051769758909925
cell 1.5302887539275982 8.380154987031608 0.0 2.23606797749979 0.4472135954999579 1 0 0 0.9530941988908046 0.30267383111312335 2.5265989920596352
cell 45.20692585338864 25.53013187014992 0.0 2.23606797749979 0.4472135954999579 1 0 0 0.9299921484375864 0.3675793844116428 2.3887829674366645
cell 45.314788641121744 9.358986977019608 0.0 2.23606797749979 0.4472135954999579 1 0 0 0.9480799976329322 0.31803194507523835 2.494286792736216
cell 9.319568368860246 42.9104225208852 0.0 2.23606797749979 0.4472135954999579 1 0 0 0.9139439072069968 0.40584052838425144 2.305796024035421
cell 33.38029006888489 14.64798711796357 0.0 2.23606797749979 0.4472135954999579 1 0 0 0.8726994128066299 0.48825785696388285 2.1214079210298444
cell 23.68955590225241 41.07379328479212 0.0 2.23606797749979 0.4472135954999579 1 0 0 0.9584997927905623 0.2850932254902756 2.563385276299354
cell 7.248501488873469 0.07999180683464735 0.0 2.23606797749979 0.4472135954999579 1 0 0 0.928853501667495 0.37044725999800937 2.382611667929946
cell 28.758621842452104 9.71267755538905 0.0 2.23606797749979 0.4472135954999579 1 0 0 0.9071378633048685 0.4208335739442348 2.272864593808332
cell 36.33928361743311 20.409519303443957 0.0 2.23606797749979 0.4472135954999579 1 0 0 0.9467273682402826 0.32203616291470794 2.4858337711766776
cell 2.237467638887704 41.233295869876244 0.0 2.23606797749979 0.4472135954999579 1 0 0 0.8816022997107297 0.4719929926860703 2.1584925300172553
cell 35.80746154007509 26.944079408075893 0.0 2.23606797749979 0.4472135954999579 1 0 0 -0.952993276245695 -0.3029914444839927 2.5259324678374835
cell 43.884996730488545 23.45855805226838 0.0 2.23606797749979 0.4472135954999579 1 0 0 -0.9699069418949917 -0.24347592091191536 2.6496966225142646
cell 33.44692054136727 7.678662888469687 0.0 2.23606797749979 0.4472135954999579 1 0 0 0.8349012497015907 0.5503997667575107 1.9759066904887537
cell 32.961289160940225 13.645721844911114 0.0 2.23606797749979 0.4472135954999579 1 0 0 0.8613919526254746 0.5079408469025425 2.076007441904188
cell 41.77955394951806 10.299029436237973 0.0 2.23606797749979 0.4472135954999579 1 0 0 0.9241821099691377 0.3819521273837764 2.3577773485263562
cell 21.965834895928623 38.272849670103035 0.0 2.23606797749979 0.4472135954999579 1 0 0 0.9477573574967673 0.3189921492932779 2.4922608718240937
cell 8.50108558531206 31.805005967696488 0.0 2.23606797749979 0.4472135954999579 1 0 0 -0.9243515752494114 -0.38154182645410156 2.3586651893619717
cell 39.20114895419261 13.584478606050292 0.0 2.23606797749979 0.4472135954999579 1 0 0 0.9338275607031437 0.35772347822195916 2.4099348294448997
cell 46.38127676099389 0.29106245419354076 0.0 2.23606797749979 0.4472135954999579 1 0 0 0.8866232827261091 0.46249232915582283 2.1799842948715686
cell 6.374595858784401 36.596327086563356 0.0 2.23606797749979 0.4472135954999579 1 0 0 0.9061549404232113 0.422945887728686 2.2682049760684135
cell 22.046316502989157 12.048131393795774 0.0 2.23606797749979 0.4472135954999579 1 0 0 0.9106449586996072 0.413189737523805 2.289684625937231
cell 26.283669808560774 15.295525136529905 0.0 2.23606797749979 0.4472135954999579 1 0 0 0.8983730535132888 0.4392332600352682 2.2321026155718755
cell 21.633688181109772 24.658561542344703 0.0 2.23606797749979 0.4472135954999579 1 0 0 0.8967912097089128 0.4424539820013205 2.2249261836956626
cell 26.91547691457594 13.168225319439182 0.0 2.23606797749979 0.4472135954999579 1 0 0 0.9117400105406087 0.4107677606378215 2.29500068264512
cell 0.22507131611181633 3.5854610205235824 0.0 2.23606797749979 0.4472135954999579 1 0 0 0.9047630548983392 0.42591526679731134 2.2616461447682723
cell 44.90522903521308 7.775328780127666 0.0 2.23606797749979 0.4472135954999579 1 0 0 -0.9253724166778283 -0.37905921760568717 2.364033790014939
cell 37.037350816874955 38.410607715524044 0.0 2.23606797749979 0.4472135954999579 1 0 0 0.9721197259363978 0.23448504951348745 2.668215023549403
cell 41.154410427722006 18.616837759317203 0.0 2.23606797749979 0.4472135954999579 1 0 0 0.9486075913528943 0.31645479555168754 2.4976129054164664
cell 25.11624710050648 4.867408150494105 0.0 2.23606797749979 0.4472135954999579 1 0 0 0.4179413256475207 -0.9084740218168008 5.4208291947817075
cell 44.15226929239053 33.010906853609605 0.0 2.23606797749979 0.4472135954999579 1 0 0 0.9083120280044783 0.4182932700658616 2.278461668632819
cell 14.642522340166634 4.474042649439883 0.0 2.23606797749979 0.4472135954999579 1 0 0 0.9553587542682097 0.295448219901719 2.541743356345422
cell 28.02488544945216 39.9160054432934 0.0 2.23606797749979 0.4472135954999579 1 0 0 0.956541571570512 0.2915959908116281 2.549802822260208
cell 2.67720142388826 13.604538030375618 0.0 2.23606797749979 0.4472135954999579 1 0 0 0.9592458504166408 0.28257281974467313 2.568642291072706
cell 2.1493415425299043 5.100563637072999 0.0 2.23606797749979 0.4472135954999579 1 0 0 0.9464531533836041 0.3228411814657974 2.484132890582618
cell 26.95382815941762 19.408334528123177 0.0 2.23606797749979 0.4472135954999579 1 0 0 0.8781850254123805 0.47832108582149774 2.1441088240556727
cell 11.465040655473672 28.466344077362642 0.0 2.23606797749979 0.4472135954999579 1 0 0 0.9139970248380492 0.4057208875411697 2.3060578286502498
cell 25.049312514015476 43.60922828928405 0.0 2.23606797749979 0.4472135954999579 1 0 0 0.9746079883355027 0.22391799631254466 2.6899272524171685
cell 29.535460700912775 26.048036939427227 0.0 2.23606797749979 0.4472135954999579 1 0 0 0.934574090872318 0.3557685605420751 2.4141200472536113
cell 43.382452175860145 22.503070696536714 0.0 2.23606797749979 0.4472135954999579 1 0 0 0.9629598526714302 0.26964480737262014 2.5955443389202215
cell 34.94227539647544 35.964424767704074 0.0 2.23606797749979 0.4472135954999579 1 0 0 0.9505407255102423 0.31059995033235627 2.509944383940849
cell 36.66751296587603 11.831286044995393 0.0 2.23606797749979 0.4472135954999579 1 0 0 0.8846923464966282 0.46617534474732786 2.1716672897638043
cell 26.99801751130194 24.60210074384822 0.0 2.23606797749979 0.4472135954999579 1 0 0 0.9064791411460703 0.42225059700026807 2.2697392972011503
cell 35.75305573935612 11.6377671872699 0.0 2.23606797749979 0.4472135954999579 1 0 0 0.8705276480377457 0.49211951190932346 2.112547001610949
cell 40.61562881714074 20.109842541204436 0.0 2.23606797749979 0.4472135954999579 1 0 0 0.9508534554439969 0.30964125414778154 2.5119612116201093
cell 31.614098547022795 37.27209387651739 0.0 2.23606797749979 0.4472135954999579 1 0 0 0.9548795866758614 0.2969932237438023 2.5385081506183154
cell 21.84961903225256 33.70033667547993 0.0 2.23606797749979 0.4472135954999579 1 0 0 -0.937513438327848 -0.34794906660989394 2.4308274892653188
cell 29.981440132469906 40.70531744230969 0.0 2.23606797749979 0.4472135954999579 1 0 0 0.9557242639671442 0.29426371041034016 2.5442225983844
cell 11.991798033466662 0.07076731045401366 0.0 2.23606797749979 0.4472135954999579 1 0 0 0.9532719322019484 0.30211359333198495 2.527774501330122
cell 20.101022364798304 21.719876132232347 0.0 2.23606797749979 0.4472135954999579 1 0 0 0.9354019944644502 0.3535860697933798 2.4187885342462145
cell 35.27503749656228 10.66838112354955 0.0 2.23606797749979 0.4472135954999579 1 0 0 0.8677399062325315 0.49701856618395795 2.101273613250455
cell 24.37027390030853 26.896371643544562 0.0 2.23606797749979 0.4472135954999579 1 0 0 0.9016528566548714 0.432460548589244 2.247152797789536
cell 7.817419940773964 39.93607041375213 0.0 2.23606797749979 0.4472135954999579 1 0 0 0.8874740492554698 0.46085769159047346 2.1836698583934804
cell 30.72544239578178 35.59296695192403 0.0 2.23606797749979 0.4472135954999579 1 0 0 0.9598309087093713 0.2805790916767368 2.572797887957866
cell 25.73495775961405 13.07693081746838 0.0 2.23606797749979 0.4472135954999579 1 0 0 0.8923254936114438 0.45139252702176325 2.2049420862150173
cell 11.951675648311335 45.586411339562424 0.0 2.23606797749979 0.4472135954999579 1 0 0 0.9485026936850672 0.3167690642600244 2.496950279299386
cell 26.415670694921932 28.75644069181601 0.0 2.23606797749979 0.4472135954999579 1 0 0 0.9294428358354316 0.3689661433169593 2.3857997845667382
cell 22.082835464867635 25.72324731072902 0.0 2.23606797749979 0.4472135954999579 1 0 0 0.8866180278896837 0.46250240282728056 2.1799615711251787
cell 32.89821908732535 23.188671737957463 0.0 2.23606797749979 0.4472135954999579 1 0 0 -0.939922615895792 -0.3413875746532252 2.4448071190418705
cell 10.181489680969303 28.580736989706747 0.0 2.23606797749979 0.4472135954999579 1 0 0 0.8908605833661748 0.45427681099135875 2.198472135621567
cell 10.245743019291048 44.15377990809583 0.0 2.23606797749979 0.4472135954999579 1 0 0 -0.9369423502078877 -0.34948395154415873 2.4275521181403157
cell 32.812431862293614 17.857974960931163 0.0 2.23606797749979 0.4472135954999579 1 0 0 0.9102654825161114 0.41402506124594785 2.287849667677583
cell 38.923422557015684 2.6592203742162233 0.0 2.23606797749979 0.4472135954999579 1 0 0 0.8593784027827408 0.511340161566237 2.068105608330311
cell 37.16269924216427 6.686641832080581 0.0 2.23606797749979 0.4472135954999579 1 0 0 0.8666826714923527 0.4988598469859833 2.0970271738095585
cell 18.6922258621653 2.578144449773832 0.0 2.23606797749979 0.4472135954999579 1 0 0 0.9736822285308186 0.2279098897442995 2.6817315784644546
cell 16.488201987450708 39.902263134180096 0.0 2.23606797749979 0.4472135954999579 1 0 0 0.9479768965439311 0.31833913303101286 2.4936387363323598
cell 44.299615913431836 44.81405538257825 0.0 2.23606797749979 0.4472135954999579 1 0 0 0.8685593555595964 0.4955851550136451 2.1045758339590908
cell 30.037686726288854 9.934287281615067 0.0 2.23606797749979 0.4472135954999579 1 0 0 0.8973216328163718 0.44137726185176374 2.2273267462350272
cell 13.786853756960376 35.01516630809731 0.0 2.23606797749979 0.4472135954999579 1 0 0 0.9053322301204719 0.4247040770996823 2.2643226657821423
cell 4.102570987887676 19.117562195894102 0.0 2.23606797749979 0.4472135954999579 1 0 0 -0.9667414131664845 -0.2557558211827609 2.6243337616344693
cell 43.573469517656264 14.09705041504162 0.0 2.23606797749979 0.4472135954999579 1 0 0 0.9562546505197126 0.29253554204476145 2.5478380522617714
cell 31.568000014671338 25.27831599893824 0.0 2.23606797749979 0.4472135954999579 1 0 0 0.9408936819196423 0.33870205095880207 2.450518515465864
cell 19.330876017621282 38.511394040571766 0.0 2.23606797749979 0.4472135954999579 1 0 0 0.9487376329158929 0.31606471471701564 2.498435277274126
cell 25.783796839552444 34.23901710990948 0.0 2.23606797749979 0.4472135954999579 1 0 0 0.9487812377161013 0.3159337952133372 2.498711257672523
