500
 Lattice="47.37082174254673 0.0 0.0 0.0 47.37082174254673 0.0 0.0 0.0 1.0"Properties=species:S:1:pos:R:3:aspherical_shape:R:3:orientation:R:4:Color:R:1
cell 5.895065418092498 37.8041174871803 0.0 2.23606797749979 0.4472135954999579 1 0 0 0.9571701741221549 -0.28952591899683827 3.729055666082503
cell 10.186838286805616 12.064583463551086 0.0 2.23606797749979 0.4472135954999579 1 0 0 0.9927477054949837 0.12021644327813534 2.90057684564141
cell 7.321382670426746 33.73558831385082 0.0 2.23606797749979 0.4472135954999579 1 0 0 0.9857073259987162 -0.16846681415774595 3.480140743179561
cell 41.295711732092755 41.4682364909323 0.0 2.23606797749979 0.4472135954999579 1 0 0 0.9978763252471918 -0.06513708245815658 3.2719591169005664
cell 14.706392024247496 9.67972911974547 0.0 2.23606797749979 0.4472135954999579 1 0 0 0.9861379426490307 0.16592756873990855 2.8081955645467733
cell 36.70083439032214 46.79321010295621 0.0 2.23606797749979 0.4472135954999579 1 0 0 -0.07543391581507737 0.9971508032112314 6.132174028004863
cell 40.542227558200544 12.271505878921287 0.0 2.23606797749979 0.4472135954999579 1 0 0 0.9894937053111013 0.1445759563333665 2.851423827638907
cell 23.359087937935424 22.830899762337584 0.0 2.23606797749979 0.4472135954999579 1 0 0 0.999490760927744 -0.031909541207594136 3.2054225712688833
cell 42.40919375911747 19.328682587611397 0.0 2.23606797749979 0.4472135954999579 1 0 0 0.9986693341382341 0.051570932237997705 3.0384050156298605
cell 8.553818123971283 27.270494826119968 0.0 2.23606797749979 0.4472135954999579 1 0 0 0.9980494793895367 -0.06242785187938828 3.2665295986117124
cell 34.17508103487577 35.78187544362852 0.0 2.23606797749979 0.4472135954999579 1 0 0 0.9914985161788455 -0.13011799420198414 3.4025686229960175
cell 25.8603322534961 28.789584529531815 0.0 2.23606797749979 0.4472135954999579 1 0 0 0.9955622903304251 -0.09410486741948246 3.3300812902858588
cell 25.534928654722076 34.690010591094854 0.0 2.23606797749979 0.4472135954999579 1 0 0 0.9921673827989808 -0.12491550948469446 3.3920779999695467
cell 20.59533717561741 36.401311240894096 0.0 2.23606797749979 0.4472135954999579 1 0 0 -0.9860405640187954 0.16650527351857605 3.4761614515023513
cell 28.600566456676976 26.854744162028013 0.0 2.23606797749979 0.4472135954999579 1 0 0 0.9924870720449548 -0.12234954770506026 3.3869063987497476
cell 28.122049777368225 1.375218519826619 0.0 2.23606797749979 0.4472135954999579 1 0 0 0.014496831363850693 -0.9998949154188195 6.254190628813559
cell 36.55202426324255 45.67526258088384 0.0 2.23606797749979 0.4472135954999579 1 0 0 0.033928836802345125 -0.9994242512733218 6.215314607585244
cell 25.699504132279475 33.83113027621531 0.0 2.23606797749979 0.4472135954999579 1 0 0 0.9933595300485968 -0.11505148439559974 3.372206309737091
cell 35.9994972950767 44.57334446830111 0.0 2.23606797749979 0.4472135954999579 1 0 0 -0.02167052483739707 -0.9997651666032737 0.04334444263547965
cell 30.064025574226616 33.50305089056573 0.0 2.23606797749979 0.4472135954999579 1 0 0 0.9922607831161347 -0.12417140689287115 3.3905781168904214
cell 29.422841599418945 44.83652672835132 0.0 2.23606797749979 0.4472135954999579 1 0 0 -0.10538777343532266 0.9944312028543478 6.072017631273674
cell 1.9561224744675396 11.226148259478883 0.0 2.23606797749979 0.4472135954999579 1 0 0 0.997740708763269 0.06718242386643672 3.0071265245470817
cell 6.147943387899848 12.213817011727812 0.0 2.23606797749979 0.4472135954999579 1 0 0 0.9954073628401986 0.09572973416614736 2.9498395444627583
cell 30.509672880455028 22.50087745164773 0.0 2.23606797749979 0.4472135954999579 1 0 0 0.9997527693756255 -0.022235110203624408 3.18606653915962
cell 11.283822654731017 23.316195422241844 0.0 2.23606797749979 0.4472135954999579 1 0 0 0.9986739403706313 -0.051481655223942165 3.2446015000217288
cell 44.650967512502625 26.03417310758062 0.0 2.23606797749979 0.4472135954999579 1 0 0 0.9949161238529565 -0.10070703300866596 3.343348736605747
cell 44.193974850080956 20.710235390208627 0.0 2.23606797749979 0.4472135954999579 1 0 0 0.9999822284412089 0.0059617784053024375 3.1296690261452893
cell 29.09340495164031 16.790987399226594 0.0 2.23606797749979 0.4472135954999579 1 0 0 0.9924982095993677 0.12225916710843998 2.896461036926999
cell 41.131419875103404 14.80219728181178 0.0 2.23606797749979 0.4472135954999579 1 0 0 0.9963777131449033 0.08503794887068274 2.9713111032816046
cell 25.187519068489628 5.538199177598443 0.0 2.23606797749979 0.4472135954999579 1 0 0 0.04523987057980588 -0.9989761529235432 6.192674674228728
cell 0.8657793870525685 23.90739055777682 0.0 2.23606797749979 0.4472135954999579 1 0 0 0.9999647429237688 -0.00839719652032355 3.158387244006956
cell 9.240153403705607 32.053452484269606 0.0 2.23606797749979 0.4472135954999579 1 0 0 -0.9919060993785764 0.12697357999039663 3.3962271805035154
cell 12.128385239878181 6.99059564955796 0.0 2.23606797749979 0.4472135954999579 1 0 0 0.9952684730015754 -0.09716309304006508 3.3362259074403458
cell 40.164359759797655 11.253312047336403 0.0 2.23606797749979 0.4472135954999579 1 0 0 0.9787634759141206 0.204992824792744 2.728679900858815
cell 36.215151806041796 13.330809211398355 0.0 2.23606797749979 0.4472135954999579 1 0 0 0.9903105971827417 0.13887015916877676 2.862951798075518
cell 14.994426532802008 14.10868327047226 0.0 2.23606797749979 0.4472135954999579 1 0 0 0.9940557155394628 0.10887256037830015 2.9234150580444487
cell 12.983071259902035 27.903346863226016 0.0 2.23606797749979 0.4472135954999579 1 0 0 0.9972288897863233 -0.0743944982880931 3.290519239590946
cell 34.84747567539222 20.085250705803805 0.0 2.23606797749979 0.4472135954999579 1 0 0 0.9995237163248019 0.030860014650953744 3.079862823673248
cell 1.8231266147877898 19.33106064526351 0.0 2.23606797749979 0.4472135954999579 1 0 0 0.9989006641506946 0.04687710698519482 3.0478040687153816
cell 33.54853217897456 24.628304988915005 0.0 2.23606797749979 0.4472135954999579 1 0 0 0.9977481400342625 -0.0670719692432666 3.275837373982441
cell 15.350796370388023 17.077114473023972 0.0 2.23606797749979 0.4472135954999579 1 0 0 0.9989950087883673 0.04482156195325826 3.0519194874221434
cell 13.639553462251886 21.465784899277082 0.0 2.23606797749979 0.4472135954999579 1 0 0 0.9998980565180193 0.014278535341123813 3.1130346124655666
cell 23.838216548282915 13.396127039910807 0.0 2.23606797749979 0.4472135954999579 1 0 0 0.9936813343320668 0.11223816552333338 2.916642327357556
cell 10.710213411174836 15.295035682213708 0.0 2.23606797749979 0.4472135954999579 1 0 0 0.9960102887285053 0.08923847122715393 2.962877974535697
cell 17.3691934642352 31.309143028022365 0.0 2.23606797749979 0.4472135954999579 1 0 0 0.9903686981031654 -0.13845519787079563 3.41939549096979
cell 16.767414541114405 18.840925198087362 0.0 2.23606797749979 0.4472135954999579 1 0 0 0.9990772797666712 0.04294867930482422 3.0556688654814814
cell 45.4112272710866 13.606064664004416 0.0 2.23606797749979 0.4472135954999579 1 0 0 0.993916050774042 0.11014029241713463 2.92086425347374
cell 19.68591400517139 26.074000436893265 0.0 2.23606797749979 0.4472135954999579 1 0 0 0.998369967691042 -0.05707370333689233 3.255802122050838
cell 7.764384544712735 42.18010862571708 0.0 2.23606797749979 0.4472135954999579 1 0 0 -0.004232588275858758 0.9999910425581257 6.274720105352336
cell 38.07620505630626 32.685076023559645 0.0 2.23606797749979 0.4472135954999579 1 0 0 0.9933697316937377 -0.11496336875157924 3.3720289012785565
cell 41.031579942265424 45.61472059234509 0.0 2.23606797749979 0.4472135954999579 1 0 0 0.0603222402200226 -0.9981789555660037 6.162467540367134
cell 28.731681025138336 26.153420646868724 0.0 2.23606797749979 0.4472135954999579 1 0 0 0.9936909112104892 -0.11215334581575123 3.366372262518876
cell 30.03259889382879 34.3710494973966 0.0 2.23606797749979 0.4472135954999579 1 0 0 0.9932007133711676 -0.11641453070387711 3.3749508448678913
cell 16.98028230556756 32.781742504356664 0.0 2.23606797749979 0.4472135954999579 1 0 0 0.984945770496059 -0.17286361439564027 3.4890652828664486
cell 15.740890643434241 20.335955975276296 0.0 2.23606797749979 0.4472135954999579 1 0 0 0.9998457195714896 0.017565222872775562 3.1064604010860015
cell 8.746146659484722 29.105661489134935 0.0 2.23606797749979 0.4472135954999579 1 0 0 0.9950672564814861 -0.09920259612736106 3.3403247181952307
cell 45.43660127511996 17.75512227709179 0.0 2.23606797749979 0.4472135954999579 1 0 0 0.9978396951504829 0.06569583534738956 3.0101062857055787
cell 0.3853017196705706 26.063728368135507 0.0 2.23606797749979 0.4472135954999579 1 0 0 0.9993095806896571 -0.03715322249632812 3.215916204174724
cell 8.589866537236434 29.78637824062838 0.0 2.23606797749979 0.4472135954999579 1 0 0 0.9934355170744976 -0.11439350250309467 3.3708815996329413
cell 4.50078021071889 29.98468339476257 0.0 2.23606797749979 0.4472135954999579 1 0 0 -0.9951446495943325 0.09842320043451808 3.338758260572059
cell 11.003636142078467 16.767179105621125 0.0 2.23606797749979 0.4472135954999579 1 0 0 0.9979006196087487 0.06476382774725074 3.011974279302728
cell 43.62776243556947 27.11646849558504 0.0 2.23606797749979 0.4472135954999579 1 0 0 0.9950204063376935 -0.09967141501740277 3.3412670261952813
cell 19.614626987707794 15.331377648490214 0.0 2.23606797749979 0.4472135954999579 1 0 0 0.9950104961442164 0.09977029900145802 2.9417195222939743
cell 22.635983603839506 23.82455558740399 0.0 2.23606797749979 0.4472135954999579 1 0 0 0.998792360518905 -0.049130647961061806 3.2398935233690973
cell 29.3602864598018 37.811069413113685 0.0 2.23606797749979 0.4472135954999579 1 0 0 0.9876421286976923 -0.15672595707632828 3.456342183795112
cell 28.28020531557163 13.199186200399097 0.0 2.23606797749979 0.4472135954999579 1 0 0 0.997801390311378 0.06627507444492997 3.008945277174548
cell 38.5213319556028 36.37158792787602 0.0 2.23606797749979 0.4472135954999579 1 0 0 0.9887643496944148 -0.1494826437195329 3.441682687366795
cell 36.828250161225306 15.797226748906583 0.0 2.23606797749979 0.4472135954999579 1 0 0 0.9969358732456254 0.07822317198875446 2.98498632303137
cell 4.206363601952499 25.842242899517107 0.0 2.23606797749979 0.4472135954999579 1 0 0 0.9999963042677382 -0.0027187222854134726 3.1470301048590765
cell 45.55367337206867 32.90130193572693 0.0 2.23606797749979 0.4472135954999579 1 0 0 -0.986464738658591 0.1639735325692466 3.471027392687663
cell 39.01906510234598 19.9797174549795 0.0 2.23606797749979 0.4472135954999579 1 0 0 0.9988673995826507 0.04758064786226978 3.0463954150067503
cell 37.65442156096724 31.746532663789857 0.0 2.23606797749979 0.4472135954999579 1 0 0 0.992674904173408 -0.12081611905832472 3.3838166189531944
cell 24.077531521787787 27.08727375090001 0.0 2.23606797749979 0.4472135954999579 1 0 0 0.9960830148203804 -0.08842300371702909 3.3186699244700395
cell 17.60746017445894 26.96151247664672 0.0 2.23606797749979 0.4472135954999579 1 0 0 0.9961545636363714 -0.08761327151996091 3.3170441501924413
cell 23.575479812665755 11.597209914751094 0.0 2.23606797749979 0.4472135954999579 1 0 0 0.9928464816353113 0.1193979225295963 2.90222576405078
cell 9.888702415548693 18.344052851968193 0.0 2.23606797749979 0.4472135954999579 1 0 0 0.9997034177656917 0.024353162168288544 3.0928815135384102
cell 7.97362757832942 25.53900882151765 0.0 2.23606797749979 0.4472135954999579 1 0 0 0.9999498272761834 -0.010017131841544714 3.1616272523374667
cell 41.14367414468442 13.125145265161075 0.0 2.23606797749979 0.4472135954999579 1 0 0 0.9889193347196307 0.1484538629261062 2.843583398875161
cell 6.179272525457107 11.22997841875575 0.0 2.23606797749979 0.4472135954999579 1 0 0 0.9976680697581638 0.06825263793451156 3.004981171721183
cell 5.125533201394983 45.387695522937 0.0 2.23606797749979 0.4472135954999579 1 0 0 0.17792730460678818 -0.984043634335065 5.925425818998667
cell 0.04306809681457653 27.324106155462527 0.0 2.23606797749979 0.4472135954999579 1 0 0 -0.994214218717833 0.10741548910324296 3.3568389147340794
cell 44.74942909157221 15.511648285981142 0.0 2.23606797749979 0.4472135954999579 1 0 0 0.9967725126228995 0.08027800495423291 2.9808636895460388
cell 14.489602303353394 22.13681980401312 0.0 2.23606797749979 0.4472135954999579 1 0 0 0.9997044851577401 0.02430930594438734 3.0929692519610303
cell 42.6150012349001 38.66929493085263 0.0 2.23606797749979 0.4472135954999579 1 0 0 0.9953138346140654 -0.09669731447069685 3.3352899430060483
cell 32.07491052138025 8.929081331953743 0.0 2.23606797749979 0.4472135954999579 1 0 0 0.9993834729471863 0.035109457415636536 3.0713593045786283
cell 2.244901136183984 34.69901861175874 0.0 2.23606797749979 0.4472135954999579 1 0 0 0.9779021174561232 -0.20906326476650686 3.562826570889295
cell 29.38402250518984 15.82957960384379 0.0 2.23606797749979 0.4472135954999579 1 0 0 0.9904969377030278 0.13753478251309492 2.865648428474704
cell 42.11348251993879 34.02523126752735 0.0 2.23606797749979 0.4472135954999579 1 0 0 0.9901239890045838 -0.14019445922592946 3.4229082752771154
cell 44.79990966759213 16.31620960054275 0.0 2.23606797749979 0.4472135954999579 1 0 0 0.9973824691822868 0.07230636325970678 2.996853618724655
cell 22.062955720023915 21.511007062830593 0.0 2.23606797749979 0.4472135954999579 1 0 0 0.999841224481436 0.017819254402548692 3.1059522584906576
cell 15.438956643528558 24.08317734067147 0.0 2.23606797749979 0.4472135954999579 1 0 0 0.9979150213537307 -0.06454153822603928 3.2707655167470127
cell 11.041069289015983 17.54216579790732 0.0 2.23606797749979 0.4472135954999579 1 0 0 0.9992594458920682 0.038478043030758954 3.0646175651840295
cell 45.35088544949016 33.61623974089072 0.0 2.23606797749979 0.4472135954999579 1 0 0 0.9835757404741722 -0.18049588014878337 3.504573830712832
cell 19.760196794985045 25.562447317478487 0.0 2.23606797749979 0.4472135954999579 1 0 0 0.997786368679266 -0.06650084569269801 3.2746925708583037
cell 29.78191322222356 35.194164257327195 0.0 2.23606797749979 0.4472135954999579 1 0 0 0.9932452644459691 -0.11603380824422219 3.374184204427135
cell 36.918574301818126 30.802170841111952 0.0 2.23606797749979 0.4472135954999579 1 0 0 0.9913320435814164 -0.13138028531211507 3.4051150653703157
cell 4.806150666824963 31.51607511488567 0.0 2.23606797749979 0.4472135954999579 1 0 0 0.9906435546105813 -0.13647471453903953 3.4153965602832486
cell 43.0712563786177 26.423667924098243 0.0 2.23606797749979 0.4472135954999579 1 0 0 0.9929454383474703 -0.11857215720796396 3.379296196096873
cell 4.327377971063136 38.670547739454136 0.0 2.23606797749979 0.4472135954999579 1 0 0 0.9880745637524446 -0.15397615550927415 3.450774989263605
cell 46.32400617740535 30.689434133332096 0.0 2.23606797749979 0.4472135954999579 1 0 0 0.9941650598709857 -0.10786952179239205 3.357752287119614
cell 33.4148393771747 30.425024791556844 0.0 2.23606797749979 0.4472135954999579 1 0 0 0.9927752335585922 -0.11998889795594757 3.382150052689372
cell 44.30121507618086 4.407919328534194 0.0 2.23606797749979 0.4472135954999579 1 0 0 0.05266031123469296 -0.9986124832089098 6.177815946281598
cell 34.25586687502134 22.313305228165408 0.0 2.23606797749979 0.4472135954999579 1 0 0 0.999981855310774 -0.00602403927795654 3.1536408050157823
cell 36.5532085162223 24.635626771386544 0.0 2.23606797749979 0.4472135954999579 1 0 0 0.996496339248526 -0.08363639078945656 3.3090610650576857
cell 7.607761141166372 33.026839462713724 0.0 2.23606797749979 0.4472135954999579 1 0 0 0.9867581389780253 -0.16219856707327632 3.4674292892248446
cell 28.38055604239648 28.17399314428564 0.0 2.23606797749979 0.4472135954999579 1 0 0 0.9920227800207144 -0.12605873202588241 3.3943826629723293
cell 9.977458849264545 7.904110307826455 0.0 2.23606797749979 0.4472135954999579 1 0 0 0.18254199968851786 0.9831980565225489 0.3671425480029606
cell 32.04901257942352 26.500943131994386 0.0 2.23606797749979 0.4472135954999579 1 0 0 0.995637486044272 -0.09330592898332889 3.3284763515895825
cell 30.201132744089517 21.68401844483345 0.0 2.23606797749979 0.4472135954999579 1 0 0 0.9998711944848763 -0.01604974888858472 3.173693529635423
cell 19.321755484647092 16.225075002809955 0.0 2.23606797749979 0.4472135954999579 1 0 0 0.9977237068504066 0.06743444808615257 3.006621330435067
cell 29.116611516512844 43.736823082107904 0.0 2.23606797749979 0.4472135954999579 1 0 0 0.0874175266647915 -0.9961717603063291 6.108126808154067
cell 16.82719345448379 33.56754283880287 0.0 2.23606797749979 0.4472135954999579 1 0 0 -0.985271352629537 0.17099813357917829 3.4852779231138724
cell 37.94973553705453 39.201194333627974 0.0 2.23606797749979 0.4472135954999579 1 0 0 0.9939493197236966 -0.10983965504680337 3.3617161085772658
cell 45.565255536593156 12.435419506490435 0.0 2.23606797749979 0.4472135954999579 1 0 0 0.996361159272926 0.08523168596426373 2.9709222172200094
cell 33.17977725189432 20.881642021295875 0.0 2.23606797749979 0.4472135954999579 1 0 0 0.9999760677003607 -0.006918383230456842 3.155429530433644
cell 24.79605249146629 45.37498231797842 0.0 2.23606797749979 0.4472135954999579 1 0 0 -0.045144032820991636 0.9989804884484267 6.1928665457774015
cell 30.828598646468205 3.3124539150891854 0.0 2.23606797749979 0.4472135954999579 1 0 0 -0.08352948610418773 0.9965053060326223 6.115931455866061
cell 14.198950364762108 26.87713219192407 0.0 2.23606797749979 0.4472135954999579 1 0 0 0.9978958778113289 -0.06483684945428278 3.271357378884276
cell 35.60554709534409 23.926697375940225 0.0 2.23606797749979 0.4472135954999579 1 0 0 0.9972268793292539 -0.07442144276509 3.2905732783466055
cell 6.629438089238605 17.188077008255107 0.0 2.23606797749979 0.4472135954999579 1 0 0 0.9988884780284815 0.04713606328432521 3.04728558297089
cell 3.031806122251279 22.656363042731925 0.0 2.23606797749979 0.4472135954999579 1 0 0 0.9994694077349595 -0.032571505981905904 3.2067471894588633
cell 33.85866034266379 37.61831119851624 0.0 2.23606797749979 0.4472135954999579 1 0 0 0.99098205853639 -0.13399462548542343 3.4103903921306773
cell 32.643166363686554 40.4487469892083 0.0 2.23606797749979 0.4472135954999579 1 0 0 0.9887572910383106 -0.1495293262827782 3.44177711376856
cell 2.1672351461874433 45.32659068352958 0.0 2.23606797749979 0.4472135954999579 1 0 0 0.15414368842797857 -0.9880484417870504 5.973663857153412
cell 45.761150485512395 42.08684363095267 0.0 2.23606797749979 0.4472135954999579 1 0 0 0.9977132178451626 -0.06758945877169778 3.276874707057896
cell 47.07735915858343 39.09728669869456 0.0 2.23606797749979 0.4472135954999579 1 0 0 0.9956833455170894 -0.09281527600506485 3.3274907686326665
cell 40.799488575199284 0.6221093163090236 0.0 2.23606797749979 0.4472135954999579 1 0 0 0.08739148787957597 -0.9961740449571018 6.108179085796121
cell 46.148705143123756 35.82837254012061 0.0 2.23606797749979 0.4472135954999579 1 0 0 0.9852647075612322 -0.1710364172750339 3.485355635360046
cell 15.645791743067722 27.766493308976397 0.0 2.23606797749979 0.4472135954999579 1 0 0 0.9953918489813521 -0.09589091188160138 3.333669607962787
cell 24.633609217752554 20.089118782779188 0.0 2.23606797749979 0.4472135954999579 1 0 0 0.997733229044122 0.067293414694082 3.0069040394012165
cell 44.94809810153832 11.468726022648392 0.0 2.23606797749979 0.4472135954999579 1 0 0 0.9948611062949511 0.10124909471983465 2.9387468773367353
cell 13.2780688995607 18.663403200664785 0.0 2.23606797749979 0.4472135954999579 1 0 0 0.9998034737885009 0.019824575668758934 3.101940904682244
cell 2.6628526008319424 36.87550859709459 0.0 2.23606797749979 0.4472135954999579 1 0 0 0.9732037412585407 -0.22994451069851493 3.605633984251569
cell 20.376789895587102 18.872475267785493 0.0 2.23606797749979 0.4472135954999579 1 0 0 0.9970688773557244 0.07650917466941731 2.9884246235603533
cell 10.452582865057131 11.03408477687934 0.0 2.23606797749979 0.4472135954999579 1 0 0 0.992161053645315 0.12496576983085497 2.8910059926388696
cell 43.843579681299175 29.543316720454865 0.0 2.23606797749979 0.4472135954999579 1 0 0 0.9930875965411377 -0.117375574955553 3.3768862017279933
cell 27.593404136084473 9.117299989367668 0.0 2.23606797749979 0.4472135954999579 1 0 0 0.9975016132718797 0.07064369412762385 3.0001874841090284
cell 4.782081796138669 19.65924205553278 0.0 2.23606797749979 0.4472135954999579 1 0 0 0.9993132320408323 0.037054881839045886 3.0674659198460925
cell 10.52684566826622 14.534642424221351 0.0 2.23606797749979 0.4472135954999579 1 0 0 0.9948638865234019 0.10122177281371739 2.9388018033314616
cell 30.48689921228793 2.204528148743658 0.0 2.23606797749979 0.4472135954999579 1 0 0 -0.09590170378978032 0.9953908092855877 6.09108666905697
cell 21.65771543229145 30.189164016268265 0.0 2.23606797749979 0.4472135954999579 1 0 0 0.99036633695948 -0.13847208605874953 3.4194295958604584
cell 40.600398353334405 15.710393506999432 0.0 2.23606797749979 0.4472135954999579 1 0 0 0.996465466650279 0.08400341524867663 2.973387600899807
cell 26.152678073415622 29.576170832522664 0.0 2.23606797749979 0.4472135954999579 1 0 0 0.9925460684954287 -0.12187002057219673 3.3859401133739677
cell 38.072359894769775 33.54341739949915 0.0 2.23606797749979 0.4472135954999579 1 0 0 0.9937093694627374 -0.111989682747872 3.366042861201787
cell 27.44322506240222 15.120676423130554 0.0 2.23606797749979 0.4472135954999579 1 0 0 0.9966372872337209 0.08193971988852372 2.9775292732117675
cell 43.41459260938303 25.159557911589815 0.0 2.23606797749979 0.4472135954999579 1 0 0 0.9978397200834757 -0.06569545664451211 3.2730782624284926
cell 32.55818003209569 0.7418741425497454 0.0 2.23606797749979 0.4472135954999579 1 0 0 -0.0626221482674101 0.9980373071916573 6.1578590075690505
cell 23.938735356258675 14.262218678251894 0.0 2.23606797749979 0.4472135954999579 1 0 0 0.9948206665147523 0.10164566628806174 2.937949621075166
cell 37.238112095492795 29.391267892018256 0.0 2.23606797749979 0.4472135954999579 1 0 0 0.9914479238063502 -0.1305029286264399 3.403345112792935
cell 32.66028724011074 29.43712424794397 0.0 2.23606797749979 0.4472135954999579 1 0 0 0.9897323332814888 -0.14293323076590703 3.428441545064842
cell 13.245538864297401 8.214929950174636 0.0 2.23606797749979 0.4472135954999579 1 0 0 0.11860832414059713 0.9929411188205266 0.23777639043990584
cell 28.089110789165538 46.89868093659703 0.0 2.23606797749979 0.4472135954999579 1 0 0 -0.1057562161714846 0.9943920870265864 6.071276604690122
cell 39.59124027983501 26.447138836451362 0.0 2.23606797749979 0.4472135954999579 1 0 0 0.9959160211465876 -0.09028443289709223 3.322407734789528
cell 45.57275216292197 19.988321035146747 0.0 2.23606797749979 0.4472135954999579 1 0 0 0.9995599897472321 0.029661876146212202 3.0822601987459177
cell 21.450434232667632 33.0971793859526 0.0 2.23606797749979 0.4472135954999579 1 0 0 0.9878100570415841 -0.15566403312102145 3.4541919442485725
cell 27.259421472621113 6.420081640898603 0.0 2.23606797749979 0.4472135954999579 1 0 0 -0.06903491416320977 0.9976142443983437 6.145005573674472
cell 47.165244183990886 25.217233462637385 0.0 2.23606797749979 0.4472135954999579 1 0 0 0.9994129001527003 -0.034261567511844324 3.2101292017375083
cell 10.519655458286236 28.104587981978597 0.0 2.23606797749979 0.4472135954999579 1 0 0 0.9966443346337377 -0.08185395679180205 3.305483929643517
cell 38.176492216661806 38.19769562345233 0.0 2.23606797749979 0.4472135954999579 1 0 0 -0.9917482817105152 0.12820041234036877 3.398701063464669
cell 37.782633666936526 14.751820226941227 0.0 2.23606797749979 0.4472135954999579 1 0 0 0.9938668877332718 0.11058304330854776 2.9199733093459597
cell 15.301854333993976 37.82555313667052 0.0 2.23606797749979 0.4472135954999579 1 0 0 0.9700021887599334 -0.24309618220148696 3.632705681586307
cell 15.336611567713476 25.29799322794521 0.0 2.23606797749979 0.4472135954999579 1 0 0 0.9984382184158456 -0.05586702074204663 3.2533848994926498
cell 28.16368593384469 12.266677584421867 0.0 2.23606797749979 0.4472135954999579 1 0 0 0.9966679921341991 0.08156539373523623 2.9782804399352227
cell 32.337265136185586 10.071653405373116 0.0 2.23606797749979 0.4472135954999579 1 0 0 0.9986954736101225 0.0510622266519309 3.039423769085602
cell 36.909747775300936 41.200278250877446 0.0 2.23606797749979 0.4472135954999579 1 0 0 -0.9902316043623176 0.13943231233121894 3.421368861124151
cell 0.06906435665548562 37.18291630322166 0.0 2.23606797749979 0.4472135954999579 1 0 0 0.9934150086514505 -0.1145714649729093 3.3712398801719843
cell 19.855439732066976 28.948096553916862 0.0 2.23606797749979 0.4472135954999579 1 0 0 0.991202028519341 -0.13235761655130973 3.4070869480709014
cell 9.161037088942827 21.313332106319994 0.0 2.23606797749979 0.4472135954999579 1 0 0 0.9997558117827199 0.022097891453141543 3.0973932729689535
cell 4.3171607088909285 28.532298219609714 0.0 2.23606797749979 0.4472135954999579 1 0 0 0.9948540870515784 -0.10131804122055685 3.3445770356110036
cell 28.01744846258357 11.284330487782867 0.0 2.23606797749979 0.4472135954999579 1 0 0 0.9956847238096558 0.09280048907246914 2.9557242406051647
cell 47.251230769593846 38.115892284916974 0.0 2.23606797749979 0.4472135954999579 1 0 0 0.9935659250629385 -0.1132552539789091 3.3685902104561842
cell 14.655075263580969 12.519792618722402 0.0 2.23606797749979 0.4472135954999579 1 0 0 0.9909341079039228 0.13434877666974432 2.8720801498402726
cell 42.78607998327251 24.45865362203562 0.0 2.23606797749979 0.4472135954999579 1 0 0 0.9972192362523441 -0.0745237871306307 3.2907785370691176
cell 10.253495136663734 12.932747795912768 0.0 2.23606797749979 0.4472135954999579 1 0 0 0.9931357270175951 0.11696763535796073 2.9071206436684043
cell 35.26462404926116 26.012057577924594 0.0 2.23606797749979 0.4472135954999579 1 0 0 0.9954157001655713 -0.09564300216892667 3.33317149911947
cell 46.42956703482314 22.699444061150132 0.0 2.23606797749979 0.4472135954999579 1 0 0 0.9990601370287595 -0.04334561800316573 3.228311059104863
cell 24.136974991802067 39.486552682084515 0.0 2.23606797749979 0.4472135954999579 1 0 0 0.9789283258558314 -0.20420414500469664 3.5528939580945136
cell 6.398176135001472 43.73443463594146 0.0 2.23606797749979 0.4472135954999579 1 0 0 -0.18279219059727783 0.9831515727784035 5.915533814269409
cell 26.057613540035778 16.129544284876125 0.0 2.23606797749979 0.4472135954999579 1 0 0 0.9948664661958424 0.10119641514894104 2.9388527804193676
cell 21.524432337110348 30.901876941617427 0.0 2.23606797749979 0.4472135954999579 1 0 0 0.9940675210009914 -0.10876471712344703 3.359553274145328
cell 45.00006014131405 44.45528260599097 0.0 2.23606797749979 0.4472135954999579 1 0 0 -0.0368316734375438 0.9993214837237265 6.209505295188117
cell 1.8710303963792303 16.076383549292085 0.0 2.23606797749979 0.4472135954999579 1 0 0 0.9978233942724899 0.06594295900645615 3.009610964307667
cell 14.536310588525154 11.631200017446066 0.0 2.23606797749979 0.4472135954999579 1 0 0 0.9898272241026032 0.142274616236822 2.8560745925054274
cell 25.946374617342435 31.371244101853787 0.0 2.23606797749979 0.4472135954999579 1 0 0 -0.9955815265517519 0.09390113944400928 3.329672022059154
cell 29.551218079534962 29.144758810283165 0.0 2.23606797749979 0.4472135954999579 1 0 0 0.9933546135463083 -0.1150939257574632 3.37229176010144
cell 38.014825450394284 19.36308075286025 0.0 2.23606797749979 0.4472135954999579 1 0 0 0.9983145362072231 0.05803522031798395 3.025456958116138
cell 29.49751570642809 36.95351349417456 0.0 2.23606797749979 0.4472135954999579 1 0 0 0.9896051158695032 -0.1438113856581153 3.430216189070022
cell 2.0282001478430867 35.552314769725385 0.0 2.23606797749979 0.4472135954999579 1 0 0 0.9751994954579686 -0.22132768479908613 3.587944073744069
cell 33.54462978804573 19.592779905786493 0.0 2.23606797749979 0.4472135954999579 1 0 0 0.9979314544374146 0.06428695236536107 3.012930021780296
cell 34.2740870840865 32.30714266734961 0.0 2.23606797749979 0.4472135954999579 1 0 0 0.9943033045195078 -0.10658770389490098 3.3551737845034375
cell 10.94295760594764 16.06547634604825 0.0 2.23606797749979 0.4472135954999579 1 0 0 0.9970281115425028 0.07703859288688139 2.9873626527375245
cell 15.644733241219727 36.95348209337557 0.0 2.23606797749979 0.4472135954999579 1 0 0 0.9766112590145046 -0.21501267117568687 3.575002262508733
cell 11.601564250152451 20.146262281501016 0.0 2.23606797749979 0.4472135954999579 1 0 0 0.9997807059805557 0.020941345444397366 3.099706900891212
cell 25.807640709381623 32.143216734012604 0.0 2.23606797749979 0.4472135954999579 1 0 0 0.9928543830245922 -0.11933220063694651 3.380827152810012
cell 6.097793908283066 27.510197291006907 0.0 2.23606797749979 0.4472135954999579 1 0 0 0.9972854283106722 -0.07363269979566849 3.2889914522023713
cell 4.116932209155855 26.66628801085001 0.0 2.23606797749979 0.4472135954999579 1 0 0 0.9980009869481682 -0.06319833898515215 3.268073621832548
cell 12.973085763049552 32.74875929154359 0.0 2.23606797749979 0.4472135954999579 1 0 0 0.9879163920284547 -0.1549877490690173 3.4528227586998144
cell 9.911478421280716 39.23307955346666 0.0 2.23606797749979 0.4472135954999579 1 0 0 0.9740622092392497 -0.2262803847706474 3.5981072843626185
cell 18.69543831396649 17.123624099831023 0.0 2.23606797749979 0.4472135954999579 1 0 0 0.9963948205321403 0.08483726549532265 2.9717139257237855
cell 20.164600118768806 20.305089771989735 0.0 2.23606797749979 0.4472135954999579 1 0 0 0.9979994151898232 0.06322315462527206 3.015061954615337
cell 18.010216758959334 21.682060807158344 0.0 2.23606797749979 0.4472135954999579 1 0 0 0.9999056332459636 0.013737707341053488 3.114116374619829
cell 30.37741325429297 31.938202476981452 0.0 2.23606797749979 0.4472135954999579 1 0 0 0.9943593289603583 -0.1060637775562706 3.3541199580419994
cell 6.000663930659436 10.222437977871945 0.0 2.23606797749979 0.4472135954999579 1 0 0 0.9998263598550388 0.01863464888380041 3.1043211985235986
cell 25.271405066445546 35.528897574172326 0.0 2.23606797749979 0.4472135954999579 1 0 0 0.989365697933886 -0.14544935803156642 3.4335269443130705
cell 42.567611508694405 42.54356586079826 0.0 2.23606797749979 0.4472135954999579 1 0 0 0.05344638622363346 0.9985707204798437 0.1069437281305934
cell 3.345322940394372 24.457592225926696 0.0 2.23606797749979 0.4472135954999579 1 0 0 0.9999449744462088 0.010490380344432473 3.120611508066466
cell 33.82605302155612 31.360318819943476 0.0 2.23606797749979 0.4472135954999579 1 0 0 0.9934349697979737 -0.11439825515495843 3.3708911677490216
cell 37.21278163556471 18.800776269422776 0.0 2.23606797749979 0.4472135954999579 1 0 0 0.9979907272950038 0.0633601470420422 3.014787419358596
cell 40.49432508415279 44.62613831052485 0.0 2.23606797749979 0.4472135954999579 1 0 0 0.023685447006854248 -0.9997194604488229 6.235809982865609
cell 41.58689250528791 20.236219985836676 0.0 2.23606797749979 0.4472135954999579 1 0 0 0.9981198350713255 0.06129269807399585 3.018930372695424
cell 9.542413690517566 8.807199362663857 0.0 2.23606797749979 0.4472135954999579 1 0 0 -0.09580720418230627 -0.9953999093966052 0.1919087646085078
cell 24.69713804840863 23.468862659486923 0.0 2.23606797749979 0.4472135954999579 1 0 0 0.9984086547492698 -0.05639289070222867 3.254438300141627
cell 15.956333282629952 36.097232448423064 0.0 2.23606797749979 0.4472135954999579 1 0 0 0.9816694536123414 -0.1905914054842114 3.5251217736632867
cell 6.824063662760156 23.38228486347206 0.0 2.23606797749979 0.4472135954999579 1 0 0 0.998844731347232 -0.048054163814137206 3.237738008642008
cell 21.477763927774912 20.73831489487186 0.0 2.23606797749979 0.4472135954999579 1 0 0 0.9992828918924231 0.037864257171053434 3.0658460322098287
cell 45.238697286213764 46.72205406212018 0.0 2.23606797749979 0.4472135954999579 1 0 0 -0.1334074186345139 0.9910612799687392 6.015572622108163
cell 29.666541492051863 36.072203704978506 0.0 2.23606797749979 0.4472135954999579 1 0 0 0.9927877427981143 -0.11988535252408963 3.3819414560686716
cell 39.92561086467758 28.009975096936355 0.0 2.23606797749979 0.4472135954999579 1 0 0 -0.9933410551676507 0.11521088541634542 3.372527245909536
cell 27.753469210513284 18.5885607260941 0.0 2.23606797749979 0.4472135954999579 1 0 0 0.9963888779189048 0.08490703127247959 2.9715738888955383
cell 3.302645360043183 31.781087757602354 0.0 2.23606797749979 0.4472135954999579 1 0 0 0.9898163620515994 -0.14235016478717918 3.4272633654863536
cell 38.689456905151324 35.52013247377594 0.0 2.23606797749979 0.4472135954999579 1 0 0 0.9888050669285423 -0.14921306784742705 3.4411374202966836
cell 2.8938318991774477 23.4111092143706 0.0 2.23606797749979 0.4472135954999579 1 0 0 0.999425754608465 -0.033884524864609446 3.2093746783208936
cell 5.8740981191950175 13.21214618200904 0.0 2.23606797749979 0.4472135954999579 1 0 0 0.9952675014495015 0.09717304440258422 2.946939402386474
cell 21.03597682751134 34.638935426122266 0.0 2.23606797749979 0.4472135954999579 1 0 0 -0.9837408883435345 0.17959360957749462 3.502739310544984
cell 33.67334037994051 38.568069711463636 0.0 2.23606797749979 0.4472135954999579 1 0 0 0.9879781020140269 -0.1545938871390488 3.452025424781552
cell 40.47051652782282 16.56527086849612 0.0 2.23606797749979 0.4472135954999579 1 0 0 0.9972258117485098 0.07443574667137953 2.992583341451519
cell 19.264854839521956 12.87201641279809 0.0 2.23606797749979 0.4472135954999579 1 0 0 0.9927310828509864 0.12035363368634905 2.9003004580843115
cell 16.021919380447056 26.163115389776493 0.0 2.23606797749979 0.4472135954999579 1 0 0 0.9982309797252557 -0.05945511850762856 3.2605730584656265
cell 0.8257422536358852 46.917814417282685 0.0 2.23606797749979 0.4472135954999579 1 0 0 0.14224367256196307 -0.9898316713543193 5.9977297693408715
cell 28.448356324741994 39.56942513160311 0.0 2.23606797749979 0.4472135954999579 1 0 0 0.980185553366812 -0.1980815008298265 3.540393154937031
cell 12.958567278012787 30.49603045096459 0.0 2.23606797749979 0.4472135954999579 1 0 0 0.9922075718612237 -0.1245958841264614 3.391433715773723
cell 21.169993475278996 33.84459719309531 0.0 2.23606797749979 0.4472135954999579 1 0 0 -0.9867897996953495 0.16200583698500515 3.4670386626099408
cell 29.26152870567353 42.55367450227736 0.0 2.23606797749979 0.4472135954999579 1 0 0 -0.03219201114180441 0.9994817028933776 6.218790159238564
cell 36.81012827226422 0.6221328097962979 0.0 2.23606797749979 0.4472135954999579 1 0 0 -0.14934415638065276 0.9887852764654979 5.983375392468769
cell 8.907142109071803 19.14764248102519 0.0 2.23606797749979 0.4472135954999579 1 0 0 0.9998164714932907 0.019157852977457444 3.1032746034546888
cell 32.1510576106053 5.636159398183972 0.0 2.23606797749979 0.4472135954999579 1 0 0 0.06299194241121413 -0.9980140355682691 6.157117956210999
cell 10.737049545819893 37.33534507271318 0.0 2.23606797749979 0.4472135954999579 1 0 0 0.9697219501716959 -0.2442116691626404 3.63500598154298
cell 23.10943565481022 9.522950031378306 0.0 2.23606797749979 0.4472135954999579 1 0 0 0.9901310536809829 0.14014455585782318 2.860377833803277
cell 23.720012917252657 12.489208200304494 0.0 2.23606797749979 0.4472135954999579 1 0 0 0.9922275374187994 0.12443678711629004 2.892072281176139
cell 41.15138335593107 46.766619709780564 0.0 2.23606797749979 0.4472135954999579 1 0 0 -0.07939270223015003 0.9968434174094719 6.124232618400397
cell 45.399844782611254 21.397993385703135 0.0 2.23606797749979 0.4472135954999579 1 0 0 0.9999165686822682 -0.012917262661993948 3.167427897407256
cell 6.492916562459736 35.95433133589634 0.0 2.23606797749979 0.4472135954999579 1 0 0 0.9773060677126996 -0.21183212695892062 3.5684911550751846
cell 25.906399468683386 33.018053117411085 0.0 2.23606797749979 0.4472135954999579 1 0 0 0.9934246790002383 -0.11448758514910436 3.371071009327947
cell 19.500336427980383 19.683305213991535 0.0 2.23606797749979 0.4472135954999579 1 0 0 0.9979007988556454 0.06476106579778156 3.0119798148223316
cell 18.943749492536632 11.10270821146175 0.0 2.23606797749979 0.4472135954999579 1 0 0 0.9900262828487639 0.1408827855653746 2.858886579225208
cell 1.0327833018563297 21.029515290196517 0.0 2.23606797749979 0.4472135954999579 1 0 0 0.9998959223315407 -0.01442721403312096 3.170448082731577
cell 24.74760746888815 37.38605936540077 0.0 2.23606797749979 0.4472135954999579 1 0 0 0.9800201039988808 -0.19889845589652702 3.5420602351565575
cell 24.482195312306914 38.45242546101042 0.0 2.23606797749979 0.4472135954999579 1 0 0 0.9744938125403925 -0.22441436968360645 3.594276725742267
cell 32.941146786222774 28.097814158762258 0.0 2.23606797749979 0.4472135954999579 1 0 0 0.9898136370001973 -0.1423691118481869 3.4273016495313846
cell 1.8549217713741417 13.438072926087386 0.0 2.23606797749979 0.4472135954999579 1 0 0 0.9950155767440442 0.09971961711076227 2.9418213941063596
cell 41.67010574147747 18.61279302350486 0.0 2.23606797749979 0.4472135954999579 1 0 0 0.9986851097194096 0.05126452598757473 3.0390186398145147
cell 15.310985303420386 15.611637530253354 0.0 2.23606797749979 0.4472135954999579 1 0 0 0.9958098469959309 0.09144806518423794 2.95844064003734
cell 32.13924826511138 18.310387202640662 0.0 2.23606797749979 0.4472135954999579 1 0 0 0.9969774956975689 0.0776908815280399 2.986054153673083
cell 1.6392522703586097 26.87820603517116 0.0 2.23606797749979 0.4472135954999579 1 0 0 0.9959295122120227 -0.09013549081866985 3.3221086311177817
cell 0.14292600727279964 27.969637454324054 0.0 2.23606797749979 0.4472135954999579 1 0 0 0.994768529105475 -0.10215465481968898 3.346258989853041
cell 31.38344372702081 25.592150447791685 0.0 2.23606797749979 0.4472135954999579 1 0 0 0.9960115842917319 -0.08922400997867277 3.320278294311175
cell 46.93087034424774 43.32430769747105 0.0 2.23606797749979 0.4472135954999579 1 0 0 -0.002717564596054469 0.9999963074145155 6.2777501712975745
cell 28.6560527137541 38.51518024684971 0.0 2.23606797749979 0.4472135954999579 1 0 0 0.9820349894854065 -0.18869891209648695 3.521266829384949
cell 2.1790274372423717 16.85942318120224 0.0 2.23606797749979 0.4472135954999579 1 0 0 0.998893175152967 0.047036418154701984 3.0474850945228793
cell 11.925093324753343 34.16955298149051 0.0 2.23606797749979 0.4472135954999579 1 0 0 -0.9909963729193729 0.13388871819778983 3.41017665158567
cell 41.358878018741585 31.270035117356024 0.0 2.23606797749979 0.4472135954999579 1 0 0 0.9926029360616074 -0.1214059772905616 3.3850050837673886
cell 45.44096821188758 45.54109817343733 0.0 2.23606797749979 0.4472135954999579 1 0 0 -0.09287758084569736 0.9956775356390496 6.097162041861438
cell 27.096768741999995 24.472106548091993 0.0 2.23606797749979 0.4472135954999579 1 0 0 0.9967648731543884 -0.08037280414117629 3.3025118306439447
cell 41.8706532386045 29.869600639567473 0.0 2.23606797749979 0.4472135954999579 1 0 0 0.9958114417133912 -0.09143069808711562 3.324709786821936
cell 12.835928890281144 31.135644092906205 0.0 2.23606797749979 0.4472135954999579 1 0 0 -0.9895075264262717 0.14448133147836517 3.4315702217417217
cell 42.40163695432547 39.658650585585114 0.0 2.23606797749979 0.4472135954999579 1 0 0 -0.9949666375299718 0.10020673730993214 3.34234305788356
cell 28.49575814102442 27.41387711557434 0.0 2.23606797749979 0.4472135954999579 1 0 0 0.9916155583296863 -0.1292230029000434 3.4007633990753523
cell 18.46160627155519 23.446147559513896 0.0 2.23606797749979 0.4472135954999579 1 0 0 0.9987875646043218 -0.04922804883161195 3.2400885611130152
cell 17.643628040949626 18.0439881279537 0.0 2.23606797749979 0.4472135954999579 1 0 0 0.9986501121263588 0.05194182852009539 3.037662227532487
cell 2.3871380362789054 17.640264015259188 0.0 2.23606797749979 0.4472135954999579 1 0 0 0.9988858453982122 0.047191819874833556 3.047173945555512
cell 6.897567120458366 22.70921941244729 0.0 2.23606797749979 0.4472135954999579 1 0 0 0.9981913313156772 -0.0601171031091489 3.261899400239304
cell 21.73327857519833 31.659478003033783 0.0 2.23606797749979 0.4472135954999579 1 0 0 0.9934787126940327 -0.11401775047687811 3.37012514620157
cell 46.04955383622236 31.44286652502396 0.0 2.23606797749979 0.4472135954999579 1 0 0 0.9941605542426879 -0.10791103923080206 3.357835809532863
cell 2.0668034226177903 12.367048129058128 0.0 2.23606797749979 0.4472135954999579 1 0 0 0.9962570341656346 0.08644027924233892 2.968496076308826
cell 46.0421879301786 34.82381759810449 0.0 2.23606797749979 0.4472135954999579 1 0 0 0.9809287542394821 -0.19436763904049925 3.532818160791574
cell 10.484115898636345 10.002573229594548 0.0 2.23606797749979 0.4472135954999579 1 0 0 0.9968720501769436 0.07903237043147177 2.983362900055102
cell 11.039303574382568 36.49172453623953 0.0 2.23606797749979 0.4472135954999579 1 0 0 0.9754284290446924 -0.22031654457031474 3.585870607809322
cell 1.6634140064383314 10.053916487698517 0.0 2.23606797749979 0.4472135954999579 1 0 0 0.9965777640494425 0.0826605117466238 2.976082782375334
cell 17.003104971606557 34.55521275995997 0.0 2.23606797749979 0.4472135954999579 1 0 0 0.9839451691704177 -0.17847101744036173 3.5004572554152036
cell 37.86056742304224 22.798716621756327 0.0 2.23606797749979 0.4472135954999579 1 0 0 0.999972043023165 -0.007477511088421645 3.1565478151339312
cell 27.05108299774965 30.627102314765455 0.0 2.23606797749979 0.4472135954999579 1 0 0 0.9892909268039131 -0.14595705581935664 3.434553292736139
cell 42.96280797383663 36.82838825156831 0.0 2.23606797749979 0.4472135954999579 1 0 0 0.9940351913429445 -0.10905979264511576 3.3601469567909374
cell 3.6346541447107716 47.17625929778594 0.0 2.23606797749979 0.4472135954999579 1 0 0 0.976809248831036 0.21411139950536778 2.710028569692726
cell 11.284998692973 5.738673345962292 0.0 2.23606797749979 0.4472135954999579 1 0 0 0.0990167688029521 0.9950857648945757 0.19835857106625138
cell 20.400580524134575 26.888187613007638 0.0 2.23606797749979 0.4472135954999579 1 0 0 0.9980656408807647 -0.062168935114480094 3.266010757266688
cell 25.130677091839722 36.44845485518567 0.0 2.23606797749979 0.4472135954999579 1 0 0 0.9880679609130486 -0.1540185203705391 3.450860741906908
cell 27.808187296505686 23.303119681886994 0.0 2.23606797749979 0.4472135954999579 1 0 0 0.9991462707702045 -0.04131258411178359 3.224241343019596
cell 33.96271493447871 36.68436972700434 0.0 2.23606797749979 0.4472135954999579 1 0 0 0.9910059993629968 -0.1338174473921395 3.410032815621362
cell 30.380608654219404 20.29292973746569 0.0 2.23606797749979 0.4472135954999579 1 0 0 0.9995674507640426 0.029409375598152102 3.0827654202572643
cell 34.284529224404764 34.930342902506226 0.0 2.23606797749979 0.4472135954999579 1 0 0 0.9899152894743298 -0.14166057907884524 3.425870074269509
cell 11.00509140651349 23.877416603305008 0.0 2.23606797749979 0.4472135954999579 1 0 0 0.9990516628853773 -0.04354049707987266 3.2287011855754586
cell 8.062985851885209 20.70125365680842 0.0 2.23606797749979 0.4472135954999579 1 0 0 0.9997392867317987 0.022833277578886098 3.0959221293924912
cell 17.549735831124224 30.592318992796656 0.0 2.23606797749979 0.4472135954999579 1 0 0 0.9927801182120003 -0.11994847595099652 3.3820686205501787
cell 30.203956504951304 32.71369260178843 0.0 2.23606797749979 0.4472135954999579 1 0 0 0.9935196722534257 -0.11366028701989765 3.3694055412822466
cell 19.891599743548177 24.825583055738903 0.0 2.23606797749979 0.4472135954999579 1 0 0 0.9975258077195444 -0.070301229957026 3.2823111875614304
cell 43.12105004976589 35.97918762581549 0.0 2.23606797749979 0.4472135954999579 1 0 0 0.9947426340804816 -0.10240650341958343 3.3467653425756785
cell 6.2863262977900245 15.723586112717882 0.0 2.23606797749979 0.4472135954999579 1 0 0 0.9964922221137053 0.08368543043379732 2.97402581778514
cell 23.22418438490877 15.260536096300386 0.0 2.23606797749979 0.4472135954999579 1 0 0 0.9967786696800828 0.08020151913027898 2.9810171560325687
cell 2.502144609755997 21.851008522631638 0.0 2.23606797749979 0.4472135954999579 1 0 0 0.9989239317907338 -0.046378642668166485 3.234383224308813
cell 39.431437871836096 25.779138398845387 0.0 2.23606797749979 0.4472135954999579 1 0 0 0.9941842421958996 -0.10769258363213671 3.3573963372679367
cell 24.927558232959573 43.69953094293942 0.0 2.23606797749979 0.4472135954999579 1 0 0 -0.09833504608231 0.9951533644177615 6.0861968683430545
cell 42.405523723120425 43.58415764390755 0.0 2.23606797749979 0.4472135954999579 1 0 0 0.01269396293453778 0.9999194284066174 0.02538860773959802
cell 5.932905699512297 14.09188719518024 0.0 2.23606797749979 0.4472135954999579 1 0 0 0.9954933952923938 0.09483090176320082 2.951645425219409
cell 39.537067032568096 27.276713037510024 0.0 2.23606797749979 0.4472135954999579 1 0 0 0.9925649714825298 -0.12171597013492054 3.3856297016461308
cell 26.86948013982099 22.699428214318406 0.0 2.23606797749979 0.4472135954999579 1 0 0 0.9997300256808126 -0.023235226537343705 3.188067289059117
cell 33.648769299486965 43.35078079445467 0.0 2.23606797749979 0.4472135954999579 1 0 0 -0.12578766969934088 0.9920571869361209 6.030941772393577
cell 46.51566272188574 22.1029254348813 0.0 2.23606797749979 0.4472135954999579 1 0 0 0.9998750402753329 -0.015808346985101328 3.1732106645636162
cell 39.33419360628762 23.462280052540482 0.0 2.23606797749979 0.4472135954999579 1 0 0 0.9987698875991734 -0.04958539729733506 3.2408041319448166
cell 31.869110837819544 14.354022027451636 0.0 2.23606797749979 0.4472135954999579 1 0 0 0.9913936109906817 0.13091488871345736 2.879009144453794
cell 27.838480404950463 10.218470729642775 0.0 2.23606797749979 0.4472135954999579 1 0 0 0.9966805064533357 0.08141233356145891 2.978587581759314
cell 12.414060121121706 26.049893495630442 0.0 2.23606797749979 0.4472135954999579 1 0 0 0.9982306604900938 -0.05946047811371147 3.2605837966756175
cell 35.96567144210407 25.54511672506739 0.0 2.23606797749979 0.4472135954999579 1 0 0 0.9974958034455959 -0.0707256820993982 3.2831622101941527
cell 36.25840654034205 27.641560409694538 0.0 2.23606797749979 0.4472135954999579 1 0 0 0.9951406490073015 -0.0984636414791105 3.3388395374515403
cell 32.25941608412304 46.866065888666185 0.0 2.23606797749979 0.4472135954999579 1 0 0 -0.09677928699212213 0.9953058673640462 6.089323300170518
cell 41.57156924010368 30.602661579629633 0.0 2.23606797749979 0.4472135954999579 1 0 0 0.9942665370687138 -0.10693013263522978 3.355862578489513
cell 0.23778391515949893 28.849743318863705 0.0 2.23606797749979 0.4472135954999579 1 0 0 0.995780602774762 -0.09176595848969137 3.3253831383757078
cell 37.06537793874726 14.048166613082802 0.0 2.23606797749979 0.4472135954999579 1 0 0 0.986741231387506 0.16230139333926963 2.8155476038707157
cell 2.0822792644614827 44.110141815903305 0.0 2.23606797749979 0.4472135954999579 1 0 0 0.08739074023430789 -0.9961741105455911 6.108180586829494
cell 3.040204189676724 32.51883034651901 0.0 2.23606797749979 0.4472135954999579 1 0 0 0.9898850813081258 -0.14187151159977537 3.426296243540401
cell 23.869662767304316 18.792183065478838 0.0 2.23606797749979 0.4472135954999579 1 0 0 0.9963577061999355 0.08527204287457388 2.970841208481639
cell 27.276770216625852 14.277765376007487 0.0 2.23606797749979 0.4472135954999579 1 0 0 0.9955643880451094 0.09408267245548908 2.95314860464243
cell 37.60728808261275 21.391749036335092 0.0 2.23606797749979 0.4472135954999579 1 0 0 0.999781087492614 -0.020923123382661977 3.1834419541781283
cell 24.072916670601973 30.267432955300816 0.0 2.23606797749979 0.4472135954999579 1 0 0 0.9916182558045342 -0.12920230166360538 3.400721646587492
cell 5.5589555331108835 18.7753855871707 0.0 2.23606797749979 0.4472135954999579 1 0 0 0.9996090406566993 0.027960075775886696 3.0856652133962728
cell 41.90201123032271 33.102687264040725 0.0 2.23606797749979 0.4472135954999579 1 0 0 0.9876567845285537 -0.15663357231040298 3.4561551037228466
cell 8.876328208981812 28.51334685977421 0.0 2.23606797749979 0.4472135954999579 1 0 0 0.9956059641925059 -0.09364167909809541 3.329150804754101
cell 45.91520200170927 19.211311408795677 0.0 2.23606797749979 0.4472135954999579 1 0 0 0.9979093003592644 0.06462993313073684 3.0122426307423584
cell 42.3117330112791 22.42041268879094 0.0 2.23606797749979 0.4472135954999579 1 0 0 0.9996685805594727 -0.02574352427716481 3.1930853908345425
cell 13.151351718570488 33.66319254638273 0.0 2.23606797749979 0.4472135954999579 1 0 0 -0.9880794594802883 0.15394473603582998 3.450711392047857
cell 15.112835507291068 14.873832148369697 0.0 2.23606797749979 0.4472135954999579 1 0 0 0.9954590222073826 0.09519104530323083 2.950921864911415
cell 41.050682380106466 17.99709314300098 0.0 2.23606797749979 0.4472135954999579 1 0 0 0.9978256896781598 0.06590821662209301 3.0096806005671457
cell 6.790457381132798 17.969297128853388 0.0 2.23606797749979 0.4472135954999579 1 0 0 0.9992328622750385 0.039162315427385755 3.063247987994084
cell 27.778317763391662 25.303529941009668 0.0 2.23606797749979 0.4472135954999579 1 0 0 0.997694490529548 -0.06786533405934006 3.2774277274451116
cell 14.331448640872154 17.860620978328754 0.0 2.23606797749979 0.4472135954999579 1 0 0 -0.9993670666445146 -0.035573390425126035 3.0704308585480344
cell 23.09907858359629 16.103832562183474 0.0 2.23606797749979 0.4472135954999579 1 0 0 0.9944242937783894 0.10545294658449132 2.9302939009932802
cell 35.66809157238548 26.829686325147826 0.0 2.23606797749979 0.4472135954999579 1 0 0 0.996101063508469 -0.08821944954088552 3.3182612189138623
cell 14.901504263843234 28.83636982333047 0.0 2.23606797749979 0.4472135954999579 1 0 0 0.9945475600650192 -0.10428399095123393 3.350540532298558
cell 19.550057251533104 14.520835026889515 0.0 2.23606797749979 0.4472135954999579 1 0 0 0.9960003033722408 0.08934984992938864 2.9626543237126333
cell 36.93559883498078 5.468282639748311 0.0 2.23606797749979 0.4472135954999579 1 0 0 -0.05602280681882642 0.9984294893061505 6.171081000390851
cell 17.117350279700485 32.0186975580113 0.0 2.23606797749979 0.4472135954999579 1 0 0 0.9883320912651838 -0.15231440304642305 3.44741181080628
cell 24.22567077498345 25.900195084680075 0.0 2.23606797749979 0.4472135954999579 1 0 0 0.9953092647351282 -0.09674434108731388 3.335384439280353
cell 8.783433578438144 31.236585885729777 0.0 2.23606797749979 0.4472135954999579 1 0 0 -0.993381443359479 0.11486212599912275 3.3718250654814215
cell 32.772716704562356 18.958872936595423 0.0 2.23606797749979 0.4472135954999579 1 0 0 0.9967699198804201 0.0803101912684875 2.980799108398977
cell 6.683645481481825 9.191538252612268 0.0 2.23606797749979 0.4472135954999579 1 0 0 0.06235292449412724 0.9980541632632117 0.12478679773773055
cell 29.0886602874104 19.785075455059314 0.0 2.23606797749979 0.4472135954999579 1 0 0 0.9979524298849506 0.06396051662332597 3.013584239676815
cell 37.91202218821241 43.669506865572 0.0 2.23606797749979 0.4472135954999579 1 0 0 0.015360199574962173 0.9998820251754791 0.030721607284835983
cell 24.733095969872245 17.89694577226043 0.0 2.23606797749979 0.4472135954999579 1 0 0 0.9953423639542854 0.09640320802698811 2.9484863380278488
cell 41.20587373619325 32.069152801462955 0.0 2.23606797749979 0.4472135954999579 1 0 0 -0.9898209740276874 0.1423180922261119 3.427198560563795
cell 21.65155520302744 32.41714023803804 0.0 2.23606797749979 0.4472135954999579 1 0 0 0.991369383435265 -0.13109822877210253 3.404546030548902
cell 23.867077182735073 19.465742711415384 0.0 2.23606797749979 0.4472135954999579 1 0 0 0.9971314957010855 0.0756887064291377 2.9900703321963973
cell 31.492784729777973 25.0182102013735 0.0 2.23606797749979 0.4472135954999579 1 0 0 0.9976439942353357 -0.06860364980207315 3.2789078085735515
cell 21.877584573558085 28.352616219253104 0.0 2.23606797749979 0.4472135954999579 1 0 0 0.9938442708484171 -0.11078612413916353 3.3636206705505503
cell 42.12947222033779 13.755846768266146 0.0 2.23606797749979 0.4472135954999579 1 0 0 0.9935255901164343 0.11360854626211499 2.913883922070832
cell 43.767274815693675 23.78550056008573 0.0 2.23606797749979 0.4472135954999579 1 0 0 0.9993504826403363 -0.036036271262811795 3.2136808042931135
cell 25.33282685993375 17.057530540534927 0.0 2.23606797749979 0.4472135954999579 1 0 0 0.9962078035312294 0.0870058169519912 2.9673607233856223
cell 19.408090694458167 13.719650438646896 0.0 2.23606797749979 0.4472135954999579 1 0 0 0.9933997573200412 0.11470362747744009 2.911679347840889
cell 46.02365271722472 18.4333798953343 0.0 2.23606797749979 0.4472135954999579 1 0 0 0.9984072263770314 0.05641817365107808 3.0286963605079773
cell 14.89666058959847 38.804836660195825 0.0 2.23606797749979 0.4472135954999579 1 0 0 0.9680011544437502 -0.2509457411385315 3.6489069250784247
cell 12.793816292593137 31.919867074543117 0.0 2.23606797749979 0.4472135954999579 1 0 0 -0.9893574130436775 0.14550570179729097 3.433640843555257
cell 21.84600811668754 17.151261972755194 0.0 2.23606797749979 0.4472135954999579 1 0 0 0.9965108112394356 0.08346378306140875 2.974470668832059
cell 45.07919725209393 17.028677905223 0.0 2.23606797749979 0.4472135954999579 1 0 0 0.9982526406067953 0.059090316647994655 3.023343137466282
cell 41.94332113558984 40.592767340476904 0.0 2.23606797749979 0.4472135954999579 1 0 0 0.9971866931150299 -0.07495798205869118 3.291649362641399
cell 1.5902477231986876 14.413388455377108 0.0 2.23606797749979 0.4472135954999579 1 0 0 0.9962683156416479 0.08631015727337077 2.9687572965112103
cell 33.436605461442454 15.737466339113729 0.0 2.23606797749979 0.4472135954999579 1 0 0 0.9947831564064374 0.10201211560420392 2.9372128928727435
cell 22.452352596863317 21.984144530193017 0.0 2.23606797749979 0.4472135954999579 1 0 0 0.9999360474488317 -0.011309332978027878 3.164211801731981
cell 46.394121650228094 41.105160896346845 0.0 2.23606797749979 0.4472135954999579 1 0 0 0.9981932694992236 -0.06008491263578865 3.2618349027004143
cell 19.88098594338275 24.32128199351005 0.0 2.23606797749979 0.4472135954999579 1 0 0 0.9979364895898165 -0.06420874352573773 3.2700985438877743
cell 14.827070197234683 13.310592807947328 0.0 2.23606797749979 0.4472135954999579 1 0 0 0.992843905921422 0.11941933878017653 2.902182622882925
cell 43.804466914373634 28.64334633459923 0.0 2.23606797749979 0.4472135954999579 1 0 0 0.9919800785396652 -0.12639431862405673 3.395059247874465
cell 6.534832803797608 24.08628888663004 0.0 2.23606797749979 0.4472135954999579 1 0 0 0.9995723208744708 -0.029243381159228535 3.2000877551906703
cell 18.906995952044554 22.279432804863003 0.0 2.23606797749979 0.4472135954999579 1 0 0 0.9999543213076527 -0.009557996555331837 3.160708937770298
cell 6.874410112047782 22.050130914693494 0.0 2.23606797749979 0.4472135954999579 1 0 0 0.9988708041735306 -0.04750912091087702 3.2366466763075588
cell 32.19443253382209 23.933886640694002 0.0 2.23606797749979 0.4472135954999579 1 0 0 0.9992953434890333 -0.03753420414948206 3.2166786993410876
cell 35.87221287679412 12.445633242466492 0.0 2.23606797749979 0.4472135954999579 1 0 0 0.9868401803482076 0.16169866557989004 2.8167691957180185
cell 41.59770653878765 23.167142028514988 0.0 2.23606797749979 0.4472135954999579 1 0 0 0.9996682040523761 -0.02575814059083043 3.193114633158853
cell 26.30059660324099 21.86123484716184 0.0 2.23606797749979 0.4472135954999579 1 0 0 0.9998975807475483 -0.014311813833336327 3.1702172585000175
cell 29.824019904478458 30.052046333970914 0.0 2.23606797749979 0.4472135954999579 1 0 0 0.9926878103977491 -0.12071002894425349 3.3836028744052755
cell 37.47376951414841 40.19410149771337 0.0 2.23606797749979 0.4472135954999579 1 0 0 0.9977374103865092 -0.06723139084700244 3.2761569385182265
cell 37.068387220819936 30.018373042293977 0.0 2.23606797749979 0.4472135954999579 1 0 0 0.991305035807529 -0.13158391232454494 3.4055258859160036
cell 12.527152886447508 20.797111115965592 0.0 2.23606797749979 0.4472135954999579 1 0 0 0.9999487718297095 0.01012194231634863 3.121348423264289
cell 22.858677596266865 29.196222973436026 0.0 2.23606797749979 0.4472135954999579 1 0 0 0.9920079411417527 -0.12617545209628103 3.3946179820508475
cell 39.19789205761565 24.285077030624603 0.0 2.23606797749979 0.4472135954999579 1 0 0 0.996798205454285 -0.07995834917703687 3.301680244299644
cell 10.391077144945106 13.7426594465864 0.0 2.23606797749979 0.4472135954999579 1 0 0 0.9936007088789439 0.1129496848834038 2.915210181715023
cell 11.656790293700361 34.944010510512456 0.0 2.23606797749979 0.4472135954999579 1 0 0 0.9860401177024103 -0.16650791657280672 3.476166812447784
cell 36.258868645821686 16.670458559697618 0.0 2.23606797749979 0.4472135954999579 1 0 0 0.9975136174042227 0.07047398876991452 3.0005277428793686
cell 12.343027330340417 19.382886444980997 0.0 2.23606797749979 0.4472135954999579 1 0 0 0.999724213088096 0.023483989554313675 3.0946203562868293
cell 15.938120364636928 19.581442183274138 0.0 2.23606797749979 0.4472135954999579 1 0 0 0.9991303634413118 0.04169552553490877 3.0581774208058197
cell 20.25394902388107 37.27665420281615 0.0 2.23606797749979 0.4472135954999579 1 0 0 0.9811007747822129 -0.193497466964665 3.531044136484785
cell 13.18233484487658 29.788845281183132 0.0 2.23606797749979 0.4472135954999579 1 0 0 0.9939194673787751 -0.11010945629459758 3.362259004059881
cell 19.11984696096057 12.011164730690732 0.0 2.23606797749979 0.4472135954999579 1 0 0 0.9906222529944084 0.13662924969523252 2.867476754118213
cell 21.16708666926292 18.023541697780015 0.0 2.23606797749979 0.4472135954999579 1 0 0 0.9975605804878844 0.06980607607275313 3.001866866352399
cell 9.756764870617047 26.25172500372143 0.0 2.23606797749979 0.4472135954999579 1 0 0 0.9987739770505522 -0.04950295715028702 3.240639048917685
cell 9.456436371518556 43.38143793959489 0.0 2.23606797749979 0.4472135954999579 1 0 0 -0.26928609945995874 0.963060224823786 5.737881964824074
cell 32.50164688665998 16.720435906959693 0.0 2.23606797749979 0.4472135954999579 1 0 0 0.9968252901825977 0.07961997772154868 2.9821839703125237
cell 34.89909438184812 23.009868287447453 0.0 2.23606797749979 0.4472135954999579 1 0 0 0.998881419840808 -0.04728540046157396 3.2361987319715624
cell 38.09864226438891 42.64031341548529 0.0 2.23606797749979 0.4472135954999579 1 0 0 -0.032736793973762626 -0.9994640075161884 0.06548528823974742
cell 36.81334846654136 9.94617046476026 0.0 2.23606797749979 0.4472135954999579 1 0 0 0.9984294361904564 0.056023753430196 3.0294864506002646
cell 1.7173477372489974 15.252466432668252 0.0 2.23606797749979 0.4472135954999579 1 0 0 0.9969119196409331 0.07852785797301344 2.984375070792409
cell 15.455366914578649 23.533105815908318 0.0 2.23606797749979 0.4472135954999579 1 0 0 0.9964993220099213 -0.08360084469529758 3.308989723017467
cell 32.06895759818997 45.49951053206121 0.0 2.23606797749979 0.4472135954999579 1 0 0 -0.05288328713898997 0.9986006999503731 6.177369372214791
cell 3.530228120788255 25.131981060254457 0.0 2.23606797749979 0.4472135954999579 1 0 0 0.9999682124734753 -0.007973333217827231 3.157539488995957
cell 18.5321752212741 27.955274145773117 0.0 2.23606797749979 0.4472135954999579 1 0 0 0.9926654697880142 -0.12089361062744808 3.3839727464769185
cell 3.65518353227634 42.83528755958989 0.0 2.23606797749979 0.4472135954999579 1 0 0 -0.052157293683590365 -0.9986388820367469 0.10436194130279919
cell 18.75368670052311 10.128725120554519 0.0 2.23606797749979 0.4472135954999579 1 0 0 0.9862148081211363 0.16547009470774568 2.809123337783646
cell 4.302194022472531 29.25479967251213 0.0 2.23606797749979 0.4472135954999579 1 0 0 0.9951507093353403 -0.09836191188345762 3.3386350857864353
cell 23.36986428051558 10.6067766746728 0.0 2.23606797749979 0.4472135954999579 1 0 0 0.9927131327866043 0.12050160162008539 2.9000023526380905
cell 24.17008564121781 26.351385379851145 0.0 2.23606797749979 0.4472135954999579 1 0 0 0.9954148740046387 -0.09565160014515843 3.3331887742735553
cell 6.787911190487121 35.19035145348226 0.0 2.23606797749979 0.4472135954999579 1 0 0 0.979794174762021 -0.20000843757804376 3.544325718319653
cell 31.921792323627542 17.60009373641261 0.0 2.23606797749979 0.4472135954999579 1 0 0 0.9966575973570194 0.08169231071853365 2.978025756036526
cell 0.5885867271342421 30.39132785848216 0.0 2.23606797749979 0.4472135954999579 1 0 0 -0.9915692990596284 0.12957748709709263 3.4014783787041107
cell 37.16372942667689 20.717478095893682 0.0 2.23606797749979 0.4472135954999579 1 0 0 0.9998453058478011 0.01758875703729646 3.1064133254843798
cell 43.57779356319119 27.98344500063192 0.0 2.23606797749979 0.4472135954999579 1 0 0 0.9934463643353685 -0.11429926154108937 3.370691873282691
cell 5.035151469845909 30.819590639019133 0.0 2.23606797749979 0.4472135954999579 1 0 0 0.9938685056653251 -0.11056850115007197 3.3631827340623546
cell 36.18483159085974 17.480208910552985 0.0 2.23606797749979 0.4472135954999579 1 0 0 0.9976249745506995 0.0688796788081665 3.003724131599079
cell 2.4878749620825285 33.935534500550666 0.0 2.23606797749979 0.4472135954999579 1 0 0 0.9828261558697752 -0.1845338650173466 3.5127877755839596
cell 10.547071236160495 21.979536838281803 0.0 2.23606797749979 0.4472135954999579 1 0 0 0.9999269259163164 0.012088954774730631 3.117414155096922
cell 7.186532191147954 24.825093480986798 0.0 2.23606797749979 0.4472135954999579 1 0 0 0.9999997112127206 0.0007599832074178075 3.140072687028642
cell 30.279449306636277 30.994304770455532 0.0 2.23606797749979 0.4472135954999579 1 0 0 0.9910099836846384 -0.13378793756304297 3.4099732604425004
cell 11.372608070707136 35.6972150107879 0.0 2.23606797749979 0.4472135954999579 1 0 0 0.9794051516708574 -0.20190480152929688 3.5481974292445058
cell 40.62821902936366 17.27570760312909 0.0 2.23606797749979 0.4472135954999579 1 0 0 0.9979518769454985 0.06396914335018575 3.0135669508181655
cell 31.24513812653502 23.14122653758978 0.0 2.23606797749979 0.4472135954999579 1 0 0 0.9996451185732411 -0.026639011105721436 3.1948769791562017
cell 28.303481316624183 19.170432855165693 0.0 2.23606797749979 0.4472135954999579 1 0 0 0.9963157638224943 0.08576070638001862 2.9698602881191203
cell 6.08953752082438 14.917624678856164 0.0 2.23606797749979 0.4472135954999579 1 0 0 0.9958596854203702 0.090903723545526 2.9595338768746737
cell 14.446190390386112 10.763298020605655 0.0 2.23606797749979 0.4472135954999579 1 0 0 0.9888227122616793 0.14909608886706668 2.842284491529045
cell 33.043995035118044 39.4661771102352 0.0 2.23606797749979 0.4472135954999579 1 0 0 0.9934189474133088 -0.11453730798405162 3.371171113501775
cell 45.78357211339599 23.364882147911814 0.0 2.23606797749979 0.4472135954999579 1 0 0 0.9997108015089116 -0.02404814642357322 3.1896935834317883
cell 22.00808867495613 27.595789968604063 0.0 2.23606797749979 0.4472135954999579 1 0 0 0.9963315404977364 -0.08557722482884936 3.312956701897157
cell 4.954284297566978 21.298608039513518 0.0 2.23606797749979 0.4472135954999579 1 0 0 0.9999993324374014 -0.00115547598487066 3.1439036060737697
cell 32.81239864456641 28.66171925739995 0.0 2.23606797749979 0.4472135954999579 1 0 0 0.9898675238338022 -0.141993962051691 3.4265436491029777
cell 44.928814710369146 14.632660159170259 0.0 2.23606797749979 0.4472135954999579 1 0 0 0.9944229241090219 0.10546586180590592 2.93026792570207
cell 24.070217565137302 24.61784045217137 0.0 2.23606797749979 0.4472135954999579 1 0 0 0.9989467711054707 -0.0458840767364273 3.233393038265402
cell 2.756618336257461 33.197441288874614 0.0 2.23606797749979 0.4472135954999579 1 0 0 -0.9885151656094988 0.15112169718483554 3.444998461544786
cell 16.27086545559768 35.275541084226106 0.0 2.23606797749979 0.4472135954999579 1 0 0 -0.9880665118606534 0.1540278161226773 3.4508795579384404
cell 32.48970734762628 11.131757493224132 0.0 2.23606797749979 0.4472135954999579 1 0 0 0.9973016867673151 0.07341216228301803 2.9946361269844584
cell 46.866116217469006 40.08575695911223 0.0 2.23606797749979 0.4472135954999579 1 0 0 0.9967042386997937 -0.08112127068694472 3.30401366783048
cell 13.31442295755698 29.219948476671554 0.0 2.23606797749979 0.4472135954999579 1 0 0 0.9942110053510944 -0.1074452271567521 3.35689873705608
cell 40.26703619041481 25.049623717451187 0.0 2.23606797749979 0.4472135954999579 1 0 0 0.9939144235387324 -0.11015497574630614 3.362350600147278
cell 40.061333595054144 28.859301569838536 0.0 2.23606797749979 0.4472135954999579 1 0 0 0.9937221763218467 -0.11187598619083809 3.36581403006111
cell 29.13308760719762 24.12291450030125 0.0 2.23606797749979 0.4472135954999579 1 0 0 0.998803224731704 -0.04890928608709402 3.2394502667365814
cell 29.441908088966272 21.11193154787723 0.0 2.23606797749979 0.4472135954999579 1 0 0 0.9998904244395599 -0.014803348069835397 3.1712004311669713
cell 36.59535714052448 18.11809238588903 0.0 2.23606797749979 0.4472135954999579 1 0 0 0.9972902388673938 0.07356751633578976 2.994324576435274
cell 1.1432353336867123 20.24417209511505 0.0 2.23606797749979 0.4472135954999579 1 0 0 0.9990640280438562 0.04325584201914108 3.0550539686056766
cell 31.68354618124823 41.480283310598594 0.0 2.23606797749979 0.4472135954999579 1 0 0 0.011242736676019962 -0.9999367984387981 6.260699360109897
cell 27.66558387796923 41.05468579833906 0.0 2.23606797749979 0.4472135954999579 1 0 0 0.06414576352913233 -0.997940539822521 6.154805637075849
cell 17.39582795948745 28.9011540110223 0.0 2.23606797749979 0.4472135954999579 1 0 0 0.9902327906094509 -0.1394238874863968 3.42135184522658
cell 25.94345634191758 2.5434928809677824 0.0 2.23606797749979 0.4472135954999579 1 0 0 0.03971325597677646 -0.9992111174820479 6.203737902570897
cell 10.334750198883548 38.23179182639166 0.0 2.23606797749979 0.4472135954999579 1 0 0 0.9720682990030304 -0.23469815097983843 3.615408721605861
cell 33.799045014028806 21.5046064265952 0.0 2.23606797749979 0.4472135954999579 1 0 0 0.9998962505107591 -0.014404451205277913 3.1704025523446675
cell 24.345762020688507 25.20586668030815 0.0 2.23606797749979 0.4472135954999579 1 0 0 0.9961484211556161 -0.08768308291325815 3.317184312394278
cell 15.3816320368335 24.791274801986482 0.0 2.23606797749979 0.4472135954999579 1 0 0 0.9977704579181078 -0.06673914373056877 3.2751702280887307
cell 37.317037645893706 28.65050277983196 0.0 2.23606797749979 0.4472135954999579 1 0 0 0.990338633281425 -0.13867008123701094 3.4198294437541663
cell 28.20704439171329 17.74821224943447 0.0 2.23606797749979 0.4472135954999579 1 0 0 0.9952193244388953 0.0976652254560896 2.945950335717811
cell 20.270867745320686 23.0933474285416 0.0 2.23606797749979 0.4472135954999579 1 0 0 0.9993346794658119 -0.036471885294882295 3.214552605482079
cell 38.84277818568959 34.68144269310916 0.0 2.23606797749979 0.4472135954999579 1 0 0 0.9887460808447118 -0.14960343450008937 3.4419270163544775
cell 7.927768962863178 19.924387624379104 0.0 2.23606797749979 0.4472135954999579 1 0 0 0.9995976911115059 0.028362932227585125 3.0848591808037567
cell 15.254765051999659 16.355948427684066 0.0 2.23606797749979 0.4472135954999579 1 0 0 0.9972505704349935 0.07410330469742872 2.9932500667611626
cell 6.198028737599196 36.80091082394464 0.0 2.23606797749979 0.4472135954999579 1 0 0 0.9713928220379835 -0.23747838910747768 3.6211309584974622
cell 11.30911782640448 22.614957154948385 0.0 2.23606797749979 0.4472135954999579 1 0 0 0.9997322102375583 -0.023141041755428506 3.1878788688326107
cell 11.629687566165947 25.25738161294283 0.0 2.23606797749979 0.4472135954999579 1 0 0 0.9993791791583887 -0.03523146696782761 3.2120701727667575
cell 25.346410522104783 27.89575346133742 0.0 2.23606797749979 0.4472135954999579 1 0 0 0.9945833017032202 -0.10394256093208996 3.3498539409387775
cell 17.73804040526635 29.86674900911826 0.0 2.23606797749979 0.4472135954999579 1 0 0 0.997121489137188 -0.07582041875930712 3.29337915877728
cell 38.37052153733308 37.29039484226434 0.0 2.23606797749979 0.4472135954999579 1 0 0 0.9898801823402126 -0.14190568913932747 3.426365297261418
cell 8.58002674872049 30.43003056110592 0.0 2.23606797749979 0.4472135954999579 1 0 0 0.9936620872725925 -0.112408435257656 3.366885688046598
cell 20.41454954494651 43.73555866454684 0.0 2.23606797749979 0.4472135954999579 1 0 0 0.0503896197283486 -0.9987296361997237 6.182363370593205
cell 18.638839475033727 9.075434009010847 0.0 2.23606797749979 0.4472135954999579 1 0 0 -0.9843290981172196 -0.17634122206603042 2.787056299262201
cell 34.60653987008762 33.30257584001343 0.0 2.23606797749979 0.4472135954999579 1 0 0 0.9911223771679708 -0.13295274903856105 3.408287826126307
cell 19.491950568488193 39.21203911555043 0.0 2.23606797749979 0.4472135954999579 1 0 0 0.9711131839746366 -0.23861932845149725 3.623480375609761
cell 36.94693512304664 11.068784448424912 0.0 2.23606797749979 0.4472135954999579 1 0 0 0.9960549484037758 0.0887386035519577 2.9638816919951196
cell 34.44650240589666 34.09465752329997 0.0 2.23606797749979 0.4472135954999579 1 0 0 0.9906694218398324 -0.13628681752661267 3.4150172219069357
cell 19.891721243625195 38.21750079678249 0.0 2.23606797749979 0.4472135954999579 1 0 0 0.9716235155109458 -0.2365327548272135 3.619184224057142
cell 20.776515562270735 35.46683713866221 0.0 2.23606797749979 0.4472135954999579 1 0 0 -0.9841191182329289 0.17750932687732957 3.49850266380426
cell 17.00775858192996 20.94835411522429 0.0 2.23606797749979 0.4472135954999579 1 0 0 0.999914384556569 0.013085241948770594 3.1154214228008126
cell 10.939168972635622 24.61537356104753 0.0 2.23606797749979 0.4472135954999579 1 0 0 0.9994507208376646 -0.0331399549950289 3.207884701637912
cell 42.80698203216148 37.74063136546982 0.0 2.23606797749979 0.4472135954999579 1 0 0 0.9934136292866381 -0.11458342440139334 3.3712639575951813
cell 24.822923333564432 46.566312492708995 0.0 2.23606797749979 0.4472135954999579 1 0 0 -0.0898472687426357 0.9959555553836168 6.103248122230972
cell 33.03327265581106 27.328605575443145 0.0 2.23606797749979 0.4472135954999579 1 0 0 0.9909808840552068 -0.1340033112917768 3.4104079218355303
cell 33.72512174996518 42.250899370550776 0.0 2.23606797749979 0.4472135954999579 1 0 0 0.10841155556648305 -0.9941060982710324 6.065935211197613
cell 9.034398438803983 32.77545785574609 0.0 2.23606797749979 0.4472135954999579 1 0 0 0.9886951985620636 -0.14993933553381453 3.4426064823573217
cell 15.792273699711657 22.76198455232081 0.0 2.23606797749979 0.4472135954999579 1 0 0 0.9999755696417241 -0.006990001409834007 3.1555727702560663
cell 0.7488554780044369 29.59382875068198 0.0 2.23606797749979 0.4472135954999579 1 0 0 0.9926441683271023 -0.12106839011978023 3.384324892033511
cell 40.93598809420882 21.06029515058184 0.0 2.23606797749979 0.4472135954999579 1 0 0 0.9999393297478922 -0.011015299511858026 3.163623698158321
cell 41.90513985753325 34.86070157444094 0.0 2.23606797749979 0.4472135954999579 1 0 0 0.9916001236313788 -0.12934138863578884 3.4010021743869467
cell 38.237845351107026 22.05848486044333 0.0 2.23606797749979 0.4472135954999579 1 0 0 0.999988332351343 -0.004830648111791822 3.151253987388422
cell 31.512282413636484 4.388316825624014 0.0 2.23606797749979 0.4472135954999579 1 0 0 0.07706955700450854 -0.9970257185163925 6.1288931934251325
cell 46.65865269408715 24.60609341036394 0.0 2.23606797749979 0.4472135954999579 1 0 0 0.9995818272711424 -0.02891661441600751 3.1994339451968505
cell 6.803422240557688 26.43296784178587 0.0 2.23606797749979 0.4472135954999579 1 0 0 0.9991829315933294 -0.04041619987777261 3.222447075743054
cell 42.08794793891029 21.850606164060892 0.0 2.23606797749979 0.4472135954999579 1 0 0 0.9996870480162363 -0.025016115377557217 3.191630104226965
cell 11.244042310168654 27.05441335363722 0.0 2.23606797749979 0.4472135954999579 1 0 0 0.9984978952117115 -0.05479008357159165 3.2512277206851743
cell 33.16310662606134 14.914585922252932 0.0 2.23606797749979 0.4472135954999579 1 0 0 0.9882653213093381 0.15274702844032953 2.8348980011728253
cell 2.5512212166993087 18.413819478763244 0.0 2.23606797749979 0.4472135954999579 1 0 0 0.9982619717393317 0.05893246795359603 3.023659385978752
cell 7.072490040276924 34.42801298245534 0.0 2.23606797749979 0.4472135954999579 1 0 0 0.9815505165063169 -0.19120299042165256 3.5263678590270584
cell 44.53142675297089 10.401013494412172 0.0 2.23606797749979 0.4472135954999579 1 0 0 0.9897414667500324 0.14286997233671783 2.854871590892608
cell 4.331036442020529 20.519821162491038 0.0 2.23606797749979 0.4472135954999579 1 0 0 0.9997395040549729 0.02282376024928438 3.0959411690135075
cell 25.957931724612465 20.476932733960343 0.0 2.23606797749979 0.4472135954999579 1 0 0 0.9993616897580824 0.035724124116209406 3.070129199425325
cell 25.868328455455128 21.32126090789311 0.0 2.23606797749979 0.4472135954999579 1 0 0 0.9999984609771085 -0.001754435354824261 3.1451015260995203
cell 32.62749996034841 12.211497054033206 0.0 2.23606797749979 0.4472135954999579 1 0 0 0.9969521260094343 0.0780157576728509 2.985402423264147
cell 45.79409071929341 32.09498538541247 0.0 2.23606797749979 0.4472135954999579 1 0 0 0.9912415316073497 -0.13206144788209528 3.4064893650214407
cell 31.540581301782293 13.482491909593277 0.0 2.23606797749979 0.4472135954999579 1 0 0 0.9897495505908558 0.14281395977004135 2.8549847766886955
cell 6.622466978920806 16.43587170910373 0.0 2.23606797749979 0.4472135954999579 1 0 0 0.9980195346644158 0.06290475680123687 3.015700020343837
cell 4.485583318617705 27.94066870547027 0.0 2.23606797749979 0.4472135954999579 1 0 0 0.9956841827555611 -0.09280629402357503 3.3274727267968682
