500
 Lattice="42.24921095006736 0.0 0.0 0.0 42.24921095006736 0.0 0.0 0.0 1.0"Properties=species:S:1:pos:R:3:aspherical_shape:R:3:orientation:R:4:Color:R:1
cell 12.446372863840924 38.75688707526372 0.0 1.0 1.0 1 0 0 0.0 1.0 0
cell 40.84722572879507 22.433977270290097 0.0 1.0 1.0 1 0 0 0.0 1.0 0
cell 27.82414987444688 33.92029876414542 0.0 1.0 1.0 1 0 0 0.0 1.0 0
cell 38.720341110603485 40.58147854562903 0.0 1.0 1.0 1 0 0 0.0 1.0 0
cell 17.273649112945606 36.316839792913676 0.0 1.0 1.0 1 0 0 0.0 1.0 0
cell 7.272851530718281 14.903342701784709 0.0 1.0 1.0 1 0 0 0.0 1.0 0
cell 9.398367215846132 10.111873106596489 0.0 1.0 1.0 1 0 0 0.0 1.0 0
cell 17.58992452377078 1.2768389614268245 0.0 1.0 1.0 1 0 0 0.0 1.0 0
cell 33.17220305602525 33.37020319109794 0.0 1.0 1.0 1 0 0 0.0 1.0 0
cell 5.282378110389607 33.52563199287035 0.0 1.0 1.0 1 0 0 0.0 1.0 0
cell 41.85738418301491 26.821641450457776 0.0 1.0 1.0 1 0 0 0.0 1.0 0
cell 40.01939964081001 2.289690802552019 0.0 1.0 1.0 1 0 0 0.0 1.0 0
cell 32.19942292408954 37.24619507220125 0.0 1.0 1.0 1 0 0 0.0 1.0 0
cell 8.59612178422876 13.42512186436436 0.0 1.0 1.0 1 0 0 0.0 1.0 0
cell 37.67689517793165 18.10767585209537 0.0 1.0 1.0 1 0 0 0.0 1.0 0
cell 0.9492878822749741 6.587322190238597 0.0 1.0 1.0 1 0 0 0.0 1.0 0
cell 2.7154728207999765 12.411491120749917 0.0 1.0 1.0 1 0 0 0.0 1.0 0
cell 3.1661654516615667 38.47692598724373 0.0 1.0 1.0 1 0 0 0.0 1.0 0
cell 37.46275930169588 42.1496070371132 0.0 1.0 1.0 1 0 0 0.0 1.0 0
cell 36.1324630000563 24.963276273880634 0.0 1.0 1.0 1 0 0 0.0 1.0 0
cell 22.969160147852133 0.6418540080963377 0.0 1.0 1.0 1 0 0 0.0 1.0 0
cell 13.558323840379819 30.212179443930548 0.0 1.0 1.0 1 0 0 0.0 1.0 0
cell 8.0158685154347 30.61987420712484 0.0 1.0 1.0 1 0 0 0.0 1.0 0
cell 11.061240441084308 40.19875141263513 0.0 1.0 1.0 1 0 0 0.0 1.0 0
cell 5.452403647172732 9.272493341945873 0.0 1.0 1.0 1 0 0 0.0 1.0 0
cell 4.1132936039577555 10.89855714410764 0.0 1.0 1.0 1 0 0 0.0 1.0 0
cell 21.558203393935393 2.160477765490572 0.0 1.0 1.0 1 0 0 0.0 1.0 0
cell 30.99792073717908 20.234561398082327 0.0 1.0 1.0 1 0 0 0.0 1.0 0
cell 7.4620541217676655 28.674413924610835 0.0 1.0 1.0 1 0 0 0.0 1.0 0
cell 6.072498444311121 30.15405963002559 0.0 1.0 1.0 1 0 0 0.0 1.0 0
cell 16.267350295629047 20.464510204913843 0.0 1.0 1.0 1 0 0 0.0 1.0 0
cell 20.223713037732573 21.291516692411268 0.0 1.0 1.0 1 0 0 0.0 1.0 0
cell 22.10214340074303 33.9138674250052 0.0 1.0 1.0 1 0 0 0.0 1.0 0
cell 12.864534507484676 3.7298233284621665 0.0 1.0 1.0 1 0 0 0.0 1.0 0
cell 14.466388826297374 39.23045189596084 0.0 1.0 1.0 1 0 0 0.0 1.0 0
cell 38.53380884425266 9.183123933759955 0.0 1.0 1.0 1 0 0 0.0 1.0 0
cell 23.523387748894834 2.586279294669963 0.0 1.0 1.0 1 0 0 0.0 1.0 0
cell 39.69936852494785 13.105523890729808 0.0 1.0 1.0 1 0 0 0.0 1.0 0
cell 18.46356031201427 15.641774663123485 0.0 1.0 1.0 1 0 0 0.0 1.0 0
cell 12.730735695984237 33.54475539447713 0.0 1.0 1.0 1 0 0 0.0 1.0 0
cell 39.50058214714995 37.142958895624616 0.0 1.0 1.0 1 0 0 0.0 1.0 0
cell 32.37776188974363 18.718671583334068 0.0 1.0 1.0 1 0 0 0.0 1.0 0
cell 8.032132920936352 11.521208049206033 0.0 1.0 1.0 1 0 0 0.0 1.0 0
cell 37.54572780035934 36.706717912701045 0.0 1.0 1.0 1 0 0 0.0 1.0 0
cell 9.267083781036591 34.456195631005514 0.0 1.0 1.0 1 0 0 0.0 1.0 0
cell 35.19823151686759 10.292219384798377 0.0 1.0 1.0 1 0 0 0.0 1.0 0
cell 27.29825773127232 8.684718357525812 0.0 1.0 1.0 1 0 0 0.0 1.0 0
cell 26.111662624992448 28.07558306104686 0.0 1.0 1.0 1 0 0 0.0 1.0 0
cell 13.950047085383586 12.81978227347211 0.0 1.0 1.0 1 0 0 0.0 1.0 0
cell 34.18923989983511 37.69305275871045 0.0 1.0 1.0 1 0 0 0.0 1.0 0
cell 22.654418413401824 35.790198851960994 0.0 1.0 1.0 1 0 0 0.0 1.0 0
cell 15.915464684857197 13.295840662780263 0.0 1.0 1.0 1 0 0 0.0 1.0 0
cell 2.936557845411798 25.783229120206247 0.0 1.0 1.0 1 0 0 0.0 1.0 0
cell 25.68937352023612 20.82705798502555 0.0 1.0 1.0 1 0 0 0.0 1.0 0
cell 15.28294812253536 35.84125593310543 0.0 1.0 1.0 1 0 0 0.0 1.0 0
cell 8.762420702459213 8.16353135687433 0.0 1.0 1.0 1 0 0 0.0 1.0 0
cell 29.182963324586833 14.41612983911994 0.0 1.0 1.0 1 0 0 0.0 1.0 0
cell 0.005425069998743481 20.934966536047675 0.0 1.0 1.0 1 0 0 0.0 1.0 0
cell 4.247204536998044 5.415459555306802 0.0 1.0 1.0 1 0 0 0.0 1.0 0
cell 12.449491120621877 26.533116285964518 0.0 1.0 1.0 1 0 0 0.0 1.0 0
cell 25.532399365545533 32.975601409137035 0.0 1.0 1.0 1 0 0 0.0 1.0 0
cell 17.442225800672546 6.518619669134269 0.0 1.0 1.0 1 0 0 0.0 1.0 0
cell 36.37158320737346 32.78226252299488 0.0 1.0 1.0 1 0 0 0.0 1.0 0
cell 35.32126327152676 28.427785339640884 0.0 1.0 1.0 1 0 0 0.0 1.0 0
cell 25.9794531029076 10.208146370603933 0.0 1.0 1.0 1 0 0 0.0 1.0 0
cell 15.460203993491511 23.87643502347321 0.0 1.0 1.0 1 0 0 0.0 1.0 0
cell 17.886580418155244 13.715878128316996 0.0 1.0 1.0 1 0 0 0.0 1.0 0
cell 8.908325260062595 2.8357751737902173 0.0 1.0 1.0 1 0 0 0.0 1.0 0
cell 18.257831037157057 20.874753499824177 0.0 1.0 1.0 1 0 0 0.0 1.0 0
cell 27.263856590478373 31.960508313446525 0.0 1.0 1.0 1 0 0 0.0 1.0 0
cell 8.804439229290708 27.202382334825383 0.0 1.0 1.0 1 0 0 0.0 1.0 0
cell 27.04383138298956 19.344642886294725 0.0 1.0 1.0 1 0 0 0.0 1.0 0
cell 22.450559854387215 28.775880515547094 0.0 1.0 1.0 1 0 0 0.0 1.0 0
cell 0.18660092719499238 10.041492913878797 0.0 1.0 1.0 1 0 0 0.0 1.0 0
cell 20.99552374460589 30.15116669437703 0.0 1.0 1.0 1 0 0 0.0 1.0 0
cell 37.289842692300745 5.313421907697118 0.0 1.0 1.0 1 0 0 0.0 1.0 0
cell 38.69509183706538 27.38397026708299 0.0 1.0 1.0 1 0 0 0.0 1.0 0
cell 11.97496282050422 12.404416133250258 0.0 1.0 1.0 1 0 0 0.0 1.0 0
cell 4.366922984732919 0.05971609752470401 0.0 1.0 1.0 1 0 0 0.0 1.0 0
cell 23.37337208518652 7.835647623605205 0.0 1.0 1.0 1 0 0 0.0 1.0 0
cell 8.361770809441174 18.695338475547818 0.0 1.0 1.0 1 0 0 0.0 1.0 0
cell 13.461530815467658 5.6028687278794855 0.0 1.0 1.0 1 0 0 0.0 1.0 0
cell 10.477340215832625 38.26565259875954 0.0 1.0 1.0 1 0 0 0.0 1.0 0
cell 34.75777253091535 26.46887901825898 0.0 1.0 1.0 1 0 0 0.0 1.0 0
cell 1.5499523196836547 27.288344799446843 0.0 1.0 1.0 1 0 0 0.0 1.0 0
cell 38.87374517366866 35.19931005288014 0.0 1.0 1.0 1 0 0 0.0 1.0 0
cell 33.97941826628213 6.426249204160945 0.0 1.0 1.0 1 0 0 0.0 1.0 0
cell 34.77900776300585 39.66880830571617 0.0 1.0 1.0 1 0 0 0.0 1.0 0
cell 6.27299987311222 24.792071217434255 0.0 1.0 1.0 1 0 0 0.0 1.0 0
cell 23.24055883776652 13.182739860852141 0.0 1.0 1.0 1 0 0 0.0 1.0 0
cell 16.7002993691017 9.881950875658104 0.0 1.0 1.0 1 0 0 0.0 1.0 0
cell 28.85170909565056 25.110207048203137 0.0 1.0 1.0 1 0 0 0.0 1.0 0
cell 5.691089337002331 22.847828251597814 0.0 1.0 1.0 1 0 0 0.0 1.0 0
cell 7.57959691639361 4.321754701881315 0.0 1.0 1.0 1 0 0 0.0 1.0 0
cell 17.294785462537835 11.830365796733325 0.0 1.0 1.0 1 0 0 0.0 1.0 0
cell 10.657494563368225 13.897462910697959 0.0 1.0 1.0 1 0 0 0.0 1.0 0
cell 21.944200013554347 26.914831760339894 0.0 1.0 1.0 1 0 0 0.0 1.0 0
cell 13.028709251679288 40.64968672270508 0.0 1.0 1.0 1 0 0 0.0 1.0 0
cell 33.95034895621625 29.92555315691783 0.0 1.0 1.0 1 0 0 0.0 1.0 0
cell 6.886735022344538 26.72317002109752 0.0 1.0 1.0 1 0 0 0.0 1.0 0
cell 37.06584993298019 16.15456740349958 0.0 1.0 1.0 1 0 0 0.0 1.0 0
cell 34.126199417310296 0.986386008605841 0.0 1.0 1.0 1 0 0 0.0 1.0 0
cell 9.520088376423468 4.763198084362045 0.0 1.0 1.0 1 0 0 0.0 1.0 0
cell 1.185856279015208 38.033088699328374 0.0 1.0 1.0 1 0 0 0.0 1.0 0
cell 13.697693858825085 18.118430819215945 0.0 1.0 1.0 1 0 0 0.0 1.0 0
cell 23.36803999337844 25.474143174472143 0.0 1.0 1.0 1 0 0 0.0 1.0 0
cell 4.709400401968973 31.63858925300721 0.0 1.0 1.0 1 0 0 0.0 1.0 0
cell 0.596821104346765 22.889085200960263 0.0 1.0 1.0 1 0 0 0.0 1.0 0
cell 0.18063663585455722 28.785288415687912 0.0 1.0 1.0 1 0 0 0.0 1.0 0
cell 32.65989489521437 7.928451958259493 0.0 1.0 1.0 1 0 0 0.0 1.0 0
cell 10.782887656674445 8.556420002772615 0.0 1.0 1.0 1 0 0 0.0 1.0 0
cell 20.800401591826873 23.183506251847437 0.0 1.0 1.0 1 0 0 0.0 1.0 0
cell 5.89707724480265 35.4979316310776 0.0 1.0 1.0 1 0 0 0.0 1.0 0
cell 9.23345187093768 15.340298832261306 0.0 1.0 1.0 1 0 0 0.0 1.0 0
cell 23.973618715883443 9.786118756795174 0.0 1.0 1.0 1 0 0 0.0 1.0 0
cell 4.985098101602689 1.9860806368889985 0.0 1.0 1.0 1 0 0 0.0 1.0 0
cell 22.173614941417977 21.7579636872718 0.0 1.0 1.0 1 0 0 0.0 1.0 0
cell 6.969906545217207 2.4025460948410027 0.0 1.0 1.0 1 0 0 0.0 1.0 0
cell 16.4889853166127 15.217835317212403 0.0 1.0 1.0 1 0 0 0.0 1.0 0
cell 24.313908436711195 22.3187196103978 0.0 1.0 1.0 1 0 0 0.0 1.0 0
cell 15.529559504480543 30.6083430771799 0.0 1.0 1.0 1 0 0 0.0 1.0 0
cell 26.267142870334574 41.92628081644424 0.0 1.0 1.0 1 0 0 0.0 1.0 0
cell 16.134853004906248 32.51795912609171 0.0 1.0 1.0 1 0 0 0.0 1.0 0
cell 20.67665447567077 35.338519446601474 0.0 1.0 1.0 1 0 0 0.0 1.0 0
cell 23.909809002950645 27.387915375805964 0.0 1.0 1.0 1 0 0 0.0 1.0 0
cell 11.848769588443767 36.812768042589 0.0 1.0 1.0 1 0 0 0.0 1.0 0
cell 25.21939616497875 38.15681399465203 0.0 1.0 1.0 1 0 0 0.0 1.0 0
cell 20.479971848699623 28.309196005682356 0.0 1.0 1.0 1 0 0 0.0 1.0 0
cell 30.235323794068876 23.675048709417585 0.0 1.0 1.0 1 0 0 0.0 1.0 0
cell 9.67614420350949 41.68412607428153 0.0 1.0 1.0 1 0 0 0.0 1.0 0
cell 39.64098404084571 18.564019767748466 0.0 1.0 1.0 1 0 0 0.0 1.0 0
cell 14.136012402199452 32.08787664412873 0.0 1.0 1.0 1 0 0 0.0 1.0 0
cell 14.696281439672923 9.452843291354696 0.0 1.0 1.0 1 0 0 0.0 1.0 0
cell 30.862647801924204 2.040467277845398 0.0 1.0 1.0 1 0 0 0.0 1.0 0
cell 10.35078686771506 19.121253630597252 0.0 1.0 1.0 1 0 0 0.0 1.0 0
cell 38.65092830638292 3.77436322505758 0.0 1.0 1.0 1 0 0 0.0 1.0 0
cell 35.91681615112702 30.381542587571754 0.0 1.0 1.0 1 0 0 0.0 1.0 0
cell 6.0646590777608145 11.130956174001922 0.0 1.0 1.0 1 0 0 0.0 1.0 0
cell 40.86883049721759 35.66205737875503 0.0 1.0 1.0 1 0 0 0.0 1.0 0
cell 6.501096432338342 37.398554197449016 0.0 1.0 1.0 1 0 0 0.0 1.0 0
cell 21.387019778308517 7.414782735641775 0.0 1.0 1.0 1 0 0 0.0 1.0 0
cell 22.729700075266983 5.9612654449988085 0.0 1.0 1.0 1 0 0 0.0 1.0 0
cell 31.796809555147913 34.8610069946983 0.0 1.0 1.0 1 0 0 0.0 1.0 0
cell 26.45836754955181 17.447179728946892 0.0 1.0 1.0 1 0 0 0.0 1.0 0
cell 34.59405475480226 8.314187477054865 0.0 1.0 1.0 1 0 0 0.0 1.0 0
cell 11.41797059992314 22.861173736915035 0.0 1.0 1.0 1 0 0 0.0 1.0 0
cell 25.495442214441756 3.033605252895479 0.0 1.0 1.0 1 0 0 0.0 1.0 0
cell 38.9075002095594 21.97718226559126 0.0 1.0 1.0 1 0 0 0.0 1.0 0
cell 25.05869230150757 18.934662554306097 0.0 1.0 1.0 1 0 0 0.0 1.0 0
cell 2.3544406821882764 23.877903985102108 0.0 1.0 1.0 1 0 0 0.0 1.0 0
cell 3.7000528048462087 22.378157649172643 0.0 1.0 1.0 1 0 0 0.0 1.0 0
cell 27.681953282922077 40.447954087809734 0.0 1.0 1.0 1 0 0 0.0 1.0 0
cell 19.246814537589255 12.28823958234076 0.0 1.0 1.0 1 0 0 0.0 1.0 0
cell 13.646660156751272 0.3263839019313402 0.0 1.0 1.0 1 0 0 0.0 1.0 0
cell 10.933090506003571 3.2908065082258813 0.0 1.0 1.0 1 0 0 0.0 1.0 0
cell 8.901760908427054 20.534391220157357 0.0 1.0 1.0 1 0 0 0.0 1.0 0
cell 20.634111277950353 10.791909347820997 0.0 1.0 1.0 1 0 0 0.0 1.0 0
cell 18.815485832894556 5.084705616741582 0.0 1.0 1.0 1 0 0 0.0 1.0 0
cell 28.09250808852962 28.574114362636255 0.0 1.0 1.0 1 0 0 0.0 1.0 0
cell 16.823431010052754 4.65649135934802 0.0 1.0 1.0 1 0 0 0.0 1.0 0
cell 19.012070596584007 29.64300106091999 0.0 1.0 1.0 1 0 0 0.0 1.0 0
cell 30.82718329113684 38.714407481857 0.0 1.0 1.0 1 0 0 0.0 1.0 0
cell 9.766757328751053 17.21697267300948 0.0 1.0 1.0 1 0 0 0.0 1.0 0
cell 41.656959754263504 32.19869404322392 0.0 1.0 1.0 1 0 0 0.0 1.0 0
cell 2.836178062136123 7.019394585403159 0.0 1.0 1.0 1 0 0 0.0 1.0 0
cell 40.496339662954945 9.631521763490516 0.0 1.0 1.0 1 0 0 0.0 1.0 0
cell 29.919222832356724 11.054537516358893 0.0 1.0 1.0 1 0 0 0.0 1.0 0
cell 1.356889405803966 32.666461456268316 0.0 1.0 1.0 1 0 0 0.0 1.0 0
cell 29.022138943025517 37.78685065228991 0.0 1.0 1.0 1 0 0 0.0 1.0 0
cell 19.418077431554327 6.974891377936543 0.0 1.0 1.0 1 0 0 0.0 1.0 0
cell 29.25484345512524 32.41438760066281 0.0 1.0 1.0 1 0 0 0.0 1.0 0
cell 18.812633623400707 22.760178704059697 0.0 1.0 1.0 1 0 0 0.0 1.0 0
cell 5.455400501571481 28.18876435789824 0.0 1.0 1.0 1 0 0 0.0 1.0 0
cell 16.44505477184235 39.705576852111385 0.0 1.0 1.0 1 0 0 0.0 1.0 0
cell 19.63486031257475 19.425116183688868 0.0 1.0 1.0 1 0 0 0.0 1.0 0
cell 29.817186582243554 16.387993191926377 0.0 1.0 1.0 1 0 0 0.0 1.0 0
cell 36.30266083969398 19.630920395152582 0.0 1.0 1.0 1 0 0 0.0 1.0 0
cell 29.858122525561296 34.3948211824359 0.0 1.0 1.0 1 0 0 0.0 1.0 0
cell 4.882719688095825 26.26565099526231 0.0 1.0 1.0 1 0 0 0.0 1.0 0
cell 38.03459450192133 1.8289939853397224 0.0 1.0 1.0 1 0 0 0.0 1.0 0
cell 3.038291378855701 1.5878277618804468 0.0 1.0 1.0 1 0 0 0.0 1.0 0
cell 39.65026905380404 31.748768714820912 0.0 1.0 1.0 1 0 0 0.0 1.0 0
cell 34.5608263932135 31.881805509168696 0.0 1.0 1.0 1 0 0 0.0 1.0 0
cell 4.107595302643831 29.67623606287825 0.0 1.0 1.0 1 0 0 0.0 1.0 0
cell 31.211724604954373 32.89521513980648 0.0 1.0 1.0 1 0 0 0.0 1.0 0
cell 32.79521207059685 39.22015367428719 0.0 1.0 1.0 1 0 0 0.0 1.0 0
cell 0.3154084142866036 4.624699691316697 0.0 1.0 1.0 1 0 0 0.0 1.0 0
cell 22.607634448974938 11.235771454008557 0.0 1.0 1.0 1 0 0 0.0 1.0 0
cell 40.58966475019259 4.206441773645753 0.0 1.0 1.0 1 0 0 0.0 1.0 0
cell 6.669213082189558 13.024377733451383 0.0 1.0 1.0 1 0 0 0.0 1.0 0
cell 33.16928333822905 15.306909566162046 0.0 1.0 1.0 1 0 0 0.0 1.0 0
cell 29.314327080547887 9.1255836481473 0.0 1.0 1.0 1 0 0 0.0 1.0 0
cell 28.436750748507215 35.86367247085318 0.0 1.0 1.0 1 0 0 0.0 1.0 0
cell 3.9215454483159564 16.337481434232615 0.0 1.0 1.0 1 0 0 0.0 1.0 0
cell 4.495771448394886 36.93602742055485 0.0 1.0 1.0 1 0 0 0.0 1.0 0
cell 31.421204588314147 4.066763529516444 0.0 1.0 1.0 1 0 0 0.0 1.0 0
cell 40.27857005891767 33.67200543206711 0.0 1.0 1.0 1 0 0 0.0 1.0 0
cell 27.20160734508864 14.03569888599394 0.0 1.0 1.0 1 0 0 0.0 1.0 0
cell 5.619489696828772 3.9146210968110653 0.0 1.0 1.0 1 0 0 0.0 1.0 0
cell 37.318992405626815 28.88556422039586 0.0 1.0 1.0 1 0 0 0.0 1.0 0
cell 10.992049504082164 27.930512156954773 0.0 1.0 1.0 1 0 0 0.0 1.0 0
cell 0.5835126813793312 36.10683342304152 0.0 1.0 1.0 1 0 0 0.0 1.0 0
cell 7.422365136450831 9.668549099293122 0.0 1.0 1.0 1 0 0 0.0 1.0 0
cell 33.74815135858071 17.25115009657581 0.0 1.0 1.0 1 0 0 0.0 1.0 0
cell 27.48884827924322 3.411735526068042 0.0 1.0 1.0 1 0 0 0.0 1.0 0
cell 19.787790258011892 38.65206084749875 0.0 1.0 1.0 1 0 0 0.0 1.0 0
cell 39.372608757462785 0.3311167122570423 0.0 1.0 1.0 1 0 0 0.0 1.0 0
cell 30.399440823923666 36.340140062247976 0.0 1.0 1.0 1 0 0 0.0 1.0 0
cell 39.872017664981485 7.687846316050837 0.0 1.0 1.0 1 0 0 0.0 1.0 0
cell 24.720915838869008 6.377309628702163 0.0 1.0 1.0 1 0 0 0.0 1.0 0
cell 21.990129411988057 9.357764615513975 0.0 1.0 1.0 1 0 0 0.0 1.0 0
cell 38.09284195628788 25.41397432574301 0.0 1.0 1.0 1 0 0 0.0 1.0 0
cell 15.877030537952919 37.76691104903593 0.0 1.0 1.0 1 0 0 0.0 1.0 0
cell 23.52826395028253 32.48900685251198 0.0 1.0 1.0 1 0 0 0.0 1.0 0
cell 11.381748114811668 10.51441324022696 0.0 1.0 1.0 1 0 0 0.0 1.0 0
cell 24.971182743984905 31.13179967738848 0.0 1.0 1.0 1 0 0 0.0 1.0 0
cell 36.59121082341538 8.76924358822198 0.0 1.0 1.0 1 0 0 0.0 1.0 0
cell 11.234227752546591 34.93053977120895 0.0 1.0 1.0 1 0 0 0.0 1.0 0
cell 3.63148459556825 3.4548534644889526 0.0 1.0 1.0 1 0 0 0.0 1.0 0
cell 9.421882938299916 22.414082399515014 0.0 1.0 1.0 1 0 0 0.0 1.0 0
cell 32.00667477749666 29.47460380381423 0.0 1.0 1.0 1 0 0 0.0 1.0 0
cell 18.669802334074205 10.34154891831189 0.0 1.0 1.0 1 0 0 0.0 1.0 0
cell 35.78528871790043 12.2471580156192 0.0 1.0 1.0 1 0 0 0.0 1.0 0
cell 21.56305011982519 32.043585801854725 0.0 1.0 1.0 1 0 0 0.0 1.0 0
cell 21.385811930684497 25.069128216722365 0.0 1.0 1.0 1 0 0 0.0 1.0 0
cell 5.836972386012375 16.809252963729854 0.0 1.0 1.0 1 0 0 0.0 1.0 0
cell 12.306771656041423 1.8254641175354507 0.0 1.0 1.0 1 0 0 0.0 1.0 0
cell 28.56913771653303 12.53762311246261 0.0 1.0 1.0 1 0 0 0.0 1.0 0
cell 7.071959714507346 21.373583861152383 0.0 1.0 1.0 1 0 0 0.0 1.0 0
cell 24.597530961722814 11.67030708060972 0.0 1.0 1.0 1 0 0 0.0 1.0 0
cell 39.117395551644364 11.142758437382813 0.0 1.0 1.0 1 0 0 0.0 1.0 0
cell 40.269809055653674 20.506305287228034 0.0 1.0 1.0 1 0 0 0.0 1.0 0
cell 24.916425671441914 24.233141289568348 0.0 1.0 1.0 1 0 0 0.0 1.0 0
cell 1.8117796817594616 39.99655418915089 0.0 1.0 1.0 1 0 0 0.0 1.0 0
cell 1.6892540816719772 3.103869404228869 0.0 1.0 1.0 1 0 0 0.0 1.0 0
cell 15.330598569607062 26.779028137776677 0.0 1.0 1.0 1 0 0 0.0 1.0 0
cell 4.658854198803289 12.887175996685343 0.0 1.0 1.0 1 0 0 0.0 1.0 0
cell 37.89637570254022 7.25814530209597 0.0 1.0 1.0 1 0 0 0.0 1.0 0
cell 5.249523152486214 14.812487864862863 0.0 1.0 1.0 1 0 0 0.0 1.0 0
cell 23.007535591510237 30.641222693963574 0.0 1.0 1.0 1 0 0 0.0 1.0 0
cell 8.614052992925966 32.50198123563542 0.0 1.0 1.0 1 0 0 0.0 1.0 0
cell 26.87736764987945 24.69816044556698 0.0 1.0 1.0 1 0 0 0.0 1.0 0
cell 42.234718160878266 34.14729327949193 0.0 1.0 1.0 1 0 0 0.0 1.0 0
cell 31.266110934990326 9.543498365929533 0.0 1.0 1.0 1 0 0 0.0 1.0 0
cell 18.420714484549524 40.13530869809297 0.0 1.0 1.0 1 0 0 0.0 1.0 0
cell 12.142267545730535 31.658488242327987 0.0 1.0 1.0 1 0 0 0.0 1.0 0
cell 12.152622003930492 7.107328098135468 0.0 1.0 1.0 1 0 0 0.0 1.0 0
cell 40.04308411445543 25.904239583328962 0.0 1.0 1.0 1 0 0 0.0 1.0 0
cell 31.640236885882878 22.138977727546187 0.0 1.0 1.0 1 0 0 0.0 1.0 0
cell 19.888137567418504 14.189180459635592 0.0 1.0 1.0 1 0 0 0.0 1.0 0
cell 35.47470004211665 41.7273040997749 0.0 1.0 1.0 1 0 0 0.0 1.0 0
cell 34.16405363837409 24.552643468337408 0.0 1.0 1.0 1 0 0 0.0 1.0 0
cell 38.38468297782672 14.598033749353805 0.0 1.0 1.0 1 0 0 0.0 1.0 0
cell 26.722087635747073 6.8491044950989695 0.0 1.0 1.0 1 0 0 0.0 1.0 0
cell 17.843230443083176 38.24417704552378 0.0 1.0 1.0 1 0 0 0.0 1.0 0
cell 36.897539500052005 21.52959130783872 0.0 1.0 1.0 1 0 0 0.0 1.0 0
cell 40.084436449767416 39.08271185426745 0.0 1.0 1.0 1 0 0 0.0 1.0 0
cell 35.556828764752964 36.24696350023236 0.0 1.0 1.0 1 0 0 0.0 1.0 0
cell 24.483245762159697 29.244503557743457 0.0 1.0 1.0 1 0 0 0.0 1.0 0
cell 37.51377204968131 23.502485995777256 0.0 1.0 1.0 1 0 0 0.0 1.0 0
cell 14.864950748031864 4.178667672024772 0.0 1.0 1.0 1 0 0 0.0 1.0 0
cell 1.375903285624304 13.939845539437815 0.0 1.0 1.0 1 0 0 0.0 1.0 0
cell 12.536025654707585 14.325451173331219 0.0 1.0 1.0 1 0 0 0.0 1.0 0
cell 27.945082406154153 10.626591039405337 0.0 1.0 1.0 1 0 0 0.0 1.0 0
cell 41.465095895060664 37.59530133665047 0.0 1.0 1.0 1 0 0 0.0 1.0 0
cell 36.71690002772942 26.924944272167927 0.0 1.0 1.0 1 0 0 0.0 1.0 0
cell 30.80657938337602 25.597680844586254 0.0 1.0 1.0 1 0 0 0.0 1.0 0
cell 38.279571745470484 20.061076560909367 0.0 1.0 1.0 1 0 0 0.0 1.0 0
cell 18.984528302608336 42.044609600339804 0.0 1.0 1.0 1 0 0 0.0 1.0 0
cell 10.040573131469975 11.9387820835521 0.0 1.0 1.0 1 0 0 0.0 1.0 0
cell 9.860940001382755 36.35963427835809 0.0 1.0 1.0 1 0 0 0.0 1.0 0
cell 12.913990589471467 21.455933363886995 0.0 1.0 1.0 1 0 0 0.0 1.0 0
cell 22.48183142207748 16.583108386534104 0.0 1.0 1.0 1 0 0 0.0 1.0 0
cell 0.9730520703077561 25.353400642156284 0.0 1.0 1.0 1 0 0 0.0 1.0 0
cell 15.479204495663444 6.060297180789623 0.0 1.0 1.0 1 0 0 0.0 1.0 0
cell 31.55630875127806 40.85852602948587 0.0 1.0 1.0 1 0 0 0.0 1.0 0
cell 3.540038968481262 27.762441000799974 0.0 1.0 1.0 1 0 0 0.0 1.0 0
cell 41.67571677421618 13.506440120198041 0.0 1.0 1.0 1 0 0 0.0 1.0 0
cell 2.1527638821412642 10.496226262645912 0.0 1.0 1.0 1 0 0 0.0 1.0 0
cell 6.515306745170384 19.39753129112178 0.0 1.0 1.0 1 0 0 0.0 1.0 0
cell 29.61803425904569 21.692464533395647 0.0 1.0 1.0 1 0 0 0.0 1.0 0
cell 8.47957305860474 37.86172062306148 0.0 1.0 1.0 1 0 0 0.0 1.0 0
cell 39.25929974613331 5.727863132531257 0.0 1.0 1.0 1 0 0 0.0 1.0 0
cell 33.55712603713232 22.59803130606129 0.0 1.0 1.0 1 0 0 0.0 1.0 0
cell 12.321507582721868 19.56685489794251 0.0 1.0 1.0 1 0 0 0.0 1.0 0
cell 4.702815353470677 18.4517580036157 0.0 1.0 1.0 1 0 0 0.0 1.0 0
cell 13.997086680554478 25.2740581881297 0.0 1.0 1.0 1 0 0 0.0 1.0 0
cell 38.08950762945169 38.65229026991786 0.0 1.0 1.0 1 0 0 0.0 1.0 0
cell 35.12127941877334 15.70799901964276 0.0 1.0 1.0 1 0 0 0.0 1.0 0
cell 26.61624781077249 36.740592107532606 0.0 1.0 1.0 1 0 0 0.0 1.0 0
cell 14.722482915948996 33.98028393668454 0.0 1.0 1.0 1 0 0 0.0 1.0 0
cell 32.17627805289396 24.113069508559253 0.0 1.0 1.0 1 0 0 0.0 1.0 0
cell 17.662006393308648 18.98373193479962 0.0 1.0 1.0 1 0 0 0.0 1.0 0
cell 30.0126227693589 29.006233856495474 0.0 1.0 1.0 1 0 0 0.0 1.0 0
cell 36.14799942472695 38.21263808552073 0.0 1.0 1.0 1 0 0 0.0 1.0 0
cell 2.2290534608450416 5.043949022923877 0.0 1.0 1.0 1 0 0 0.0 1.0 0
cell 31.171194146302426 14.866151326449724 0.0 1.0 1.0 1 0 0 0.0 1.0 0
cell 39.479135932196115 23.94021348740098 0.0 1.0 1.0 1 0 0 0.0 1.0 0
cell 35.565000389894706 23.055443105815623 0.0 1.0 1.0 1 0 0 0.0 1.0 0
cell 31.779685372196194 16.841107068591608 0.0 1.0 1.0 1 0 0 0.0 1.0 0
cell 9.096415286226517 39.76568210192585 0.0 1.0 1.0 1 0 0 0.0 1.0 0
cell 30.029691854495226 5.685905881703198 0.0 1.0 1.0 1 0 0 0.0 1.0 0
cell 17.513236863883808 31.00994954034496 0.0 1.0 1.0 1 0 0 0.0 1.0 0
cell 39.0666706091575 29.81474758903475 0.0 1.0 1.0 1 0 0 0.0 1.0 0
cell 33.2734084644385 9.892972041627342 0.0 1.0 1.0 1 0 0 0.0 1.0 0
cell 33.34685122895443 28.000341073647068 0.0 1.0 1.0 1 0 0 0.0 1.0 0
cell 25.702966783542305 40.04241821583854 0.0 1.0 1.0 1 0 0 0.0 1.0 0
cell 21.80079371795295 39.102906053561625 0.0 1.0 1.0 1 0 0 0.0 1.0 0
cell 6.165454352531954 5.848809032203841 0.0 1.0 1.0 1 0 0 0.0 1.0 0
cell 11.578248571861243 29.78448146871911 0.0 1.0 1.0 1 0 0 0.0 1.0 0
cell 0.8138592525004053 12.02125455298566 0.0 1.0 1.0 1 0 0 0.0 1.0 0
cell 37.756136954045765 12.6184530309366 0.0 1.0 1.0 1 0 0 0.0 1.0 0
cell 0.7840757098777186 30.693639995793454 0.0 1.0 1.0 1 0 0 0.0 1.0 0
cell 5.723931341249737 40.79635366673839 0.0 1.0 1.0 1 0 0 0.0 1.0 0
cell 14.553688216722616 14.78088799714389 0.0 1.0 1.0 1 0 0 0.0 1.0 0
cell 18.458628666379163 27.762254840365415 0.0 1.0 1.0 1 0 0 0.0 1.0 0
cell 28.417028991686976 17.852027610430113 0.0 1.0 1.0 1 0 0 0.0 1.0 0
cell 10.310316530168345 1.3208743749978888 0.0 1.0 1.0 1 0 0 0.0 1.0 0
cell 33.608063805060354 35.738063314909354 0.0 1.0 1.0 1 0 0 0.0 1.0 0
cell 1.5103762448638456 8.532474680881833 0.0 1.0 1.0 1 0 0 0.0 1.0 0
cell 41.033646192841644 30.256721623695395 0.0 1.0 1.0 1 0 0 0.0 1.0 0
cell 41.02974856492296 17.061907637606836 0.0 1.0 1.0 1 0 0 0.0 1.0 0
cell 6.660017196907274 32.07939365045943 0.0 1.0 1.0 1 0 0 0.0 1.0 0
cell 16.231071525211092 2.688935117052483 0.0 1.0 1.0 1 0 0 0.0 1.0 0
cell 41.835775012674816 8.105819003460025 0.0 1.0 1.0 1 0 0 0.0 1.0 0
cell 28.237887830599462 0.08613682683068812 0.0 1.0 1.0 1 0 0 0.0 1.0 0
cell 23.842081769298208 15.070652842791311 0.0 1.0 1.0 1 0 0 0.0 1.0 0
cell 24.425016448685753 17.01081034983112 0.0 1.0 1.0 1 0 0 0.0 1.0 0
cell 13.350296682656808 10.973112752530078 0.0 1.0 1.0 1 0 0 0.0 1.0 0
cell 34.95835499678447 21.118286729469048 0.0 1.0 1.0 1 0 0 0.0 1.0 0
cell 25.498745743100915 26.139601698093927 0.0 1.0 1.0 1 0 0 0.0 1.0 0
cell 10.14163811949005 6.666286621307913 0.0 1.0 1.0 1 0 0 0.0 1.0 0
cell 19.018668739371748 17.531242128958887 0.0 1.0 1.0 1 0 0 0.0 1.0 0
cell 5.102823437626881 38.91082362784785 0.0 1.0 1.0 1 0 0 0.0 1.0 0
cell 36.413938543838356 14.1709425121465 0.0 1.0 1.0 1 0 0 0.0 1.0 0
cell 32.03400561243076 6.005355199767112 0.0 1.0 1.0 1 0 0 0.0 1.0 0
cell 24.88706313894406 1.0855639367462113 0.0 1.0 1.0 1 0 0 0.0 1.0 0
cell 41.42651089410258 24.403212706798524 0.0 1.0 1.0 1 0 0 0.0 1.0 0
cell 26.58054984582167 12.083134360537768 0.0 1.0 1.0 1 0 0 0.0 1.0 0
cell 32.569451760773354 31.406451465987598 0.0 1.0 1.0 1 0 0 0.0 1.0 0
cell 7.261857554888294 34.017411871942436 0.0 1.0 1.0 1 0 0 0.0 1.0 0
cell 16.0584669236431 8.001137530489435 0.0 1.0 1.0 1 0 0 0.0 1.0 0
cell 28.84668547469572 1.9347542765783943 0.0 1.0 1.0 1 0 0 0.0 1.0 0
cell 24.6444608306027 36.265760282021745 0.0 1.0 1.0 1 0 0 0.0 1.0 0
cell 27.658642972509323 21.274927338543726 0.0 1.0 1.0 1 0 0 0.0 1.0 0
cell 2.705536819038926 17.955194466935517 0.0 1.0 1.0 1 0 0 0.0 1.0 0
cell 27.49074655459162 26.594794550196863 0.0 1.0 1.0 1 0 0 0.0 1.0 0
cell 16.726133740960567 34.4507123329784 0.0 1.0 1.0 1 0 0 0.0 1.0 0
cell 14.948979260052528 28.760927544244755 0.0 1.0 1.0 1 0 0 0.0 1.0 0
cell 20.44504266083407 16.045680649193343 0.0 1.0 1.0 1 0 0 0.0 1.0 0
cell 20.1015405501955 33.45762016096411 0.0 1.0 1.0 1 0 0 0.0 1.0 0
cell 26.31449765423025 22.754201135333595 0.0 1.0 1.0 1 0 0 0.0 1.0 0
cell 2.404854553249427 41.87622573932254 0.0 1.0 1.0 1 0 0 0.0 1.0 0
cell 42.057390802668955 39.54620427111642 0.0 1.0 1.0 1 0 0 0.0 1.0 0
cell 15.044100490863856 41.12770586982525 0.0 1.0 1.0 1 0 0 0.0 1.0 0
cell 20.026361497476177 8.944400499477277 0.0 1.0 1.0 1 0 0 0.0 1.0 0
cell 3.2861969678235017 33.069764528764345 0.0 1.0 1.0 1 0 0 0.0 1.0 0
cell 8.197349982973467 6.274867253673425 0.0 1.0 1.0 1 0 0 0.0 1.0 0
cell 28.11376408755671 5.339554896565798 0.0 1.0 1.0 1 0 0 0.0 1.0 0
cell 36.111753269812134 1.4505696893185325 0.0 1.0 1.0 1 0 0 0.0 1.0 0
cell 10.025336384279774 31.07276904818919 0.0 1.0 1.0 1 0 0 0.0 1.0 0
cell 35.96779683729717 6.837596223095343 0.0 1.0 1.0 1 0 0 0.0 1.0 0
cell 10.505011732704267 26.068789362514213 0.0 1.0 1.0 1 0 0 0.0 1.0 0
cell 13.464696877573592 23.425731252855453 0.0 1.0 1.0 1 0 0 0.0 1.0 0
cell 31.85626700171577 11.467319016369157 0.0 1.0 1.0 1 0 0 0.0 1.0 0
cell 40.465579822530486 28.33250809044409 0.0 1.0 1.0 1 0 0 0.0 1.0 0
cell 0.04058284317235826 15.474080060720127 0.0 1.0 1.0 1 0 0 0.0 1.0 0
cell 1.0243074180988696 1.18464190393964 0.0 1.0 1.0 1 0 0 0.0 1.0 0
cell 12.980121864193283 28.308996684024837 0.0 1.0 1.0 1 0 0 0.0 1.0 0
cell 11.970061899307387 24.70673092058287 0.0 1.0 1.0 1 0 0 0.0 1.0 0
cell 34.33283186179648 19.21976387962092 0.0 1.0 1.0 1 0 0 0.0 1.0 0
cell 37.71585026209162 31.294972075277364 0.0 1.0 1.0 1 0 0 0.0 1.0 0
cell 32.19072031411235 0.5294710588556876 0.0 1.0 1.0 1 0 0 0.0 1.0 0
cell 29.634904883382223 40.35197421354021 0.0 1.0 1.0 1 0 0 0.0 1.0 0
cell 6.363240585406868 0.5263448341832033 0.0 1.0 1.0 1 0 0 0.0 1.0 0
cell 19.580962574466348 1.7266736523273207 0.0 1.0 1.0 1 0 0 0.0 1.0 0
cell 23.739889581066112 39.58188294628831 0.0 1.0 1.0 1 0 0 0.0 1.0 0
cell 0.7583421954296258 17.519113910495324 0.0 1.0 1.0 1 0 0 0.0 1.0 0
cell 14.251854352397649 2.2418424119159743 0.0 1.0 1.0 1 0 0 0.0 1.0 0
cell 23.198349596126093 37.704903041673425 0.0 1.0 1.0 1 0 0 0.0 1.0 0
cell 31.465539984181653 27.537680607081093 0.0 1.0 1.0 1 0 0 0.0 1.0 0
cell 1.9592799119414663 15.905597262177176 0.0 1.0 1.0 1 0 0 0.0 1.0 0
cell 1.9429392672077708 34.58177418840602 0.0 1.0 1.0 1 0 0 0.0 1.0 0
cell 26.693833575030055 30.02343179048539 0.0 1.0 1.0 1 0 0 0.0 1.0 0
cell 30.645975492074527 7.624049360510584 0.0 1.0 1.0 1 0 0 0.0 1.0 0
cell 7.828687191484189 16.79166364793384 0.0 1.0 1.0 1 0 0 0.0 1.0 0
cell 2.137535497618529 29.230323012890015 0.0 1.0 1.0 1 0 0 0.0 1.0 0
cell 20.973324258398648 0.21858433509750505 0.0 1.0 1.0 1 0 0 0.0 1.0 0
cell 21.248522448254935 37.22900109650289 0.0 1.0 1.0 1 0 0 0.0 1.0 0
cell 10.646159105697434 32.943331267661385 0.0 1.0 1.0 1 0 0 0.0 1.0 0
cell 11.16419075835574 15.76774372703361 0.0 1.0 1.0 1 0 0 0.0 1.0 0
cell 6.811546108879122 7.746977100276707 0.0 1.0 1.0 1 0 0 0.0 1.0 0
cell 21.837396981409523 14.640359998023657 0.0 1.0 1.0 1 0 0 0.0 1.0 0
cell 18.040499284977518 8.469292559673425 0.0 1.0 1.0 1 0 0 0.0 1.0 0
cell 11.668501312359988 42.131034727462115 0.0 1.0 1.0 1 0 0 0.0 1.0 0
cell 36.93780717616562 34.760038404236354 0.0 1.0 1.0 1 0 0 0.0 1.0 0
cell 5.079267747791222 20.880777887781147 0.0 1.0 1.0 1 0 0 0.0 1.0 0
cell 14.296553695114572 20.038912243028616 0.0 1.0 1.0 1 0 0 0.0 1.0 0
cell 32.799571179648176 26.038482807311755 0.0 1.0 1.0 1 0 0 0.0 1.0 0
cell 32.49238955204146 13.367502505669828 0.0 1.0 1.0 1 0 0 0.0 1.0 0
cell 41.186464856886616 6.149946333894767 0.0 1.0 1.0 1 0 0 0.0 1.0 0
cell 13.297161076913683 35.40913658895109 0.0 1.0 1.0 1 0 0 0.0 1.0 0
cell 10.009911418409633 24.22417200945341 0.0 1.0 1.0 1 0 0 0.0 1.0 0
cell 32.952565299953385 20.68677147555982 0.0 1.0 1.0 1 0 0 0.0 1.0 0
cell 19.410094806144677 24.638905967967478 0.0 1.0 1.0 1 0 0 0.0 1.0 0
cell 20.158731849757626 3.6064768497188995 0.0 1.0 1.0 1 0 0 0.0 1.0 0
cell 27.78340314321986 15.95201051037902 0.0 1.0 1.0 1 0 0 0.0 1.0 0
cell 33.38092134206717 4.48635350340695 0.0 1.0 1.0 1 0 0 0.0 1.0 0
cell 26.04125834102434 34.84000120825064 0.0 1.0 1.0 1 0 0 0.0 1.0 0
cell 26.892992587541983 1.530622522424014 0.0 1.0 1.0 1 0 0 0.0 1.0 0
cell 0.4261239489814947 41.47997561091727 0.0 1.0 1.0 1 0 0 0.0 1.0 0
cell 24.156826854052863 4.442176317130669 0.0 1.0 1.0 1 0 0 0.0 1.0 0
cell 3.485582520833575 8.980281190115587 0.0 1.0 1.0 1 0 0 0.0 1.0 0
cell 32.765248182386 2.5102344137301706 0.0 1.0 1.0 1 0 0 0.0 1.0 0
cell 21.231486469500357 12.758419202673883 0.0 1.0 1.0 1 0 0 0.0 1.0 0
cell 19.24657567148231 36.78820761160571 0.0 1.0 1.0 1 0 0 0.0 1.0 0
cell 7.858607135886681 35.92769102695146 0.0 1.0 1.0 1 0 0 0.0 1.0 0
cell 17.447514290428693 24.2301000464398 0.0 1.0 1.0 1 0 0 0.0 1.0 0
cell 18.6782635144079 34.83653480389001 0.0 1.0 1.0 1 0 0 0.0 1.0 0
cell 26.075840798094358 4.8981665566312715 0.0 1.0 1.0 1 0 0 0.0 1.0 0
cell 11.750565089628253 17.676654380222672 0.0 1.0 1.0 1 0 0 0.0 1.0 0
cell 29.46141126829895 3.8508032646633494 0.0 1.0 1.0 1 0 0 0.0 1.0 0
cell 23.707235327644273 20.381135086961688 0.0 1.0 1.0 1 0 0 0.0 1.0 0
cell 22.816242902984964 23.605497067583677 0.0 1.0 1.0 1 0 0 0.0 1.0 0
cell 8.241118978350762 25.27791468346497 0.0 1.0 1.0 1 0 0 0.0 1.0 0
cell 16.93725462091493 29.08713345104553 0.0 1.0 1.0 1 0 0 0.0 1.0 0
cell 29.44095408384491 27.05979580968897 0.0 1.0 1.0 1 0 0 0.0 1.0 0
cell 7.6515071146842475 23.312358816370455 0.0 1.0 1.0 1 0 0 0.0 1.0 0
cell 15.124939117686615 16.666596770206276 0.0 1.0 1.0 1 0 0 0.0 1.0 0
cell 35.01257291626345 34.27577331483431 0.0 1.0 1.0 1 0 0 0.0 1.0 0
cell 18.22880842822766 3.131976273203888 0.0 1.0 1.0 1 0 0 0.0 1.0 0
cell 11.512638388009261 5.16012168285226 0.0 1.0 1.0 1 0 0 0.0 1.0 0
cell 20.78716301137559 5.519719760985187 0.0 1.0 1.0 1 0 0 0.0 1.0 0
cell 34.76313568934022 2.9427341523592214 0.0 1.0 1.0 1 0 0 0.0 1.0 0
cell 3.8890590767294237 35.064218818157535 0.0 1.0 1.0 1 0 0 0.0 1.0 0
cell 30.414349310399885 18.278603579791863 0.0 1.0 1.0 1 0 0 0.0 1.0 0
cell 19.524529159621522 31.584324387589696 0.0 1.0 1.0 1 0 0 0.0 1.0 0
cell 22.1816689466139 4.04017280439013 0.0 1.0 1.0 1 0 0 0.0 1.0 0
cell 25.335785695795416 8.298593884730936 0.0 1.0 1.0 1 0 0 0.0 1.0 0
cell 25.20046429431064 13.619212463033653 0.0 1.0 1.0 1 0 0 0.0 1.0 0
cell 21.57893970714523 19.851187449736962 0.0 1.0 1.0 1 0 0 0.0 1.0 0
cell 2.7080900096544016 31.168968828404267 0.0 1.0 1.0 1 0 0 0.0 1.0 0
cell 36.75192622724144 40.148802196321064 0.0 1.0 1.0 1 0 0 0.0 1.0 0
cell 4.30958662111477 24.33845353426082 0.0 1.0 1.0 1 0 0 0.0 1.0 0
cell 30.537924828906753 12.966845605997744 0.0 1.0 1.0 1 0 0 0.0 1.0 0
cell 30.215154477143127 0.1155683240787592 0.0 1.0 1.0 1 0 0 0.0 1.0 0
cell 38.32697952154315 33.27770069493198 0.0 1.0 1.0 1 0 0 0.0 1.0 0
cell 16.82701165702283 22.35277337467684 0.0 1.0 1.0 1 0 0 0.0 1.0 0
cell 17.080941359971963 17.0660713571434 0.0 1.0 1.0 1 0 0 0.0 1.0 0
cell 15.316600834321006 11.415186023787937 0.0 1.0 1.0 1 0 0 0.0 1.0 0
cell 14.092811083479525 7.553868076001954 0.0 1.0 1.0 1 0 0 0.0 1.0 0
cell 17.001206044100933 41.59418261218479 0.0 1.0 1.0 1 0 0 0.0 1.0 0
cell 37.149115049674286 10.708597594793469 0.0 1.0 1.0 1 0 0 0.0 1.0 0
cell 41.59560505128183 19.02470151050216 0.0 1.0 1.0 1 0 0 0.0 1.0 0
cell 25.811048301134857 15.501114933137284 0.0 1.0 1.0 1 0 0 0.0 1.0 0
cell 30.640149946918996 30.949452513625793 0.0 1.0 1.0 1 0 0 0.0 1.0 0
cell 15.702261070151966 18.585816397779404 0.0 1.0 1.0 1 0 0 0.0 1.0 0
cell 3.7496005442333242 40.39084166050022 0.0 1.0 1.0 1 0 0 0.0 1.0 0
cell 13.861948095809522 37.32331101332573 0.0 1.0 1.0 1 0 0 0.0 1.0 0
cell 40.7212717112262 41.051140710098394 0.0 1.0 1.0 1 0 0 0.0 1.0 0
cell 23.069400566004926 18.45452457577207 0.0 1.0 1.0 1 0 0 0.0 1.0 0
cell 13.155083804484779 16.247921445658974 0.0 1.0 1.0 1 0 0 0.0 1.0 0
cell 3.313680674810387 14.373859490117948 0.0 1.0 1.0 1 0 0 0.0 1.0 0
cell 24.091689944811616 34.37865125795962 0.0 1.0 1.0 1 0 0 0.0 1.0 0
cell 3.2984092027403435 19.937863792964023 0.0 1.0 1.0 1 0 0 0.0 1.0 0
cell 28.259260124123593 23.189377572403487 0.0 1.0 1.0 1 0 0 0.0 1.0 0
cell 27.171457335952717 38.59383926336997 0.0 1.0 1.0 1 0 0 0.0 1.0 0
cell 28.650634373303813 30.490455901065165 0.0 1.0 1.0 1 0 0 0.0 1.0 0
cell 17.223895003945472 26.19504952325417 0.0 1.0 1.0 1 0 0 0.0 1.0 0
cell 21.041889292428035 17.969779204961984 0.0 1.0 1.0 1 0 0 0.0 1.0 0
cell 1.345761881079664 19.446118723784128 0.0 1.0 1.0 1 0 0 0.0 1.0 0
cell 4.821245183786946 7.351489634863132 0.0 1.0 1.0 1 0 0 0.0 1.0 0
cell 36.68687878080651 3.3719914537361726 0.0 1.0 1.0 1 0 0 0.0 1.0 0
cell 40.30721571795877 15.036622994206942 0.0 1.0 1.0 1 0 0 0.0 1.0 0
cell 7.732990013904531 41.28483858775495 0.0 1.0 1.0 1 0 0 0.0 1.0 0
cell 24.303506948968923 41.479169787921656 0.0 1.0 1.0 1 0 0 0.0 1.0 0
cell 12.745920220391328 9.00790100153307 0.0 1.0 1.0 1 0 0 0.0 1.0 0
cell 8.29714213377515 0.945261110438037 0.0 1.0 1.0 1 0 0 0.0 1.0 0
cell 9.38533250378412 29.105638932898366 0.0 1.0 1.0 1 0 0 0.0 1.0 0
cell 1.9698374554010392 21.410131351926374 0.0 1.0 1.0 1 0 0 0.0 1.0 0
cell 39.06194515995292 16.615587582584325 0.0 1.0 1.0 1 0 0 0.0 1.0 0
cell 22.35624234971507 41.05035223872939 0.0 1.0 1.0 1 0 0 0.0 1.0 0
cell 35.69769671624906 17.673070257814544 0.0 1.0 1.0 1 0 0 0.0 1.0 0
cell 20.34898439525915 40.613205002875 0.0 1.0 1.0 1 0 0 0.0 1.0 0
cell 41.360832699558046 0.7681775140727943 0.0 1.0 1.0 1 0 0 0.0 1.0 0
cell 35.31000621538472 4.909720608038881 0.0 1.0 1.0 1 0 0 0.0 1.0 0
cell 18.08716569508448 32.94992807239396 0.0 1.0 1.0 1 0 0 0.0 1.0 0
cell 33.561481116239584 41.22749163574293 0.0 1.0 1.0 1 0 0 0.0 1.0 0
cell 15.64266201726494 0.7988245166605437 0.0 1.0 1.0 1 0 0 0.0 1.0 0
cell 19.925170115412225 26.415839021149175 0.0 1.0 1.0 1 0 0 0.0 1.0 0
cell 29.0356285996385 19.787725604737748 0.0 1.0 1.0 1 0 0 0.0 1.0 0
cell 28.66534987223589 7.201105461366079 0.0 1.0 1.0 1 0 0 0.0 1.0 0
cell 41.05244653847673 11.55773547879266 0.0 1.0 1.0 1 0 0 0.0 1.0 0
cell 10.899927561305802 20.97781512791679 0.0 1.0 1.0 1 0 0 0.0 1.0 0
cell 33.84072599417019 11.832168783325164 0.0 1.0 1.0 1 0 0 0.0 1.0 0
cell 14.896690497483599 21.936905723382168 0.0 1.0 1.0 1 0 0 0.0 1.0 0
cell 41.95243072497043 2.6583314344428044 0.0 1.0 1.0 1 0 0 0.0 1.0 0
cell 7.102646178224579 39.327955061892546 0.0 1.0 1.0 1 0 0 0.0 1.0 0
cell 2.526407303339044 36.54946601970821 0.0 1.0 1.0 1 0 0 0.0 1.0 0
cell 34.477816678014705 13.754647278300292 0.0 1.0 1.0 1 0 0 0.0 1.0 0
