500
 Lattice="42.24921095006736 0.0 0.0 0.0 42.24921095006736 0.0 0.0 0.0 1.0"Properties=species:S:1:pos:R:3:aspherical_shape:R:3:orientation:R:4:Color:R:1
cell 38.594675810511426 31.431877780694045 0.0 1.0 1.0 1 0 0 0.0 1.0 0
cell 7.200683191029839 0.5101803896864404 0.0 1.0 1.0 1 0 0 0.0 1.0 0
cell 9.25208809428901 22.326512131803426 0.0 1.0 1.0 1 0 0 0.0 1.0 0
cell 8.478930223539374 4.3213111852786215 0.0 1.0 1.0 1 0 0 0.0 1.0 0
cell 23.836787023113054 14.756559776393075 0.0 1.0 1.0 1 0 0 0.0 1.0 0
cell 18.859358587681314 19.620759140482715 0.0 1.0 1.0 1 0 0 0.0 1.0 0
cell 3.3169656292570373 7.200255833421459 0.0 1.0 1.0 1 0 0 0.0 1.0 0
cell 4.74361819811607 39.966853731226585 0.0 1.0 1.0 1 0 0 0.0 1.0 0
cell 26.916104450425614 28.58082766091223 0.0 1.0 1.0 1 0 0 0.0 1.0 0
cell 13.979187730619604 24.581128885416838 0.0 1.0 1.0 1 0 0 0.0 1.0 0
cell 33.139404599664275 13.516247216185203 0.0 1.0 1.0 1 0 0 0.0 1.0 0
cell 7.819830741668273 20.90309360685029 0.0 1.0 1.0 1 0 0 0.0 1.0 0
cell 24.013677866568244 0.6079412091166169 0.0 1.0 1.0 1 0 0 0.0 1.0 0
cell 17.143358115471496 2.589306546070568 0.0 1.0 1.0 1 0 0 0.0 1.0 0
cell 29.41886849755906 31.667959846804514 0.0 1.0 1.0 1 0 0 0.0 1.0 0
cell 32.73610204778901 32.79831376731664 0.0 1.0 1.0 1 0 0 0.0 1.0 0
cell 18.93908032322217 12.25682727849019 0.0 1.0 1.0 1 0 0 0.0 1.0 0
cell 1.0292482075170453 33.764576895909904 0.0 1.0 1.0 1 0 0 0.0 1.0 0
cell 24.706647009442268 12.934718601562704 0.0 1.0 1.0 1 0 0 0.0 1.0 0
cell 7.8119540383405575 12.948275049408512 0.0 1.0 1.0 1 0 0 0.0 1.0 0
cell 11.149493586966761 21.807056270816204 0.0 1.0 1.0 1 0 0 0.0 1.0 0
cell 4.23257283181944 8.977194132503618 0.0 1.0 1.0 1 0 0 0.0 1.0 0
cell 36.92180344500362 37.148113991439025 0.0 1.0 1.0 1 0 0 0.0 1.0 0
cell 24.166263966280614 18.18177756804731 0.0 1.0 1.0 1 0 0 0.0 1.0 0
cell 8.161130997370869 33.52309581468701 0.0 1.0 1.0 1 0 0 0.0 1.0 0
cell 34.22470942270489 11.884054089402884 0.0 1.0 1.0 1 0 0 0.0 1.0 0
cell 12.510763668602792 30.439576712474764 0.0 1.0 1.0 1 0 0 0.0 1.0 0
cell 11.045974715929605 36.26724317815331 0.0 1.0 1.0 1 0 0 0.0 1.0 0
cell 32.20187036156603 34.71819931494562 0.0 1.0 1.0 1 0 0 0.0 1.0 0
cell 14.984563436964264 12.981897448914415 0.0 1.0 1.0 1 0 0 0.0 1.0 0
cell 38.02717079168515 33.32028186380682 0.0 1.0 1.0 1 0 0 0.0 1.0 0
cell 3.4359395035667073 31.28189687383002 0.0 1.0 1.0 1 0 0 0.0 1.0 0
cell 10.612286499277051 23.707691423728505 0.0 1.0 1.0 1 0 0 0.0 1.0 0
cell 22.983820965448515 29.197502925224168 0.0 1.0 1.0 1 0 0 0.0 1.0 0
cell 4.917143822270629 25.30590711177344 0.0 1.0 1.0 1 0 0 0.0 1.0 0
cell 9.172687055411465 0.9397246312924522 0.0 1.0 1.0 1 0 0 0.0 1.0 0
cell 29.172910499996917 41.12444493054991 0.0 1.0 1.0 1 0 0 0.0 1.0 0
cell 13.848019829134131 40.67724896998552 0.0 1.0 1.0 1 0 0 0.0 1.0 0
cell 11.304185182968274 14.522343107108759 0.0 1.0 1.0 1 0 0 0.0 1.0 0
cell 26.24187189237547 30.46115551303179 0.0 1.0 1.0 1 0 0 0.0 1.0 0
cell 6.39809162586489 19.509612832108957 0.0 1.0 1.0 1 0 0 0.0 1.0 0
cell 36.27898895598057 11.960844412501519 0.0 1.0 1.0 1 0 0 0.0 1.0 0
cell 25.491044065391982 6.399886949637112 0.0 1.0 1.0 1 0 0 0.0 1.0 0
cell 7.835520933005875 2.4372593153573447 0.0 1.0 1.0 1 0 0 0.0 1.0 0
cell 34.42733635432311 8.407104683936899 0.0 1.0 1.0 1 0 0 0.0 1.0 0
cell 39.70543938324069 40.05831649888003 0.0 1.0 1.0 1 0 0 0.0 1.0 0
cell 19.31822622406103 31.051340523085884 0.0 1.0 1.0 1 0 0 0.0 1.0 0
cell 32.55191834886476 23.89433389278881 0.0 1.0 1.0 1 0 0 0.0 1.0 0
cell 23.551348678727635 11.327872183941919 0.0 1.0 1.0 1 0 0 0.0 1.0 0
cell 11.596085480058957 27.085500572159745 0.0 1.0 1.0 1 0 0 0.0 1.0 0
cell 0.49508514791768343 35.68966118284172 0.0 1.0 1.0 1 0 0 0.0 1.0 0
cell 36.053471330164825 15.45986825330518 0.0 1.0 1.0 1 0 0 0.0 1.0 0
cell 19.69388079470574 35.09752887458637 0.0 1.0 1.0 1 0 0 0.0 1.0 0
cell 1.2778349336143902 7.0472747218778435 0.0 1.0 1.0 1 0 0 0.0 1.0 0
cell 14.450426531000296 29.92969844671246 0.0 1.0 1.0 1 0 0 0.0 1.0 0
cell 9.663980379811216 27.63250668176314 0.0 1.0 1.0 1 0 0 0.0 1.0 0
cell 6.536476135098067 3.9237800424104607 0.0 1.0 1.0 1 0 0 0.0 1.0 0
cell 7.713658211922292 28.164353319064848 0.0 1.0 1.0 1 0 0 0.0 1.0 0
cell 32.014872886146 29.361657684083358 0.0 1.0 1.0 1 0 0 0.0 1.0 0
cell 39.35076090477963 10.338962785318179 0.0 1.0 1.0 1 0 0 0.0 1.0 0
cell 9.084707749335061 6.229385404008388 0.0 1.0 1.0 1 0 0 0.0 1.0 0
cell 2.9837454362437126 33.20067485643679 0.0 1.0 1.0 1 0 0 0.0 1.0 0
cell 40.886331070719876 20.86671936729214 0.0 1.0 1.0 1 0 0 0.0 1.0 0
cell 33.06843048150815 42.24247492718422 0.0 1.0 1.0 1 0 0 0.0 1.0 0
cell 0.22165696898822926 0.7570747219717916 0.0 1.0 1.0 1 0 0 0.0 1.0 0
cell 9.780252349623531 39.805069710584256 0.0 1.0 1.0 1 0 0 0.0 1.0 0
cell 2.8593203703127372 3.437363832964064 0.0 1.0 1.0 1 0 0 0.0 1.0 0
cell 14.861467942591606 34.97075819842994 0.0 1.0 1.0 1 0 0 0.0 1.0 0
cell 23.06542776646999 24.01018810005507 0.0 1.0 1.0 1 0 0 0.0 1.0 0
cell 41.03197854424113 17.43161534768215 0.0 1.0 1.0 1 0 0 0.0 1.0 0
cell 21.85796110930735 14.976463683649285 0.0 1.0 1.0 1 0 0 0.0 1.0 0
cell 38.87141467680866 36.70034626004319 0.0 1.0 1.0 1 0 0 0.0 1.0 0
cell 37.66716567555753 28.057097453125458 0.0 1.0 1.0 1 0 0 0.0 1.0 0
cell 6.558266136650141 14.411586071256059 0.0 1.0 1.0 1 0 0 0.0 1.0 0
cell 2.9849823735138177 25.832633476202993 0.0 1.0 1.0 1 0 0 0.0 1.0 0
cell 36.414533806111976 8.535741770308178 0.0 1.0 1.0 1 0 0 0.0 1.0 0
cell 20.55079269056407 26.35385287197359 0.0 1.0 1.0 1 0 0 0.0 1.0 0
cell 15.102276631307037 2.225737289023172 0.0 1.0 1.0 1 0 0 0.0 1.0 0
cell 20.539786703578947 1.626487949338523 0.0 1.0 1.0 1 0 0 0.0 1.0 0
cell 1.7808428721328022 15.835954852367836 0.0 1.0 1.0 1 0 0 0.0 1.0 0
cell 3.475446080211701 23.885812319948865 0.0 1.0 1.0 1 0 0 0.0 1.0 0
cell 21.075309638039517 29.945905052360335 0.0 1.0 1.0 1 0 0 0.0 1.0 0
cell 13.490659205216694 26.556137280879934 0.0 1.0 1.0 1 0 0 0.0 1.0 0
cell 26.570116911339593 34.44502636839184 0.0 1.0 1.0 1 0 0 0.0 1.0 0
cell 16.977873959103416 20.169029243038484 0.0 1.0 1.0 1 0 0 0.0 1.0 0
cell 8.485431408727052 41.24076793759071 0.0 1.0 1.0 1 0 0 0.0 1.0 0
cell 13.635387123050023 19.34335161167445 0.0 1.0 1.0 1 0 0 0.0 1.0 0
cell 16.826370985260827 27.425811252478997 0.0 1.0 1.0 1 0 0 0.0 1.0 0
cell 42.237585982932494 37.63758717010971 0.0 1.0 1.0 1 0 0 0.0 1.0 0
cell 7.107337247806993 11.097829668650592 0.0 1.0 1.0 1 0 0 0.0 1.0 0
cell 15.783839057120959 4.09310921035724 0.0 1.0 1.0 1 0 0 0.0 1.0 0
cell 6.797320078882926 24.814069755282425 0.0 1.0 1.0 1 0 0 0.0 1.0 0
cell 3.8734245980648727 36.59043350231885 0.0 1.0 1.0 1 0 0 0.0 1.0 0
cell 16.976712930404577 7.929513636715192 0.0 1.0 1.0 1 0 0 0.0 1.0 0
cell 40.47498040755049 1.1893794477013808 0.0 1.0 1.0 1 0 0 0.0 1.0 0
cell 20.13703391843832 41.893921628754924 0.0 1.0 1.0 1 0 0 0.0 1.0 0
cell 31.880594010967517 18.65486267933895 0.0 1.0 1.0 1 0 0 0.0 1.0 0
cell 28.834704488627715 28.254267105270785 0.0 1.0 1.0 1 0 0 0.0 1.0 0
cell 8.305849517721168 19.022718605464988 0.0 1.0 1.0 1 0 0 0.0 1.0 0
cell 21.55170629194107 35.90499315244392 0.0 1.0 1.0 1 0 0 0.0 1.0 0
cell 14.925902455514445 27.952141084403213 0.0 1.0 1.0 1 0 0 0.0 1.0 0
cell 33.493442152505175 1.9048628015990665 0.0 1.0 1.0 1 0 0 0.0 1.0 0
cell 40.816595732693905 36.18967079204213 0.0 1.0 1.0 1 0 0 0.0 1.0 0
cell 2.9812387824136235 18.56780832128459 0.0 1.0 1.0 1 0 0 0.0 1.0 0
cell 11.108735599575057 29.05816955064389 0.0 1.0 1.0 1 0 0 0.0 1.0 0
cell 8.636009340415042 31.549133579509668 0.0 1.0 1.0 1 0 0 0.0 1.0 0
cell 11.710210481988 8.479810143497431 0.0 1.0 1.0 1 0 0 0.0 1.0 0
cell 34.75321090728336 20.54407927448444 0.0 1.0 1.0 1 0 0 0.0 1.0 0
cell 22.75708515229571 30.915113307417382 0.0 1.0 1.0 1 0 0 0.0 1.0 0
cell 26.376227059532937 25.184379031643424 0.0 1.0 1.0 1 0 0 0.0 1.0 0
cell 29.327143835225012 9.930485211705552 0.0 1.0 1.0 1 0 0 0.0 1.0 0
cell 21.86220107297927 37.917051016239874 0.0 1.0 1.0 1 0 0 0.0 1.0 0
cell 35.15887782249213 13.64288339768294 0.0 1.0 1.0 1 0 0 0.0 1.0 0
cell 30.55272453884155 23.869867047944467 0.0 1.0 1.0 1 0 0 0.0 1.0 0
cell 10.47826907675416 41.68972356842589 0.0 1.0 1.0 1 0 0 0.0 1.0 0
cell 21.10468487152648 3.5422842917089237 0.0 1.0 1.0 1 0 0 0.0 1.0 0
cell 28.599240622667175 37.21330301942216 0.0 1.0 1.0 1 0 0 0.0 1.0 0
cell 4.4178503135869835 27.303062084231858 0.0 1.0 1.0 1 0 0 0.0 1.0 0
cell 21.712249155759075 22.513096182667432 0.0 1.0 1.0 1 0 0 0.0 1.0 0
cell 35.51184676592276 35.708058540534736 0.0 1.0 1.0 1 0 0 0.0 1.0 0
cell 15.031243452310706 7.494705156954989 0.0 1.0 1.0 1 0 0 0.0 1.0 0
cell 15.005330544979822 20.682123688323237 0.0 1.0 1.0 1 0 0 0.0 1.0 0
cell 28.7685419760326 20.170936375025917 0.0 1.0 1.0 1 0 0 0.0 1.0 0
cell 24.96481132630223 28.965702970319267 0.0 1.0 1.0 1 0 0 0.0 1.0 0
cell 15.543214723388113 18.769807494411026 0.0 1.0 1.0 1 0 0 0.0 1.0 0
cell 36.36136627430157 39.064245782973906 0.0 1.0 1.0 1 0 0 0.0 1.0 0
cell 10.402170002714643 4.7450350171744455 0.0 1.0 1.0 1 0 0 0.0 1.0 0
cell 28.68511389771937 4.140321801449275 0.0 1.0 1.0 1 0 0 0.0 1.0 0
cell 39.94569284274473 19.146191540456364 0.0 1.0 1.0 1 0 0 0.0 1.0 0
cell 41.975558382119154 25.07485760812889 0.0 1.0 1.0 1 0 0 0.0 1.0 0
cell 15.889643660624998 31.330721905187968 0.0 1.0 1.0 1 0 0 0.0 1.0 0
cell 34.65503021542381 32.366880863142995 0.0 1.0 1.0 1 0 0 0.0 1.0 0
cell 33.87859999141939 18.777076571134916 0.0 1.0 1.0 1 0 0 0.0 1.0 0
cell 11.050833342021793 6.6555663735045245 0.0 1.0 1.0 1 0 0 0.0 1.0 0
cell 0.1399886330643039 22.9851313083415 0.0 1.0 1.0 1 0 0 0.0 1.0 0
cell 26.052545551646883 11.417957863685444 0.0 1.0 1.0 1 0 0 0.0 1.0 0
cell 9.40623698907924 15.149894620327892 0.0 1.0 1.0 1 0 0 0.0 1.0 0
cell 36.08741604193653 33.83518470117792 0.0 1.0 1.0 1 0 0 0.0 1.0 0
cell 17.031213966062424 12.915432221166023 0.0 1.0 1.0 1 0 0 0.0 1.0 0
cell 7.706026596997531 35.48109272283535 0.0 1.0 1.0 1 0 0 0.0 1.0 0
cell 24.389213026400814 25.476261627241822 0.0 1.0 1.0 1 0 0 0.0 1.0 0
cell 19.780844941053385 22.970053481938095 0.0 1.0 1.0 1 0 0 0.0 1.0 0
cell 17.8293712598865 23.529100497227475 0.0 1.0 1.0 1 0 0 0.0 1.0 0
cell 28.182960724209565 30.207440597323284 0.0 1.0 1.0 1 0 0 0.0 1.0 0
cell 2.8172942305938284 40.4038697798404 0.0 1.0 1.0 1 0 0 0.0 1.0 0
cell 11.511310223784065 34.28946898144053 0.0 1.0 1.0 1 0 0 0.0 1.0 0
cell 4.55228317985568 5.619971088324982 0.0 1.0 1.0 1 0 0 0.0 1.0 0
cell 34.58847177765602 5.014417321424878 0.0 1.0 1.0 1 0 0 0.0 1.0 0
cell 11.04641737276062 11.869428007533589 0.0 1.0 1.0 1 0 0 0.0 1.0 0
cell 41.014335739354244 28.971501249906055 0.0 1.0 1.0 1 0 0 0.0 1.0 0
cell 40.61271200764834 5.082129718035768 0.0 1.0 1.0 1 0 0 0.0 1.0 0
cell 41.15003161107659 13.935567055042918 0.0 1.0 1.0 1 0 0 0.0 1.0 0
cell 27.141006873250866 13.1695365601246 0.0 1.0 1.0 1 0 0 0.0 1.0 0
cell 28.96124471994218 16.71733693097201 0.0 1.0 1.0 1 0 0 0.0 1.0 0
cell 15.63800648171105 9.376787103612088 0.0 1.0 1.0 1 0 0 0.0 1.0 0
cell 24.82393896839345 33.59199603957138 0.0 1.0 1.0 1 0 0 0.0 1.0 0
cell 25.42292379109524 39.63637719445889 0.0 1.0 1.0 1 0 0 0.0 1.0 0
cell 19.986086539528706 37.039843069746944 0.0 1.0 1.0 1 0 0 0.0 1.0 0
cell 5.887626554132557 21.4211083763074 0.0 1.0 1.0 1 0 0 0.0 1.0 0
cell 4.341539723151342 34.635937236553744 0.0 1.0 1.0 1 0 0 0.0 1.0 0
cell 24.21383769494999 7.90898712834386 0.0 1.0 1.0 1 0 0 0.0 1.0 0
cell 42.005588187198036 19.185628069886274 0.0 1.0 1.0 1 0 0 0.0 1.0 0
cell 28.784535489754955 39.16873707495502 0.0 1.0 1.0 1 0 0 0.0 1.0 0
cell 25.010372709466267 35.59747946119933 0.0 1.0 1.0 1 0 0 0.0 1.0 0
cell 11.79589356528369 40.19734451447197 0.0 1.0 1.0 1 0 0 0.0 1.0 0
cell 31.38542161893686 31.29935276524104 0.0 1.0 1.0 1 0 0 0.0 1.0 0
cell 16.463070668509733 35.69875750603106 0.0 1.0 1.0 1 0 0 0.0 1.0 0
cell 22.47162774031148 25.884953340528252 0.0 1.0 1.0 1 0 0 0.0 1.0 0
cell 28.03960674771984 14.926724870516791 0.0 1.0 1.0 1 0 0 0.0 1.0 0
cell 31.669127872602132 22.186720922509597 0.0 1.0 1.0 1 0 0 0.0 1.0 0
cell 24.669220345771368 31.612342871848288 0.0 1.0 1.0 1 0 0 0.0 1.0 0
cell 8.211940272083261 26.261986124975603 0.0 1.0 1.0 1 0 0 0.0 1.0 0
cell 1.1008098122436194 10.528421003526015 0.0 1.0 1.0 1 0 0 0.0 1.0 0
cell 35.84354778027427 28.56704846474643 0.0 1.0 1.0 1 0 0 0.0 1.0 0
cell 17.115491774448927 39.668720994666124 0.0 1.0 1.0 1 0 0 0.0 1.0 0
cell 31.27799676622919 9.989464488488405 0.0 1.0 1.0 1 0 0 0.0 1.0 0
cell 39.43719096857341 34.72162702488057 0.0 1.0 1.0 1 0 0 0.0 1.0 0
cell 25.89744590886736 18.21732428928385 0.0 1.0 1.0 1 0 0 0.0 1.0 0
cell 36.64920576929937 24.103553394056718 0.0 1.0 1.0 1 0 0 0.0 1.0 0
cell 31.570331938756016 1.3514424713191313 0.0 1.0 1.0 1 0 0 0.0 1.0 0
cell 3.9250349849830335 12.456712468897777 0.0 1.0 1.0 1 0 0 0.0 1.0 0
cell 10.775789126053896 16.512393361228003 0.0 1.0 1.0 1 0 0 0.0 1.0 0
cell 3.8872754650098966 29.306809429733818 0.0 1.0 1.0 1 0 0 0.0 1.0 0
cell 9.623298920445281 34.90872121154815 0.0 1.0 1.0 1 0 0 0.0 1.0 0
cell 6.361513482226231 9.217823186505925 0.0 1.0 1.0 1 0 0 0.0 1.0 0
cell 0.15140841776629657 8.728102146785039 0.0 1.0 1.0 1 0 0 0.0 1.0 0
cell 41.46767879485297 27.01565545515974 0.0 1.0 1.0 1 0 0 0.0 1.0 0
cell 22.983502740313792 4.018237940089524 0.0 1.0 1.0 1 0 0 0.0 1.0 0
cell 41.38028233020536 34.25392700557709 0.0 1.0 1.0 1 0 0 0.0 1.0 0
cell 27.607979610474576 26.7019090661486 0.0 1.0 1.0 1 0 0 0.0 1.0 0
cell 33.57293039873661 36.18680673213219 0.0 1.0 1.0 1 0 0 0.0 1.0 0
cell 9.79737877550472 20.39216874272343 0.0 1.0 1.0 1 0 0 0.0 1.0 0
cell 14.42858076032379 5.547138826209418 0.0 1.0 1.0 1 0 0 0.0 1.0 0
cell 21.250043731480247 17.14269120499299 0.0 1.0 1.0 1 0 0 0.0 1.0 0
cell 17.694196848570254 32.19652620016341 0.0 1.0 1.0 1 0 0 0.0 1.0 0
cell 28.58321161579116 24.46187527408488 0.0 1.0 1.0 1 0 0 0.0 1.0 0
cell 37.648913998596974 22.417625688626806 0.0 1.0 1.0 1 0 0 0.0 1.0 0
cell 30.41087968732584 8.197149781995117 0.0 1.0 1.0 1 0 0 0.0 1.0 0
cell 5.419496638742532 23.37510331925791 0.0 1.0 1.0 1 0 0 0.0 1.0 0
cell 16.57177335308509 14.830879254961406 0.0 1.0 1.0 1 0 0 0.0 1.0 0
cell 36.517426391292524 1.8033143895815062 0.0 1.0 1.0 1 0 0 0.0 1.0 0
cell 35.666053544407866 22.332012387458683 0.0 1.0 1.0 1 0 0 0.0 1.0 0
cell 20.330027648808816 21.05805424510475 0.0 1.0 1.0 1 0 0 0.0 1.0 0
cell 41.46095270912634 2.907068057013524 0.0 1.0 1.0 1 0 0 0.0 1.0 0
cell 12.450438771763544 42.08748060924431 0.0 1.0 1.0 1 0 0 0.0 1.0 0
cell 24.4447518536931 2.575908306409788 0.0 1.0 1.0 1 0 0 0.0 1.0 0
cell 14.662252897353678 15.401107730825757 0.0 1.0 1.0 1 0 0 0.0 1.0 0
cell 36.64670191161302 31.909622584464667 0.0 1.0 1.0 1 0 0 0.0 1.0 0
cell 32.94911747709164 17.012444205750384 0.0 1.0 1.0 1 0 0 0.0 1.0 0
cell 3.6262109264883047 16.59432792015599 0.0 1.0 1.0 1 0 0 0.0 1.0 0
cell 18.155106569596477 36.36910609397279 0.0 1.0 1.0 1 0 0 0.0 1.0 0
cell 12.205223437231655 17.911945301462552 0.0 1.0 1.0 1 0 0 0.0 1.0 0
cell 20.270163320074136 6.987638408634001 0.0 1.0 1.0 1 0 0 0.0 1.0 0
cell 35.05748702629654 3.155070684481951 0.0 1.0 1.0 1 0 0 0.0 1.0 0
cell 29.843363555337096 18.564429954349567 0.0 1.0 1.0 1 0 0 0.0 1.0 0
cell 2.0464899820306806 22.468514410723856 0.0 1.0 1.0 1 0 0 0.0 1.0 0
cell 5.494675875854909 7.3751620294467495 0.0 1.0 1.0 1 0 0 0.0 1.0 0
cell 39.00330086372624 17.277011134619777 0.0 1.0 1.0 1 0 0 0.0 1.0 0
cell 14.450234923166516 0.2847314947602016 0.0 1.0 1.0 1 0 0 0.0 1.0 0
cell 30.988863992243164 16.88550698674903 0.0 1.0 1.0 1 0 0 0.0 1.0 0
cell 33.911216881420025 29.017525701747537 0.0 1.0 1.0 1 0 0 0.0 1.0 0
cell 31.085116697910742 41.719857086899566 0.0 1.0 1.0 1 0 0 0.0 1.0 0
cell 27.69382693177004 21.75791530149942 0.0 1.0 1.0 1 0 0 0.0 1.0 0
cell 27.274928629040584 40.45437699990819 0.0 1.0 1.0 1 0 0 0.0 1.0 0
cell 24.943934972423964 4.452357440143428 0.0 1.0 1.0 1 0 0 0.0 1.0 0
cell 18.370976120992395 21.563143874776326 0.0 1.0 1.0 1 0 0 0.0 1.0 0
cell 10.118715521557386 32.93706451116809 0.0 1.0 1.0 1 0 0 0.0 1.0 0
cell 26.377817471151374 3.0997092462688283 0.0 1.0 1.0 1 0 0 0.0 1.0 0
cell 2.5039207981200557 35.1564025670525 0.0 1.0 1.0 1 0 0 0.0 1.0 0
cell 27.26531792089891 9.897334021293869 0.0 1.0 1.0 1 0 0 0.0 1.0 0
cell 0.8628979289193506 41.052513531675814 0.0 1.0 1.0 1 0 0 0.0 1.0 0
cell 16.058023123395106 16.81162861356274 0.0 1.0 1.0 1 0 0 0.0 1.0 0
cell 12.442572428185477 5.156436790817841 0.0 1.0 1.0 1 0 0 0.0 1.0 0
cell 39.94548889132746 32.85667733266914 0.0 1.0 1.0 1 0 0 0.0 1.0 0
cell 30.286683728125897 35.17446314825079 0.0 1.0 1.0 1 0 0 0.0 1.0 0
cell 10.303735827745296 18.467320670585575 0.0 1.0 1.0 1 0 0 0.0 1.0 0
cell 4.666869313084688 14.321525179520911 0.0 1.0 1.0 1 0 0 0.0 1.0 0
cell 6.315827788583495 34.093567456732366 0.0 1.0 1.0 1 0 0 0.0 1.0 0
cell 14.171947479430187 17.378887070711862 0.0 1.0 1.0 1 0 0 0.0 1.0 0
cell 13.747250744859357 3.697730727275695 0.0 1.0 1.0 1 0 0 0.0 1.0 0
cell 18.03987800237932 16.211717362537374 0.0 1.0 1.0 1 0 0 0.0 1.0 0
cell 41.90849771250997 32.31591046144467 0.0 1.0 1.0 1 0 0 0.0 1.0 0
cell 34.95363570862232 0.5411515915566089 0.0 1.0 1.0 1 0 0 0.0 1.0 0
cell 30.250868825015512 11.62982475759255 0.0 1.0 1.0 1 0 0 0.0 1.0 0
cell 35.79464774750369 40.97762301535059 0.0 1.0 1.0 1 0 0 0.0 1.0 0
cell 34.074807853875235 15.362800236934465 0.0 1.0 1.0 1 0 0 0.0 1.0 0
cell 22.47800331380138 2.075974644071469 0.0 1.0 1.0 1 0 0 0.0 1.0 0
cell 12.006121373880736 32.32729121040152 0.0 1.0 1.0 1 0 0 0.0 1.0 0
cell 18.662409492851438 26.878598406173968 0.0 1.0 1.0 1 0 0 0.0 1.0 0
cell 11.024395514912436 38.25871651320888 0.0 1.0 1.0 1 0 0 0.0 1.0 0
cell 23.728267274075463 22.024918114005605 0.0 1.0 1.0 1 0 0 0.0 1.0 0
cell 21.15588462906939 24.438003801682054 0.0 1.0 1.0 1 0 0 0.0 1.0 0
cell 22.885308770699854 9.403624961344688 0.0 1.0 1.0 1 0 0 0.0 1.0 0
cell 35.48313815702 6.749799635557658 0.0 1.0 1.0 1 0 0 0.0 1.0 0
cell 6.54351987987866 40.87299853342853 0.0 1.0 1.0 1 0 0 0.0 1.0 0
cell 36.82145832360274 20.623689373954885 0.0 1.0 1.0 1 0 0 0.0 1.0 0
cell 7.267554493233596 37.43756899775386 0.0 1.0 1.0 1 0 0 0.0 1.0 0
cell 39.134272826004675 13.829369070017828 0.0 1.0 1.0 1 0 0 0.0 1.0 0
cell 3.360525090351456 38.506361275078106 0.0 1.0 1.0 1 0 0 0.0 1.0 0
cell 18.27557439018192 29.368927509584896 0.0 1.0 1.0 1 0 0 0.0 1.0 0
cell 33.66296012374455 22.253423655868822 0.0 1.0 1.0 1 0 0 0.0 1.0 0
cell 22.068675728323775 0.16817645875281695 0.0 1.0 1.0 1 0 0 0.0 1.0 0
cell 1.9362934759954034 37.11060846989528 0.0 1.0 1.0 1 0 0 0.0 1.0 0
cell 20.38014225472232 39.035089342776885 0.0 1.0 1.0 1 0 0 0.0 1.0 0
cell 38.598270823075616 5.11766911383988 0.0 1.0 1.0 1 0 0 0.0 1.0 0
cell 26.976222115381322 23.35241061248769 0.0 1.0 1.0 1 0 0 0.0 1.0 0
cell 16.02838981876543 33.28834561380452 0.0 1.0 1.0 1 0 0 0.0 1.0 0
cell 21.331778249446952 33.91107592404595 0.0 1.0 1.0 1 0 0 0.0 1.0 0
cell 1.0165168704773482 3.3829809715437626 0.0 1.0 1.0 1 0 0 0.0 1.0 0
cell 34.10567691457897 34.300272502758794 0.0 1.0 1.0 1 0 0 0.0 1.0 0
cell 26.743701357115835 36.427439346315474 0.0 1.0 1.0 1 0 0 0.0 1.0 0
cell 25.711781128364397 27.08323960211112 0.0 1.0 1.0 1 0 0 0.0 1.0 0
cell 27.91058154117875 18.39159660174185 0.0 1.0 1.0 1 0 0 0.0 1.0 0
cell 39.16260546899164 41.97757179183421 0.0 1.0 1.0 1 0 0 0.0 1.0 0
cell 22.316980400643036 20.616024401550643 0.0 1.0 1.0 1 0 0 0.0 1.0 0
cell 32.025891175230605 15.205705237323606 0.0 1.0 1.0 1 0 0 0.0 1.0 0
cell 12.994808672492022 12.257090477821697 0.0 1.0 1.0 1 0 0 0.0 1.0 0
cell 32.77491994063322 20.47850623906178 0.0 1.0 1.0 1 0 0 0.0 1.0 0
cell 21.393047381133446 11.458708177023023 0.0 1.0 1.0 1 0 0 0.0 1.0 0
cell 2.2300726760326195 8.86828186259654 0.0 1.0 1.0 1 0 0 0.0 1.0 0
cell 37.18964376158825 0.13702405256116418 0.0 1.0 1.0 1 0 0 0.0 1.0 0
cell 11.668447516145736 19.85943086346139 0.0 1.0 1.0 1 0 0 0.0 1.0 0
cell 39.61821984739795 22.43187154954786 0.0 1.0 1.0 1 0 0 0.0 1.0 0
cell 36.12053503933357 26.03284436643866 0.0 1.0 1.0 1 0 0 0.0 1.0 0
cell 33.486277207016876 25.655652961536695 0.0 1.0 1.0 1 0 0 0.0 1.0 0
cell 25.84271735857179 14.621901035849314 0.0 1.0 1.0 1 0 0 0.0 1.0 0
cell 16.409868712014095 0.7636237379612069 0.0 1.0 1.0 1 0 0 0.0 1.0 0
cell 38.306565342433345 38.612326892326145 0.0 1.0 1.0 1 0 0 0.0 1.0 0
cell 12.75819222201178 37.283809075421786 0.0 1.0 1.0 1 0 0 0.0 1.0 0
cell 23.78253734429271 40.84911692542239 0.0 1.0 1.0 1 0 0 0.0 1.0 0
cell 26.21225202866703 8.235760411589649 0.0 1.0 1.0 1 0 0 0.0 1.0 0
cell 6.858739545415283 5.886604534658155 0.0 1.0 1.0 1 0 0 0.0 1.0 0
cell 13.975399336701395 31.819319473728587 0.0 1.0 1.0 1 0 0 0.0 1.0 0
cell 24.869649699564402 9.811261806096342 0.0 1.0 1.0 1 0 0 0.0 1.0 0
cell 13.112750789734863 21.23530194830435 0.0 1.0 1.0 1 0 0 0.0 1.0 0
cell 5.127980095612006 10.801281580195841 0.0 1.0 1.0 1 0 0 0.0 1.0 0
cell 35.88720413946234 18.894160192027442 0.0 1.0 1.0 1 0 0 0.0 1.0 0
cell 41.71488527569848 39.58092149334194 0.0 1.0 1.0 1 0 0 0.0 1.0 0
cell 40.29710669092321 38.10988720493178 0.0 1.0 1.0 1 0 0 0.0 1.0 0
cell 19.454226149042924 33.08621670436017 0.0 1.0 1.0 1 0 0 0.0 1.0 0
cell 33.33613840189999 10.12103569610787 0.0 1.0 1.0 1 0 0 0.0 1.0 0
cell 37.74553107270014 40.5039241755562 0.0 1.0 1.0 1 0 0 0.0 1.0 0
cell 6.7871575511610205 32.12238474022648 0.0 1.0 1.0 1 0 0 0.0 1.0 0
cell 17.480608007256187 18.229103197576787 0.0 1.0 1.0 1 0 0 0.0 1.0 0
cell 25.013036970788058 23.63053994734609 0.0 1.0 1.0 1 0 0 0.0 1.0 0
cell 2.54034765948263 27.843188211621506 0.0 1.0 1.0 1 0 0 0.0 1.0 0
cell 22.529332481999706 18.60474171815437 0.0 1.0 1.0 1 0 0 0.0 1.0 0
cell 6.331675506663416 26.764583985366404 0.0 1.0 1.0 1 0 0 0.0 1.0 0
cell 23.13884376477333 34.739025040336976 0.0 1.0 1.0 1 0 0 0.0 1.0 0
cell 32.86085038298909 38.26021833413043 0.0 1.0 1.0 1 0 0 0.0 1.0 0
cell 42.213102665971995 12.203795116624057 0.0 1.0 1.0 1 0 0 0.0 1.0 0
cell 7.305815247595395 22.86507748737733 0.0 1.0 1.0 1 0 0 0.0 1.0 0
cell 13.033007890998794 7.076931258883814 0.0 1.0 1.0 1 0 0 0.0 1.0 0
cell 13.676860255946073 8.8964658011928 0.0 1.0 1.0 1 0 0 0.0 1.0 0
cell 19.689383358530694 5.028019494443377 0.0 1.0 1.0 1 0 0 0.0 1.0 0
cell 37.2055246479324 29.973799456919647 0.0 1.0 1.0 1 0 0 0.0 1.0 0
cell 3.0563810973851724 10.628037583876159 0.0 1.0 1.0 1 0 0 0.0 1.0 0
cell 3.1424637824185604 0.0009303932777839918 0.0 1.0 1.0 1 0 0 0.0 1.0 0
cell 17.76194290026099 4.544721262376707 0.0 1.0 1.0 1 0 0 0.0 1.0 0
cell 1.94110831230764 12.308436621275508 0.0 1.0 1.0 1 0 0 0.0 1.0 0
cell 5.335702031693437 30.658413159726805 0.0 1.0 1.0 1 0 0 0.0 1.0 0
cell 37.33606938766811 10.28922861810068 0.0 1.0 1.0 1 0 0 0.0 1.0 0
cell 26.43569207071656 32.41832643273619 0.0 1.0 1.0 1 0 0 0.0 1.0 0
cell 41.127111925969494 41.4664887996444 0.0 1.0 1.0 1 0 0 0.0 1.0 0
cell 25.9608703217167 1.2341874546833627 0.0 1.0 1.0 1 0 0 0.0 1.0 0
cell 18.348159690286906 6.466697013341326 0.0 1.0 1.0 1 0 0 0.0 1.0 0
cell 21.667956028169094 5.491695317535811 0.0 1.0 1.0 1 0 0 0.0 1.0 0
cell 39.559612790219205 27.527327570018336 0.0 1.0 1.0 1 0 0 0.0 1.0 0
cell 4.447386854236401 19.968967652751818 0.0 1.0 1.0 1 0 0 0.0 1.0 0
cell 39.51394218553613 6.862258093850201 0.0 1.0 1.0 1 0 0 0.0 1.0 0
cell 40.240066543837884 12.133928637865452 0.0 1.0 1.0 1 0 0 0.0 1.0 0
cell 2.5218472967817664 20.485626879266906 0.0 1.0 1.0 1 0 0 0.0 1.0 0
cell 39.56771543570264 3.358860189035559 0.0 1.0 1.0 1 0 0 0.0 1.0 0
cell 20.77782126695652 19.097378163204993 0.0 1.0 1.0 1 0 0 0.0 1.0 0
cell 27.48530642996604 6.647446344305309 0.0 1.0 1.0 1 0 0 0.0 1.0 0
cell 25.627898277175685 41.621202086466276 0.0 1.0 1.0 1 0 0 0.0 1.0 0
cell 38.43837823516983 8.58468323861492 0.0 1.0 1.0 1 0 0 0.0 1.0 0
cell 18.949144270228768 8.403318428858766 0.0 1.0 1.0 1 0 0 0.0 1.0 0
cell 26.73574287914439 20.050555318060812 0.0 1.0 1.0 1 0 0 0.0 1.0 0
cell 28.136440264092382 2.1879145163076767 0.0 1.0 1.0 1 0 0 0.0 1.0 0
cell 12.743886856978587 15.969575158701542 0.0 1.0 1.0 1 0 0 0.0 1.0 0
cell 26.988469697052853 38.44349018191114 0.0 1.0 1.0 1 0 0 0.0 1.0 0
cell 38.61448882931335 24.160126462550878 0.0 1.0 1.0 1 0 0 0.0 1.0 0
cell 12.979092519628043 35.60229213018183 0.0 1.0 1.0 1 0 0 0.0 1.0 0
cell 2.8219359545969946 14.13905632381546 0.0 1.0 1.0 1 0 0 0.0 1.0 0
cell 29.48227965488426 6.35531718342719 0.0 1.0 1.0 1 0 0 0.0 1.0 0
cell 23.049560421238986 16.55790996186906 0.0 1.0 1.0 1 0 0 0.0 1.0 0
cell 38.78849141753724 20.717292030784574 0.0 1.0 1.0 1 0 0 0.0 1.0 0
cell 19.122848476136106 3.1103546882998656 0.0 1.0 1.0 1 0 0 0.0 1.0 0
cell 1.1357595062432668 26.449000880069622 0.0 1.0 1.0 1 0 0 0.0 1.0 0
cell 23.759498101041316 27.416088767225634 0.0 1.0 1.0 1 0 0 0.0 1.0 0
cell 29.16216830226765 13.314087709798335 0.0 1.0 1.0 1 0 0 0.0 1.0 0
cell 19.5360856751412 10.385841944449473 0.0 1.0 1.0 1 0 0 0.0 1.0 0
cell 1.577020937008763 24.40888016636061 0.0 1.0 1.0 1 0 0 0.0 1.0 0
cell 3.954475994036472 1.796169517365893 0.0 1.0 1.0 1 0 0 0.0 1.0 0
cell 4.95975070994595 18.07526152932907 0.0 1.0 1.0 1 0 0 0.0 1.0 0
cell 26.898278685711286 4.91406920376541 0.0 1.0 1.0 1 0 0 0.0 1.0 0
cell 19.383066695203674 17.697168439920574 0.0 1.0 1.0 1 0 0 0.0 1.0 0
cell 12.080119946944166 25.160371973821775 0.0 1.0 1.0 1 0 0 0.0 1.0 0
cell 31.671176696663174 36.61039639013928 0.0 1.0 1.0 1 0 0 0.0 1.0 0
cell 18.50101347809531 38.31372725346007 0.0 1.0 1.0 1 0 0 0.0 1.0 0
cell 10.576083273950147 30.97260557354701 0.0 1.0 1.0 1 0 0 0.0 1.0 0
cell 16.476374706463737 22.10827537206664 0.0 1.0 1.0 1 0 0 0.0 1.0 0
cell 34.58162921596002 27.155967143498724 0.0 1.0 1.0 1 0 0 0.0 1.0 0
cell 19.915970405371255 15.62003808131271 0.0 1.0 1.0 1 0 0 0.0 1.0 0
cell 5.838740169623538 36.06389497707894 0.0 1.0 1.0 1 0 0 0.0 1.0 0
cell 8.394948278202197 9.565192191408556 0.0 1.0 1.0 1 0 0 0.0 1.0 0
cell 19.072127360052637 40.27047598682522 0.0 1.0 1.0 1 0 0 0.0 1.0 0
cell 33.49897002992774 6.713458654735755 0.0 1.0 1.0 1 0 0 0.0 1.0 0
cell 21.796586736386296 40.402169480554576 0.0 1.0 1.0 1 0 0 0.0 1.0 0
cell 17.837953335112623 34.245815576268306 0.0 1.0 1.0 1 0 0 0.0 1.0 0
cell 9.148276340241617 29.580123673898935 0.0 1.0 1.0 1 0 0 0.0 1.0 0
cell 30.725733644307198 27.874234315816853 0.0 1.0 1.0 1 0 0 0.0 1.0 0
cell 9.035986813181601 11.420444775231127 0.0 1.0 1.0 1 0 0 0.0 1.0 0
cell 19.938852103386807 28.296017143997084 0.0 1.0 1.0 1 0 0 0.0 1.0 0
cell 25.703212034538645 21.739295938757195 0.0 1.0 1.0 1 0 0 0.0 1.0 0
cell 40.049475839147654 25.643239801702464 0.0 1.0 1.0 1 0 0 0.0 1.0 0
cell 17.606098737804828 9.892855305997067 0.0 1.0 1.0 1 0 0 0.0 1.0 0
cell 34.43282912548688 39.54241867626389 0.0 1.0 1.0 1 0 0 0.0 1.0 0
cell 11.797202943375295 3.249921883779171 0.0 1.0 1.0 1 0 0 0.0 1.0 0
cell 30.609908624130146 4.68982388764447 0.0 1.0 1.0 1 0 0 0.0 1.0 0
cell 7.812240703803672 39.37440710154367 0.0 1.0 1.0 1 0 0 0.0 1.0 0
cell 0.5789294410076018 21.018949757911038 0.0 1.0 1.0 1 0 0 0.0 1.0 0
cell 5.819270188055767 12.627769832238274 0.0 1.0 1.0 1 0 0 0.0 1.0 0
cell 40.07740220800794 15.635759324504722 0.0 1.0 1.0 1 0 0 0.0 1.0 0
cell 8.76795217840458 24.278009207772797 0.0 1.0 1.0 1 0 0 0.0 1.0 0
cell 30.130737733974097 2.7654471318535854 0.0 1.0 1.0 1 0 0 0.0 1.0 0
cell 17.26658657721605 25.44101238383635 0.0 1.0 1.0 1 0 0 0.0 1.0 0
cell 42.031944986250224 15.735749510022382 0.0 1.0 1.0 1 0 0 0.0 1.0 0
cell 16.218006323065538 11.300231804501852 0.0 1.0 1.0 1 0 0 0.0 1.0 0
cell 37.891127514188284 18.997881578053523 0.0 1.0 1.0 1 0 0 0.0 1.0 0
cell 32.59544357720179 27.436099831215 0.0 1.0 1.0 1 0 0 0.0 1.0 0
cell 7.692669719913236 7.655955552049947 0.0 1.0 1.0 1 0 0 0.0 1.0 0
cell 30.387244398985477 37.9526476243126 0.0 1.0 1.0 1 0 0 0.0 1.0 0
cell 1.37340230299349 39.01975740346697 0.0 1.0 1.0 1 0 0 0.0 1.0 0
cell 32.58152455423427 40.28519334733041 0.0 1.0 1.0 1 0 0 0.0 1.0 0
cell 35.355404952355286 10.186198920621758 0.0 1.0 1.0 1 0 0 0.0 1.0 0
cell 37.55154271920672 3.362069772763665 0.0 1.0 1.0 1 0 0 0.0 1.0 0
cell 9.289096764257938 37.229275253019615 0.0 1.0 1.0 1 0 0 0.0 1.0 0
cell 38.102512790523264 15.526486124242721 0.0 1.0 1.0 1 0 0 0.0 1.0 0
cell 39.096767378537486 29.490027443953867 0.0 1.0 1.0 1 0 0 0.0 1.0 0
cell 34.980347374684555 17.087554579044006 0.0 1.0 1.0 1 0 0 0.0 1.0 0
cell 1.5471458329411218 31.7659748252873 0.0 1.0 1.0 1 0 0 0.0 1.0 0
cell 36.990153763501105 17.18298302443856 0.0 1.0 1.0 1 0 0 0.0 1.0 0
cell 14.744540870320423 36.963856550720585 0.0 1.0 1.0 1 0 0 0.0 1.0 0
cell 30.059086674500296 15.047502080248368 0.0 1.0 1.0 1 0 0 0.0 1.0 0
cell 9.747557317006386 8.09780168136554 0.0 1.0 1.0 1 0 0 0.0 1.0 0
cell 4.847857644680521 32.66320142383542 0.0 1.0 1.0 1 0 0 0.0 1.0 0
cell 7.536535217272813 15.758091277967983 0.0 1.0 1.0 1 0 0 0.0 1.0 0
cell 20.639450197733648 13.320249990011279 0.0 1.0 1.0 1 0 0 0.0 1.0 0
cell 26.984878500108778 16.57251377707111 0.0 1.0 1.0 1 0 0 0.0 1.0 0
cell 13.270657164739093 38.84602515202985 0.0 1.0 1.0 1 0 0 0.0 1.0 0
cell 30.67922493505128 39.808284548973795 0.0 1.0 1.0 1 0 0 0.0 1.0 0
cell 24.41061428368057 20.225203243625703 0.0 1.0 1.0 1 0 0 0.0 1.0 0
cell 8.903202243647126 17.06138772659504 0.0 1.0 1.0 1 0 0 0.0 1.0 0
cell 15.235888408835962 39.156263525174026 0.0 1.0 1.0 1 0 0 0.0 1.0 0
cell 40.455416580223215 8.61040502981174 0.0 1.0 1.0 1 0 0 0.0 1.0 0
cell 32.39683849937366 8.29600963041611 0.0 1.0 1.0 1 0 0 0.0 1.0 0
cell 31.47789393954128 6.5304819030134125 0.0 1.0 1.0 1 0 0 0.0 1.0 0
cell 17.768275263493376 41.57524477989083 0.0 1.0 1.0 1 0 0 0.0 1.0 0
cell 16.344547076595596 29.359384642324848 0.0 1.0 1.0 1 0 0 0.0 1.0 0
cell 0.8535380512443025 14.020320668946423 0.0 1.0 1.0 1 0 0 0.0 1.0 0
cell 6.921232321656307 17.59165537763881 0.0 1.0 1.0 1 0 0 0.0 1.0 0
cell 2.3956833155804116 5.367736970764401 0.0 1.0 1.0 1 0 0 0.0 1.0 0
cell 25.18341415719364 37.62754438845178 0.0 1.0 1.0 1 0 0 0.0 1.0 0
cell 28.245743601728527 11.562494131621293 0.0 1.0 1.0 1 0 0 0.0 1.0 0
cell 31.486997420927214 25.685021629961533 0.0 1.0 1.0 1 0 0 0.0 1.0 0
cell 7.239090768399677 30.16397632453763 0.0 1.0 1.0 1 0 0 0.0 1.0 0
cell 30.744462407065253 33.23960906618778 0.0 1.0 1.0 1 0 0 0.0 1.0 0
cell 0.7114414283449363 28.44646407368853 0.0 1.0 1.0 1 0 0 0.0 1.0 0
cell 22.23508239525561 7.467170246573084 0.0 1.0 1.0 1 0 0 0.0 1.0 0
cell 13.129922955704933 1.7555385826267942 0.0 1.0 1.0 1 0 0 0.0 1.0 0
cell 38.11327599625468 26.107801418890237 0.0 1.0 1.0 1 0 0 0.0 1.0 0
cell 22.66799504740516 13.07926920352265 0.0 1.0 1.0 1 0 0 0.0 1.0 0
cell 32.26565272559371 11.776513733270248 0.0 1.0 1.0 1 0 0 0.0 1.0 0
cell 15.77568824782759 41.09148539283259 0.0 1.0 1.0 1 0 0 0.0 1.0 0
cell 27.67559222212875 0.22164115661191633 0.0 1.0 1.0 1 0 0 0.0 1.0 0
cell 29.679213507967102 22.057723557348467 0.0 1.0 1.0 1 0 0 0.0 1.0 0
cell 10.140007620517551 25.68802036997607 0.0 1.0 1.0 1 0 0 0.0 1.0 0
cell 28.30036305594946 33.283315434321835 0.0 1.0 1.0 1 0 0 0.0 1.0 0
cell 41.53317172593918 6.936326428074674 0.0 1.0 1.0 1 0 0 0.0 1.0 0
cell 28.373651300754947 8.19761013109845 0.0 1.0 1.0 1 0 0 0.0 1.0 0
cell 11.124972108066075 1.3370090641018582 0.0 1.0 1.0 1 0 0 0.0 1.0 0
cell 21.80869043359286 27.800538680002873 0.0 1.0 1.0 1 0 0 0.0 1.0 0
cell 32.597407881606564 4.8982920177895455 0.0 1.0 1.0 1 0 0 0.0 1.0 0
cell 18.524815136139154 1.148676838324168 0.0 1.0 1.0 1 0 0 0.0 1.0 0
cell 34.95317677337076 37.67090237070261 0.0 1.0 1.0 1 0 0 0.0 1.0 0
cell 15.910763820971551 24.045351887723935 0.0 1.0 1.0 1 0 0 0.0 1.0 0
cell 0.22349727072825354 30.383756951058235 0.0 1.0 1.0 1 0 0 0.0 1.0 0
cell 5.529949333548266 16.14093980768038 0.0 1.0 1.0 1 0 0 0.0 1.0 0
cell 9.780457958110777 13.325495932087236 0.0 1.0 1.0 1 0 0 0.0 1.0 0
cell 19.243923398045617 24.911288314032248 0.0 1.0 1.0 1 0 0 0.0 1.0 0
cell 9.790948947597183 2.8343470445688683 0.0 1.0 1.0 1 0 0 0.0 1.0 0
cell 15.400695444154357 25.976368245831583 0.0 1.0 1.0 1 0 0 0.0 1.0 0
cell 23.584959693318467 5.942103007077626 0.0 1.0 1.0 1 0 0 0.0 1.0 0
cell 30.123841501363234 29.79308753205446 0.0 1.0 1.0 1 0 0 0.0 1.0 0
cell 38.52924189086698 1.626013806661327 0.0 1.0 1.0 1 0 0 0.0 1.0 0
cell 21.16118710896993 31.953680594786093 0.0 1.0 1.0 1 0 0 0.0 1.0 0
cell 16.62816148131816 37.689446991904234 0.0 1.0 1.0 1 0 0 0.0 1.0 0
cell 36.55748951967983 5.045674517283069 0.0 1.0 1.0 1 0 0 0.0 1.0 0
cell 0.402595469500479 5.282761167351159 0.0 1.0 1.0 1 0 0 0.0 1.0 0
cell 14.278295831971043 10.843210419865423 0.0 1.0 1.0 1 0 0 0.0 1.0 0
cell 38.241742688934515 12.06066754397601 0.0 1.0 1.0 1 0 0 0.0 1.0 0
cell 37.175007522340984 13.713132495871035 0.0 1.0 1.0 1 0 0 0.0 1.0 0
cell 29.59865168482927 26.19229789890197 0.0 1.0 1.0 1 0 0 0.0 1.0 0
cell 5.321526892244138 38.031426606576986 0.0 1.0 1.0 1 0 0 0.0 1.0 0
cell 40.475182820983676 30.87145556561475 0.0 1.0 1.0 1 0 0 0.0 1.0 0
cell 40.60049597617437 23.784052846278893 0.0 1.0 1.0 1 0 0 0.0 1.0 0
cell 1.1382143170648429 17.761034607353455 0.0 1.0 1.0 1 0 0 0.0 1.0 0
cell 12.617608940612818 23.169686404725027 0.0 1.0 1.0 1 0 0 0.0 1.0 0
cell 37.463171745813156 35.27168143344175 0.0 1.0 1.0 1 0 0 0.0 1.0 0
cell 41.349860696722615 10.448412147912205 0.0 1.0 1.0 1 0 0 0.0 1.0 0
cell 1.9655086538766473 1.6534100678128445 0.0 1.0 1.0 1 0 0 0.0 1.0 0
cell 10.364839523007259 9.963185739559316 0.0 1.0 1.0 1 0 0 0.0 1.0 0
cell 31.982332544918428 3.245568671839828 0.0 1.0 1.0 1 0 0 0.0 1.0 0
cell 3.9270856333821476 21.932732557396747 0.0 1.0 1.0 1 0 0 0.0 1.0 0
cell 34.64733240175765 24.041474239847982 0.0 1.0 1.0 1 0 0 0.0 1.0 0
cell 23.384255550510876 36.77852267081158 0.0 1.0 1.0 1 0 0 0.0 1.0 0
cell 28.378967978259283 35.28431491303874 0.0 1.0 1.0 1 0 0 0.0 1.0 0
cell 5.136382866732865 0.1266232235590136 0.0 1.0 1.0 1 0 0 0.0 1.0 0
cell 30.7347849645364 20.342417693637987 0.0 1.0 1.0 1 0 0 0.0 1.0 0
cell 24.99532097613688 16.455676623996467 0.0 1.0 1.0 1 0 0 0.0 1.0 0
cell 18.521003562884662 14.299605230529258 0.0 1.0 1.0 1 0 0 0.0 1.0 0
cell 5.7706734850115184 28.7371415362105 0.0 1.0 1.0 1 0 0 0.0 1.0 0
cell 13.465288605297642 33.69040711726516 0.0 1.0 1.0 1 0 0 0.0 1.0 0
cell 29.625365114770144 0.7917460621036204 0.0 1.0 1.0 1 0 0 0.0 1.0 0
cell 23.532609435641675 38.86973818939353 0.0 1.0 1.0 1 0 0 0.0 1.0 0
cell 13.266748690952 14.055594788329795 0.0 1.0 1.0 1 0 0 0.0 1.0 0
cell 22.967693507193893 32.80135763107777 0.0 1.0 1.0 1 0 0 0.0 1.0 0
cell 31.16548788139314 13.455561394201776 0.0 1.0 1.0 1 0 0 0.0 1.0 0
cell 35.24332431309208 30.438708098753313 0.0 1.0 1.0 1 0 0 0.0 1.0 0
cell 5.888879737252942 2.035433157435139 0.0 1.0 1.0 1 0 0 0.0 1.0 0
cell 13.022934209268234 28.487721546145014 0.0 1.0 1.0 1 0 0 0.0 1.0 0
cell 4.704100925547116 3.6271748742055396 0.0 1.0 1.0 1 0 0 0.0 1.0 0
cell 37.525515953704634 6.826414982157338 0.0 1.0 1.0 1 0 0 0.0 1.0 0
cell 12.335523677114896 10.397728371011507 0.0 1.0 1.0 1 0 0 0.0 1.0 0
cell 16.384931697445243 6.027905618984976 0.0 1.0 1.0 1 0 0 0.0 1.0 0
cell 14.480610222487801 22.64713476537801 0.0 1.0 1.0 1 0 0 0.0 1.0 0
cell 33.348506225821595 30.89931593675105 0.0 1.0 1.0 1 0 0 0.0 1.0 0
cell 20.897769866096933 8.921363132283219 0.0 1.0 1.0 1 0 0 0.0 1.0 0
