500
 Lattice="42.24921095006736 0.0 0.0 0.0 42.24921095006736 0.0 0.0 0.0 1.0"Properties=species:S:1:pos:R:3:aspherical_shape:R:3:orientation:R:4:Color:R:1
cell 10.796413852426976 24.809607541293623 0.0 1.0 1.0 1 0 0 0.0 1.0 0
cell 18.828419643359236 24.06634451374422 0.0 1.0 1.0 1 0 0 0.0 1.0 0
cell 18.42575608897673 41.695570293722625 0.0 1.0 1.0 1 0 0 0.0 1.0 0
cell 0.3827797986197672 30.99796916397406 0.0 1.0 1.0 1 0 0 0.0 1.0 0
cell 14.65305184031526 33.21734240164968 0.0 1.0 1.0 1 0 0 0.0 1.0 0
cell 24.649651622382073 32.29575115474479 0.0 1.0 1.0 1 0 0 0.0 1.0 0
cell 22.141555130773476 16.754110534211748 0.0 1.0 1.0 1 0 0 0.0 1.0 0
cell 33.78418284957715 20.880068552055043 0.0 1.0 1.0 1 0 0 0.0 1.0 0
cell 30.366816267246598 28.26734803727261 0.0 1.0 1.0 1 0 0 0.0 1.0 0
cell 1.5381720105868426 32.629139016626944 0.0 1.0 1.0 1 0 0 0.0 1.0 0
cell 23.336512859853475 18.390340063303064 0.0 1.0 1.0 1 0 0 0.0 1.0 0
cell 30.637034151199444 10.702395746136057 0.0 1.0 1.0 1 0 0 0.0 1.0 0
cell 9.241036041188377 19.641404545768562 0.0 1.0 1.0 1 0 0 0.0 1.0 0
cell 15.688444670424833 22.57685587025306 0.0 1.0 1.0 1 0 0 0.0 1.0 0
cell 31.74718389145199 21.095539691548723 0.0 1.0 1.0 1 0 0 0.0 1.0 0
cell 7.228623958204081 19.851283101773294 0.0 1.0 1.0 1 0 0 0.0 1.0 0
cell 24.640218255995556 11.240119542629612 0.0 1.0 1.0 1 0 0 0.0 1.0 0
cell 22.63438934081729 11.41894802612288 0.0 1.0 1.0 1 0 0 0.0 1.0 0
cell 13.291294073428553 40.44154828770879 0.0 1.0 1.0 1 0 0 0.0 1.0 0
cell 23.69918699399211 21.851826971971644 0.0 1.0 1.0 1 0 0 0.0 1.0 0
cell 21.517713920053435 30.821091449786483 0.0 1.0 1.0 1 0 0 0.0 1.0 0
cell 25.718474737326225 21.65082318211481 0.0 1.0 1.0 1 0 0 0.0 1.0 0
cell 18.13047749680828 17.088569760508044 0.0 1.0 1.0 1 0 0 0.0 1.0 0
cell 7.282791757964497 40.973269587731146 0.0 1.0 1.0 1 0 0 0.0 1.0 0
cell 3.6511656990980543 14.941313888174065 0.0 1.0 1.0 1 0 0 0.0 1.0 0
cell 38.70102834292122 1.258295835896338 0.0 1.0 1.0 1 0 0 0.0 1.0 0
cell 7.84374825539415 35.62673879421275 0.0 1.0 1.0 1 0 0 0.0 1.0 0
cell 23.99325226719379 25.34563524350888 0.0 1.0 1.0 1 0 0 0.0 1.0 0
cell 14.98791761854995 36.749641046857874 0.0 1.0 1.0 1 0 0 0.0 1.0 0
cell 29.518266922186697 30.118722117449796 0.0 1.0 1.0 1 0 0 0.0 1.0 0
cell 19.296414713258667 18.755456052698662 0.0 1.0 1.0 1 0 0 0.0 1.0 0
cell 9.922636718869708 5.5378422887030565 0.0 1.0 1.0 1 0 0 0.0 1.0 0
cell 8.961354409209966 37.268855562504946 0.0 1.0 1.0 1 0 0 0.0 1.0 0
cell 39.037312104212766 4.969923298189864 0.0 1.0 1.0 1 0 0 0.0 1.0 0
cell 6.685263775885471 33.97639103379767 0.0 1.0 1.0 1 0 0 0.0 1.0 0
cell 37.544410142867335 41.802066540941425 0.0 1.0 1.0 1 0 0 0.0 1.0 0
cell 38.41383445380796 10.361809393665897 0.0 1.0 1.0 1 0 0 0.0 1.0 0
cell 38.330683621780516 27.58296522554201 0.0 1.0 1.0 1 0 0 0.0 1.0 0
cell 37.822553443649475 20.310954076204585 0.0 1.0 1.0 1 0 0 0.0 1.0 0
cell 18.507265192247036 20.54834904795436 0.0 1.0 1.0 1 0 0 0.0 1.0 0
cell 34.97181679556129 22.50160033737451 0.0 1.0 1.0 1 0 0 0.0 1.0 0
cell 17.154349438585655 27.706608128513388 0.0 1.0 1.0 1 0 0 0.0 1.0 0
cell 33.8745237680229 3.3701088401459334 0.0 1.0 1.0 1 0 0 0.0 1.0 0
cell 35.138367989060995 13.714795624618647 0.0 1.0 1.0 1 0 0 0.0 1.0 0
cell 23.524048045728893 30.656576888374165 0.0 1.0 1.0 1 0 0 0.0 1.0 0
cell 4.4786567486294375 0.7296168118881126 0.0 1.0 1.0 1 0 0 0.0 1.0 0
cell 33.269705468792246 26.234652509201766 0.0 1.0 1.0 1 0 0 0.0 1.0 0
cell 6.407474753967042 21.644677801879453 0.0 1.0 1.0 1 0 0 0.0 1.0 0
cell 28.060156410862287 24.94564781744089 0.0 1.0 1.0 1 0 0 0.0 1.0 0
cell 28.47464805390283 40.78641327308243 0.0 1.0 1.0 1 0 0 0.0 1.0 0
cell 1.303952012451869 11.634172527432622 0.0 1.0 1.0 1 0 0 0.0 1.0 0
cell 31.414072548955055 17.616715801750843 0.0 1.0 1.0 1 0 0 0.0 1.0 0
cell 12.839849176028768 24.597224472895608 0.0 1.0 1.0 1 0 0 0.0 1.0 0
cell 42.15045232035255 36.27285714504589 0.0 1.0 1.0 1 0 0 0.0 1.0 0
cell 35.54564580389114 41.975579591987255 0.0 1.0 1.0 1 0 0 0.0 1.0 0
cell 31.457623050604045 8.844987727217648 0.0 1.0 1.0 1 0 0 0.0 1.0 0
cell 19.099564013026505 6.455407024313932 0.0 1.0 1.0 1 0 0 0.0 1.0 0
cell 26.16438351442347 37.456736688174516 0.0 1.0 1.0 1 0 0 0.0 1.0 0
cell 7.687883704059006 14.533205862482493 0.0 1.0 1.0 1 0 0 0.0 1.0 0
cell 20.971875478344263 15.083654296955878 0.0 1.0 1.0 1 0 0 0.0 1.0 0
cell 24.969266909145325 35.78361874463067 0.0 1.0 1.0 1 0 0 0.0 1.0 0
cell 18.617370969788908 32.86338211916894 0.0 1.0 1.0 1 0 0 0.0 1.0 0
cell 16.46346482684788 41.884805467946734 0.0 1.0 1.0 1 0 0 0.0 1.0 0
cell 31.07357017895518 5.3755963747085795 0.0 1.0 1.0 1 0 0 0.0 1.0 0
cell 12.767653376586654 3.512141966704685 0.0 1.0 1.0 1 0 0 0.0 1.0 0
cell 28.662701776745088 10.846752313189127 0.0 1.0 1.0 1 0 0 0.0 1.0 0
cell 36.34161371258549 27.756372006150354 0.0 1.0 1.0 1 0 0 0.0 1.0 0
cell 13.610715946409549 1.6910284384022745 0.0 1.0 1.0 1 0 0 0.0 1.0 0
cell 21.804861481092424 13.251111617336084 0.0 1.0 1.0 1 0 0 0.0 1.0 0
cell 23.2954366162648 39.505445389074126 0.0 1.0 1.0 1 0 0 0.0 1.0 0
cell 0.4942640781777711 13.469658207293122 0.0 1.0 1.0 1 0 0 0.0 1.0 0
cell 8.228890961138807 9.244253655382057 0.0 1.0 1.0 1 0 0 0.0 1.0 0
cell 23.22132518589829 27.1741186517934 0.0 1.0 1.0 1 0 0 0.0 1.0 0
cell 23.09291834862428 6.070332033381957 0.0 1.0 1.0 1 0 0 0.0 1.0 0
cell 1.6067755075258932 2.7562190165469227 0.0 1.0 1.0 1 0 0 0.0 1.0 0
cell 1.0522956647564055 8.09679943107222 0.0 1.0 1.0 1 0 0 0.0 1.0 0
cell 2.837096336074474 16.770841711980523 0.0 1.0 1.0 1 0 0 0.0 1.0 0
cell 26.863792867248662 23.324758897409744 0.0 1.0 1.0 1 0 0 0.0 1.0 0
cell 26.517902975025557 19.86482959778383 0.0 1.0 1.0 1 0 0 0.0 1.0 0
cell 4.017655069015312 18.408763201088362 0.0 1.0 1.0 1 0 0 0.0 1.0 0
cell 34.40293938877329 40.27406718158633 0.0 1.0 1.0 1 0 0 0.0 1.0 0
cell 38.176403695604975 6.812782945375724 0.0 1.0 1.0 1 0 0 0.0 1.0 0
cell 19.444331298080844 9.91820742726195 0.0 1.0 1.0 1 0 0 0.0 1.0 0
cell 34.10549481251114 24.384860428225007 0.0 1.0 1.0 1 0 0 0.0 1.0 0
cell 5.57968499655442 23.487802056745 0.0 1.0 1.0 1 0 0 0.0 1.0 0
cell 2.2315660539265907 9.779293762645342 0.0 1.0 1.0 1 0 0 0.0 1.0 0
cell 30.977778321589824 35.25563611229272 0.0 1.0 1.0 1 0 0 0.0 1.0 0
cell 10.434211097550179 21.306449691237823 0.0 1.0 1.0 1 0 0 0.0 1.0 0
cell 37.470189555174514 29.397288757196502 0.0 1.0 1.0 1 0 0 0.0 1.0 0
cell 0.056500706758885744 27.526372998140047 0.0 1.0 1.0 1 0 0 0.0 1.0 0
cell 6.185308169541723 9.430821258034577 0.0 1.0 1.0 1 0 0 0.0 1.0 0
cell 5.630784506039368 2.3934792024357305 0.0 1.0 1.0 1 0 0 0.0 1.0 0
cell 13.774015188140789 35.06445752149557 0.0 1.0 1.0 1 0 0 0.0 1.0 0
cell 29.84062675057921 33.58970913769476 0.0 1.0 1.0 1 0 0 0.0 1.0 0
cell 29.373994786237517 17.832238793062544 0.0 1.0 1.0 1 0 0 0.0 1.0 0
cell 27.830507208730758 12.717287674044574 0.0 1.0 1.0 1 0 0 0.0 1.0 0
cell 14.255025195675413 8.670726900803263 0.0 1.0 1.0 1 0 0 0.0 1.0 0
cell 1.5683589937019269 23.903056519626162 0.0 1.0 1.0 1 0 0 0.0 1.0 0
cell 28.67365259695553 31.962357432775377 0.0 1.0 1.0 1 0 0 0.0 1.0 0
cell 27.49846066658487 30.290559220825404 0.0 1.0 1.0 1 0 0 0.0 1.0 0
cell 17.76630732928541 13.595215086418014 0.0 1.0 1.0 1 0 0 0.0 1.0 0
cell 22.433675198977696 41.35051386552793 0.0 1.0 1.0 1 0 0 0.0 1.0 0
cell 30.143381967947043 37.108454180013176 0.0 1.0 1.0 1 0 0 0.0 1.0 0
cell 37.04890917145294 4.830754647223774 0.0 1.0 1.0 1 0 0 0.0 1.0 0
cell 25.204619164924363 26.98023171095813 0.0 1.0 1.0 1 0 0 0.0 1.0 0
cell 39.87366392579866 3.1160805436521217 0.0 1.0 1.0 1 0 0 0.0 1.0 0
cell 6.311456649432089 30.495383973609286 0.0 1.0 1.0 1 0 0 0.0 1.0 0
cell 35.413287098913386 8.505565714616374 0.0 1.0 1.0 1 0 0 0.0 1.0 0
cell 6.033238622225909 18.18997857602613 0.0 1.0 1.0 1 0 0 0.0 1.0 0
cell 37.7587653380189 32.95638145170794 0.0 1.0 1.0 1 0 0 0.0 1.0 0
cell 23.443924532960487 9.554244946963093 0.0 1.0 1.0 1 0 0 0.0 1.0 0
cell 14.568936688784266 12.159280636128573 0.0 1.0 1.0 1 0 0 0.0 1.0 0
cell 4.117017807048915 39.48740101276003 0.0 1.0 1.0 1 0 0 0.0 1.0 0
cell 31.89282595606398 3.4802705228544797 0.0 1.0 1.0 1 0 0 0.0 1.0 0
cell 40.09416868104242 36.45091259724379 0.0 1.0 1.0 1 0 0 0.0 1.0 0
cell 33.275232920213234 38.63801786244911 0.0 1.0 1.0 1 0 0 0.0 1.0 0
cell 11.612847692634377 1.866025406535022 0.0 1.0 1.0 1 0 0 0.0 1.0 0
cell 25.772470152384457 33.97549465910623 0.0 1.0 1.0 1 0 0 0.0 1.0 0
cell 40.60281761746884 31.198449978976516 0.0 1.0 1.0 1 0 0 0.0 1.0 0
cell 18.01948713209133 25.890972816773978 0.0 1.0 1.0 1 0 0 0.0 1.0 0
cell 3.9710933022471786 27.18749298689876 0.0 1.0 1.0 1 0 0 0.0 1.0 0
cell 40.67741728560585 13.737817713329209 0.0 1.0 1.0 1 0 0 0.0 1.0 0
cell 16.136265256016355 17.232449587096603 0.0 1.0 1.0 1 0 0 0.0 1.0 0
cell 12.969064269622626 36.92174804148006 0.0 1.0 1.0 1 0 0 0.0 1.0 0
cell 31.03459809985588 14.165004370889257 0.0 1.0 1.0 1 0 0 0.0 1.0 0
cell 23.824584274021262 34.1678995679157 0.0 1.0 1.0 1 0 0 0.0 1.0 0
cell 34.650766610445984 10.29404921972754 0.0 1.0 1.0 1 0 0 0.0 1.0 0
cell 28.2413468699168 7.402243398149681 0.0 1.0 1.0 1 0 0 0.0 1.0 0
cell 24.25508058736556 7.7577197354568375 0.0 1.0 1.0 1 0 0 0.0 1.0 0
cell 41.82850815557941 2.960043373642321 0.0 1.0 1.0 1 0 0 0.0 1.0 0
cell 28.362663995672257 28.45217351879928 0.0 1.0 1.0 1 0 0 0.0 1.0 0
cell 31.211711551642473 26.401231292146235 0.0 1.0 1.0 1 0 0 0.0 1.0 0
cell 22.882612931485887 23.702236102444775 0.0 1.0 1.0 1 0 0 0.0 1.0 0
cell 7.484537101446249 32.14460613509838 0.0 1.0 1.0 1 0 0 0.0 1.0 0
cell 1.009938616031285 37.98020490685718 0.0 1.0 1.0 1 0 0 0.0 1.0 0
cell 36.62477471401228 18.655625995413892 0.0 1.0 1.0 1 0 0 0.0 1.0 0
cell 27.096795873074626 5.719202213591916 0.0 1.0 1.0 1 0 0 0.0 1.0 0
cell 5.206981157752425 20.023063947269055 0.0 1.0 1.0 1 0 0 0.0 1.0 0
cell 14.319560158652465 29.755411105277968 0.0 1.0 1.0 1 0 0 0.0 1.0 0
cell 37.02179749002738 12.883862882773904 0.0 1.0 1.0 1 0 0 0.0 1.0 0
cell 26.25719046196264 7.533190471489879 0.0 1.0 1.0 1 0 0 0.0 1.0 0
cell 32.10963128861193 36.93410960379345 0.0 1.0 1.0 1 0 0 0.0 1.0 0
cell 10.565988088118294 12.530022851384102 0.0 1.0 1.0 1 0 0 0.0 1.0 0
cell 38.65425890264905 18.4175067382112 0.0 1.0 1.0 1 0 0 0.0 1.0 0
cell 22.33625980640629 29.012804907666357 0.0 1.0 1.0 1 0 0 0.0 1.0 0
cell 40.43982070210583 10.196640159729773 0.0 1.0 1.0 1 0 0 0.0 1.0 0
cell 41.2377329559645 38.148818353939234 0.0 1.0 1.0 1 0 0 0.0 1.0 0
cell 3.325157016462621 11.439211364774739 0.0 1.0 1.0 1 0 0 0.0 1.0 0
cell 32.635339585559564 10.487452824514206 0.0 1.0 1.0 1 0 0 0.0 1.0 0
cell 27.28037094418382 39.10599049951657 0.0 1.0 1.0 1 0 0 0.0 1.0 0
cell 23.607785743785904 0.7429887994713816 0.0 1.0 1.0 1 0 0 0.0 1.0 0
cell 17.119983147756795 6.637624141469573 0.0 1.0 1.0 1 0 0 0.0 1.0 0
cell 35.24262967295485 26.071005027672904 0.0 1.0 1.0 1 0 0 0.0 1.0 0
cell 29.02474330965248 14.328348682219788 0.0 1.0 1.0 1 0 0 0.0 1.0 0
cell 1.157292883718641 29.205843905204077 0.0 1.0 1.0 1 0 0 0.0 1.0 0
cell 1.326999161834608 41.517629393618776 0.0 1.0 1.0 1 0 0 0.0 1.0 0
cell 13.986700792320852 26.257279934304584 0.0 1.0 1.0 1 0 0 0.0 1.0 0
cell 21.287569328174204 39.68285669479666 0.0 1.0 1.0 1 0 0 0.0 1.0 0
cell 14.146449782187112 38.576346544836206 0.0 1.0 1.0 1 0 0 0.0 1.0 0
cell 39.875349420852864 15.668844334082804 0.0 1.0 1.0 1 0 0 0.0 1.0 0
cell 34.97521532031931 34.963053516354094 0.0 1.0 1.0 1 0 0 0.0 1.0 0
cell 20.341896231407866 29.21396405635278 0.0 1.0 1.0 1 0 0 0.0 1.0 0
cell 13.641411824489513 22.77032763988827 0.0 1.0 1.0 1 0 0 0.0 1.0 0
cell 25.910139760726807 4.076873888349424 0.0 1.0 1.0 1 0 0 0.0 1.0 0
cell 5.293151872873029 41.17442236891427 0.0 1.0 1.0 1 0 0 0.0 1.0 0
cell 31.52776066352676 29.89897751525408 0.0 1.0 1.0 1 0 0 0.0 1.0 0
cell 37.35408978066444 8.686966966244606 0.0 1.0 1.0 1 0 0 0.0 1.0 0
cell 8.102651846306218 39.13546371248573 0.0 1.0 1.0 1 0 0 0.0 1.0 0
cell 11.009089338470574 37.10850598810973 0.0 1.0 1.0 1 0 0 0.0 1.0 0
cell 13.97124255553535 5.146491748987528 0.0 1.0 1.0 1 0 0 0.0 1.0 0
cell 0.7440451992151546 4.619273978985504 0.0 1.0 1.0 1 0 0 0.0 1.0 0
cell 36.79365166566347 14.900909990091346 0.0 1.0 1.0 1 0 0 0.0 1.0 0
cell 12.267284315615997 8.84396764973397 0.0 1.0 1.0 1 0 0 0.0 1.0 0
cell 4.355019573094436 30.637309888605248 0.0 1.0 1.0 1 0 0 0.0 1.0 0
cell 30.070634101090366 24.76704555377982 0.0 1.0 1.0 1 0 0 0.0 1.0 0
cell 21.77663188195692 34.36071910300418 0.0 1.0 1.0 1 0 0 0.0 1.0 0
cell 20.64071612917421 11.57681775354056 0.0 1.0 1.0 1 0 0 0.0 1.0 0
cell 29.738992077477416 21.270414246882275 0.0 1.0 1.0 1 0 0 0.0 1.0 0
cell 26.618449237803297 11.069104855122069 0.0 1.0 1.0 1 0 0 0.0 1.0 0
cell 8.063480625712875 17.98280826727256 0.0 1.0 1.0 1 0 0 0.0 1.0 0
cell 41.48897114553077 21.15186220068129 0.0 1.0 1.0 1 0 0 0.0 1.0 0
cell 9.82178936809178 35.44157040659334 0.0 1.0 1.0 1 0 0 0.0 1.0 0
cell 27.187857246871207 26.80176447633907 0.0 1.0 1.0 1 0 0 0.0 1.0 0
cell 39.56729827248151 41.727057706306326 0.0 1.0 1.0 1 0 0 0.0 1.0 0
cell 9.055769589937677 7.376581791328736 0.0 1.0 1.0 1 0 0 0.0 1.0 0
cell 26.20925860322486 16.35461707510052 0.0 1.0 1.0 1 0 0 0.0 1.0 0
cell 10.203069703321464 9.06593170392365 0.0 1.0 1.0 1 0 0 0.0 1.0 0
cell 32.261147069848896 15.793710328471033 0.0 1.0 1.0 1 0 0 0.0 1.0 0
cell 40.72074922999193 17.471064205010506 0.0 1.0 1.0 1 0 0 0.0 1.0 0
cell 32.66176410881574 31.638668943400347 0.0 1.0 1.0 1 0 0 0.0 1.0 0
cell 31.84600241546107 12.332034075875505 0.0 1.0 1.0 1 0 0 0.0 1.0 0
cell 33.901700660253994 12.161583134418494 0.0 1.0 1.0 1 0 0 0.0 1.0 0
cell 4.380505096127229 21.851784996983227 0.0 1.0 1.0 1 0 0 0.0 1.0 0
cell 26.44024942369655 40.98270384268247 0.0 1.0 1.0 1 0 0 0.0 1.0 0
cell 25.532286924138134 30.482993517148195 0.0 1.0 1.0 1 0 0 0.0 1.0 0
cell 3.0579932013683897 7.944432395756841 0.0 1.0 1.0 1 0 0 0.0 1.0 0
cell 18.97203403127533 36.37225352536873 0.0 1.0 1.0 1 0 0 0.0 1.0 0
cell 3.516801790849171 32.49455888273517 0.0 1.0 1.0 1 0 0 0.0 1.0 0
cell 4.540189829550756 13.099544858112074 0.0 1.0 1.0 1 0 0 0.0 1.0 0
cell 28.177291201086586 16.178830986129555 0.0 1.0 1.0 1 0 0 0.0 1.0 0
cell 38.13742086226686 36.54065022884013 0.0 1.0 1.0 1 0 0 0.0 1.0 0
cell 39.9942830788533 23.3468942124446 0.0 1.0 1.0 1 0 0 0.0 1.0 0
cell 12.447912236939679 0.026495871807947928 0.0 1.0 1.0 1 0 0 0.0 1.0 0
cell 8.67226405369074 33.793806127622 0.0 1.0 1.0 1 0 0 0.0 1.0 0
cell 30.677559405231676 31.769123930055216 0.0 1.0 1.0 1 0 0 0.0 1.0 0
cell 39.49107018376733 21.362619743437886 0.0 1.0 1.0 1 0 0 0.0 1.0 0
cell 2.707950528993589 34.31899272727072 0.0 1.0 1.0 1 0 0 0.0 1.0 0
cell 32.37010006422697 28.09174957735834 0.0 1.0 1.0 1 0 0 0.0 1.0 0
cell 0.7643870283908836 25.72995217089763 0.0 1.0 1.0 1 0 0 0.0 1.0 0
cell 0.18212995701786847 9.95397285826656 0.0 1.0 1.0 1 0 0 0.0 1.0 0
cell 16.63953220793703 33.032902510216914 0.0 1.0 1.0 1 0 0 0.0 1.0 0
cell 17.44537272177586 10.140351240130352 0.0 1.0 1.0 1 0 0 0.0 1.0 0
cell 38.94589638981394 34.78441466769545 0.0 1.0 1.0 1 0 0 0.0 1.0 0
cell 2.013084884067246 27.361329348044343 0.0 1.0 1.0 1 0 0 0.0 1.0 0
cell 21.34005255297284 18.550837689378216 0.0 1.0 1.0 1 0 0 0.0 1.0 0
cell 38.40893445627239 40.076248414439924 0.0 1.0 1.0 1 0 0 0.0 1.0 0
cell 36.68817644250463 1.400014028199672 0.0 1.0 1.0 1 0 0 0.0 1.0 0
cell 4.835219846181222 16.542857828468282 0.0 1.0 1.0 1 0 0 0.0 1.0 0
cell 41.03004134846325 4.776167511610035 0.0 1.0 1.0 1 0 0 0.0 1.0 0
cell 36.20970105599165 6.646329702400174 0.0 1.0 1.0 1 0 0 0.0 1.0 0
cell 16.781923314915808 3.185847010896388 0.0 1.0 1.0 1 0 0 0.0 1.0 0
cell 19.771643727108742 13.429401321114614 0.0 1.0 1.0 1 0 0 0.0 1.0 0
cell 28.92444288093683 23.09859199260528 0.0 1.0 1.0 1 0 0 0.0 1.0 0
cell 40.292730471931065 27.37051532610905 0.0 1.0 1.0 1 0 0 0.0 1.0 0
cell 17.29044139116836 40.08318935280946 0.0 1.0 1.0 1 0 0 0.0 1.0 0
cell 18.332688952807345 29.369115308069723 0.0 1.0 1.0 1 0 0 0.0 1.0 0
cell 41.351675295653465 8.297475996647995 0.0 1.0 1.0 1 0 0 0.0 1.0 0
cell 25.32052267080935 39.33696124536492 0.0 1.0 1.0 1 0 0 0.0 1.0 0
cell 24.982611105608274 14.704623836120112 0.0 1.0 1.0 1 0 0 0.0 1.0 0
cell 24.18544757032453 16.53308800376318 0.0 1.0 1.0 1 0 0 0.0 1.0 0
cell 23.966554137461273 4.255414573522392 0.0 1.0 1.0 1 0 0 0.0 1.0 0
cell 10.777067766636256 3.7121038458128366 0.0 1.0 1.0 1 0 0 0.0 1.0 0
cell 13.094272552291551 7.012746843147474 0.0 1.0 1.0 1 0 0 0.0 1.0 0
cell 26.751387415812566 2.1827186066852704 0.0 1.0 1.0 1 0 0 0.0 1.0 0
cell 38.63134478523404 31.102197027120887 0.0 1.0 1.0 1 0 0 0.0 1.0 0
cell 11.84008032371693 35.2566612063104 0.0 1.0 1.0 1 0 0 0.0 1.0 0
cell 39.386385094799934 12.149635420089059 0.0 1.0 1.0 1 0 0 0.0 1.0 0
cell 18.99398762387155 15.262366338062973 0.0 1.0 1.0 1 0 0 0.0 1.0 0
cell 29.310137871284383 38.94534408472128 0.0 1.0 1.0 1 0 0 0.0 1.0 0
cell 11.509089747627769 31.753978867336475 0.0 1.0 1.0 1 0 0 0.0 1.0 0
cell 17.93807666914774 4.788097826343065 0.0 1.0 1.0 1 0 0 0.0 1.0 0
cell 36.10004229570584 24.207054293167282 0.0 1.0 1.0 1 0 0 0.0 1.0 0
cell 20.961895222459 36.183385517504185 0.0 1.0 1.0 1 0 0 0.0 1.0 0
cell 35.877871091468144 3.150840050895294 0.0 1.0 1.0 1 0 0 0.0 1.0 0
cell 21.672750775078896 22.08824548340424 0.0 1.0 1.0 1 0 0 0.0 1.0 0
cell 27.958357858172945 3.895537765850182 0.0 1.0 1.0 1 0 0 0.0 1.0 0
cell 8.557915583334859 12.72832752825306 0.0 1.0 1.0 1 0 0 0.0 1.0 0
cell 12.096721939268978 17.626583077659863 0.0 1.0 1.0 1 0 0 0.0 1.0 0
cell 2.7746523582682165 4.4267246429794955 0.0 1.0 1.0 1 0 0 0.0 1.0 0
cell 19.154129440047296 27.548122669716637 0.0 1.0 1.0 1 0 0 0.0 1.0 0
cell 5.081840099684559 7.788153261690979 0.0 1.0 1.0 1 0 0 0.0 1.0 0
cell 5.354053730678631 11.233314176265246 0.0 1.0 1.0 1 0 0 0.0 1.0 0
cell 9.284123264356607 40.80125455707723 0.0 1.0 1.0 1 0 0 0.0 1.0 0
cell 42.01707602634965 23.090479406579785 0.0 1.0 1.0 1 0 0 0.0 1.0 0
cell 8.816128203404304 24.933091986621374 0.0 1.0 1.0 1 0 0 0.0 1.0 0
cell 29.604756136046376 0.20730101915542665 0.0 1.0 1.0 1 0 0 0.0 1.0 0
cell 17.494313472971633 31.213110451841654 0.0 1.0 1.0 1 0 0 0.0 1.0 0
cell 31.323744547054027 38.75836368024716 0.0 1.0 1.0 1 0 0 0.0 1.0 0
cell 4.742124126735964 4.258007424277828 0.0 1.0 1.0 1 0 0 0.0 1.0 0
cell 20.757362861059477 2.7804622719690433 0.0 1.0 1.0 1 0 0 0.0 1.0 0
cell 30.42557340754056 40.59677770328341 0.0 1.0 1.0 1 0 0 0.0 1.0 0
cell 35.96450324624025 16.7525406003974 0.0 1.0 1.0 1 0 0 0.0 1.0 0
cell 39.460463154522095 29.237682615903775 0.0 1.0 1.0 1 0 0 0.0 1.0 0
cell 24.770602327023287 2.388906814614555 0.0 1.0 1.0 1 0 0 0.0 1.0 0
cell 30.91399346430121 22.91932905367774 0.0 1.0 1.0 1 0 0 0.0 1.0 0
cell 5.93560992852506 5.898142006546835 0.0 1.0 1.0 1 0 0 0.0 1.0 0
cell 15.572010095186359 1.4770654519188329 0.0 1.0 1.0 1 0 0 0.0 1.0 0
cell 24.116985750077514 37.67128859887713 0.0 1.0 1.0 1 0 0 0.0 1.0 0
cell 35.82118764404653 20.667867508671385 0.0 1.0 1.0 1 0 0 0.0 1.0 0
cell 19.459120272067302 31.041597021159706 0.0 1.0 1.0 1 0 0 0.0 1.0 0
cell 26.98783658071156 35.63258613519668 0.0 1.0 1.0 1 0 0 0.0 1.0 0
cell 5.51037382755944 32.31879896136848 0.0 1.0 1.0 1 0 0 0.0 1.0 0
cell 39.300033815374746 38.23616617155606 0.0 1.0 1.0 1 0 0 0.0 1.0 0
cell 41.15149503843917 24.972144485808812 0.0 1.0 1.0 1 0 0 0.0 1.0 0
cell 4.787984082105104 25.341041334357463 0.0 1.0 1.0 1 0 0 0.0 1.0 0
cell 12.591904700363957 12.32915948715922 0.0 1.0 1.0 1 0 0 0.0 1.0 0
cell 41.86915331740155 15.33242776056127 0.0 1.0 1.0 1 0 0 0.0 1.0 0
cell 15.172305738570179 27.912418630931523 0.0 1.0 1.0 1 0 0 0.0 1.0 0
cell 31.561440722741697 0.04680963346440592 0.0 1.0 1.0 1 0 0 0.0 1.0 0
cell 14.929210407363461 15.626423989592443 0.0 1.0 1.0 1 0 0 0.0 1.0 0
cell 15.988624556693097 26.08854348418725 0.0 1.0 1.0 1 0 0 0.0 1.0 0
cell 3.1633943464193526 20.240496328987785 0.0 1.0 1.0 1 0 0 0.0 1.0 0
cell 2.7931393880105806 25.575760318242253 0.0 1.0 1.0 1 0 0 0.0 1.0 0
cell 8.46700060993442 0.4005047448098254 0.0 1.0 1.0 1 0 0 0.0 1.0 0
cell 20.46044850987718 41.504070050964955 0.0 1.0 1.0 1 0 0 0.0 1.0 0
cell 22.98465682197515 36.00372976058245 0.0 1.0 1.0 1 0 0 0.0 1.0 0
cell 1.6685036661274069 15.17361000448981 0.0 1.0 1.0 1 0 0 0.0 1.0 0
cell 14.738179810719922 3.3297973398990233 0.0 1.0 1.0 1 0 0 0.0 1.0 0
cell 33.76713325397642 33.282006295393565 0.0 1.0 1.0 1 0 0 0.0 1.0 0
cell 25.357219171778418 18.18342067531878 0.0 1.0 1.0 1 0 0 0.0 1.0 0
cell 12.89772725395592 15.791313501056921 0.0 1.0 1.0 1 0 0 0.0 1.0 0
cell 15.2755175817174 19.10080441510193 0.0 1.0 1.0 1 0 0 0.0 1.0 0
cell 29.21895073771388 26.570140321584244 0.0 1.0 1.0 1 0 0 0.0 1.0 0
cell 37.09961562643506 22.252354490075092 0.0 1.0 1.0 1 0 0 0.0 1.0 0
cell 2.3439530679206575 30.876928478545242 0.0 1.0 1.0 1 0 0 0.0 1.0 0
cell 10.055106676498562 17.831720609171114 0.0 1.0 1.0 1 0 0 0.0 1.0 0
cell 8.335484124621795 30.266081276732915 0.0 1.0 1.0 1 0 0 0.0 1.0 0
cell 30.23665355902069 15.975388771748731 0.0 1.0 1.0 1 0 0 0.0 1.0 0
cell 24.883658307967703 23.5099592520713 0.0 1.0 1.0 1 0 0 0.0 1.0 0
cell 13.75693078667485 13.976274594154523 0.0 1.0 1.0 1 0 0 0.0 1.0 0
cell 33.070752409294506 5.151924142155707 0.0 1.0 1.0 1 0 0 0.0 1.0 0
cell 11.217366219095945 19.469802421523653 0.0 1.0 1.0 1 0 0 0.0 1.0 0
cell 3.9048120576432885 6.1030281463594065 0.0 1.0 1.0 1 0 0 0.0 1.0 0
cell 0.8033862273351701 16.986125722680832 0.0 1.0 1.0 1 0 0 0.0 1.0 0
cell 7.9001024085557745 5.714582963311019 0.0 1.0 1.0 1 0 0 0.0 1.0 0
cell 34.62478899972999 31.430081787063 0.0 1.0 1.0 1 0 0 0.0 1.0 0
cell 33.47756672777328 29.767594501242375 0.0 1.0 1.0 1 0 0 0.0 1.0 0
cell 7.16926877641389 28.628763110164744 0.0 1.0 1.0 1 0 0 0.0 1.0 0
cell 4.6716977966289 34.146505676499544 0.0 1.0 1.0 1 0 0 0.0 1.0 0
cell 11.249882285040902 40.58392044664344 0.0 1.0 1.0 1 0 0 0.0 1.0 0
cell 19.66969209467788 22.240442477078005 0.0 1.0 1.0 1 0 0 0.0 1.0 0
cell 28.56410195611433 19.616846945036535 0.0 1.0 1.0 1 0 0 0.0 1.0 0
cell 42.222961346739005 18.81274057135862 0.0 1.0 1.0 1 0 0 0.0 1.0 0
cell 22.501669914718033 20.197463300663294 0.0 1.0 1.0 1 0 0 0.0 1.0 0
cell 22.299777384700803 7.918231187289527 0.0 1.0 1.0 1 0 0 0.0 1.0 0
cell 12.647731010861373 33.42848869980754 0.0 1.0 1.0 1 0 0 0.0 1.0 0
cell 32.2696552980839 7.012615747310179 0.0 1.0 1.0 1 0 0 0.0 1.0 0
cell 1.9297663568035845 6.2724167862004405 0.0 1.0 1.0 1 0 0 0.0 1.0 0
cell 2.158332827930205 39.67893951089172 0.0 1.0 1.0 1 0 0 0.0 1.0 0
cell 39.323345989063654 8.517345453768993 0.0 1.0 1.0 1 0 0 0.0 1.0 0
cell 33.5846584149341 42.08425278726067 0.0 1.0 1.0 1 0 0 0.0 1.0 0
cell 7.070407995358902 7.557777900260319 0.0 1.0 1.0 1 0 0 0.0 1.0 0
cell 40.1485051231473 6.614063389470466 0.0 1.0 1.0 1 0 0 0.0 1.0 0
cell 32.930237730511884 22.715221509841026 0.0 1.0 1.0 1 0 0 0.0 1.0 0
cell 3.864149627382388 35.99211112483498 0.0 1.0 1.0 1 0 0 0.0 1.0 0
cell 28.997945638868515 35.46620650751002 0.0 1.0 1.0 1 0 0 0.0 1.0 0
cell 1.155411067273337 20.471279394181163 0.0 1.0 1.0 1 0 0 0.0 1.0 0
cell 9.710552248987963 14.350125313151242 0.0 1.0 1.0 1 0 0 0.0 1.0 0
cell 14.412618435003477 42.090891366120445 0.0 1.0 1.0 1 0 0 0.0 1.0 0
cell 37.25979378557422 38.363536754120446 0.0 1.0 1.0 1 0 0 0.0 1.0 0
cell 11.38326059946737 10.66567419910848 0.0 1.0 1.0 1 0 0 0.0 1.0 0
cell 37.85298702249558 3.053140810771387 0.0 1.0 1.0 1 0 0 0.0 1.0 0
cell 2.370071821118905 22.074793854072286 0.0 1.0 1.0 1 0 0 0.0 1.0 0
cell 10.14021430591134 38.97013236862968 0.0 1.0 1.0 1 0 0 0.0 1.0 0
cell 9.616489086772736 2.0330358855476565 0.0 1.0 1.0 1 0 0 0.0 1.0 0
cell 8.898766801754043 16.196382509427323 0.0 1.0 1.0 1 0 0 0.0 1.0 0
cell 22.628723075031886 32.49127767139461 0.0 1.0 1.0 1 0 0 0.0 1.0 0
cell 38.115966581564024 23.96623841134673 0.0 1.0 1.0 1 0 0 0.0 1.0 0
cell 15.725875853700792 13.807644041466183 0.0 1.0 1.0 1 0 0 0.0 1.0 0
cell 7.603045052954457 2.2039324329640473 0.0 1.0 1.0 1 0 0 0.0 1.0 0
cell 24.55743683153351 20.03566903048649 0.0 1.0 1.0 1 0 0 0.0 1.0 0
cell 17.31123489318567 18.91888626651345 0.0 1.0 1.0 1 0 0 0.0 1.0 0
cell 23.00822772829434 14.92033029545919 0.0 1.0 1.0 1 0 0 0.0 1.0 0
cell 4.973793675309581 37.644115514926035 0.0 1.0 1.0 1 0 0 0.0 1.0 0
cell 22.028081175977505 25.490427223940497 0.0 1.0 1.0 1 0 0 0.0 1.0 0
cell 16.927116667694207 15.474269406678587 0.0 1.0 1.0 1 0 0 0.0 1.0 0
cell 15.475442143944983 31.39207495085105 0.0 1.0 1.0 1 0 0 0.0 1.0 0
cell 13.482753240997775 31.57835340607359 0.0 1.0 1.0 1 0 0 0.0 1.0 0
cell 11.161799298752994 28.270884099856847 0.0 1.0 1.0 1 0 0 0.0 1.0 0
cell 9.615094787706258 23.1381450217219 0.0 1.0 1.0 1 0 0 0.0 1.0 0
cell 35.30463786811343 38.437113878665244 0.0 1.0 1.0 1 0 0 0.0 1.0 0
cell 30.778594527104467 1.8473240473364536 0.0 1.0 1.0 1 0 0 0.0 1.0 0
cell 30.25964006441087 7.197359085636171 0.0 1.0 1.0 1 0 0 0.0 1.0 0
cell 39.795494492973205 32.952346224410135 0.0 1.0 1.0 1 0 0 0.0 1.0 0
cell 18.765673440983385 2.9314472749627924 0.0 1.0 1.0 1 0 0 0.0 1.0 0
cell 33.44389144318533 17.398753375503738 0.0 1.0 1.0 1 0 0 0.0 1.0 0
cell 16.952718693630924 36.58568067785411 0.0 1.0 1.0 1 0 0 0.0 1.0 0
cell 6.55593181422263 12.887888698987064 0.0 1.0 1.0 1 0 0 0.0 1.0 0
cell 21.6205437967914 0.8981076263576249 0.0 1.0 1.0 1 0 0 0.0 1.0 0
cell 15.857781796169727 34.89204526854175 0.0 1.0 1.0 1 0 0 0.0 1.0 0
cell 20.26271701306618 8.117193101270232 0.0 1.0 1.0 1 0 0 0.0 1.0 0
cell 6.767169649240509 4.086665576379616 0.0 1.0 1.0 1 0 0 0.0 1.0 0
cell 40.33237939083668 19.494475685925334 0.0 1.0 1.0 1 0 0 0.0 1.0 0
cell 29.109968639422977 5.522700730726021 0.0 1.0 1.0 1 0 0 0.0 1.0 0
cell 12.098716103181312 38.771428907511094 0.0 1.0 1.0 1 0 0 0.0 1.0 0
cell 18.115982900798123 38.249882678450774 0.0 1.0 1.0 1 0 0 0.0 1.0 0
cell 24.319694645453982 28.822443459174863 0.0 1.0 1.0 1 0 0 0.0 1.0 0
cell 36.99327980045871 34.74983003685556 0.0 1.0 1.0 1 0 0 0.0 1.0 0
cell 19.944845063400862 4.622291056414108 0.0 1.0 1.0 1 0 0 0.0 1.0 0
cell 13.154635447510431 28.069776339739008 0.0 1.0 1.0 1 0 0 0.0 1.0 0
cell 19.84120564747812 34.528515785076806 0.0 1.0 1.0 1 0 0 0.0 1.0 0
cell 6.7841170735359775 25.142417178458253 0.0 1.0 1.0 1 0 0 0.0 1.0 0
cell 6.865766025139835 16.34420929420909 0.0 1.0 1.0 1 0 0 0.0 1.0 0
cell 14.476444105303125 20.93218138273145 0.0 1.0 1.0 1 0 0 0.0 1.0 0
cell 33.01227923861937 35.11111995270345 0.0 1.0 1.0 1 0 0 0.0 1.0 0
cell 25.42172505037926 9.42073605424574 0.0 1.0 1.0 1 0 0 0.0 1.0 0
cell 13.286832010322321 19.284391128116628 0.0 1.0 1.0 1 0 0 0.0 1.0 0
cell 15.093399006872653 6.831181696514859 0.0 1.0 1.0 1 0 0 0.0 1.0 0
cell 41.57559218765479 41.69315862322036 0.0 1.0 1.0 1 0 0 0.0 1.0 0
cell 0.48346052406098106 1.067110119715672 0.0 1.0 1.0 1 0 0 0.0 1.0 0
cell 20.015405227135705 25.7295326290517 0.0 1.0 1.0 1 0 0 0.0 1.0 0
cell 10.435542479563422 0.20477009785264008 0.0 1.0 1.0 1 0 0 0.0 1.0 0
cell 25.11665565966351 5.899149089954586 0.0 1.0 1.0 1 0 0 0.0 1.0 0
cell 34.631124374765776 19.05076239902992 0.0 1.0 1.0 1 0 0 0.0 1.0 0
cell 15.270794848557864 40.26877675193067 0.0 1.0 1.0 1 0 0 0.0 1.0 0
cell 6.456426864991718 0.5683120027734658 0.0 1.0 1.0 1 0 0 0.0 1.0 0
cell 9.124226646467056 28.466813605264253 0.0 1.0 1.0 1 0 0 0.0 1.0 0
cell 34.33335215008292 27.91530350621136 0.0 1.0 1.0 1 0 0 0.0 1.0 0
cell 14.088690657625135 17.47800308775915 0.0 1.0 1.0 1 0 0 0.0 1.0 0
cell 26.06238527772876 25.173684897391755 0.0 1.0 1.0 1 0 0 0.0 1.0 0
cell 28.76709041039477 2.0341039899026487 0.0 1.0 1.0 1 0 0 0.0 1.0 0
cell 41.469379452707884 29.368311204978113 0.0 1.0 1.0 1 0 0 0.0 1.0 0
cell 5.1333100433131325 28.81994396902092 0.0 1.0 1.0 1 0 0 0.0 1.0 0
cell 1.973914883953365 18.618597824540487 0.0 1.0 1.0 1 0 0 0.0 1.0 0
cell 29.846394430991072 12.536699575769065 0.0 1.0 1.0 1 0 0 0.0 1.0 0
cell 11.085117272406372 7.184183439433189 0.0 1.0 1.0 1 0 0 0.0 1.0 0
cell 32.43090901074777 40.44232896584092 0.0 1.0 1.0 1 0 0 0.0 1.0 0
cell 26.683722808129726 32.13490493320199 0.0 1.0 1.0 1 0 0 0.0 1.0 0
cell 17.62137529538246 1.3089239851834993 0.0 1.0 1.0 1 0 0 0.0 1.0 0
cell 41.50558849262919 11.872455285691359 0.0 1.0 1.0 1 0 0 0.0 1.0 0
cell 34.317168981719945 15.615535714902585 0.0 1.0 1.0 1 0 0 0.0 1.0 0
cell 39.24120026916572 25.618359453543967 0.0 1.0 1.0 1 0 0 0.0 1.0 0
cell 21.113185232887915 6.271352622402851 0.0 1.0 1.0 1 0 0 0.0 1.0 0
cell 6.142748128718856 39.31607964818488 0.0 1.0 1.0 1 0 0 0.0 1.0 0
cell 32.61897372291949 19.28670509233009 0.0 1.0 1.0 1 0 0 0.0 1.0 0
cell 8.735641323884547 3.8827468068556934 0.0 1.0 1.0 1 0 0 0.0 1.0 0
cell 27.739348529147982 21.492004862441295 0.0 1.0 1.0 1 0 0 0.0 1.0 0
cell 2.431066674455166 0.8982344395521994 0.0 1.0 1.0 1 0 0 0.0 1.0 0
cell 35.03955053676364 5.0101357334162735 0.0 1.0 1.0 1 0 0 0.0 1.0 0
cell 11.729201424555468 14.131186689850384 0.0 1.0 1.0 1 0 0 0.0 1.0 0
cell 24.466974402466075 41.170487578165584 0.0 1.0 1.0 1 0 0 0.0 1.0 0
cell 9.478657603068733 31.940514698690144 0.0 1.0 1.0 1 0 0 0.0 1.0 0
cell 7.619708097837761 23.325453038371162 0.0 1.0 1.0 1 0 0 0.0 1.0 0
cell 8.413564620670185 21.51014261597002 0.0 1.0 1.0 1 0 0 0.0 1.0 0
cell 16.85376495686964 24.265467749505916 0.0 1.0 1.0 1 0 0 0.0 1.0 0
cell 25.83190433007818 12.900502521289026 0.0 1.0 1.0 1 0 0 0.0 1.0 0
cell 32.69551862191481 1.680398471627146 0.0 1.0 1.0 1 0 0 0.0 1.0 0
cell 3.5987348532564907 23.68275836277651 0.0 1.0 1.0 1 0 0 0.0 1.0 0
cell 19.278436217194276 39.869389768606304 0.0 1.0 1.0 1 0 0 0.0 1.0 0
cell 3.168196550316555 29.03165638403387 0.0 1.0 1.0 1 0 0 0.0 1.0 0
cell 35.49500832923458 29.604360405967153 0.0 1.0 1.0 1 0 0 0.0 1.0 0
cell 36.439949780618264 40.13596928632466 0.0 1.0 1.0 1 0 0 0.0 1.0 0
cell 36.51869904516213 10.88971838842598 0.0 1.0 1.0 1 0 0 0.0 1.0 0
cell 35.77805171385849 33.08025170577965 0.0 1.0 1.0 1 0 0 0.0 1.0 0
cell 18.27326140150331 8.299656476353837 0.0 1.0 1.0 1 0 0 0.0 1.0 0
cell 21.163097677498047 27.37681857303757 0.0 1.0 1.0 1 0 0 0.0 1.0 0
cell 22.126032359940147 37.83249915681895 0.0 1.0 1.0 1 0 0 0.0 1.0 0
cell 5.84556889768053 35.84851423215481 0.0 1.0 1.0 1 0 0 0.0 1.0 0
cell 15.430129018038613 10.323888239096984 0.0 1.0 1.0 1 0 0 0.0 1.0 0
cell 12.311233170011729 29.935150035702893 0.0 1.0 1.0 1 0 0 0.0 1.0 0
cell 37.24820400823016 25.864103578791855 0.0 1.0 1.0 1 0 0 0.0 1.0 0
cell 10.871275861741655 16.02722904637375 0.0 1.0 1.0 1 0 0 0.0 1.0 0
cell 33.408406888299744 8.665704378078424 0.0 1.0 1.0 1 0 0 0.0 1.0 0
cell 7.359835200358618 11.050179260451163 0.0 1.0 1.0 1 0 0 0.0 1.0 0
cell 16.484037228076616 20.787234161671293 0.0 1.0 1.0 1 0 0 0.0 1.0 0
cell 34.70172892151256 1.504202332441441 0.0 1.0 1.0 1 0 0 0.0 1.0 0
cell 18.598421157646968 11.78917266188314 0.0 1.0 1.0 1 0 0 0.0 1.0 0
cell 1.8503266139434285 36.18914233907373 0.0 1.0 1.0 1 0 0 0.0 1.0 0
cell 20.863884429864697 23.874862468095444 0.0 1.0 1.0 1 0 0 0.0 1.0 0
cell 9.385265633206021 10.83743845509406 0.0 1.0 1.0 1 0 0 0.0 1.0 0
cell 30.576420088757736 19.466509474421294 0.0 1.0 1.0 1 0 0 0.0 1.0 0
cell 13.44634766145938 10.504865111954553 0.0 1.0 1.0 1 0 0 0.0 1.0 0
cell 29.901767788123706 3.717405165182102 0.0 1.0 1.0 1 0 0 0.0 1.0 0
cell 7.961057730241802 26.78657735662071 0.0 1.0 1.0 1 0 0 0.0 1.0 0
cell 12.45043260044503 21.118934925455214 0.0 1.0 1.0 1 0 0 0.0 1.0 0
cell 41.00175694132372 34.61993568664994 0.0 1.0 1.0 1 0 0 0.0 1.0 0
cell 34.203268596832224 6.791579250592168 0.0 1.0 1.0 1 0 0 0.0 1.0 0
cell 40.69855385923559 1.2425955057911433 0.0 1.0 1.0 1 0 0 0.0 1.0 0
cell 0.6861193377939306 34.484608632984155 0.0 1.0 1.0 1 0 0 0.0 1.0 0
cell 10.334144695596196 30.11883224166061 0.0 1.0 1.0 1 0 0 0.0 1.0 0
cell 14.802979818005197 24.445687771098665 0.0 1.0 1.0 1 0 0 0.0 1.0 0
cell 2.5088581259779885 13.271871633119071 0.0 1.0 1.0 1 0 0 0.0 1.0 0
cell 19.598943808374585 1.1036991840453045 0.0 1.0 1.0 1 0 0 0.0 1.0 0
cell 23.796673691038954 13.096684154036554 0.0 1.0 1.0 1 0 0 0.0 1.0 0
cell 15.903226738740301 4.968105137876533 0.0 1.0 1.0 1 0 0 0.0 1.0 0
cell 20.472116268725088 20.391595493022393 0.0 1.0 1.0 1 0 0 0.0 1.0 0
cell 16.118374935258437 38.39528310592118 0.0 1.0 1.0 1 0 0 0.0 1.0 0
cell 6.005871189187706 26.99712768293755 0.0 1.0 1.0 1 0 0 0.0 1.0 0
cell 40.44645286400575 39.89695232037586 0.0 1.0 1.0 1 0 0 0.0 1.0 0
cell 21.927665995168887 4.420386815641266 0.0 1.0 1.0 1 0 0 0.0 1.0 0
cell 38.00139382158113 16.500498569352338 0.0 1.0 1.0 1 0 0 0.0 1.0 0
cell 28.117406019230483 37.28789521347975 0.0 1.0 1.0 1 0 0 0.0 1.0 0
cell 16.281919264318446 8.48621575639482 0.0 1.0 1.0 1 0 0 0.0 1.0 0
cell 25.60290633707025 0.5606361218493492 0.0 1.0 1.0 1 0 0 0.0 1.0 0
cell 41.74902709008038 32.85611028983948 0.0 1.0 1.0 1 0 0 0.0 1.0 0
cell 6.976523796916237 37.49872092062224 0.0 1.0 1.0 1 0 0 0.0 1.0 0
cell 27.60222681682602 0.41073024068064035 0.0 1.0 1.0 1 0 0 0.0 1.0 0
cell 3.610286115559372 2.584400963308765 0.0 1.0 1.0 1 0 0 0.0 1.0 0
cell 16.60824064774643 11.947953577785544 0.0 1.0 1.0 1 0 0 0.0 1.0 0
cell 17.660804231486768 22.419127306659995 0.0 1.0 1.0 1 0 0 0.0 1.0 0
cell 0.1332366503734015 39.85673253432449 0.0 1.0 1.0 1 0 0 0.0 1.0 0
cell 27.452494347527054 9.188871973862005 0.0 1.0 1.0 1 0 0 0.0 1.0 0
cell 32.08358108846361 24.581155147186955 0.0 1.0 1.0 1 0 0 0.0 1.0 0
cell 33.11265650074525 13.959801890307402 0.0 1.0 1.0 1 0 0 0.0 1.0 0
cell 9.988619769319909 26.585003768708944 0.0 1.0 1.0 1 0 0 0.0 1.0 0
cell 38.6415953046306 14.064099275971467 0.0 1.0 1.0 1 0 0 0.0 1.0 0
cell 20.6587249813236 32.72180968912982 0.0 1.0 1.0 1 0 0 0.0 1.0 0
cell 21.437986785737106 9.77255177067708 0.0 1.0 1.0 1 0 0 0.0 1.0 0
cell 10.629963552950736 33.60038926287331 0.0 1.0 1.0 1 0 0 0.0 1.0 0
cell 36.11494978145488 36.637650322844195 0.0 1.0 1.0 1 0 0 0.0 1.0 0
cell 36.6249654919317 31.252394048155693 0.0 1.0 1.0 1 0 0 0.0 1.0 0
cell 11.602830015103528 22.993262110926747 0.0 1.0 1.0 1 0 0 0.0 1.0 0
cell 11.937535930795791 5.3859258943026065 0.0 1.0 1.0 1 0 0 0.0 1.0 0
cell 17.77752218619766 34.72848286534662 0.0 1.0 1.0 1 0 0 0.0 1.0 0
cell 20.102863424830737 38.004685911713395 0.0 1.0 1.0 1 0 0 0.0 1.0 0
cell 34.1762142548204 36.7603136508798 0.0 1.0 1.0 1 0 0 0.0 1.0 0
cell 29.409776840890757 9.034100268744394 0.0 1.0 1.0 1 0 0 0.0 1.0 0
cell 11.97743407859587 26.47232250176931 0.0 1.0 1.0 1 0 0 0.0 1.0 0
cell 5.68079199851445 14.726829960908386 0.0 1.0 1.0 1 0 0 0.0 1.0 0
cell 26.38261927717097 28.63160430199441 0.0 1.0 1.0 1 0 0 0.0 1.0 0
cell 27.012953409027475 14.50278914546927 0.0 1.0 1.0 1 0 0 0.0 1.0 0
cell 27.38705944795585 17.991238303930103 0.0 1.0 1.0 1 0 0 0.0 1.0 0
cell 16.309571361251017 29.569227057624037 0.0 1.0 1.0 1 0 0 0.0 1.0 0
cell 3.278304009420172 41.31050333336097 0.0 1.0 1.0 1 0 0 0.0 1.0 0
cell 22.7807954724568 2.5947143934673655 0.0 1.0 1.0 1 0 0 0.0 1.0 0
cell 4.230599771516239 9.63309365951733 0.0 1.0 1.0 1 0 0 0.0 1.0 0
cell 27.829571181118258 33.77774569143246 0.0 1.0 1.0 1 0 0 0.0 1.0 0
cell 2.963968021998295 37.835245186781435 0.0 1.0 1.0 1 0 0 0.0 1.0 0
cell 42.142872203401865 6.444061857710382 0.0 1.0 1.0 1 0 0 0.0 1.0 0
cell 20.17606087570724 16.860560546508605 0.0 1.0 1.0 1 0 0 0.0 1.0 0
